34927194.7691495
33432107.7896395
33086396.6475139
33004716.1680861
32984862.0632864
32979941.2377969
32978702.5900795
32978386.1552355
32978303.8427522
32978283.0623607
33432107.7896395
33149113.6220857
33031416.6074251
32993601.346321
32982539.0977978
32979439.6356576
32978588.0763344
32978353.5830629
32978286.1895369
32978266.3557707
33086396.6475139
33031416.6074251
32998546.0256605
32985097.1515185
32980411.2806972
32978909.7375497
32978444.8352757
32978293.0685072
32978231.0404737
32978201.887537
33004716.1680861
32993601.346321
32985097.1515185
32980889.4026434
32979180.1324351
32978547.702673
32978302.4124219
32978166.0559263
32978047.4416216
32977956.8491731
32984862.0632864
32982539.0977978
32980411.2806972
32979180.1324351
32978594.6148453
32978309.5287063
32978092.1951762
32977801.2484153
32977388.562435
32977000.4303418
32979941.2377969
32979439.6356576
32978909.7375497
32978547.702673
32978309.5287063
32978058.3731839
32977594.0583252
32976639.3409035
32974995.8004558
32973203.0994853
32978702.5900795
32978588.0763344
32978444.8352757
32978302.4124219
32978092.1951762
32977594.0583252
32976270.6169622
32973021.8349789
32966459.7565842
32957887.04789
32978386.1552355
32978353.5830629
32978293.0685072
32978166.0559263
32977801.2484153
32976639.3409035
32973021.8349789
32962644.4561318
32937294.2383911
32894945.6469598
32978303.8427522
32978286.1895369
32978231.0404737
32978047.4416216
32977388.562435
32974995.8004558
32966459.7565842
32937294.2383911
32846664.7468571
32630488.6421471
32978283.0623607
32978266.3557707
32978201.887537
32977956.8491731
32977000.4303418
32973203.0994853
32957887.04789
32894945.6469598
32630488.6421471
31525891.2155735
34925846.542645
33473693.3635471
33130608.3112476
33049400.9705309
33029660.6299473
33024767.9860124
33023536.4315703
33023221.8088055
33023139.9676868
33023119.3062947
33473693.3635471
33192960.5863576
33075948.3303166
33038349.8566666
33027350.9685175
33024269.256382
33023422.573595
33023189.4231585
33023122.4155632
33023102.6953755
33130608.3112476
33075948.3303166
33043266.2106101
33029894.3720231
33025235.337112
33023742.3927952
33023280.1528126
33023129.2551414
33023067.5823445
33023038.5964157
33049400.9705309
33038349.8566666
33029894.3720231
33025710.7209664
33024011.2392376
33023382.4311353
33023138.5455488
33023002.9700743
33022885.035274
33022794.9618009
33029660.6299473
33027350.9685175
33025235.337112
33024011.2392376
33023429.0746626
33023145.6210822
33022929.5324502
33022640.2524284
33022229.9305736
33021844.0219286
33024767.9860124
33024269.256382
33023742.3927952
33023382.4311353
33023145.6210822
33022895.9042139
33022434.2492565
33021485.0010115
33019850.8754917
33018068.4434915
33023536.4315703
33023422.573595
33023280.1528126
33023138.5455488
33022929.5324502
33022434.2492565
33021118.3893108
33017888.2173984
33011363.7249846
33002840.1007143
33023221.8088055
33023189.4231585
33023129.2551414
33023002.9700743
33022640.2524284
33021485.0010115
33017888.2173984
33007570.2756552
32982365.1724957
32940257.3717614
33023139.9676868
33023122.4155632
33023067.5823445
33022885.035274
33022229.9305736
33019850.8754917
33011363.7249846
32982365.1724957
32892250.9797527
32677101.963117
33023119.3062947
33023102.6953755
33023038.5964157
33022794.9618009
33021844.0219286
33018068.4434915
33002840.1007143
32940257.3717614
32677101.963117
31552616.2155644
34931507.3260666
33543709.3621324
33202202.2269216
33121112.310569
33101398.2948037
33096512.1570535
33095282.2400923
33094968.0356442
33094886.3033397
33094865.6694185
33543709.3621324
33264462.3607518
33147624.2088926
33110075.9644927
33099091.7050731
33096014.0905431
33095168.5335006
33094935.6930564
33094868.774553
33094849.0805851
33202202.2269216
33147624.2088926
33114985.7784234
33101631.7265395
33096978.8867542
33095487.9274732
33095026.3020782
33094875.6050382
33094814.0142407
33094785.0668505
33121112.310569
33110075.9644927
33101631.7265395
33097453.6385201
33095756.4164585
33095128.4444136
33094884.8830945
33094749.4878783
33094631.7098826
33094541.7561708
33101398.2948037
33099091.7050731
33096978.8867542
33095756.4164585
33095175.0259244
33094891.9492214
33094676.1478969
33094387.2525672
33093977.4766251
33093592.0814063
33096512.1570535
33096014.0905431
33095487.9274732
33095128.4444136
33094891.9492214
33094642.5643729
33094181.5234734
33093233.5381443
33091601.5866553
33089821.5257192
33095282.2400923
33095168.5335006
33095026.3020782
33094884.8830945
33094676.1478969
33094181.5234734
33092867.4141919
33089641.5395781
33083125.7254473
33074613.4145946
33094968.0356442
33094935.6930564
33094875.6050382
33094749.4878783
33094387.2525672
33093233.5381443
33089641.5395781
33079337.321379
33054165.6639274
33012110.7761789
33094886.3033397
33094868.774553
33094814.0142407
33094631.7098826
33093977.4766251
33091601.5866553
33083125.7254473
33054165.6639274
32964165.0665815
32748892.0220958
33094865.6694185
33094849.0805851
33094785.0668505
33094541.7561708
33093592.0814063
33089821.5257192
33074613.4145946
33012110.7761789
32748892.0220958
31569130.4861178
