39915095.6382568
36964103.2788648
35356505.9435599
34387881.8444021
33824552.7541343
33484212.8839805
33273298.7922987
33142766.0878026
33066499.4982514
33031159.5098867
36964103.2788648
35878144.4283558
34871809.8193762
34175163.1767418
33720116.8419658
33425175.6644504
33233755.2138134
33111191.0761514
33037709.7849379
33003074.0597356
35356505.9435599
34871809.8193762
34332848.0318995
33888555.9374286
33559181.3466725
33324697.6691023
33160711.5831151
33048884.5969633
32978270.087084
32943767.9116271
34387881.8444021
34175163.1767418
33888555.9374286
33614244.460514
33384212.2725343
33201792.1027375
33060790.2734274
32955181.2916101
32882798.1559234
32845287.6690582
33824552.7541343
33720116.8419658
33559181.3466725
33384212.2725343
33218032.3060471
33068523.4303776
32937041.1662695
32825280.4485719
32739549.1530672
32691251.227786
33484212.8839805
33425175.6644504
33324697.6691023
33201792.1027375
33068523.4303776
32929942.6505131
32788237.5787041
32648753.3330311
32526616.8634211
32450122.9287091
33273298.7922987
33233755.2138134
33160711.5831151
33060790.2734274
32937041.1662695
32788237.5787042
32611701.0843221
32410562.3527047
32207430.3534909
32061785.6869987
33142766.0878026
33111191.0761514
33048884.5969633
32955181.2916101
32825280.4485719
32648753.3330311
32410562.3527047
32098601.0584359
31728809.7612626
31407635.5686501
33066499.4982514
33037709.7849379
32978270.087084
32882798.1559234
32739549.1530672
32526616.8634211
32207430.3534909
31728809.7612626
31041169.540162
30236462.9636066
33031159.5098867
33003074.0597356
32943767.9116271
32845287.6690582
32691251.227786
32450122.9287091
32061785.6869987
31407635.5686501
30236462.9636066
27997122.6419482
39915471.6850436
37005961.1838006
35399471.061789
34432208.8458297
33869113.409681
33528885.0800541
33318039.4967347
33187549.1897684
33111307.3534544
33075978.827112
37005961.1838006
35920602.284092
34915932.1853303
34219608.7396137
33764712.4680096
33469867.0253291
33278508.7683633
33155984.4320671
33082526.977923
33047902.4789773
35399471.061789
34915932.1853303
34377241.8206085
33933096.9023404
33603829.155023
33369421.677212
33205488.8699675
33093698.1657987
33023106.5310637
32988615.5244517
34432208.8458297
34219608.7396137
33933096.9023404
33658874.3655208
33428916.9351421
33246556.0560879
33105599.9807593
33000025.1913146
32927665.4397772
32890167.0432095
33869113.409681
33764712.4680096
33603829.155023
33428916.9351421
33262790.9873023
33113330.6293116
32981890.9111898
32870166.221609
32784462.4197219
32736179.8941141
33528885.0800541
33469867.0253291
33369421.677212
33246556.0560879
33113330.6293116
32974794.6799924
32833135.2255561
32693695.5260286
32571597.6064283
32495127.4423754
33318039.4967347
33278508.7683633
33205488.8699675
33105599.9807593
32981890.9111898
32833135.2255561
32656655.0375559
32455579.4508413
32252509.5597428
32106907.6321893
33187549.1897684
33155984.4320671
33093698.1657987
33000025.1913146
32870166.221609
32693695.5260286
32455579.4508413
32143713.2912966
31774028.4462829
31452936.092974
33111307.3534544
33082526.977923
33023106.5310637
32927665.4397772
32784462.4197219
32571597.6064283
32252509.5597428
31774028.4462829
31086562.8558373
30281810.9997619
33075978.827112
33047902.4789773
32988615.5244517
32890167.0432095
32736179.8941141
32495127.4423754
32106907.6321893
31452936.092974
30281810.9997619
28017002.1607282
39933869.2955551
37074471.083303
35469520.4111654
34503927.9806139
33940895.1803751
33600654.2752979
33389799.451462
33259303.4002899
33183058.2026643
33147728.1167346
37074471.083303
35990091.4864193
34987590.5392082
34291402.3357942
33836491.9503119
33541633.6580037
33350266.9846126
33227737.2521924
33154276.5563977
33119650.5271163
35469520.4111654
34987590.5392082
34449040.557766
34004883.7052584
33675601.6744954
33441183.8931938
33277243.8728674
33165448.2369085
33094853.4789721
33060360.9450504
34503927.9806139
34291402.3357942
34004883.7052584
33730649.3017597
33500681.7660863
33318312.8687562
33177350.5764658
33071771.1116293
32999408.1439031
32961908.0736611
33940895.1803751
33836491.9503119
33675601.6744954
33500681.7660863
33334548.5151259
33185081.565598
33053636.0207517
32941906.345516
32856198.6829247
32807913.9597499
33600654.2752979
33541633.6580037
33441183.8931938
33318312.8687562
33185081.565598
33046539.4715411
32904873.6790525
32765427.6506585
32643324.0737777
32566850.2718788
33389799.4514619
33350266.9846126
33277243.8728674
33177350.5764658
33053636.0207517
32904873.6790525
32728385.462067
32527300.4718809
32324220.6621062
32178611.1492065
33259303.4002899
33227737.2521924
33165448.2369085
33071771.1116293
32941906.345516
32765427.6506585
32527300.4718809
32215419.0164713
31845714.3805411
31524599.5633025
33183058.2026643
33154276.5563977
33094853.4789721
32999408.1439031
32856198.6829247
32643324.0737777
32324220.6621062
31845714.3805411
31158200.9020863
30352983.4715371
33147728.1167346
33119650.5271163
33060360.9450504
32961908.0736611
32807913.9597499
32566850.2718788
32178611.1492065
31524599.5633025
30352983.4715371
28032420.3592759
