41580350.2527181
39363857.5854303
37383046.4917129
36059695.4959888
35080235.2338121
34400571.427818
33927723.8302982
33606279.1079188
33405189.6155716
33308134.0244142
39363857.5854303
38065476.9216572
36795771.3011504
35702947.7040286
34875693.0882096
34268124.0067097
33828913.878378
33522587.7513273
33327586.8636185
33232465.5843668
37383046.4917129
36795771.3011504
35964732.6768236
35190743.315192
34546577.4956888
34035880.8736666
33645012.9158817
33360167.4869982
33172792.5986875
33079437.2422876
36059695.4959888
35702947.7040286
35190743.315192
34656380.0380016
34164891.9683418
33741648.4460626
33394105.0027368
33125177.1425828
32939440.2068969
32843747.8131942
35080235.2338121
34875693.0882096
34546577.4956888
34164891.9683418
33778834.0435462
33415755.6104061
33091856.3805836
32821167.6554277
32621163.2335192
32512813.2794959
34400571.427818
34268124.0067097
34035880.8736666
33741648.4460626
33415755.6104061
33079513.1958252
32750001.960196
32447607.5927689
32203417.0869157
32060962.3458381
33927723.8302982
33828913.878378
33645012.9158817
33394105.0027368
33091856.3805836
32750001.960196
32380075.0876915
32002509.2899685
31661367.5481764
31439020.6631435
33606279.1079188
33522587.7513273
33360167.4869982
33125177.1425828
32821167.6554277
32447607.5927689
32002509.2899685
31492940.1978679
30962716.3282256
30551434.8666998
33405189.6155716
33327586.8636185
33172792.5986875
32939440.2068969
32621163.2335192
32203417.0869157
31661367.5481764
30962716.3282256
30094106.7217058
29196893.6159268
33308134.0244142
33232465.5843668
33079437.2422876
32843747.8131942
32512813.2794959
32060962.3458381
31439020.6631435
30551434.8666998
29196893.6159268
26929257.9791409
41594033.2288599
39396520.6206824
37426329.7138453
36103407.0382323
35124879.6485472
34445318.2691286
33972493.8172131
33651064.832874
33449986.2073747
33352936.1627289
39396520.6206824
38108509.149644
36839032.4076419
35747494.747535
34920416.7559149
34312880.1630617
33873688.9673325
33567378.0527911
33372387.7667308
33277271.9028855
37426329.7138453
36839032.4076419
36009237.9762912
35235452.895384
34591323.5190587
34080647.5508008
33689797.3000038
33404966.3663412
33217601.5809419
33124251.3806776
36103407.0382323
35747494.747535
35235452.895384
34701122.2477571
34209654.0530731
33786428.5984765
33438901.8324585
33169987.4729063
32984259.8777254
32888572.2095154
35124879.6485472
34920416.7559149
34591323.5190587
34209654.0530731
33823612.6625779
33460551.1628695
33136667.1877026
32865990.562625
32665994.2367043
32557648.1964128
34445318.2691286
34312880.1630617
34080647.5508008
33786428.5984765
33460551.1628695
33124324.0904592
32794826.2356117
32492441.7297602
32248256.8305736
32105804.0881551
33972493.8172131
33873688.9673325
33689797.3000038
33438901.8324585
33136667.1877026
32794826.2356117
32424910.0273067
32047349.9478824
31706208.1936539
31483858.1339871
33651064.832874
33567378.052791
33404966.3663412
33169987.4729063
32865990.562625
32492441.7297602
32047349.9478824
31537778.7956741
31007541.9442427
30596240.8310239
33449986.2073747
33372387.7667308
33217601.5809419
32984259.8777254
32665994.2367043
32248256.8305736
31706208.1936539
31007541.9442427
30138888.6846962
29241408.4767957
33352936.1627289
33277271.9028855
33124251.3806776
32888572.2095154
32557648.1964128
32105804.0881551
31483858.1339871
30596240.8310239
29241408.4767957
26948419.3204656
41621027.7933645
39457728.963322
37497259.1462041
36173950.2226088
35196730.6913872
34517214.8348264
34044342.5557619
33722877.5747814
33521776.5504278
33424715.767136
39457728.963322
38179146.9316496
36908938.5091284
35819286.4532837
34992356.9231244
34384767.6851044
33945526.8374714
33639181.4874211
33444169.4910807
33349043.0972985
37497259.1462041
36908938.5091284
36081000.6047018
35307421.1692878
34663241.8455154
34152509.3334716
33761614.5455227
33476751.6520931
33289365.9833051
33196005.4088939
36173950.2226088
35819286.4532837
35307421.1692878
34773053.1721565
34281530.9628056
33858256.8547107
33510690.8418235
33241746.2601205
33055997.795549
32960299.3538801
35196730.6913872
34992356.9231244
34663241.8455154
34281530.9628056
33895445.1793074
33532342.5549054
33208421.9281544
32937714.510558
32737695.223793
32629336.6274319
34517214.8348264
34384767.6851044
34152509.3334716
33858256.8547107
33532342.5549054
33196077.3094228
32866541.6331589
32564121.8171479
32319907.8172212
32177437.7816578
34044342.5557619
33945526.8374714
33761614.5455227
33510690.8418235
33208421.9281544
32866541.6331589
32496581.8781941
32118976.0653383
31777791.6987939
31555413.0587419
33722877.5747814
33639181.4874211
33476751.6520931
33241746.2601205
32937714.510558
32564121.8171479
32118976.0653383
31609340.7503764
31079034.3761434
30667674.3740188
33521776.5504278
33444169.4910807
33289365.9833051
33055997.795549
32737695.223793
32319907.8172212
31777791.6987939
31079034.3761434
30210256.4698003
29312246.5213669
33424715.767136
33349043.0972985
33196005.4088939
32960299.3538801
32629336.6274319
32177437.7816578
31555413.0587419
30667674.3740188
29312246.5213669
26963396.8345099
