41731933.1201926
40114587.8474249
38534134.1087117
37057669.6797852
35955534.039346
35116422.9161943
34509646.8575768
34084472.7321278
33812380.9736708
33679267.377554
40114587.8474249
39132623.0551533
37828227.2332072
36681504.1420052
35700964.8816649
34944007.5723375
34376944.4929208
33969952.4338743
33705491.2521143
33574954.1312608
38534134.1087117
37828227.2332072
36976473.3970075
36075458.1432585
35288218.2623358
34640837.4940309
34130049.9669766
33749007.314558
33494534.9727342
33366752.1769717
37057669.6797852
36681504.1420052
36075458.1432585
35421520.7947455
34801882.4583783
34253681.0755093
33793799.5259682
33433137.903321
33182595.392219
33053383.1490479
35955534.039346
35700964.8816649
35288218.2623358
34801882.4583783
34300669.859633
33822093.1510845
33391904.9202965
33032782.6442289
32769349.4177507
32627855.638805
35116422.9161943
34944007.5723375
34640837.4940309
34253681.0755093
33822093.1510845
33376962.645843
32944929.7501112
32555397.7061585
32247527.257636
32071325.23245
34509646.8575768
34376944.4929208
34130049.9669766
33793799.5259682
33391904.9202965
32944929.7501112
32473635.2286753
32007784.9456812
31600507.088427
31342277.7158973
34084472.7321278
33969952.4338743
33749007.314558
33433137.903321
33032782.6442289
32555397.7061585
32007784.9456812
31406392.142892
30804828.1063062
30352830.3454142
33812380.9736708
33705491.2521143
33494534.9727342
33182595.392219
32769349.4177507
32247527.257636
31600507.088427
30804828.1063062
29856316.344321
28907093.1132806
33679267.377554
33574954.1312608
33366752.1769717
33053383.1490479
32627855.638805
32071325.23245
31342277.7158973
30352830.3454142
28907093.1132806
26556769.3691407
41750060.7802261
40140082.1775857
38573012.0287486
37101573.1609752
35999951.2205707
35161248.8251887
34554484.8011777
34129298.5062433
33857198.7639958
33724081.4523937
40140082.1775857
39170211.5649773
37871881.629257
36725451.7783857
35745760.5498679
34988857.0356976
34421779.9394676
34014775.1793086
33750306.1440369
33619765.3743741
38573012.0287486
37871881.629257
37020214.0244759
36120225.8161208
35333077.0669689
34685682.6480206
34174878.1051277
33793823.6275176
33539343.7162955
33411557.2607935
37101573.1609752
36725451.7783857
36120225.8161208
35466383.6715761
34846733.7870615
34298513.8209987
33838617.3903754
33477944.255303
33227393.9052305
33098177.6133842
35999951.2205707
35745760.5498679
35333077.0669689
34846733.7870615
34345504.5194425
33866912.0442633
33436709.3509507
33077574.7635285
32814132.0794477
32672632.9741297
35161248.8251887
34988857.0356976
34685682.6480206
34298513.8209987
33866912.0442633
33421766.3172973
32989717.688808
32600170.0569678
32292285.9762403
32116075.483531
34554484.8011777
34421779.9394676
34174878.1051277
33838617.3903754
33436709.3509507
32989717.688808
32518403.3484519
32052530.5070605
31645230.2322426
31386985.1784875
34129298.5062433
34014775.1793086
33793823.6275176
33477944.255303
33077574.7635285
32600170.0569678
32052530.5070605
31451103.2204067
30849499.710002
30397467.6817532
33857198.7639958
33750306.1440369
33539343.7162955
33227393.9052305
32814132.0794477
32292285.9762403
31645230.2322426
30849499.710002
29900914.8361839
28951406.1767756
33724081.4523937
33619765.3743741
33411557.2607935
33098177.6133842
32672632.9741297
32116075.483531
31386985.1784875
30397467.6817532
28951406.1767756
26574687.5617812
41774662.904297
40204906.6362528
38638615.0654429
37172736.5521279
36071358.418473
35233216.1770581
34626420.2614037
34201180.6268578
33929045.2341933
33795910.3773774
40204906.6362528
39235571.8856345
37943135.9475728
36796167.0863098
35817721.483348
35060845.4013745
34493700.1854581
34086642.5444889
33822138.5491293
33691580.5692779
38638615.0654429
37943135.9475728
37090614.4485814
36192165.2059109
35405105.3518694
34757638.1339768
34246766.1977253
33865661.8188022
33611148.2504447
33483344.9258524
37172736.5521279
36796167.0863098
36192165.2059109
35538426.734579
34918710.986157
34370417.9818619
33910461.555283
33549740.5324834
33299156.9439271
33169923.5080227
36071358.418473
35817721.483348
35405105.3518694
34918710.986157
34417414.930205
33938759.9948834
33508500.0059113
33149317.5100492
32885839.5762981
32744321.4760844
35233216.1770581
35060845.4013745
34757638.1339768
34370417.9818619
33938759.9948834
33493554.9194718
33061448.4294065
32671848.2793691
32363922.3642559
32187687.7623933
34626420.2614037
34493700.1854581
34246766.1977253
33910461.555283
33508500.0059113
33061448.4294065
32590070.3118053
32124133.6936362
31716776.991837
31458495.7756719
34201180.6268578
34086642.5444889
33865661.8188022
33549740.5324834
33149317.5100492
32671848.2793691
32124133.6936362
31522622.7475633
30920934.2608337
30468834.5901504
33929045.2341933
33822138.5491293
33611148.2504447
33299156.9439271
32885839.5762981
32363922.3642559
31716776.991837
30920934.2608337
29972207.4065463
29022148.8690403
33795910.3773774
33691580.5692779
33483344.9258524
33169923.5080227
32744321.4760844
32187687.7623933
31458495.7756719
30468834.5901504
29022148.8690403
26588422.2985784
