41768885.7229405
40425011.2878675
39087437.310925
37752136.9255963
36634046.5507282
35719807.4069977
35039740.7825661
34557859.9674318
34247054.5766221
34094290.2028913
40425011.2878675
39607562.052014
38521821.964833
37352608.9265012
36346893.2043891
35520185.0202506
34886309.7789428
34425519.3116188
34123606.2583758
33973910.570903
39087437.310925
38521821.964833
37636126.4538702
36730885.8810202
35888447.7672208
35175675.8078947
34603344.6178388
34171580.5156989
33881310.0075059
33735057.0339679
37752136.9255963
37352608.9265012
36730885.8810202
36027767.5731265
35348400.9318095
34737909.2412933
34220012.688568
33811120.991779
33526184.0906175
33379095.3955881
36634046.5507282
36346893.2043891
35888447.7672208
35348400.9318095
34788392.6540593
34250077.9014805
33764285.7077908
33358554.7769523
33061522.0310743
32902417.8832684
35719807.4069977
35520185.0202506
35175675.8078947
34737909.2412933
34250077.9014805
33747364.5930331
33261192.1687205
32825608.1852899
32484007.0032713
32289865.8265511
35039740.7825661
34886309.7789428
34603344.6178388
34220012.688568
33764285.7077908
33261192.1687205
32736123.077996
32223492.8172955
31780969.8667373
31503368.620374
34557859.9674318
34425519.3116188
34171580.5156989
33811120.991779
33358554.7769523
32825608.1852899
32223492.8172955
31573084.5580549
30932599.2772429
30457376.2302868
34247054.5766221
34123606.2583758
33881310.0075059
33526184.0906175
33061522.0310743
32484007.0032713
31780969.8667373
30932599.2772429
29938176.3460402
28955442.1700081
34094290.2028913
33973910.570903
33735057.0339679
33379095.3955881
32902417.8832684
32289865.8265511
31503368.620374
30457376.2302868
28955442.1700081
26541387.3115126
41788038.9494404
40449151.5057201
39122652.3493375
37794955.3102659
36678053.0904212
35764606.6854467
35084630.1343919
34602729.2910899
34291905.6533287
34139131.8914956
40449151.5057201
39641692.921607
38562946.9348477
37396631.9750269
36391524.1428765
35565085.4888726
34931198.0405172
34470381.76823
34168449.8911117
34018745.0395785
39122652.3493375
38562946.9348477
37680185.6072914
36775375.8586777
35933348.6263457
35220581.8009312
34648218.0623846
34216427.5968655
33926138.870016
33779876.8656409
37794955.3102659
37396631.9750269
36775375.8586777
36072666.8913405
35393317.8236635
34782791.75974
34264863.4504278
33855945.4928935
33570990.6026311
33423892.6357992
36678053.0904212
36391524.1428765
35933348.6263457
35393317.8236635
34833278.6889717
34294931.0038714
33809107.2305089
33403350.1079066
33106298.0186685
32947183.4036254
35764606.6854467
35565085.4888726
35220581.8009312
34782791.75974
34294931.0038714
33792185.0275428
33305980.8024037
32870367.6675685
32528743.0147553
32334588.1940057
35084630.1343919
34931198.0405172
34648218.0623846
34264863.4504278
33809107.2305089
33305980.8024037
32780876.1523722
32268209.7420634
31825654.3246341
31548032.0387934
34602729.2910899
34470381.76823
34216427.5968655
33855945.4928935
33403350.1079066
32870367.6675685
32268209.7420634
31617753.096507
30977217.8686399
30501954.8517499
34291905.6533287
34168449.8911117
33926138.870016
33570990.6026311
33106298.0186685
32528743.0147553
31825654.3246341
30977217.8686399
29982710.7660662
28999683.2923496
34139131.8914956
34018745.0395785
33779876.8656409
33423892.6357992
32947183.4036254
32334588.1940057
31548032.0387934
30501954.8517499
28999683.2923496
26558626.9443868
41813639.5472184
40516907.4167796
39189501.0508228
37864801.7158837
36748837.1622555
35836506.9317424
35156636.6945016
34674680.6557941
34363814.7865845
34211019.4944254
40516907.4167796
39708945.6184257
38630783.3403658
37467670.6521387
36463189.7355039
35637127.651638
35003194.18363
34542316.0718786
34240341.6325113
34090615.8148872
39189501.0508228
38630783.3403658
37751417.5368745
36846835.1467744
36005402.1671845
35292616.6420829
34720176.4251746
34288326.3944616
33997996.6848381
33851714.1755968
37864801.7158837
37467670.6521387
36846835.1467744
36144721.2137939
35465374.4493509
34854769.3266644
34336769.4252266
33927793.4534543
33642798.5138144
33495679.8787829
36748837.1622555
36463189.7355039
36005402.1671845
35465374.4493509
34905263.4502329
34366841.3533681
33880948.5950864
33475134.3001876
33178040.3167009
33018903.2355766
35836506.9317424
35637127.651638
35292616.6420829
34854769.3266644
34366841.3533681
33864024.0048643
33377751.166431
32942076.3967077
32600403.2564686
32406220.8042016
35156636.6945016
35003194.18363
34720176.4251746
34336769.4252266
33880948.5950864
33377751.166431
32852572.1111863
32339832.7014604
31897213.9540262
31619551.7549424
34674680.6557941
34542316.0718786
34288326.3944616
33927793.4534543
33475134.3001876
32942076.3967077
32339832.7014604
31689282.8033207
31048655.1113046
30573320.1015218
34363814.7865845
34240341.6325113
33997996.6848381
33642798.5138144
33178040.3167009
32600403.2564686
31897213.9540262
31048655.1113046
30053997.4386443
29070411.7450703
34211019.4944254
34090615.8148872
33851714.1755968
33495679.8787829
33018903.2355766
32406220.8042016
31619551.7549424
30573320.1015218
29070411.7450703
26572380.6620582
