41751823.7319645
40559035.0192884
39399958.2956976
38279036.5271082
37143247.4195111
36236982.4432618
35522294.7045885
35011827.875672
34681962.7965526
34519628.365009
40559035.0192884
39849771.3064956
38931844.0901336
37854562.1278404
36883019.0340166
36025318.5789442
35357926.5337946
34870127.7396126
34549845.0156056
34390771.8175933
39399958.2956976
38931844.0901336
38124356.9353985
37271374.2878999
36405907.7940368
35659589.9039793
35055956.7717142
34599011.1438465
34291092.7677488
34135669.5656618
38279036.5271082
37854562.1278404
37271374.2878999
36548665.7837363
35838037.1683884
35195328.7094656
34648208.8032705
34215336.4247798
33913141.8378115
33757005.1456444
37143247.4195111
36883019.0340166
36405907.7940368
35838037.1683884
35247311.9819007
34678488.0663047
34164751.2778946
33735369.7964407
33421080.8085945
33252861.3677979
36236982.4432618
36025318.5789442
35659589.9039793
35195328.7094656
34678488.0663047
34146474.8228042
33632496.4047087
33172931.9744779
32813559.1370687
32609884.2133905
35522294.7045885
35357926.5337946
35055956.7717142
34648208.8032705
34164751.2778946
33632496.4047087
33079103.9653842
32541481.137889
32079853.2501507
31791622.1576756
35011827.875672
34870127.7396126
34599011.1438465
34215336.4247798
33735369.7964407
33172931.9744779
32541481.137889
31864220.4640634
31201969.5526452
30713525.8754406
34681962.7965526
34549845.0156056
34291092.7677488
33913141.8378115
33421080.8085945
32813559.1370687
32079853.2501507
31201969.5526452
30181113.4192482
29178749.0713126
34519628.365009
34390771.8175933
34135669.5656618
33757005.1456444
33252861.3677979
32609884.2133905
31791622.1576756
30713525.8754406
29178749.0713126
26727766.7571925
41771575.0307772
40594879.7006175
39433503.8447291
38319104.4894592
37187308.8810383
36281534.1171353
35567216.1929529
35056740.8902896
34726852.3652724
34564506.0223205
40594879.7006175
39882615.2091829
38969593.9064743
37898118.0564881
36927081.5168562
36070215.3661948
35402862.3455572
34915031.3196253
34594725.0108332
34435639.9199279
39433503.8447291
38969593.9064743
38167727.0555265
37315149.1134623
36450755.9830531
35704541.6313522
35100874.8906935
34643895.1310047
34335953.2016002
34180518.2898054
38319104.4894592
37898118.0564881
37315149.1134623
36593489.020403
35882996.263121
35240257.7024128
34693096.8499634
34260191.0159208
33957973.3975326
33801824.5432467
37187308.8810383
36927081.5168562
36450755.9830531
35882996.263121
35292244.9909572
34723378.6377575
34209601.9825187
33780187.4478382
33465873.7228107
33297640.9925282
36281534.1171353
36070215.3661948
35704541.6313522
35240257.7024128
34723378.6377575
34191324.1195741
33677305.9175125
33217704.9927424
32858303.329758
32654611.9249995
35567216.1929529
35402862.3455572
35100874.8906935
34693096.8499634
34209601.9825187
33677305.9175125
33123869.3899815
32586203.0404281
32124537.1730714
31836282.0293142
35056740.8902896
34915031.3196253
34643895.1310047
34260191.0159208
33780187.4478382
33217704.9927424
32586203.0404281
31908886.3585027
31246579.5201864
30758092.3501537
34726852.3652724
34594725.0108332
34335953.2016002
33957973.3975326
33465873.7228107
32858303.329758
32124537.1730714
31246579.5201864
30225632.3138811
29222969.6011842
34564506.0223205
34435639.9199279
34180518.2898054
33801824.5432467
33297640.9925282
32654611.9249995
31836282.0293142
30758092.3501537
29222969.6011842
26744524.762398
41799231.9885664
40664382.2708732
39502015.863519
38386803.8617213
37258726.6645065
36353048.5311797
35639262.5109388
35128760.3666221
34798825.0877748
34636455.1658496
40664382.2708732
39951510.7262386
39036965.8524685
37969327.3329496
36997863.2752619
36142236.2641802
35474925.1326191
34987031.3194138
34666678.4203077
34507570.883652
39502015.863519
39036965.8524685
38238601.4940087
37385504.7006222
36522711.2323596
35776635.2499252
35172902.1558559
34715855.8257278
34407869.460103
34252412.8161959
38386803.8617213
37969327.3329496
37385504.7006222
36665409.171807
35955104.5593297
35312304.2901987
34765064.7739541
34332096.0268957
34029835.8712575
33873664.5060452
37258726.6645065
36997863.2752619
36522711.2323596
35955104.5593297
35364298.637901
34795350.9811478
34281499.5051504
33852024.2691743
33537665.1637591
33369408.1226252
36353048.5311797
36142236.2641802
35776635.2499252
35312304.2901987
34795350.9811478
34263218.9326885
33749127.8730078
33289460.5105059
32930006.8075329
32726285.871793
35639262.5109388
35474925.1326191
35172902.1558559
34765064.7739541
34281499.5051504
33749127.8730078
33195611.3078409
32657867.0125772
32196134.0651943
31907836.9326055
35128760.3666221
34987031.3194138
34715855.8257278
34332096.0268957
33852024.2691743
33289460.5105059
32657867.0125772
31980451.8514189
31318048.3716787
30829486.7010117
34798825.0877748
34666678.4203077
34407869.460103
34029835.8712575
33537665.1637591
32930006.8075329
32196134.0651943
31318048.3716787
30296945.6609292
29293721.4414699
34636455.1658496
34507570.883652
34252412.8161959
33873664.5060452
33369408.1226252
32726285.871793
31907836.9326055
30829486.7010117
29293721.4414699
26758738.5976242
