41816785.3377287
40694945.0277521
39647176.4838774
38664102.890187
37626806.7693812
36737019.2144089
35997196.8105727
35465620.1237121
35122096.882025
34953067.2469902
40694945.0277521
40055131.1408838
39236395.1434808
38331605.522798
37349455.4185216
36506053.4274371
35821050.1237278
35316354.1747092
34984079.7117565
34818979.2354876
39647176.4838774
39236395.1434808
38569512.1205426
37708622.642038
36878212.1573151
36123212.002418
35504423.3028774
35033227.79951
34714966.0237507
34554262.2311526
38664102.890187
38331605.522798
37708622.642038
37016648.9268957
36298635.9247137
35642507.2689195
35080809.4546957
34635040.7775375
34323543.3832016
34162526.8200407
37626806.7693812
37349455.4185216
36878212.1573151
36298635.9247137
35693379.4759548
35109319.0205801
34580977.598125
34139246.1909626
33815840.6991509
33642756.2049814
36737019.2144089
36506053.4274371
36123212.002418
35642507.2689195
35109319.0205801
34561297.3530448
34032597.7569811
33560278.118397
33191346.6341762
32982494.0111158
35997196.8105727
35821050.1237278
35504423.3028774
35080809.4546957
34580977.598125
34032597.7569811
33463762.566044
32912441.3689532
32440205.9821128
32145977.379264
35465620.1237121
35316354.1747092
35033227.79951
34635040.7775375
34139246.1909626
33560278.118397
32912441.3689532
32220017.2529993
31545187.6829893
31048840.4036122
35122096.882025
34984079.7117565
34714966.0237507
34323543.3832016
33815840.6991509
33191346.6341762
32440205.9821128
31545187.6829893
30508342.5390507
29493285.1331467
34953067.2469902
34818979.2354876
34554262.2311526
34162526.8200407
33642756.2049814
32982494.0111158
32145977.379264
31048840.4036122
29493285.1331467
27015664.1707624
41836911.5869256
40732738.0057391
39679525.8436072
38702072.5994027
37670062.8217398
36781208.2998281
36042108.6467545
35510572.3420744
35167025.4070124
34997981.6553818
40732738.0057391
40086177.3420809
39273003.712578
38373014.4897831
37393652.2990943
36550819.8519661
35866016.2176827
35361298.3723371
35028996.8325395
34863882.7445139
39679525.8436072
39273003.712578
38610408.1101711
37752737.5091545
36922762.3773428
36168175.5594171
35549381.8692574
35078149.4228859
34759861.356077
34599144.6045171
38702072.5994027
38373014.4897831
37752737.5091545
37061093.0084196
36343590.1836948
35687475.5488047
35125735.5980597
34679930.0063974
34368406.6738072
34207376.7878433
37670062.8217398
37393652.2990943
36922762.3773428
36343590.1836948
35738351.0880234
35154247.9551222
34625862.8330873
34184094.0071291
33860661.6920426
33687562.5045091
36781208.2998281
36550819.8519661
36168175.5594171
35687475.5488047
35154247.9551222
34606181.1136034
34077436.6566411
33605077.4648127
33236114.4544343
33027243.9167935
36042108.6467545
35866016.2176827
35549381.8692574
35125735.5980597
34625862.8330873
34077436.6566411
33508553.7095139
32957185.2511205
32484909.0860727
32190654.9109682
35510572.3420744
35361298.3723371
35078149.4228859
34679930.0063974
34184094.0071291
33605077.4648127
32957185.2511205
32264701.24933
31589812.7324309
31093420.2222912
35167025.4070124
35028996.8325395
34759861.356077
34368406.6738072
33860661.6920426
33236114.4544343
32484909.0860727
31589812.7324309
30552873.1069502
29537516.644726
34997981.6553818
34863882.7445139
34599144.6045171
34207376.7878433
33687562.5045091
33027243.9167935
32190654.9109682
31093420.2222912
29537516.644726
27032612.1146816
41865776.409287
40801984.1375878
39749133.2790876
38770464.9465048
37740629.1630198
36852210.4838725
36114145.0352666
35582655.3693579
35239064.9304739
35069995.9871139
40801984.1375878
40155995.9722726
39341940.2135218
38441417.423288
37464932.5270565
36622649.0056419
35938126.8320897
35433365.3965731
35101015.926139
34935876.6065054
39749133.2790876
39341940.2135218
38678696.4834014
37824194.3360507
36994270.1880821
36240285.8190734
35621473.1942217
35150175.8130584
34831839.8277178
34671099.1947152
38770464.9465048
38441417.423288
37824194.3360507
37132440.4242588
36415687.3753592
35759582.5635906
35197768.7998876
34751896.6771503
34440327.4900014
34279274.6025368
37740629.1630198
37464932.5270565
36994270.1880821
36415687.3753592
35810463.3183648
35226285.1183696
34697821.530729
34255987.7070988
33932509.3938486
33759384.9500753
36852210.4838725
36622649.0056419
36240285.8190734
35759582.5635906
35226285.1183696
34678136.807308
34149314.7298278
33676887.8803738
33307870.9821202
33098969.9108688
36114145.0352666
35938126.8320897
35621473.1942217
35197768.7998876
34697821.530729
34149314.7298278
33580350.0375232
33028901.0115292
32556555.7469836
32262258.4562954
35582655.3693579
35433365.3965731
35150175.8130584
34751896.6771503
34255987.7070988
33676887.8803738
33028901.0115292
32336315.6742504
31661328.1956001
31164859.7873383
35239064.9304739
35101015.926139
34831839.8277178
34440327.4900014
33932509.3938486
33307870.9821202
32556555.7469836
31661328.1956001
30624230.2654064
29608313.4015307
35069995.9871139
34935876.6065054
34671099.1947152
34279274.6025368
33759384.9500753
33098969.9108688
32262258.4562954
31164859.7873383
29608313.4015307
27047337.5812154
