41826191.0002432
40788281.4475442
39830140.6946938
38957220.0756584
38069554.585111
37163427.139606
36440762.9431813
35903368.6077139
35554428.8614467
35382461.8806984
40788281.4475442
40194304.5814177
39462556.5371868
38666998.7152642
37762679.4620016
36956435.8117017
36264274.0945153
35751530.5040281
35413467.7907103
35245314.5301941
39830140.6946938
39462556.5371868
38884829.6483012
38109524.6025264
37328069.8253537
36570433.0650095
35942084.6844258
35462656.5037642
35138494.481039
34974717.4276937
38957220.0756584
38666998.7152642
38109524.6025264
37463946.8619856
36746703.5154745
36081427.5193306
35510133.3932275
35056217.7090395
34738955.9553016
34575015.5220525
38069554.585111
37762679.4620016
37328069.8253537
36746703.5154745
36132514.1313974
35538397.11871
35000436.5019323
34550688.9856641
34221636.3776392
34045574.4953403
37163427.139606
36956435.8117017
36570433.0650095
36081427.5193306
35538397.11871
34980096.2761118
34441758.8157092
33961343.4416638
33586209.4690387
33373925.8391681
36440762.9431813
36264274.0945153
35942084.6844258
35510133.3932275
35000436.5019323
34441758.8157092
33863074.8459778
33302606.6051601
32822920.9314594
32524264.6241375
35903368.6077139
35751530.5040281
35462656.5037642
35056217.7090395
34550688.9856641
33961343.4416638
33302606.6051601
32599341.1675884
31914725.4834467
31411655.929634
35554428.8614467
35413467.7907103
35138494.481039
34738955.9553016
34221636.3776392
33586209.4690387
32822920.9314594
31914725.4834467
30863992.2694196
29836360.2784209
35382461.8806984
35245314.5301941
34974717.4276937
34575015.5220525
34045574.4953403
33373925.8391681
32524264.6241375
31411655.929634
29836360.2784209
27328958.5124601
41846796.9694035
40824383.8955624
39863602.6337989
38993826.9993935
38111182.7835777
37207826.0276154
36485591.7552043
35948356.6647152
35599399.4607137
35427417.649405
40824383.8955624
40228977.6941488
39497939.8358348
38706635.2695742
37806540.4112279
37000821.1061006
36309247.902126
35796515.7735036
35458426.3361363
35290258.1853
39863602.6337989
39497939.8358348
38923390.9965
38152958.6351166
37372098.6608552
36615357.7182441
35987079.5022176
35507619.1139533
35183428.7748833
35019637.0809771
38993826.9993935
38706635.2695742
38152958.6351166
37507848.0704218
36791582.0236028
36126425.3029455
35555099.4294961
35101144.7819048
34783855.4285074
34619901.1681919
38111182.7835777
37806540.4112279
37372098.6608552
36791582.0236028
36177511.9969517
35583364.9017664
35045358.6419839
34595572.6622747
34266491.3890082
34090414.2589572
37207826.0276154
37000821.1061006
36615357.7182441
36126425.3029455
35583364.9017664
35025016.5759489
34486632.9458755
34006175.9654711
33631009.4279794
33418707.175929
36485591.7552044
36309247.902126
35987079.5022176
35555099.4294961
35045358.6419839
34486632.9458755
33907899.092536
33347381.7174389
32867653.8786855
32568971.248247
35948356.6647152
35796515.7735036
35507619.1139533
35101144.7819048
34595572.6622748
34006175.9654711
33347381.7174389
32644054.4403646
31959378.3130617
31456262.6863226
35599399.4607137
35458426.3361363
35183428.7748833
34783855.4285074
34266491.3890082
33631009.4279794
32867653.8786855
31959378.3130617
30908548.9580877
29880618.3153564
35427417.649405
35290258.1853001
35019637.0809771
34619901.1681919
34090414.2589572
33418707.175929
32568971.248247
31456262.6863226
29880618.3153564
27346369.0020162
41877635.8631045
40892601.4025905
39934023.53355
39063148.2511623
38180030.3865942
37279455.4894167
36557506.2761235
36020493.5369844
35671504.478285
35499497.6375374
40892601.4025905
40299681.2557493
39567708.8460249
38775186.3371625
37878122.9957552
37072081.7677952
36381369.3965683
35868645.8301303
35530510.8263431
35362317.5593984
39934023.53355
39567708.8460249
38991836.9616123
38223950.2823002
37442840.5432782
36687411.0635152
36059226.7977135
35579710.2537189
35255472.0764186
35091655.6804416
39063148.2511623
38775186.3371625
38223950.2823002
37578405.9421497
36863569.351838
36198579.0857023
35627196.2047193
35173175.6331894
34855838.0277956
34691859.2642387
38180030.3865942
37878122.9957552
37442840.5432782
36863569.351838
36249666.5954164
35655464.5423089
35117380.9614233
34667527.0218546
34338397.3347389
34162294.7143762
37279455.4894167
37072081.7677952
36687411.0635152
36198579.0857023
35655464.5423089
35097035.7086083
34558570.7793532
34078044.1691022
33702823.2406153
33490489.8566723
36557506.2761235
36381369.3965683
36059226.7977135
35627196.2047193
35117380.9614233
34558570.7793532
33979753.5074106
33419153.9571426
32939355.7481213
32640629.2628955
36020493.5369845
35868645.8301303
35579710.253719
35173175.6331894
34667527.0218546
34078044.1691022
33419153.9571426
32715723.5097458
32030946.8276816
31527754.2720391
35671504.478285
35530510.8263431
35255472.0764186
34855838.0277956
34338397.3347389
33702823.2406153
32939355.7481213
32030946.8276817
30979957.0577405
29951466.7800707
35499497.6375374
35362317.5593984
35091655.6804416
34691859.2642387
34162294.7143762
33490489.8566723
32640629.2628955
31527754.2720391
29951466.7800707
27361265.068993
