41878621.2606267
40918997.7225271
40019039.3504615
39218703.9582737
38431568.277557
37576943.8986991
36881926.2945225
36337004.0575442
35982577.5375977
35808044.0195008
40918997.7225271
40362299.6877709
39686693.0004539
38969539.6438646
38179531.3434935
37382413.4800252
36697872.2911768
36180541.3731042
35838457.4111208
35668194.1447058
40019039.3504615
39686693.0004539
39165469.9117649
38508799.0176567
37728151.4403929
36996861.9045643
36368381.0433281
35885528.7002151
35558227.1882839
35392681.4602875
39218703.9582737
38969539.6438646
38508799.0176567
37847012.5254703
37165296.6614663
36503032.6871586
35929507.9586091
35472217.3981524
35151951.3023253
34986290.4703956
38431568.277557
38179531.3434935
37728151.4403929
37165296.6614663
36551760.0925654
35954934.6684308
35413089.8911942
34959232.2253168
34626950.0473629
34449147.1116656
37576943.8986991
37382413.4800252
36996861.9045643
36503032.6871586
35954934.6684308
35391370.4711761
34847556.627786
34362203.1065308
33983295.9418044
33768825.2136725
36881926.2945225
36697872.2911768
36368381.0433281
35929507.9586091
35413089.8911942
34847556.627786
34262251.0779195
33695690.7110141
33210721.7954611
32908767.4654608
36337004.0575442
36180541.3731042
35885528.7002151
35472217.3981524
34959232.2253168
34362203.1065308
33695690.7110141
32984289.2133886
32291881.5045465
31783176.8968149
35982577.5375977
35838457.4111208
35558227.1882839
35151951.3023253
34626950.0473629
33983295.9418044
33210721.7954611
32291881.5045465
31229228.4837052
30190253.3492394
35808044.0195008
35668194.1447058
35392681.4602875
34986290.4703956
34449147.1116656
33768825.2136725
32908767.4654608
31783176.8968149
30190253.3492394
27655113.1506944
41899436.9561701
40956836.6369127
40055658.1272913
39254776.4489741
38471907.8051434
37620921.4123226
36926516.7376188
36382013.2405174
36027588.3832552
35853040.6410134
40956836.6369127
40399933.0892798
39720639.5237793
39008208.8360993
38222347.5506662
37426670.6662255
36742809.8707751
36225562.6789512
35883456.6583569
35713178.3312706
40055658.1272913
39720639.5237793
39203518.8198151
38550442.7882581
37772346.1327291
37041640.8787374
36413400.6691184
35930531.3933595
35603201.7541461
35437640.9974363
39254776.4489741
39008208.8360993
38550442.7882581
37891234.4507821
37209928.4753621
36548040.1031427
35974512.7261819
35517184.5720415
35196889.4471896
35031213.4938878
38471907.8051434
38222347.5506662
37772346.1327291
37209928.4753621
36596760.116624
35999939.8440062
35458051.9749367
35004153.2851531
34671842.0037336
34494023.507275
37620921.4123226
37426670.6662255
37041640.8787374
36548040.1031427
35999939.8440062
35436330.6647797
34892467.9370581
34407071.9447189
34028131.2882735
33813641.8754219
36926516.7376188
36742809.8707751
36413400.6691184
35974512.7261819
35458051.9749367
34892467.9370581
34307111.1079316
33740501.1074191
33255489.0516385
32953507.8432811
36382013.2405174
36225562.6789512
35930531.3933595
35517184.5720415
35004153.2851531
34407071.9447189
33740501.1074191
33029036.416663
32336567.1055373
31827815.6792146
36027588.3832552
35883456.6583569
35603201.7541461
35196889.4471896
34671842.0037336
34028131.2882735
33255489.0516385
32336567.1055373
31273816.4439853
30234542.4311623
35853040.6410134
35713178.3312706
35437640.9974363
35031213.4938878
34494023.507275
33813641.8754219
32953507.8432811
31827815.6792146
30234542.4311623
27672819.7826374
41931010.3960691
41024554.9687427
40126761.5586533
39324873.6661265
38540947.1283087
37692511.6043727
36998088.1205461
36454185.8811474
36099757.2007939
35925185.4205941
41024554.9687427
40471214.3776936
39791000.5087157
39077670.616762
38292340.0137532
37497854.2402332
36814882.7646475
36297749.7196469
35955605.5245034
35785302.0936213
40126761.5586533
39791000.5087157
39273140.7339384
38619396.0125197
37843689.8036757
37113483.1608656
36485586.7534444
36002685.3032489
35675308.9136387
35509723.2563821
39324873.6661265
39077670.6167621
38619396.0125197
37962790.8178802
37281552.8312979
36620208.3174869
36046669.1940894
35589278.5600014
35268935.462757
35103234.4882206
38540947.1283087
38292340.0137532
37843689.8036757
37281552.8312979
36668917.2277891
36072096.3752926
35530136.6614822
35076170.2039007
34743808.3593003
34565963.2644513
37692511.6043727
37497854.2402332
37113483.1608656
36620208.3174869
36072096.3752926
35508411.8594975
34964467.3584159
34478998.560732
34100002.7546688
33885482.6401758
36998088.1205461
36814882.7646475
36485586.7534444
36046669.1940894
35530136.6614822
34964467.3584159
34379022.9546411
33812331.1857556
33327247.8678721
33025222.260514
36454185.8811474
36297749.7196469
36002685.3032489
35589278.5600014
35076170.2039007
34478998.560732
33812331.1857556
33100761.9879193
32408190.8618181
31899361.630649
36099757.2007939
35955605.5245034
35675308.9136387
35268935.462757
34743808.3593003
34100002.7546688
33327247.8678721
32408190.8618181
31345277.9505911
30305444.4613015
35925185.4205941
35785302.0936213
35509723.2563821
35103234.4882206
34565963.2644513
33885482.6401758
33025222.260514
31899361.630649
30305444.4613015
27687897.4477147
