41974098.1468699
41071803.9056489
40213740.5768852
39463102.4864551
38747702.3117573
37988805.3143748
37312632.9530932
36763962.5808645
36405390.5525597
36228955.309052
41071803.9056489
40539215.3217065
39890795.29589
39233708.0478164
38536764.3682897
37776349.5739749
37120653.3313728
36602910.2608199
36258569.3550235
36086988.7923492
40213740.5768852
39890795.29589
39408193.0773277
38818201.8230884
38093838.8947016
37411773.2786762
36787337.5163661
36303344.0516217
35974419.522597
35807878.9785464
39463102.4864551
39233708.0478164
38818201.8230884
38212492.9882979
37577422.2843979
36919259.2779949
36344562.3683739
35885415.7038129
35563476.9062138
35396847.6969667
38747702.3117573
38536764.3682897
38093838.8947016
37577422.2843979
36967352.1135574
36368432.9793958
35823924.5773332
35367535.6319007
35033172.3671026
34854223.3763593
37988805.3143748
37776349.5739749
37411773.2786762
36919259.2779949
36368432.9793958
35801339.2671692
35253958.5342508
34765341.2635493
34384047.8972313
34168307.1023596
37312632.9530932
37120653.3313728
36787337.5163661
36344562.3683739
35823924.5773332
35253958.5342508
34664263.5510773
34093996.6020534
33606133.0797225
33302413.0841689
36763962.5808645
36602910.2608199
36303344.0516217
35885415.7038129
35367535.6319007
34765341.2635493
34093996.6020534
33378076.9022722
32681579.5531624
32170091.6480313
36405390.5525597
36258569.3550235
35974419.522597
35563476.9062138
35033172.3671026
34384047.8972313
33606133.0797225
32681579.5531624
31613053.0169598
30569016.6260036
36228955.309052
36086988.7923492
35807878.9785464
35396847.6969667
34854223.3763593
34168307.1023596
33302413.0841689
32170091.6480313
30569016.6260036
28022609.3535619
41995104.907343
41110515.7380799
40253069.8553482
39498278.6079521
38787270.1120321
38032128.9687815
37357035.660811
36808978.9056848
36450440.4924537
36273992.537259
41110515.7380799
40579622.8490645
39926072.543355
39271523.1641675
38578356.2161594
37820590.6353207
37165473.9293025
36647960.670404
36303608.6416377
36132013.2805607
40253069.8553482
39926072.543355
39445535.5049259
38858452.5764653
38137712.8746161
37456191.2563506
36832359.0497639
36348384.4201884
36019433.8945771
35852878.170261
39498278.6079521
39271523.1641675
38858452.5764653
38256130.9741004
37621556.6429749
36964235.3278604
36389600.1731391
35930421.8450639
35608454.0222417
35441809.4390043
38787270.1120322
38578356.2161594
38137712.8746161
37621556.6429749
37012305.8176608
36413466.9720731
35868924.5983814
35412495.0509687
35078101.0218656
34899135.5216058
38032128.9687815
37820590.6353207
37456191.2563506
36964235.3278604
36413466.9720731
35846336.8966795
35298907.6554012
34810245.9873988
34428918.801303
34213158.7852335
37357035.660811
37165473.9293025
36832359.0497639
36389600.1731391
35868924.5983814
35298907.6554012
34709159.5820348
34138841.4010219
33650934.7358577
33347187.3540495
36808978.9056848
36647960.670404
36348384.4201884
35930421.8450639
35412495.0509687
34810245.9873988
34138841.4010219
33422858.0708795
32726297.9155779
32214762.3011354
36450440.4924537
36303608.6416378
36019433.8945771
35608454.0222417
35078101.0218656
34428918.801303
33650934.7358577
32726297.9155779
31657671.858728
30613335.678033
36273992.537259
36132013.2805607
35852878.170261
35441809.4390043
34899135.5216058
34213158.7852335
33347187.3540495
32214762.3011354
30613335.678033
28040809.6403495
42027255.2860686
41177545.3204378
40324633.1993987
39568892.4833738
38857002.4201702
38102886.5221417
37428372.0950897
36881167.3714373
36522671.0069388
36346201.4106848
41177545.3204378
40651317.2369487
39997093.754584
39341623.2718249
38647651.6989601
37892114.8551829
37237382.3342213
36720194.3469604
36375820.6807385
36204200.836359
40324633.1993987
39997093.754584
39515792.4989765
38927573.8111937
38209402.5753374
37527503.9123553
36904551.4499972
36420597.9220546
36091604.2404324
35925023.6156281
39568892.4833738
39341623.2718249
38927573.8111937
38327558.7299939
37692444.312413
37036361.4264445
36461809.5989186
36002577.9589877
35680562.5523584
35513892.7856661
38857002.4201702
38647651.6989601
38209402.5753374
37692444.312413
37084399.3729886
36485670.6443487
35941070.1557883
35484573.9087288
35150129.4391224
34971136.0952396
38102886.5221417
37892114.8551829
37527503.9123553
37036361.4264445
36485670.6443487
35918478.3676856
35370969.2473907
34882233.2899895
34500848.7253038
34285057.3639451
37428372.0950897
37237382.3342213
36904551.4499972
36461809.5989186
35941070.1557883
35370969.2473907
34781131.7328089
34210728.3820782
33722751.4626383
33418959.3430312
36881167.3714373
36720194.3469604
36420597.9220546
36002577.9589877
35484573.9087288
34882233.2899895
34210728.3820782
33494641.2347277
32797978.4754346
32286364.4971299
36522671.0069388
36375820.6807385
36091604.2404324
35680562.5523584
35150129.4391224
34500848.7253038
33722751.4626383
32797978.4754346
31729188.9878801
30684293.5570661
36346201.4106848
36204200.836359
35925023.6156281
35513892.7856661
34971136.0952396
34285057.3639451
33418959.3430312
32286364.4971299
30684293.5570661
28055787.9905665
