42110111.4671455
41251955.1320048
40435498.8110745
39719376.6096922
39067664.3973522
38394116.8916768
37712623.7739569
37178765.166195
36821345.6516213
36644922.9141128
41251955.1320048
40745843.6220443
40121084.1370948
39510606.768798
38882660.1063539
38168334.2525418
37539225.8588877
37020403.9441132
36674835.5984945
36502715.264524
40435498.8110745
40121084.1370948
39675102.3501323
39139595.0619063
38499831.3004171
37826760.4421122
37207068.038356
36720617.0590923
36390026.0821041
36222730.2790861
39719376.6096922
39510606.768798
39139595.0619063
38622325.816244
37983463.0340082
37338980.4773379
36762635.6893616
36301123.7633535
35977595.165953
35810197.5279779
39067664.3973522
38882660.1063539
38499831.3004171
37983463.0340082
37386433.8507635
36786580.0186328
36239640.8393626
35781143.5978686
35445345.6256211
35265685.8454543
38394116.8916768
38168334.2525418
37826760.4421122
37338980.4773379
36786580.0186328
36217004.9815496
35667270.4656129
35176746.7383393
34794189.3127795
34577937.0932363
37712623.773957
37539225.8588877
37207068.038356
36762635.6893616
36239640.8393626
35667270.4656129
35075407.1041242
34503627.5252701
34015184.0435957
33711381.1366082
37178765.166195
37020403.9441132
36720617.0590923
36301123.7633535
35781143.5978686
35176746.7383393
34503627.5252701
33787119.3951649
33090698.7944454
32579703.1690749
36821345.6516213
36674835.5984945
36390026.0821041
35977595.165953
35445345.6256211
34794189.3127795
34015184.0435957
33090698.7944454
32023373.2707768
30981526.4422812
36644922.9141128
36502715.264524
36222730.2790861
35810197.5279779
35265685.8454543
34577937.0932363
33711381.1366082
32579703.1690749
30981526.4422812
28441991.9150894
42131293.6580975
41288584.8948549
40476361.9492148
39755318.7363397
39106462.4464396
38436551.7995373
37757171.7925269
37223758.6025638
36866432.6238893
36690000.3093804
41288584.8948549
40787619.162181
40158208.7344299
39547899.5188745
38923013.8796673
38212238.6310069
37583798.6144073
37065471.1229921
36719913.6834904
36547779.5059043
40476361.9492148
40158208.7344299
39711561.8850822
39179080.0071882
38542878.4492661
37870995.6872679
37252055.0688682
36765690.910897
36435079.318545
36267768.4976024
39755318.7363397
39547899.5188745
39179080.0071882
38664784.149965
38027638.4283112
37383851.101069
36807696.9105714
36346167.1561904
36022610.4671974
35855197.3977659
39106462.4464396
38923013.8796673
38542878.4492661
38027638.4283112
37431246.1962641
36831628.2971934
36284676.210272
35826140.3513038
35490311.5175089
35310635.0612384
38436551.7995373
38212238.6310069
37870995.6872679
37383851.101069
36831628.2971934
36262037.063155
35712256.3446947
35221687.5729799
34839094.947606
34622823.6920183
37757171.7925269
37583798.6144073
37252055.0688682
36807696.9105714
36284676.210272
35712256.3446947
35120338.472185
34548507.2230928
34060019.2860034
33756188.6527726
37223758.6025638
37065471.1229921
36765690.910897
36346167.1561904
35826140.3513038
35221687.5729799
34548507.2230928
33831934.0663802
33135450.0602196
32624406.0583708
36866432.6238893
36719913.6834904
36435079.318545
36022610.4671974
35490311.5175089
34839094.947606
34060019.2860034
33135450.0602196
32068023.5914784
31025878.6753771
36690000.3093804
36547779.5059043
36267768.4976024
35855197.3977659
35310635.0612384
34622823.6920183
33756188.6527726
32624406.0583708
31025878.6753771
28460916.3251714
42163914.0361983
41355260.8902555
40548278.9747771
39826444.3988391
39176696.4058052
38506397.9356378
37828937.4001229
37295919.8935743
36938721.2751844
36762272.4635087
41355260.8902555
40859635.871756
40229714.0723409
39618503.6414537
38992496.5909945
38283960.8324574
37655354.0498472
37137734.0523176
36792187.3178961
36620030.3006353
40548278.9747771
40229714.0723409
39782245.9067876
39248913.4103416
38613320.3573593
37942134.785608
37324204.9031749
36837959.2416164
36507312.3378815
36339976.9223525
39826444.3988391
39618503.6414537
39248913.4103416
38734526.4450982
38098824.0036635
37455833.4446277
36879947.5366417
36418384.5033759
36094781.6068782
35927343.3192463
39176696.4058052
38992496.5909945
38613320.3573593
38098824.0036635
37503143.8707261
36903860.2909119
36356880.9250257
35898281.3685246
35562402.1175442
35382698.4621061
38506397.9356378
38283960.8324574
37942134.785608
37455833.4446277
36903860.2909119
36334236.6213757
35784379.7224927
35293737.414668
34911086.2057938
34694782.428455
37828937.4001229
37655354.0498472
37324204.9031749
36879947.5366417
36356880.9250257
35784379.7224927
35192372.926924
34620454.3039194
34131894.3375274
33828018.9859356
37295919.8935743
37137734.0523176
36837959.2416164
36418384.5033759
35898281.3685246
35293737.414668
34620454.3039194
33903775.9675657
33207189.8713424
32696067.4445824
36938721.2751844
36792187.3178961
36507312.3378815
36094781.6068782
35562402.1175442
34911086.2057938
34131894.3375274
33207189.8713424
32139599.8560672
31096901.2767641
36762272.4635087
36620030.3006353
36339976.9223525
35927343.3192463
35382698.4621061
34694782.428455
33828018.9859356
32696067.4445824
31096901.2767641
28476447.314094
