42281694.4273809
41449682.0248903
40667782.1842667
39973391.5878519
39363721.022893
38752153.5128526
38100354.8275588
37587940.9957485
37232858.3132114
37057072.7139134
41449682.0248903
40966368.6410429
40360551.3522251
39780015.9718806
39193987.6712894
38553615.1618523
37940293.9145423
37430061.7147788
37086428.4944592
36914999.2452223
40667782.1842667
40360551.3522251
39935189.4271049
39431375.2476988
38857841.1847171
38202967.4251366
37611364.6695233
37130494.2833114
36801868.4491927
36635294.035853
39973391.5878519
39780015.9718806
39431375.2476988
38953930.7765418
38339795.4196049
37736624.7749846
37169827.2560523
36711883.2975341
36389929.4152015
36223103.5574875
39363721.022893
39193987.6712894
38857841.1847171
38339795.4196049
37781434.6421396
37191844.088797
36649244.3433359
36192927.6697409
35858070.89949
35678679.0291998
38752153.5128526
38553615.1618523
38202967.4251366
37736624.7749846
37191844.088797
36626130.8806251
36078616.6233819
35589082.0305737
35206663.0474246
34990201.2662468
38100354.8275588
37940293.9145423
37611364.6695233
37169827.2560523
36649244.3433359
36078616.6233819
35487544.8636683
34915487.3903551
34426266.7739227
34121745.6467554
37587940.9957485
37430061.7147788
37130494.2833114
36711883.2975341
36192927.6697409
35589082.0305737
34915487.3903551
34197457.7843443
33499343.2809382
32987118.7891132
37232858.3132114
37086428.4944592
36801868.4491927
36389929.4152015
35858070.89949
35206663.0474246
34426266.7739227
33499343.2809382
32429354.6917686
31384839.1185767
37057072.7139134
36914999.2452223
36635294.035853
36223103.5574875
35678679.0291998
34990201.2662468
34121745.6467554
32987118.7891132
31384839.1185767
28837814.6114034
42302986.1661684
41482928.6371588
40709391.0213977
40010586.7590679
39402024.7353093
38793903.1002532
38144753.0373529
37632856.1403479
37277977.8180856
37102190.3091856
41482928.6371588
41008621.4686952
40398655.8049066
39816063.6757028
39233836.3733735
38596946.0451804
37984761.6952879
37475128.9523669
37131544.5960218
36960103.8942075
40709391.0213977
40398655.8049066
39970468.8740764
39470104.2559182
38899801.8412591
38247293.6638938
37656260.5777315
37175596.8183332
36846961.6318523
36680372.6950826
40010586.7590679
39816063.6757028
39470104.2559182
38995418.549182
38383971.9418427
37781271.2696718
37214896.9884973
36756964.914437
36434985.0767842
36268143.7404471
39402024.7353093
39233836.3733735
38899801.8412591
38383971.9418427
37825955.3698429
37236881.0309754
36694315.032327
36237964.5503738
35903077.015278
35723668.3144103
38793903.1002532
38596946.0451804
38247293.6638938
37781271.2696718
37236881.0309754
36671196.6856328
36123642.3263186
35634063.0192453
35251608.2421187
35035126.1741939
38144753.0373529
37984761.6952879
37656260.5777315
37214896.9884973
36694315.032327
36123642.3263186
35532516.3510524
34960405.3263469
34471141.7694328
34166592.8038927
37632856.1403479
37475128.9523669
37175596.8183332
36756964.914437
36237964.5503738
35634063.0192453
34960405.3263469
34242312.0559427
33544133.622794
33031861.0944476
37277977.8180856
37131544.5960218
36846961.6318523
36434985.0767842
35903077.015278
35251608.2421187
34471141.7694328
33544133.622794
32474044.8301987
31429233.1193588
37102190.3091856
36960103.8942075
36680372.6950826
36268143.740447
35723668.3144103
35035126.1741939
34166592.8038927
33031861.0944476
31429233.1193588
28857023.6843016
42335847.1920794
41549211.9535721
40781508.8072738
40082113.6220971
39472688.0369932
38863801.8491839
38216636.5024427
37704911.0185836
37350317.8057197
37174525.1290764
41549211.9535721
41080793.4951128
40470464.7065169
39886972.5954383
39303974.8018094
38667853.3152626
38056217.6092286
37547395.938583
37203877.4239029
37032417.6288416
40781508.8072738
40470464.7065169
40041475.5420985
39540481.6584979
38969473.2003702
38318871.502865
37728281.6347418
37247909.7439316
36919256.6479133
36752644.1723601
40082113.6220971
39886972.5954383
39540481.6584979
39065034.7906595
38455765.1525184
37852928.0991449
37287161.2090948
36829241.1595097
36507219.0386839
36340352.7385585
39472688.0369932
39303974.8018094
38969473.2003702
38455765.1525184
37897426.043665
37309096.4152402
36766573.806484
36310167.8002098
35975230.5957999
35795794.7315326
38863801.8491839
38667853.3152626
38318871.502865
37852928.0991449
37309096.4152402
36743447.7336344
36195827.2992343
35706175.6785265
35323663.066854
35107148.1725496
38216636.5024427
38056217.6092286
37728281.6347418
37287161.2090948
36766573.806484
36195827.2992343
35604613.5300836
35032415.6713425
34543079.7717933
34238485.6228762
37704911.0185836
37547395.938583
37247909.7439316
36829241.1595097
36310167.8002098
35706175.6785265
35032415.6713425
34314216.4009703
33615934.06319
33103583.0219966
37350317.8057197
37203877.4239029
36919256.6479133
36507219.0386839
35975230.5957999
35323663.066854
34543079.7717933
33615934.06319
32545681.4905181
31500317.6360928
37174525.1290764
37032417.6288416
36752644.1723601
36340352.7385585
35795794.7315326
35107148.1725496
34238485.6228762
33103583.0219966
31500317.6360928
28872741.3263738
