42471062.6241581
41682089.8388276
40932622.5388579
40245621.7897381
39668228.4802392
39106990.7924826
38488591.8207619
37996890.3054094
37640028.0409116
37463263.1392273
41682089.8388276
41221978.7967441
40620951.3191609
40057727.9834387
39512641.7543658
38939411.6691986
38328874.9322919
37834508.0694938
37491869.8180673
37320255.8370131
40932622.5388579
40620951.3191609
40202107.8227188
39729793.3976204
39204982.772278
38586522.9577732
38017747.8134935
37536255.6698672
37206611.3359532
37039556.9457121
40245621.7897381
40057727.9834387
39729793.3976204
39297891.9715516
38732964.233685
38151656.3865066
37580026.7994354
37117844.3533398
36793847.5186588
36626248.3264743
39668228.4802392
39512641.7543658
39204982.772278
38732964.233685
38201009.995788
37607214.0165689
37058027.6631528
36597636.6736329
36260774.1884412
36080637.5156204
39106990.7924826
38939411.6691986
38586522.9577732
38151656.3865066
37607214.0165689
37036468.0026611
36484411.2790577
35992020.8965602
35608244.9539013
35391400.930712
38488591.8207619
38328874.9322919
38017747.8134935
37580026.7994354
37058027.6631528
36484411.2790577
35890711.0240035
35317210.678869
34827711.2777331
34523648.5114889
37996890.3054094
37834508.0694938
37536255.6698672
37117844.3533398
36597636.6736329
35992020.8965602
35317210.678869
34599475.5137384
33903210.7313023
33392640.6600269
37640028.0409116
37491869.8180673
37206611.3359532
36793847.5186588
36260774.1884412
35608244.9539013
34827711.2777331
33903210.7313023
32836804.6922687
31796153.0617803
37463263.1392273
37320255.8370131
37039556.9457121
36626248.3264743
36080637.5156204
35391400.930712
34523648.5114889
33392640.6600269
31796153.0617803
29260510.5924708
42492508.7039401
41713026.3587177
40976216.3094282
40284279.7612324
39706264.2045407
39147867.4993148
38532571.5544137
38041654.9079948
37685175.158981
37508418.9653585
41713026.3587177
41265872.4709969
40660550.8732421
40094406.8760388
39551885.8658386
38981863.8516627
38373413.5991625
37879550.6948774
37537020.7468285
37365398.7994554
40976216.3094282
40660550.8732421
40239226.9058684
39768308.9849104
39245940.9828687
38630555.1798989
38062431.6490994
37581376.5689255
37251741.5406609
37084673.6211416
40284279.7612324
40094406.8760388
39768308.9849104
39338063.1920664
38776512.6144437
38195935.104291
37625081.0414505
37162958.9409785
36838940.4561765
36671326.0544947
39706264.2045407
39551885.8658386
39245940.9828687
38776512.6144437
38245125.1244271
37652204.9171744
37103125.1958465
36642709.5450817
36305817.2488964
36125663.8290873
39147867.4993148
38981863.8516627
38630555.1798989
38195935.104291
37652204.9171744
37081557.480671
36529471.7696447
36037038.2210618
35653226.6516487
35436362.3168493
38532571.5544137
38373413.5991625
38062431.6490994
37625081.0414505
37103125.1958465
36529471.7696447
35935718.5708487
35362164.8337297
34872619.686557
34568529.6809924
38041654.9079948
37879550.6948774
37581376.5689255
37162958.9409785
36642709.5450817
36037038.2210618
35362164.8337297
34644363.5776158
33948034.283715
33437416.2183244
37685175.158981
37537020.7468285
37251741.5406609
36838940.4561765
36305817.2488964
35653226.6516487
34872619.686557
33948034.283715
32881527.7706411
31840575.3385852
37508418.9653585
37365398.7994554
37084673.6211416
36671326.0544947
36125663.8290873
35436362.3168493
34568529.6809924
33437416.2183244
31840575.3385852
29279132.6837228
42525660.8830754
41779106.7918912
41048666.5915859
40356116.2822507
39777273.0351128
39217950.4715808
38604397.1884532
38113505.3384613
37757561.3430472
37580814.9960371
41779106.7918912
41338374.6383835
40732638.1013381
40165708.9783826
39622443.3126495
39051918.898138
38445197.8126293
37951791.4230665
37609409.7980213
37437773.9313698
41048666.5915859
40732638.1013381
40310689.8989652
39839126.5787024
39315740.7730682
38702347.6484964
38134157.2561429
37653722.7205254
37324096.4047521
37157006.4045553
40356116.2822507
40165708.9783826
39839126.5787024
39407813.8484191
38847868.0687004
38267079.1102084
37697332.3870005
37235290.2667274
36911235.2434483
36743596.1383798
39777273.0351128
39622443.3126495
39315740.7730682
38847868.0687004
38316035.8958167
37724366.1844632
37175431.8152693
36714972.6975787
36378031.6722625
36197851.0709828
39217950.4715808
39051918.898138
38702347.6484964
38267079.1102084
37724366.1844632
37153852.5995125
36601715.6954
36109211.5028334
35725342.1141743
35508444.9033634
38604397.1884532
38445197.8126293
38134157.2561429
37697332.3870005
37175431.8152693
36601715.6954
36007876.2683961
35434236.0481097
34944615.9569405
34640479.7694156
38113505.3384613
37951791.4230665
37653722.7205254
37235290.2667274
36714972.6975787
36109211.5028334
35434236.0481097
34716325.4706056
34019891.70191
33509196.3685428
37757561.3430472
37609409.7980213
37324096.4047521
36911235.2434483
36378031.6722625
35725342.1141743
34944615.9569405
34019891.70191
32953223.6032997
31911713.2279173
37580814.9960371
37437773.9313698
37157006.4045553
36743596.1383798
36197851.0709828
35508444.9033634
34640479.7694156
33509196.3685428
31911713.2279173
29294265.0174583
