42663787.8276524
41901717.9616335
41182580.9014034
40513210.1168001
39963595.9119573
39439525.6491215
38889837.5617495
38411169.6453796
38053411.4630881
37875488.576863
41901717.9616335
41461202.5615709
40876252.5361061
40329735.5115091
39817546.9053429
39293866.4639609
38725281.5028664
38247341.8804094
37904176.2235499
37731837.5889609
41182580.9014034
40876252.5361061
40469578.7535234
40025120.2744322
39539615.2135062
38976307.5641573
38428271.0706207
37948509.7411162
37617891.4833193
37450276.6088594
40513210.1168001
40329735.5115091
40025120.2744322
39625377.4237678
39129242.29062
38548835.3322911
37990544.0478495
37528599.1303358
37203947.4565536
37035953.0777486
39963595.9119573
39817546.9053429
39539615.2135062
39129242.29062
38587592.18434
38014481.2534319
37467655.6363271
37007040.9208461
36669662.247226
36489194.580834
39439525.6491215
39293866.4639609
38976307.5641573
38548835.3322911
38014481.2534319
37445382.6809943
36893207.9925081
36400225.5277246
36015827.3161263
35798580.5849774
38889837.5617495
38725281.5028664
38428271.0706206
37990544.0478495
37467655.6363271
36893207.9925081
36298624.8559964
35724142.4796283
35233700.5027103
34928962.8265983
38411169.6453796
38247341.8804094
37948509.7411162
37528599.1303358
37007040.9208461
36400225.5277246
35724142.4796283
35004900.3051666
34307227.3650383
33795772.3115517
38053411.4630881
37904176.2235499
37617891.4833193
37203947.4565536
36669662.247226
36015827.3161263
35233700.5027103
34307227.3650383
33239178.2929597
32196356.613296
37875488.576863
37731837.5889609
37450276.6088594
37035953.0777486
36489194.580834
35798580.5849774
34928962.8265983
33795772.3115517
32196356.613296
29654283.7076492
42685347.1507898
41930578.0344679
41226018.0606055
40552674.3253662
40001062.6904843
39480273.5570056
38933337.9829582
38455836.2764855
38098579.8427213
37920681.2619564
41930578.0344679
41504968.9469057
40916548.0846488
40367600.4034702
39856633.9216427
39335730.9141293
38769579.1348258
38292303.7781395
37949357.1443691
37777017.8448476
41226018.0606055
40916548.0846488
40507772.9809749
40063027.8980453
39579989.5862825
39019783.7820302
38472745.3265714
37993634.2435156
37663057.2042703
37495430.9959457
40552674.3253662
40367600.4034702
40063027.8980453
39665378.7198111
39171839.1031905
38593106.9318819
38035540.8796765
37573743.162985
37249077.9703924
37081068.9168979
40001062.6904843
39856633.9216427
39579989.5862825
39171839.1031905
38631894.2034078
38059346.6869136
37512772.4995752
37052150.6319733
36714743.7092761
36534259.3907937
39480273.5570056
39335730.9141293
39019783.7820302
38593106.9318819
38059346.6869136
37490485.8690777
36938304.3515431
36445281.4452161
36060847.8830574
35843580.8924211
38933337.9829582
38769579.1348258
38472745.3265714
38035540.8796765
37512772.4995752
36938304.3515431
36343671.0446296
35769135.7589371
35278648.0600792
34973881.8493398
38455836.2764855
38292303.7781395
37993634.2435156
37573743.162985
37052150.6319733
36445281.4452161
35769135.7589371
35049826.5164288
34352090.071709
33840587.1948365
38098579.8427213
37949357.1443691
37663057.2042703
37249077.9703924
36714743.7092761
36060847.8830574
35278648.0600792
34352090.071709
33283941.6287724
32240819.2547545
37920681.2619564
37777017.8448476
37495430.9959457
37081068.9168979
36534259.3907937
35843580.8924211
34973881.8493398
33840587.1948365
32240819.2547545
29672689.8180205
42718682.6475598
41996283.7433959
41298476.4355037
40624713.6991655
40072326.4609244
39550909.0729809
39004632.3335344
38527582.734037
38171006.3104762
37993138.6756381
41996283.7433959
41577429.9412882
40988798.2762128
40439242.4889458
39927595.0416948
39405922.2343466
38841336.5979054
38364441.5415812
38021797.9880641
37849454.8239152
41298476.4355037
40988798.2762128
40579534.8160983
40134126.140077
39650279.8432392
39091037.5617222
38544201.4350731
38065994.8753872
37735471.2046462
37567825.8262922
40624713.6991655
40439242.4889458
40134126.140077
39735830.7631123
39241962.3855991
38664427.8215996
38107718.661838
37646124.198224
37321434.1362752
37153401.080404
40072326.4609244
39927595.0416948
39650279.8432392
39241962.3855991
38703408.2179899
38131334.2907084
37585112.9189822
37124473.3487632
36787020.0571823
36606508.6775738
39550909.0729809
39405922.2343466
39091037.5617222
38664427.8215996
38131334.2907084
37562805.9151966
37010605.76385
36517516.3429202
36133025.3342778
35915725.4526782
39004632.3335344
38841336.5979054
38544201.4350731
38107718.661838
37585112.9189822
37010605.76385
36415890.1647805
35841268.8969199
35350706.9612112
35045894.33456
38527582.734037
38364441.5415812
38065994.8753872
37646124.198224
37124473.3487631
36517516.3429202
35841268.8969199
35121850.7285843
34424007.6983384
33912426.9446122
38171006.3104761
38021797.9880641
37735471.2046462
37321434.1362752
36787020.0571823
36133025.3342778
35350706.9612112
34424007.6983384
33355697.67993
32312015.1159178
37993138.6756381
37849454.8239152
37567825.8262922
37153401.080404
36606508.6775738
35915725.4526782
35045894.33456
33912426.9446122
32312015.1159178
29687661.925466
