42888985.6521183
42135984.1023797
41430057.6068051
40784212.422497
40256677.3176948
39769196.5730399
39267149.1172627
38794645.6290749
38448146.5652077
38273231.6944057
42135984.1023797
41701150.1821781
41135220.964725
40604796.4211034
40119178.6749263
39635155.9629121
39095206.9311566
38639235.7876777
38301350.1259307
38131119.9557128
41430057.6068051
41135220.964725
40739106.0140655
40313957.4277801
39853975.6122553
39346578.6456597
38804731.0883338
38343134.2110039
38017507.6973945
37851857.360005
40784212.422497
40604796.4211034
40313957.4277801
39929796.9915928
39468835.13573
38911763.9846318
38382585.9837991
37928139.1637789
37606934.494168
37440458.0279351
40256677.3176948
40119178.6749263
39853975.6122553
39468835.13573
38946382.4129833
38407013.9909562
37868104.4482958
37411281.0435122
37076162.3501915
36896730.2392536
39769196.5730399
39635155.9629121
39346578.6456597
38911763.9846318
38407013.9909562
37846684.2833589
37298559.9119623
36808150.6688932
36425237.5343749
36208591.28677
39267149.1172627
39095206.9311566
38804731.0883338
38382585.9837991
37868104.4482958
37298559.9119623
36707127.3090508
36134509.3749561
35644789.9393805
35340092.7211289
38794645.6290749
38639235.7876777
38343134.2110039
37928139.1637789
37411281.0435122
36808150.6688932
36134509.3749561
35416238.6200148
34717938.3371819
34205366.6301652
38448146.5652077
38301350.1259307
38017507.6973945
37606934.494168
37076162.3501915
36425237.5343749
35644789.9393805
34717938.3371819
33647096.4170753
32601593.939258
38273231.6944057
38131119.9557128
37851857.360005
37440458.0279351
36896730.2392536
36208591.28677
35340092.7211289
34205366.6301652
32601593.939258
30053459.7965384
42910607.9282457
42165072.5221657
41472658.9155166
40823920.5815037
40294178.2140649
39809423.8556511
39310302.1755216
38839383.7284956
38493330.7053167
38318465.0597442
42165072.5221657
41743925.7343891
41175605.4809483
40643123.9622122
40157606.049258
39676168.9079624
39139252.0615011
38684100.7950375
38346560.4097316
38176341.3830209
41472658.9155166
41175605.4809483
40777672.5489313
40350603.8885611
39893921.2716828
39389422.2394297
38849285.8623065
38388242.4487664
38062711.0511024
37897053.1046751
40823920.5815037
40643123.9622122
40350603.8885611
39969329.8954578
39510708.5141988
38956059.0886978
38427458.0898976
37973307.5865932
37652105.4131037
37485615.2021896
40294178.2140649
40157606.049258
39893921.2716828
39510708.5141988
38990507.0303538
38451638.9720166
37913222.3936128
37456428.3263222
37121284.8785304
36941836.2863224
39809423.8556511
39676168.9079624
39389422.2394297
38956059.0886978
38451638.9720166
37891775.4221991
37343690.4618201
36853247.0877219
36470299.2078595
36253632.6816982
39310302.1755216
39139252.0615011
38849285.8623066
38427458.0898976
37913222.3936128
37343690.4618201
36752213.6410044
36179543.615749
35689778.4246967
35385052.643667
38839383.7284956
38684100.7950375
38388242.4487664
37973307.5865932
37456428.3263222
36853247.0877219
36179543.615749
35461205.6624482
34762840.6450844
34250222.2293232
38493330.7053167
38346560.4097316
38062711.0511024
37652105.4131037
37121284.8785304
36470299.2078595
35689778.4246967
34762840.6450844
33691899.8652036
32646095.038737
38318465.0597442
38176341.3830209
37897053.1046751
37485615.2021896
36941836.2863224
36253632.6816982
35385052.643667
34250222.2293232
32646095.038737
30071734.6260082
42944030.6931639
42230050.2476329
41545012.0779245
40896092.3088251
40365706.2814005
39880330.2613648
39381207.7160118
38911333.4267332
38565781.7742648
38390982.3809054
42230050.2476329
41816250.0922198
41247950.2277268
40714977.2848978
40228803.6690442
39746492.7973526
39211153.4665163
38756108.8827514
38419044.6339241
38248839.3589785
41545012.0779245
41247950.2277268
40849617.3340827
40421883.1106818
39964661.0104633
39459951.4695657
38921010.3417261
38460581.4219207
38135180.7990651
37969509.6517337
40896092.3088251
40714977.2848978
40421883.1106818
40040197.9888479
39580792.3812526
39027847.5026347
38499458.6192153
38045724.8827759
37724522.0450748
37558009.5708507
40365706.2814005
40228803.6690442
39964661.0104633
39580792.3812526
39062365.6414783
38523279.9164739
37985565.226792
37528807.549791
37193623.3267182
37014148.1662533
39880330.2613648
39746492.7973526
39459951.4695657
39027847.5026347
38523279.9164739
37964078.8922991
37416043.7016166
36925543.4931042
36542539.3742612
36325840.1075019
39381207.7160118
39211153.4665163
38921010.3417261
38499458.6192153
37985565.226792
37416043.7016166
36824493.855918
36251739.4350979
35761900.2401686
35457128.2551895
38911333.4267332
38756108.8827514
38460581.4219207
38045724.8827759
37528807.549791
36925543.4931042
36251739.4350979
35533292.7618663
34834821.220539
34322125.2794636
38565781.7742648
38419044.6339241
38135180.7990651
37724522.0450748
37193623.3267182
36542539.3742612
35761900.2401686
34834821.220539
33763717.7580063
32717349.2527024
38390982.3809054
38248839.3589785
37969509.6517337
37558009.5708507
37014148.1662533
36325840.1075019
35457128.2551895
34322125.2794636
32717349.2527024
30086587.472434
