43103907.1777248
42365319.6030651
41684771.4383009
41056236.4149855
40544422.0758434
40087379.6695544
39631782.2219384
39165591.6124438
38831733.1696671
38659632.5536837
42365319.6030651
41946677.367717
41397094.09863
40879096.2663204
40414922.0145754
39957622.3641983
39466961.3208402
39023491.9000415
38688521.9171275
38519323.8750702
41684771.4383009
41397094.09863
41007999.3042358
40595554.5597566
40163913.1519197
39697640.0857258
39179580.1460097
38732040.6176995
38407481.709256
38242093.3242293
41056236.4149855
40879096.2663204
40595554.5597566
40235159.1988411
39809335.7519148
39280127.7083936
38775554.5588619
38321393.1593286
37999231.0813793
37832374.2063391
40544422.0758434
40414922.0145754
40163913.1519197
39809335.7519148
39322831.6576351
38804510.6405902
38265901.5972157
37806375.8960518
37469609.9529112
37289474.8436741
40087379.6695544
39957622.3641983
39697640.0857258
39280127.7083936
38804510.6405902
38246803.7811663
37696048.1552768
37203110.8954841
36818538.2561757
36601077.1393157
39631782.2219384
39466961.3208402
39179580.1460097
38775554.5588619
38265901.5972157
37696048.1552768
37102774.9891178
36528167.2197401
36036811.9613047
35731163.0931774
39165591.6124438
39023491.9000415
38732040.6176995
38321393.1593286
37806375.8960518
37203110.8954841
36528167.2197401
35808019.3389231
35107717.3132263
34593749.4699317
38831733.1696671
38688521.9171274
38407481.709256
37999231.0813793
37469609.9529112
36818538.2561757
36036811.9613047
35107717.3132263
34034070.4386529
32985216.5975661
38659632.5536837
38519323.8750702
38242093.3242293
37832374.2063391
37289474.8436741
36601077.1393157
35731163.0931774
34593749.4699317
32985216.5975661
30428970.4616383
43125628.6805912
42394309.1874627
41725904.0783423
41096191.7655175
40582663.3588781
40127295.4666414
39674470.2362939
39210377.6983492
38876921.0573005
38704903.7665611
42394309.1874627
41987658.7968897
41437517.0980878
40917977.4606277
40452670.1415057
39998482.0408876
39510535.3881456
39068261.1268475
38733755.9420025
38564583.837038
41725904.0783423
41437517.0980878
41047120.3122476
40633086.2993479
40203491.6208566
39739821.6294387
39224018.0965043
38777098.1530205
38452717.4420221
38287327.7253514
41096191.7655175
40917977.4606277
40633086.2993479
40274283.6010857
39850148.0185986
39323994.7758761
38820210.6913117
38366571.1922223
38044438.6063571
37877569.9642261
40582663.3588781
40452670.1415057
40203491.6208566
39850148.0185986
39366432.1101573
38848842.3786438
38310993.5843693
37851554.5268802
37514770.356748
37334619.3706811
40127295.4666414
39998482.0408876
39739821.6294387
39323994.7758761
38848842.3786438
38291850.9860912
37741204.2433361
37248243.9995928
36863638.1089027
36646156.9233566
39674470.2362939
39510535.3881456
39224018.0965043
38820210.6913117
38310993.5843693
37741204.2433361
37147897.3171359
36573239.3379253
36081838.6662246
35776161.2822382
39210377.6983492
39068261.1268475
38777098.1530205
38366571.1922223
37851554.5268802
37248243.9995928
36573239.3379253
35853024.5128621
35152657.0661516
34638640.9015878
38876921.0573005
38733755.9420025
38452717.4420221
38044438.6063571
37514770.356748
36863638.1089027
36081838.6662246
35152657.0661516
34078910.7309487
33029753.731596
38704903.7665611
38564583.837038
38287327.7253514
37877569.9642261
37334619.3706811
36646156.9233566
35776161.2822382
34638640.9015878
33029753.731596
30447124.7388631
43159233.1918906
42458062.6147054
41798059.0553338
41168455.4861121
40654428.8879187
40198460.1742325
39745128.7492469
39282576.8283377
38949383.3871483
38777478.3271044
42458062.6147054
42059737.8964715
41509914.1802681
40989998.4968378
40524061.9373594
40069290.8816097
39582113.2189146
39140157.5287315
38806278.288478
38637140.502047
41798059.0553339
41509914.1802681
41119223.0916149
40704684.8311576
40274552.4777739
39810168.2205677
39295836.1884154
38849372.6882365
38525237.7561159
38359843.7300526
41168455.4861121
40989998.4968378
40704684.8311576
40345423.3575306
39920288.8493984
39395905.4658879
38891913.582875
38439007.5856107
38116912.4777602
37950024.1833425
40654428.8879187
40524061.9373594
40274552.4777739
39920288.8493984
39438036.0744393
38920084.5483703
38383305.9233796
37923984.339056
37587168.1942762
37406991.2413179
40198460.1742325
40069290.8816097
39810168.2205677
39395905.4658879
38920084.5483703
38364098.8771706
37813600.3994291
37320598.6094313
36935938.1498442
36718424.2997775
39745128.7492469
39582113.2189146
39295836.1884154
38891913.582875
38383305.9233796
37813600.3994291
37220234.9688771
36645494.8213853
36154020.3037665
35848296.6129855
39282576.8283377
39140157.5287315
38849372.6882365
38439007.5856107
37923984.339056
37320598.6094313
36645494.8213853
35925171.358649
35224697.7499624
34710600.1227463
38949383.3871483
38806278.288478
38525237.7561159
38116912.4777602
37587168.1942762
36935938.1498442
36154020.3037665
35224697.7499624
34150786.1197873
33101063.9029147
38777478.3271044
38637140.502047
38359843.7300526
37950024.1833425
37406991.2413179
36718424.2997775
35848296.6129855
34710600.1227463
33101063.9029147
30461783.0977504
