43279421.3218872
42551495.9510175
41889937.2557765
41277779.9889729
40777966.8149831
40340771.3871641
39912319.82707
39465576.7093162
39139867.7932335
38968866.679992
42551495.9510175
42144502.2967613
41610199.6912109
41103066.5674803
40653611.7869801
40219237.9750639
39764939.2686424
39329011.2450442
38998158.8752707
38829599.0949342
41889937.2557765
41610199.6912109
41228198.784561
40825846.0354169
40413803.1087287
39977118.6555654
39481850.393131
39044638.3775667
38719776.7655443
38554043.5551546
41277779.9889729
41103066.5674803
40825846.0354169
40482309.2531739
40079009.9896902
39591655.1499701
39093274.8445104
38637796.4278211
38313484.6847638
38145695.070551
40777966.8149831
40653611.7869801
40413803.1087287
40079009.9896902
39640958.0583717
39120773.7157146
38586129.6121697
38123537.1288574
37784491.5583469
37603294.0213177
40340771.3871641
40219237.9750639
39977118.6555654
39591655.1499701
39120773.7157146
38568252.8091571
38015219.2444799
37519471.3927153
37132884.1241272
36914387.9645608
39912319.82707
39764939.2686424
39481850.393131
39093274.8445104
38586129.6121697
38015219.2444799
37419751.8120186
36842892.6460275
36349715.5646449
36042970.1934643
39465576.7093162
39329011.2450442
39044638.3775667
38637796.4278211
38123537.1288574
37519471.3927153
36842892.6460275
36120761.2367163
35418514.1736032
34902981.003674
39139867.7932335
38998158.8752707
38719776.7655443
38313484.6847638
37784491.5583469
37132884.1241272
36349715.5646449
35418514.1736032
34342442.640518
33290858.3797134
38968866.679992
38829599.0949342
38554043.5551545
38145695.070551
37603294.0213177
36914387.9645608
36042970.1934643
34902981.003674
33290858.3797134
30728109.2422719
43301223.0351184
42580042.257882
41929460.6896491
41317690.4201472
40816592.2132807
40380498.581823
39954756.0045304
39510230.5448046
39185042.5222925
39014165.2527719
42580042.257882
42183540.5859404
41650385.3155374
41142194.9648678
40691187.2381336
40259818.2321596
39808271.8716991
39373754.0310849
39043404.5425957
38874887.6548937
41929460.6896491
41650385.3155374
41267538.065302
40863950.1899654
40453133.115766
40018763.863284
39526085.0146911
39089627.0835468
38765034.375166
38599307.1355654
41317690.4201472
41142194.9648678
40863950.1899654
40520969.7573402
40119634.4181256
39635104.1866255
39137794.8088254
38682972.1352032
38358719.425123
38190920.3127419
40816592.2132807
40691187.2381336
40453133.115766
40119634.4181256
39683946.1289249
39165075.3848275
38631176.4576589
38168737.0934816
37829680.9842136
37648468.1899585
40380498.581823
40259818.2321596
40018763.863284
39635104.1866255
39165075.3848275
38613229.6882688
38060389.7213566
37564632.4135217
37178013.522403
36959497.4539495
39954756.0045304
39808271.8716991
39526085.0146911
39137794.8088254
38631176.4576589
38060389.7213566
37464901.3524814
36887994.1195259
36394771.9198881
36087998.0649048
39510230.5448046
39373754.0310849
39089627.0835467
38682972.1352032
38168737.0934816
37564632.4135217
36887994.1195259
36165796.0113738
35463483.4961094
34947900.7001964
39185042.5222925
39043404.5425957
38765034.375166
38358719.425123
37829680.9842136
37178013.522403
36394771.9198881
35463483.4961094
34387311.4998002
33335423.0582248
39014165.2527719
38874887.6548937
38599307.1355654
38190920.3127419
37648468.1899585
36959497.4539495
36087998.0649048
34947900.7001964
33335423.0582248
30746182.8806297
43334971.1080849
42642811.3469128
42001378.702689
41389994.0771312
40888498.3382731
40451850.63903
40025553.7583443
39582416.5288989
39257494.5975915
39086784.2691406
42642811.3469128
42255335.7906813
41722791.0395504
41214314.3144599
40762751.8645788
40330872.6124849
39879492.4032537
39445670.5849799
39115949.7790588
38947490.4265933
42001378.702689
41722791.0395504
41339729.6024746
40935740.2880575
40524410.6943687
40089224.4579209
39597924.233218
39161813.4360509
38837591.4272589
38671870.1330628
41389994.0771312
41214314.3144599
40935740.2880575
40592278.8302522
40190243.1769871
39706450.1487006
39209336.5245996
38755411.6874397
38431237.7283579
38263422.00524
40888498.3382731
40762751.8645788
40524410.6943687
40190243.1769871
39754644.4346186
39236397.5673463
38703431.372947
38241203.1587942
37902125.7707781
37720887.7100383
40451850.63903
40330872.6124849
40089224.4579209
39706450.1487006
39236397.5673463
38685383.8142638
38132812.178042
37637032.4988382
37250361.1099828
37031812.4506495
40025553.7583443
39879492.4032537
39597924.233218
39209336.5245996
38703431.372947
38132812.178042
37537283.4999049
36960296.9149944
36467001.0762682
36160180.8194967
39582416.5288989
39445670.5849799
39161813.4360509
38755411.6874396
38241203.1587942
37637032.4988382
36960296.9149944
36237990.3125442
35535571.4287617
35019907.4319387
39257494.5975915
39115949.7790588
38837591.4272589
38431237.7283579
37902125.770778
37250361.1099828
36467001.0762682
35535571.4287617
34459232.4975061
33406776.8919017
39086784.2691406
38947490.4265933
38671870.1330628
38263422.00524
37720887.7100383
37031812.4506495
36160180.8194967
35019907.4319387
33406776.8919017
30760681.825772
