43461047.152709
42751413.4632453
42114310.3981469
41507426.5537197
41013948.2968208
40592509.3401366
40187515.9647661
39759166.1801381
39440739.3683645
39269857.7667624
42751413.4632453
42361913.6013903
41835333.0482238
41332591.4353692
40891038.5852746
40477091.9534908
40053564.4668021
39622368.2823751
39297894.1947917
39130012.4157696
42114310.3981469
41835333.0482238
41455817.0044973
41059098.9917141
40661115.3559088
40246380.1751605
39771744.5700379
39347233.3897905
39020466.2411682
38853923.2750599
41507426.5537197
41332591.4353692
41059098.9917141
40726807.3441233
40339842.6356432
39890373.7674993
39391441.3952196
38939109.6972996
38612657.609286
38443734.1032388
41013948.2968208
40891038.5852746
40661115.3559088
40339842.6356432
39929174.8662611
39410102.9944733
38887216.7313141
38422137.7178381
38080551.8354057
37898048.6223719
40592509.3401366
40477091.9534908
40246380.1751605
39890373.7674993
39410102.9944733
38869231.6254937
38313507.9518244
37813997.8071884
37424528.6185561
37204541.0890713
40187515.9647661
40053564.4668021
39771744.5700379
39391441.3952196
38887216.7313141
38313507.9518244
37713694.1621532
37132546.6427894
36636022.2838022
36327496.2682584
39759166.1801381
39622368.2823751
39347233.3897906
38939109.6972996
38422137.7178381
37813997.8071884
37132546.6427894
36405488.7928733
35699157.7150179
35181412.1000475
39440739.3683645
39297894.1947917
39020466.2411682
38612657.609286
38080551.8354057
37424528.6185561
36636022.2838022
35699157.7150179
34618160.3652083
33564220.2414241
39269857.7667624
39130012.4157696
38853923.2750599
38443734.1032388
37898048.6223719
37204541.0890713
36327496.2682584
35181412.1000475
33564220.2414241
30994768.1736659
43482965.6476144
42779306.5558373
42153666.9866938
41547561.9254289
41053115.34618
40632163.9005722
40229650.6710655
39803605.7559953
39485886.6097802
39315184.7720222
42779306.5558373
42400677.1908514
41875630.2928318
41372185.6537489
40929405.4677494
40517433.2179929
40096531.9575368
39667130.4312631
39343148.8804151
39175330.7026733
42153666.9866938
41875630.2928318
41495573.0494929
41097862.1431757
40700214.3610449
40287531.7094951
39815658.596803
39392087.7626882
39065745.333604
38899217.0492949
41547561.9254289
41372185.6537489
41097862.1431757
40765141.7898278
40380305.8760448
39933258.7198609
39435900.3654449
38984271.2738142
38657920.3001028
38488989.6473749
41053115.34618
40929405.4677494
40700214.3610449
40380305.8760448
39971500.1360522
39454418.1908314
38932169.2084318
38467357.705858
38125771.0378808
37943252.8798492
40632163.9005722
40517433.2179929
40287531.7094951
39933258.7198609
39454418.1908314
38914061.5791028
38358687.9232561
37859187.2364875
37469687.8817028
37249680.2691315
40229650.6710655
40096531.9575368
39815658.5968031
39435900.3654449
38932169.2084318
38358687.9232561
37758871.1665934
37177677.7339568
36681108.118293
36372553.3837292
39803605.7559953
39667130.4312631
39392087.7626882
38984271.2738142
38467357.705858
37859187.2364875
37177677.7339568
36450552.9745716
35744156.1280275
35226360.6644624
39485886.6097802
39343148.8804151
39065745.333604
38657920.3001028
38125771.0378808
37469687.8817028
36681108.118293
35744156.1280275
34663055.7985214
33608809.5967253
39315184.7720222
39175330.7026733
38899217.0492949
38488989.6473749
37943252.8798492
37249680.2691315
36372553.3837292
35226360.6644624
33608809.5967253
31012746.8796657
43516944.1463139
42841378.3030235
42225476.2793809
41619910.8715557
41125144.5442811
40703678.9831523
40300563.0614211
39875735.5398257
39558307.2432736
39387847.238205
42841378.3030235
42472330.5144641
41948060.397972
41444398.7873274
41001170.72098
40588672.7040889
40167440.9846696
39739194.2914314
39415711.7917209
39247978.5064375
42225476.2793809
41948060.397972
41567847.0083274
41169806.0145942
40771650.226676
40358189.5278348
39887538.113663
39464087.7752288
39138335.6631525
38971825.6692756
41619910.8715557
41444398.7873274
41169806.0145942
40836602.1392188
40451262.9419076
40003937.0921533
39507469.7136654
39056694.1483038
38730480.6144799
38561537.0181129
41125144.5442811
41001170.72098
40771650.226676
40451262.9419076
40041795.2487861
39526077.8288188
39004292.0798971
38539853.8550975
38198260.3496404
38015717.7038071
40703678.9831523
40588672.7040889
40358189.5278348
40003937.0921533
39526077.8288188
38986006.5077976
38431124.9906297
37931629.4639589
37542080.1498986
37322039.9243117
40300563.0614211
40167440.9846696
39887538.113663
39507469.7136654
39004292.0798971
38431124.9906297
37831293.9402
37250024.5999594
36753381.3734225
36444780.0029861
39875735.5398257
39739194.2914314
39464087.7752288
39056694.1483038
38539853.8550975
37931629.4639589
37250024.5999594
36522791.1323396
35816287.405595
35298410.4093689
39558307.2432736
39415711.7917209
39138335.6631526
38730480.6144799
38198260.3496404
37542080.1498986
36753381.3734225
35816287.405595
34735016.3481032
33680198.4638249
39387847.238205
39247978.5064375
38971825.6692756
38561537.0181129
38015717.7038071
37322039.9243117
36444780.0029861
35298410.4093689
33680198.4638249
31027018.0940547
