43629577.4873002
42920056.782423
42293098.2177834
41713259.4313913
41234408.2443014
40829656.5113722
40444227.4772722
40032045.0777026
39727180.7260252
39559833.9023555
42920056.782423
42533927.171295
42029593.8502728
41542458.9491522
41113144.3024778
40716322.6884511
40317726.0674741
39898519.3742433
39586577.7080077
39422071.4723902
42293098.2177834
42029593.8502728
41661728.2456344
41275643.2398952
40891851.5941647
40492187.6464812
40046890.683633
39635327.1782718
39314482.8648518
39150202.2594864
41713259.4313913
41542458.9491522
41275643.2398952
40954496.5971825
40580224.1638404
40158197.9462165
39671962.3481621
39234937.6512356
38912504.2563563
38745272.6623957
41234408.2443014
41113144.3024778
40891851.5941647
40580224.1638404
40185682.4440318
39685020.3286122
39185232.381406
38725549.1460736
38386496.9442868
38205230.6937232
40829656.5113722
40716322.6884511
40492187.6464812
40158197.9462165
39685020.3286122
39168756.9915597
38619803.0906648
38123496.6962972
37736091.6539383
37517112.2436892
40444227.4772722
40317726.0674741
40046890.683633
39671962.3481621
39185232.381406
38619803.0906648
38024681.3973375
37446761.6125566
36952290.5841351
36644631.5213882
40032045.0777026
39898519.3742433
39635327.1782717
39234937.6512356
38725549.1460736
38123496.6962972
37446761.6125566
36723147.852238
36018784.9152026
35501451.5709142
39727180.7260252
39586577.7080077
39314482.8648518
38912504.2563563
38386496.9442868
37736091.6539383
36952290.5841351
36018784.9152026
34938978.0904846
33883319.0381236
39559833.9023555
39422071.4723902
39150202.2594864
38745272.6623957
38205230.6937232
37517112.2436892
36644631.5213882
35501451.5709142
33883319.0381236
31308606.4019998
43651542.5041171
42947608.4638012
42330289.1994612
41753021.6013577
41273548.0046892
40868776.0237596
40485930.1091532
40076329.8159359
39772308.5860111
39605188.484794
42947608.4638012
42570033.1095563
42069363.5862013
41581882.4361728
41151693.2580242
40756399.7726005
40360384.5244786
39943279.7278666
39631829.6468549
39467419.0885946
42330289.1994612
42069363.5862013
41701252.3322216
41314449.2791175
40930179.2677906
40533163.3748941
40090482.0740031
39680130.935387
39359778.971265
39195526.5440373
41753021.6013577
41581882.4361728
41314449.2791175
40991995.9379566
40620361.9980047
40200588.1868991
39716425.9410648
39280064.4850326
38957792.8845865
38790559.377929
41273548.0046892
41151693.2580242
40930179.2677906
40620361.9980047
40227507.3654754
39729207.5472941
39230051.1825622
38770779.5662018
38431746.0798233
38250466.4997217
40868776.0237596
40756399.7726005
40533163.3748941
40200588.1868991
39729207.5472941
39213396.7450374
38664973.8503926
38168712.8158665
37781282.1851408
37562283.1751052
40485930.1091532
40360384.5244786
40090482.0740031
39716425.9410648
39230051.1825622
38664973.8503926
38069882.9573557
37491923.3895118
36997408.0775629
36689720.4071463
40076329.8159359
39943279.7278666
39680130.935387
39280064.4850326
38770779.5662018
38168712.8158665
37491923.3895118
36768243.5898819
36063814.9423132
35546431.6213045
39772308.5860111
39631829.6468549
39359778.971265
38957792.8845865
38431746.0798233
37781282.1851408
36997408.0775629
36063814.9423132
34983903.8392718
33927940.491671
39605188.484794
39467419.0885945
39195526.5440373
38790559.377929
38250466.4997217
37562283.1751052
36689720.4071463
35546431.6213046
33927940.491671
31326557.2248765
43685569.7393801
43008572.3363564
42401817.6908621
41825388.1269299
41345659.5813627
40940395.8359591
40556935.2793619
40148522.2816378
39844709.4637479
39677891.313287
43008572.3363564
42641349.9012328
42141790.1649842
41654147.7807733
41223598.4956538
40827811.8018007
40431263.9712599
40015480.2573229
39704391.3032874
39540109.9003971
42401817.6908621
42141790.1649842
41773567.5274343
41386493.9883202
41001713.724542
40604145.5048706
40162212.5411406
39752078.8050186
39432395.0515611
39268180.1054531
41825388.1269299
41654147.7807733
41386493.9883202
41063564.1965423
40691561.4477695
40271071.7995059
39788179.3530928
39352440.2707339
39030391.7730332
38863152.9905461
41345659.5813627
41223598.4956538
41001713.724542
40691561.4477695
40297930.8573816
39801122.9631415
39301984.901309
38843292.1908669
38504280.2595124
38322978.5463555
40940395.8359591
40827811.8018007
40604145.5048706
40271071.7995059
39801122.9631415
39285069.4016624
38737399.1519678
38241195.6834922
37853721.7369668
37634690.8300626
40556935.2793619
40431263.9712599
40162212.5411406
39788179.3530928
39301984.901309
38737399.1519678
38142343.5037417
37564317.0435968
37069729.6485004
36761995.5993869
40148522.2816378
40015480.2573229
39752078.8050186
39352440.2707339
38843292.1908669
38241195.6834922
37564317.0435968
36840530.109399
36135994.9966619
35618530.191399
39844709.4637479
39704391.3032874
39432395.0515611
39030391.7730332
38504280.2595124
37853721.7369668
37069729.6485004
36135994.9966619
35055913.9321736
33999380.5096094
39677891.313287
39540109.9003971
39268180.1054531
38863152.9905461
38322978.5463555
37634690.8300626
36761995.5993869
35618530.191399
33999380.5096094
31340749.9309833
