43804379.4491811
43103899.5135021
42492276.1678282
41928041.157062
41459268.7726336
41067576.7250702
40697463.7387155
40315196.0975503
40019220.8164608
39852527.0322916
43103899.513502
42726867.3735051
42236515.065049
41759398.5399664
41339718.5774471
40957857.7629173
40581419.4183692
40182330.8995662
39878733.5411249
39715215.8456935
42492276.1678282
42236515.065049
41875567.8174755
41496674.8069312
41125504.0430867
40742488.6660482
40329723.7051742
39925902.7196509
39608587.4457133
39444747.2819597
41928041.157062
41759398.5399664
41496674.8069312
41181662.5849204
40823769.942118
40424304.9029434
39959604.0730422
39532375.7565922
39209395.8310176
39041667.3728758
41459268.7726336
41339718.5774471
41125504.0430867
40823769.942118
40452404.0215231
39973131.867902
39489818.8153266
39027168.9973318
38685444.8018859
38503034.0970268
41067576.7250702
40957857.7629173
40742488.6660482
40424304.9029434
39973131.867902
39477735.8633738
38926428.581157
38425721.6248719
38035524.0790255
37815267.6227723
40697463.7387155
40581419.4183692
40329723.7051742
39959604.0730422
39489818.8153266
38926428.581157
38328571.4103697
37747567.0709484
37250824.310763
36941953.2775164
40315196.0975503
40182330.8995662
39925902.7196509
39532375.7565922
39027168.9973318
38425721.6248718
37747567.0709484
37021866.3082624
36315501.5373592
35796805.1543657
40019220.8164608
39878733.5411249
39608587.4457133
39209395.8310176
38685444.8018859
38035524.0790255
37250824.310763
36315501.5373592
35233354.8868471
34175418.0227884
39852527.0322916
39715215.8456935
39444747.2819597
39041667.3728758
38503034.0970268
37815267.6227723
36941953.2775164
35796805.1543657
34175418.0227884
31594624.0661066
43826416.3626523
43131292.123518
42528419.544372
41967697.1261049
41498522.8235722
41106251.4997926
40739114.9638962
40359144.576136
40064308.4006322
39897905.2216956
43131292.123518
42761625.4425002
42276092.4580906
41798846.7862915
41378537.779335
40997716.5242767
40623794.2895482
40226950.4706193
39923970.1941853
39760589.0955342
42528419.544372
42276092.4580906
41915073.8268276
41535695.7828733
41163307.6955663
40783224.1755732
40373101.9447535
39970667.7055479
39653893.809456
39490098.5915787
41967697.1261049
41798846.7862915
41535695.7828733
41219749.7877694
40863743.9400672
40466217.0044494
40003899.5697346
39577438.3683174
39254705.0993908
39086981.7265668
41498522.8235722
41378537.779335
41163307.6955663
40863743.9400672
40493382.9884843
40016838.2281199
39534427.7578137
39072397.3698342
38730719.5890778
38548297.8205713
41106251.4997926
40997716.5242767
40783224.1755732
40466217.0044494
40016838.2281199
39522085.2026353
38971568.2373228
38470958.4342985
38080741.9539577
37860466.608083
40739114.9638962
40623794.2895482
40373101.9447535
40003899.5697346
39534427.7578137
38971568.2373228
38373790.4114638
37792755.2427807
37295969.675527
36987070.2729513
40359144.576136
40226950.4706193
39970667.7055479
39577438.3683174
39072397.3698342
38470958.4342985
37792755.2427807
37066989.7623927
36360559.5802628
35841813.2597578
40064308.4006322
39923970.1941853
39653893.809456
39254705.0993908
38730719.5890778
38080741.9539577
37295969.675527
36360559.5802628
35278308.5806283
34220065.8818396
39897905.2216956
39760589.0955342
39490098.5915787
39086981.7265668
38548297.8205713
37860466.608083
36987070.2729513
35841813.2597578
34220065.8818396
31612523.6154557
43860545.2076254
43191432.6003834
42599786.0709962
42040091.2191273
41570708.0143625
41177973.1340767
40810387.5614507
40431183.8673803
40136667.4715699
39970647.2917804
43191432.6003834
42832741.4220147
42348533.15641
41871165.1996874
41450557.9977411
41069279.7739483
40694778.6487888
40299133.0030407
39996518.8199124
39833321.7520192
42599786.0709962
42348533.15641
41987434.2932793
41607834.7845922
41234959.2916758
40854445.331872
40444496.4649573
40042612.725156
39726530.6685952
39562795.8257991
42040091.2191273
41871165.1996874
41607834.7845922
41291522.4697662
40935152.3818914
40536800.8864972
40075686.1845814
39649731.7646744
39327338.8298743
39159619.9474828
41570708.0143625
41450557.9977411
41234959.2916758
40935152.3818914
40563820.5548663
40088722.0467095
39606070.5964088
39144913.2547546
38803295.9420989
38620854.9515605
41177973.1340767
41069279.7739483
40854445.331872
40536800.8864972
40088722.0467095
39593347.6161532
39043955.8217352
38543477.0555696
38153226.0686096
37932919.5003792
40810387.5614507
40694778.6487888
40444496.4649573
40075686.1845814
39606070.5964088
39043955.8217352
38446282.4177015
37865192.4223337
37368336.3389031
37059390.6312506
40431183.8673803
40299133.0030407
40042612.725156
39649731.7646744
39144913.2547546
38543477.0555696
37865192.4223337
37139321.2314739
36432784.6629602
35913956.7189461
40136667.4715699
39996518.8199124
39726530.6685952
39327338.8298743
38803295.9420989
38153226.0686095
37368336.3389031
36432784.6629602
35350363.3861379
34291547.7941676
39970647.2917804
39833321.7520192
39562795.8257991
39159619.9474828
38620854.9515605
37932919.5003792
37059390.6312506
35913956.7189461
34291547.7941676
31626571.2140399
