43984638.9193044
43292478.9638337
42694928.0456699
42145678.9572129
41686855.6472189
41307081.8552
40953983.3507516
40597276.4860326
40310122.555261
40143909.8487445
43292478.9638337
42923733.9369909
42446518.3830507
41979336.6345588
41568954.9992432
41202033.1639385
40845306.5675443
40463410.3745239
40168896.7662164
40006547.4631475
42694928.0456699
42446518.3830507
42092469.7433042
41720574.0302683
41358773.6865212
40995289.1235673
40608979.9470799
40208350.5987005
39899209.0502013
39736857.6323395
42145678.9572129
41979336.6345588
41720574.0302683
41412663.0400306
41069678.9570425
40692316.3641431
40240527.378041
39825916.4663646
39503525.8083834
39335775.4486523
41686855.6472189
41568954.9992432
41358773.6865212
41069678.9570425
40711369.3054337
40266972.4471388
39789835.94944
39326259.0331505
38982293.4603739
38798917.7305863
41307081.8552
41202033.1639385
40995289.1235673
40692316.3641431
40266972.4471388
39780405.6182352
39230497.8448915
38726134.0329551
38333306.4836984
38111825.6772076
40953983.3507516
40845306.5675443
40608979.9470799
40240527.378041
39789835.94944
39230497.8448915
38630767.0017253
38046924.1822032
37547958.8105999
37237879.8670685
40597276.4860326
40463410.3745239
40208350.5987005
39825916.4663646
39326259.0331505
38726134.0329551
38046924.1822032
37319266.0009787
36610922.565356
36090857.8434975
40310122.555261
40168896.7662164
39899209.0502013
39503525.8083834
38982293.4603738
38333306.4836984
37547958.8105999
36610922.565356
35526463.0759396
34466248.6560832
40143909.8487445
40006547.4631475
39736857.6323395
39335775.4486523
38798917.7305863
38111825.6772076
37237879.8670685
36090857.8434975
34466248.6560832
31879396.1370379
44006751.158768
43319785.2484596
42730012.0736302
42185219.2288562
41726175.2681051
41345648.1866682
40995486.6330154
40640854.5880911
40355163.8482524
40189311.3752527
43319785.2484596
42957100.1389124
42485911.8327229
42018758.1961946
41607983.7900532
41241578.8059543
40887320.1812258
40507855.668231
40214111.5979108
40051946.3693568
42730012.0736302
42485911.8327229
42131910.3937695
41759755.9009234
41397076.0905642
41035698.358099
40652005.2274049
40253163.0504274
39944520.9721681
39782236.2461797
42185219.2288562
42018758.1961946
41759755.9009234
41451149.7433954
41109265.7148199
40733540.5703188
40284645.8822415
39870890.8682836
39548853.709688
39381117.8441649
41726175.2681051
41607983.7900532
41397076.0905642
41109265.7148199
40752251.471345
40310419.840895
39834301.0744907
39371476.478232
39027593.6828506
38844209.8015462
41345648.1866682
41241578.8059543
41035698.358099
40733540.5703188
40310419.840895
39824633.6379592
39275590.6577481
38771389.5254723
38378552.0385794
38157053.0590543
40995486.6330154
40887320.1812258
40652005.2274049
40284645.8822415
39834301.0744907
39275590.6577481
38676000.2100084
38092138.8358154
37593132.3666847
37283025.1640078
40640854.5880911
40507855.668231
40253163.0504274
39870890.8682836
39371476.478232
38771389.5254723
38092138.8358154
37364417.4740106
36656008.7821586
36135894.044104
40355163.8482524
40214111.5979108
39944520.9721681
39548853.709688
39027593.6828506
38378552.0385794
37593132.3666847
36656008.7821586
35571444.7462384
34510922.7921005
40189311.3752527
40051946.3693568
39782236.2461797
39381117.8441649
38844209.8015462
38157053.0590543
37283025.1640078
36135894.044104
34510922.7921005
31897249.1819527
44040987.1260569
43379061.9816043
42801228.3514602
42257641.1340599
41798425.41158
41417491.2031425
41066934.3423157
40712768.4453208
40427474.9955929
40262091.5711603
43379061.9816043
43028027.7749276
42558369.7352272
42091123.1580975
41680102.7353097
41313260.1604799
40958390.9385481
40580026.0612448
40286638.7009589
40124720.045389
42801228.3514602
42558369.7352272
42204311.1298912
41831977.3621425
41468911.7486926
41107078.126278
40723096.9142837
40325286.0198836
40017171.3893883
39854976.606617
42257641.1340599
42091123.1580975
41831977.3621425
41523076.2250474
41180795.3996305
40804183.3564113
40356631.3202851
39943068.8839199
39621518.1805457
39453800.3371583
41798425.4115801
41680102.7353097
41468911.7486926
41180795.3996305
40823124.1009777
40381902.0859813
39905777.5911053
39443981.6053483
39100210.6812502
38916811.8230106
41417491.2031425
41313260.1604799
41107078.126278
40804183.3564113
40381902.0859813
39895792.4492154
39347916.8670156
38843939.3049799
38451080.2156882
38229551.05009
41066934.3423157
40958390.9385481
40723096.9142837
40356631.3202851
39905777.5911053
39347916.8670156
38748517.0533461
38164618.4659753
37665543.9176782
37355390.5502879
40712768.4453208
40580026.0612448
40325286.0198836
39943068.8839199
39443981.6053483
38843939.3049799
38164618.4659753
37436793.6188487
36728278.7375839
36208082.231924
40427474.9955929
40286638.7009589
40017171.3893883
39621518.1805456
39100210.6812502
38451080.2156882
37665543.9176782
36728278.7375839
35643544.0998592
34582446.2919343
40262091.5711603
40124720.045389
39854976.606617
39453800.3371583
38916811.8230106
38229551.05009
37355390.5502879
36208082.231924
34582446.2919343
31911157.6910875
