44171988.6416178
43496086.1444109
42918406.5667859
42373219.6745908
41918276.7412588
41545967.8864086
41209741.0114909
40876312.2569295
40597591.1941834
40431930.5379799
43496086.1444109
43141586.6899681
42670687.2975831
42206861.7808805
41801169.1482111
41444698.4342396
41104524.8291633
40744981.9179829
40457933.6231606
40294864.6503138
42918406.5667859
42670687.2975831
42318502.8756488
41949676.0976619
41593538.6971671
41242667.0100764
40881318.805287
40494293.3826771
40188291.1243528
40024807.3208521
42373219.6745908
42206861.7808805
41949676.0976619
41646533.2022032
41314839.8361523
40950212.9551735
40523529.9209777
40122354.2373763
39793263.6773124
39622535.9751209
41918276.7412588
41801169.1482111
41593538.6971671
41314839.8361523
40973735.8465779
40563735.1021241
40082224.5694951
39618183.3100694
39268385.1099281
39082015.3457406
41545967.8864087
41444698.4342396
41242667.0100764
40950212.9551735
40563735.1021241
40061167.674475
39521292.2819603
39011469.6051867
38613294.4857545
38388939.8775029
41209741.0114909
41104524.8291633
40881318.805287
40523529.9209777
40082224.5694951
39521292.2819603
38915529.3509431
38324872.5712513
37820313.8244044
37507121.0757724
40876312.2569295
40744981.9179829
40494293.3826771
40122354.2373763
39618183.3100694
39011469.6051867
38324872.5712513
37589673.61178
36874784.3052041
36350780.0633767
40597591.1941834
40457933.6231606
40188291.1243528
39793263.6773124
39268385.1099281
38613294.4857545
37820313.8244044
36874784.3052041
35782080.3172466
34716308.0783397
40431930.5379799
40294864.6503138
40024807.3208521
39622535.9751209
39082015.3457406
38388939.8775029
37507121.0757724
36350780.0633767
34716308.0783397
32123739.1071799
44194212.0518448
43523238.8272995
42954209.4336214
42413052.2801022
41957912.0126684
41585040.9336258
41251083.3225969
40919863.9584465
40642597.0955932
40477355.3611844
43523238.8272995
43175691.6971008
42710432.2341949
42246549.8126505
41840587.6547859
41484075.1808248
41146303.7076514
40789151.9220431
40503100.1785519
40340287.8059388
42954209.4336214
42710432.2341949
42358193.3820977
41989231.6611175
41632417.8094037
41283101.4996386
40924008.6002496
40538991.8203102
40233596.5614946
40070211.3770567
42413052.2801022
42246549.8126505
41989231.6611175
41685541.520205
41354196.8863207
40991393.242792
40567144.804721
40167112.81725
39838604.2782628
39667904.4718777
41957912.0126684
41840587.654786
41632417.8094037
41354196.8863207
41014497.2853651
40606487.0911761
40126565.9548055
39663365.9119859
39313707.8119618
39127333.8959654
41585040.9336259
41484075.1808248
41283101.4996386
40991393.242792
40606487.0911761
40105526.716524
39566279.7621156
39056737.9908604
38658565.6761517
38434193.7520744
41251083.3225969
41146303.7076514
40924008.6002496
40567144.804721
40126565.9548055
39566279.7621156
38960768.7747828
38370111.3385221
37865513.5919641
37552292.6078697
40919863.9584465
40789151.9220431
40538991.8203102
40167112.81725
39663365.9119859
39056737.9908604
38370111.3385221
37634851.0795886
36919896.5456341
36395842.138698
40642597.0955932
40503100.1785519
40233596.5614946
39838604.2782628
39313707.8119618
38658565.6761517
37865513.5919641
36919896.5456341
35827087.7255275
34761004.3840228
40477355.3611844
40340287.8059389
40070211.3770567
39667904.4718777
39127333.8959654
38434193.7520744
37552292.6078697
36395842.138698
34761004.3840228
32141524.0626008
44228638.4910327
43581970.6081074
43025339.9613465
42485518.1484962
42030229.1888288
41657019.2668336
41322655.8025267
40991684.6767432
40714888.0676442
40550174.6303978
43581970.6081074
43246498.8622096
42782934.4805459
42318966.3827761
41912796.3514759
41555863.6767458
41217547.5186843
40861236.8769696
40575570.9610004
40413101.6328445
43025339.9613465
42782934.4805459
42430641.3489657
42061532.3138341
41704400.636494
41354682.505543
40995008.8156677
40611097.6474301
40306247.020022
40142993.6799936
42485518.1484962
42318966.3827761
42061532.3138341
41757596.5961921
41425851.7647345
41062433.5921127
40639047.0321533
40238987.1146627
39911293.3809077
39740629.6939169
42030229.1888288
41912796.3514759
41704400.636494
41425851.7647345
41085685.7827012
40677140.0883416
40197996.2548797
39735829.2317107
39386362.1680957
39199978.6598394
41657019.2668336
41555863.6767458
41354682.505543
41062433.5921127
40677140.0883416
40177195.0992761
39638462.7215332
39129310.845003
38731134.8145201
38506733.8773682
41322655.8025267
41217547.5186843
40995008.8156677
40639047.0321533
40197996.2548797
39638462.7215332
39033298.7303194
38442629.2553094
37937966.3203592
37624699.1309784
40991684.6767432
40861236.8769696
40611097.6474301
40238987.1146627
39735829.2317107
39129310.845003
38442629.2553094
37707267.8462761
36992206.8702245
36468070.2309973
40714888.0676442
40575570.9610004
40306247.020022
39911293.3809077
39386362.1680957
38731134.8145201
37937966.3203592
36992206.8702245
35899226.426602
34832562.1114549
40550174.6303978
40413101.6328445
40142993.6799936
39740629.6939169
39199978.6598394
38506733.8773682
37624699.1309785
36468070.2309973
34832562.1114549
32155234.2309889
