44352352.3418378
43674616.215125
43102318.2331939
42578409.9346616
42136281.6972336
41774305.3638646
41452428.9634211
41136242.6073041
40864414.6892207
40704438.2122585
43674616.215125
43321158.820772
42866309.0980327
42416588.5200877
42021545.3231387
41676923.9047209
41347908.4962783
41008757.4291176
40730925.8577549
40570967.3439125
43102318.2331939
42866309.0980327
42524800.2382241
42165292.7333053
41818138.6531128
41479691.3909052
41135552.338317
40762546.8291445
40466941.4395248
40305959.3187955
42578409.9346616
42416588.5200877
42165292.7333053
41869548.2161161
41548765.3407541
41195370.0249196
40793422.591764
40399818.0798285
40078266.9527217
39909815.4519336
42136281.6972336
42021545.3231387
41818138.6531128
41548765.3407541
41216369.9068815
40823683.8565982
40353723.5424083
39906276.6382521
39560868.4997587
39376262.8115601
41774305.3638646
41676923.9047209
41479691.3909052
41195370.0249196
40823683.8565982
40330223.9681811
39812481.9943729
39308526.0639641
38913274.1265342
38690376.8469809
41452428.9634211
41347908.4962783
41135552.338317
40793422.591764
40353723.5424083
39812481.9943729
39214731.1084495
38628586.9365832
38127065.305355
37815403.5036473
41136242.6073041
41008757.4291176
40762546.8291445
40399818.0798285
39906276.6382521
39308526.0639641
38628586.9365832
37898530.47165
37187311.1604457
36665028.6620754
40864414.6892207
40730925.8577549
40466941.4395248
40078266.9527217
39560868.4997587
38913274.1265342
38127065.305355
37187311.1604457
36098778.9557366
35034228.1954515
40704438.2122585
40570967.3439125
40305959.3187955
39909815.4519336
39376262.8115601
38690376.8469809
37815403.5036473
36665028.6620754
35034228.1954515
32437172.5959513
44374623.6959309
43701601.9913147
43135995.8210498
42617927.0070917
42175730.6517446
41813414.8247899
41493432.9729445
41179723.8427903
40909461.9927786
40749886.6576014
43701601.9913147
43352519.0285362
42905647.0060982
42455986.671146
42060842.6008082
41715575.0808237
41389572.4088385
41052671.7082713
40776076.1540287
40616416.1024939
43135995.8210498
42905647.0060982
42564167.4623582
42204677.8561594
41857064.2613495
41519796.8697343
41177935.0852025
40807173.3579325
40512235.2817578
40351391.2024015
42617927.0070917
42455986.671146
42204677.8561594
41908540.3669007
41587352.4414821
41236294.526625
40836902.4504485
40444595.3099802
40123620.5237272
39955213.4785334
42175730.6517446
42060842.6008082
41857064.2613495
41587352.4414821
41256823.8993767
40866014.2473386
40398104.0301586
39951413.054142
39606214.7516337
39421611.7336381
41813414.8247899
41715575.0808237
41519796.8697343
41236294.526625
40866014.2473386
40374515.7279736
39857332.9861894
39353800.6413616
38958573.9880613
38735661.512722
41493432.9729445
41389572.4088385
41177935.0852025
40836902.4504485
40398104.0301586
39857332.9861894
39259964.5093529
38673851.080775
38172295.4623675
37860606.0242323
41179723.8427903
41052671.7082713
40807173.3579325
40444595.3099802
39951413.054142
39353800.6413616
38673851.080775
37943737.8968504
37232454.280722
36710121.6847206
40909461.9927786
40776076.1540287
40512235.2817578
40123620.5237272
39606214.7516337
38958573.9880613
38172295.4623675
37232454.280722
36143817.1835566
35078954.3723174
40749886.6576014
40616416.1024939
40351391.2024015
39955213.4785334
39421611.7336381
38735661.512722
37860606.0242323
36710121.6847206
35078954.3723174
32454945.6256316
44409087.8563029
43759582.2285265
43206879.7712619
42690423.0898535
42248099.988917
41885497.5470909
41565095.9189793
41251530.6320277
40981853.1997611
40822740.5691729
43759582.2285265
43423018.2717476
42978168.044811
42528443.3663715
42133115.9418356
41787433.9790293
41461036.885476
41124714.4043899
40848536.1189994
40689267.1375249
43206879.7712619
42978168.044811
42636652.4347307
42277032.6940589
41929154.4077218
41591502.4234182
41249009.0350816
40879341.1841931
40584872.2782299
40424214.0521661
42690423.0898535
42528443.3663715
42277032.6940589
41980686.1948595
41659078.7196233
41307566.1985698
40908564.869178
40516539.3225626
40196329.2880308
40027981.9286678
42248099.988917
42133115.9418356
41929154.4077218
41659078.7196233
41328219.0917324
40936649.2832787
40469804.7355629
40023812.4786126
39678903.796446
39494301.4475292
41885497.5470909
41787433.9790293
41591502.4234182
41307566.1985698
40936649.2832787
40446478.3579538
39929321.2341247
39426383.3915176
39031186.0558618
38808247.8513975
41565095.9189793
41461036.885476
41249009.0350816
40908564.869178
40469804.7355629
39929321.2341247
39332486.8788219
38746407.5687585
38244794.3293885
37933059.741511
41251530.6320277
41124714.4043899
40879341.1841931
40516539.3225626
40023812.4786126
39426383.3915176
38746407.5687585
38016200.3996976
37304812.1040025
36782397.6799782
40981853.1997611
40848536.1189994
40584872.2782299
40196329.2880308
39678903.796446
39031186.0558618
38244794.3293885
37304812.1040025
36216003.9564255
35150560.337737
40822740.5691729
40689267.1375249
40424214.0521661
40027981.9286678
39494301.4475292
38808247.8513975
37933059.741511
36782397.6799782
35150560.337737
32468598.7422167
