44539623.1371518
43868321.2984852
43307769.7414964
42794478.9674069
42359915.8642569
42005965.8442923
41697435.6682844
41401481.4995859
41132923.9931903
40977347.4012916
43868321.2984852
43522185.5402005
43076704.707222
42634669.3220896
42246497.7081086
41910428.3424682
41596458.9742122
41276476.4730896
41005919.3258877
40846806.730912
43307769.7414964
43076704.707222
42740691.1724967
42386801.5979319
42046500.0730703
41720299.9342327
41393399.1487189
41034292.2559746
40745289.9200305
40584637.1462195
42794478.9674069
42634669.3220896
42386801.5979319
42095834.1817918
41783259.7809367
41443701.5873989
41067892.2003604
40675767.5474301
40359179.7003843
40191037.90881
42359915.8642569
42246497.7081086
42046500.0730703
41783259.7809367
41458191.3815219
41083181.1859593
40627359.4477319
40191418.488844
39845246.5690718
39659907.1124384
42005965.8442923
41910428.3424682
41720299.9342327
41443701.5873989
41083181.1859593
40607659.7269036
40105203.5259502
39597981.1420913
39199692.1758947
38975434.6976056
41697435.6682844
41596458.9742122
41393399.1487189
41067892.2003604
40627359.4477319
40105203.5259502
39507308.3805021
38917641.3553357
38413406.8203875
38100358.1040539
41401481.4995859
41276476.4730896
41034292.2559746
40675767.5474301
40191418.488844
39597981.1420913
38917641.3553357
38185500.2838531
37472132.5238526
36948407.5584699
41132923.9931903
41005919.3258877
40745289.9200305
40359179.7003843
39845246.5690718
39199692.1758947
38413406.8203875
37472132.5238526
36381348.5434669
35314555.79542
40977347.4012916
40846806.730912
40584637.1462195
40191037.90881
39659907.1124384
38975434.6976056
38100358.1040538
36948407.5584699
35314555.79542
32712386.6020552
44561976.2277016
43895182.4694406
43341244.5207337
42834102.5064529
42399410.8958298
42045270.3043911
41738353.1208706
41444809.0064637
41178007.9339933
41022817.3397005
43895182.4694406
43553097.6780108
43116203.23631
42674076.2301519
42285891.7947518
41949272.197288
41637908.6571869
41320049.1601705
41051024.6424926
40892278.6582241
43341244.5207337
43116203.23631
42780056.998507
42426235.6647038
42085609.8255306
41760060.6368485
41435397.0477803
41078742.8646298
40790560.8764926
40630094.2263768
42834102.5064529
42674076.2301519
42426235.6647038
42134976.2605005
41821512.5311254
41484298.5265948
41111045.6502069
40720561.9926394
40404537.4325353
40236462.5753777
42399410.8958298
42285891.7947518
42085609.8255306
41821512.5311254
41498586.8327632
41124998.6212801
40671616.2247204
40236468.5127095
39890610.492209
39705283.2414666
42045270.3043911
41949272.197288
41760060.6368485
41484298.5265948
41124998.6212801
40651514.2550837
40149827.8175939
39643247.0708216
39245016.3076389
39020746.7232592
41738353.1208706
41637908.657187
41435397.0477803
41111045.6502069
40671616.2247204
40149827.8175939
39552514.4262443
38962924.604796
38458663.4187717
38145587.9591015
41444809.0064637
41320049.1601705
41078742.8646298
40720561.9926394
40236468.5127095
39643247.0708216
38962924.604796
38230733.3910865
37517302.6568272
36993527.7851625
41178007.9339933
41051024.6424926
40790560.8764926
40404537.4325353
39890610.492209
39245016.3076389
38458663.4187717
37517302.6568272
36426413.8321202
35359308.3498158
41022817.3397005
40892278.6582241
40630094.2263768
40236462.5753777
39705283.2414666
39020746.7232592
38145587.9591015
36993527.7851625
35359308.3498158
32730121.0842696
44596556.5387962
43952110.6883349
43411986.2086656
42906646.6791781
42471835.2782647
42117448.8754152
41810148.2725938
41516517.1601287
41250516.3695857
41095705.5490045
43952110.6883349
43623401.6723497
43188772.1215521
42746580.8561013
42358232.4683545
42021263.1424349
41709498.7033584
41392038.6420242
41123437.5656913
40965165.8982962
43411986.2086656
43188772.1215521
42852588.285508
42498647.0025311
42157793.9572122
41831859.6763689
41506541.219273
41150885.0190946
40863173.6138245
40702956.2778632
42906646.6791781
42746580.8561013
42498647.0025311
42207205.8617469
41893348.0630707
41555742.9087552
41182348.4428631
40792622.9126624
40477257.077003
40309272.4997998
42471835.2782647
42358232.4683545
42157793.9572122
41893348.0630707
41570197.5421045
41195715.88851
40743510.8001868
40308753.16083
39963328.7386608
39778015.6299617
42117448.8754152
42021263.1424349
41831859.6763689
41555742.9087552
41195715.88851
40723457.4733464
40221497.7692514
39715822.3499866
39317667.4168743
39093376.2855794
41810148.2725938
41709498.7033584
41506541.219273
41182348.4428631
40743510.8001868
40221497.7692514
39625002.9833725
39035513.3730209
38531204.5578513
38218085.0000006
41516517.1601287
41392038.6420242
41150885.0190946
40792622.9126624
40308753.16083
39715822.3499866
39035513.3730209
38303237.2738728
37589703.4781837
37065846.902438
41250516.3695857
41123437.5656913
40863173.6138245
40477257.077003
39963328.7386608
39317667.4168743
38531204.5578513
37589703.4781837
36498643.5333591
35430955.8558649
41095705.5490045
40965165.8982962
40702956.2778632
40309272.4997997
39778015.6299617
39093376.2855794
38218085.0000006
37065846.902438
35430955.8558649
32743652.7267668
