44730325.9041867
44074015.0363232
43531240.4388699
43019374.723958
42586538.2638533
42237464.3442939
41939654.5754541
41661657.6456977
41398086.3148041
41245863.5321511
44074015.0363232
43740782.4177707
43299750.4718001
42858807.0168889
42473272.8621503
42142758.5290799
41841346.0668051
41538230.8473904
41276167.2510292
41117761.6560215
43531240.4388699
43299750.4718
42963871.9635037
42611468.5712873
42274850.6748603
41958036.646712
41644788.1176191
41304147.3079259
41020506.8786703
40858307.5314751
43019374.723958
42858807.0168889
42611468.5712873
42322377.3244065
42014805.4893736
41688194.5707715
41338485.350194
40951961.4445763
40636254.5961601
40465831.9284726
42586538.2638533
42473272.8621503
42274850.6748603
42014805.4893736
41701449.8539932
41342636.0712684
40903725.2232418
40478207.4184953
40123487.7531171
39933907.7228182
42237464.3442939
42142758.5290799
41958036.646712
41688194.5707715
41342636.0712684
40892358.542653
40402490.2102134
39882936.5581719
39474400.9884614
39245198.6217678
41939654.5754541
41841346.0668051
41644788.1176191
41338485.350194
40903725.2232418
40402490.2102134
39796174.3895147
39194110.737846
38680319.8976094
38362219.7026788
41661657.6456977
41538230.8473904
41304147.3079259
40951961.4445763
40478207.4184953
39882936.5581719
39194110.737846
38451446.5466496
37728746.5612042
37199339.2013818
41398086.3148041
41276167.2510292
41020506.8786703
40636254.5961601
40123487.7531171
39474400.9884614
38680319.8976094
37728746.5612042
36627258.9500664
35552580.34966
41245863.5321511
41117761.6560215
40858307.5314751
40465831.9284726
39933907.7228182
39245198.6217679
38362219.7026788
37199339.2013818
35552580.34966
32939085.9546554
44752789.4723505
44100805.8261926
43566381.5459388
43059579.6315169
42626350.6905418
42277125.3138391
41980582.3432108
41704827.1553341
41443160.9970537
41291352.8877865
44100805.8261926
43773424.5039083
43340039.6526773
42898566.3682525
42513001.2837029
42182058.4203702
41882616.8389983
41581794.651753
41321228.9245973
41163255.806671
43566381.5459388
43340039.6526773
43003606.9010647
42651226.8422006
42314353.9595406
41997616.3704879
41686561.8537918
41348317.0030988
41065727.3687653
40903787.7854009
43059579.6315169
42898566.3682525
42651226.8422006
42361926.1783331
42053684.0786396
41728848.5728133
41381211.4933873
40996666.506223
40681603.8534011
40511280.7779238
42626350.6905418
42513001.2837029
42314353.9595406
42053684.0786396
41741653.6978247
41383886.0893085
40947621.6926937
40523063.9504016
40168862.5318569
39979308.3232957
42277125.3138391
42182058.4203702
41997616.3704879
41728848.5728133
41383886.0893085
40935863.9673421
40446764.5892188
39928175.1005275
39519745.366108
39290535.0104021
41980582.3432108
41882616.8389983
41686561.8537918
41381211.4933873
40947621.6926937
40446764.5892188
39841326.3343852
39239407.0747867
38725599.4419041
38407473.5272141
41704827.1553341
41581794.651753
41348317.0030988
40996666.506223
40523063.9504016
39928175.1005275
39239407.0747867
38496701.5238685
37773940.047712
37244482.8897149
41443160.9970537
41321228.9245973
41065727.3687653
40681603.8534011
40168862.5318569
39519745.366108
38725599.4419041
37773940.047712
36672347.418269
35597355.3006219
41291352.8877865
41163255.806671
40903787.7854009
40511280.7779238
39979308.3232957
39290535.0104021
38407473.5272141
37244482.8897149
35597355.3006219
32956762.5051771
44787614.2233841
44156724.1896088
43637041.2285841
43132193.3491173
42698832.9474434
42349390.4222809
42052496.2435556
41776461.245818
41515740.1147479
41364274.6193732
44156724.1896088
43843599.2500313
43412691.5246753
42971125.4103852
42585410.1363869
42254169.260386
41954319.3468896
41653788.6428966
41393608.4746162
41236179.606516
43637041.2285841
43412691.5246753
43076192.2841345
42723699.0437172
42386628.5197154
42069510.0105199
41757894.3034801
41420358.9120403
41138279.8281512
40976687.7215165
43132193.3491173
42971125.4103852
42723699.0437172
42434243.7198469
42125682.6837549
41800510.0969184
41452235.6999931
41068744.1976922
40754320.3525321
40584130.50883
42698832.9474434
42585410.1363869
42386628.5197154
42125682.6837549
41813380.0790292
41454740.8170271
41019615.7634426
40595080.2527992
40241603.0820153
40052081.3302394
42349390.4222809
42254169.260386
42069510.0105199
41800510.0969184
41454740.8170271
41007573.2634266
40517946.6599103
40000720.2094086
39592431.7779884
39363205.0539296
42052496.2435556
41954319.3468896
41757894.3034801
41452235.6999931
41019615.7634426
40517946.6599103
39913747.3840982
39312021.6597973
38798179.183229
38480010.1264778
41776461.245818
41653788.6428966
41420358.9120403
41068744.1976922
40595080.2527992
40000720.2094086
39312021.6597973
38569242.575091
37846379.3504098
37316840.1573802
41515740.1147479
41393608.4746162
41138279.8281512
40754320.3525321
40241603.0820153
39592431.7779884
38798179.183229
37846379.3504098
36744614.5656122
35669038.0164297
41364274.6193732
41236179.606516
40976687.7215165
40584130.50883
40052081.3302394
39363205.0539296
38480010.1264778
37316840.1573802
35669038.0164297
32970126.5705637
