44917677.6430861
44258265.1298908
43719733.2765874
43223520.0980253
42801440.8630776
42460822.0642764
42173274.0238292
41907042.948076
41649404.0610283
41503182.9234723
44258265.1298908
43924282.2468759
43497152.0334571
43067229.2014406
42690437.8275766
42367921.7384323
42077150.3446204
41788778.2756678
41532377.3498805
41379042.2740844
43719733.2765874
43497152.0334571
43169839.3655558
42825264.6190443
42496314.5781236
42189559.9502673
41884991.28454
41561603.88166
41286695.594476
41127070.5592974
43223520.0980253
43067229.2014406
42825264.6190443
42542181.3449146
42241996.8747436
41926866.0183977
41592629.4575965
41219194.8539309
40912285.4200258
40743427.1577053
42801440.8630776
42690437.8275766
42496314.5781236
42241996.8747436
41940307.3647676
41593329.6665114
41175638.1649285
40761298.4210768
40409702.9548287
40220872.8409961
42460822.0642764
42367921.7384323
42189559.9502673
41926866.0183977
41593329.6665114
41176599.2945911
40683182.1703019
40175624.5607251
39769492.4502186
39541193.9595444
42173274.0238292
42077150.3446204
41884991.28454
41592629.4575965
41175638.1649285
40683182.1703019
40091034.1770611
39494366.9268443
38983424.3846611
38666766.1833792
41907042.948076
41788778.2756678
41561603.88166
41219194.853931
40761298.4210768
40175624.5607251
39494366.9268443
38757418.8830885
38038965.3359654
37511863.1538447
41649404.0610283
41532377.3498805
41286695.594476
40912285.4200258
40409702.9548287
39769492.4502186
38983424.3846611
38038965.3359654
36943333.0237191
35871795.2240006
41503182.9234723
41379042.2740844
41127070.5592974
40743427.1577053
40220872.8409961
39541193.9595444
38666766.1833792
37511863.1538447
35871795.2240006
33259203.5235461
44940193.2182211
44284986.9672832
43753410.6144404
43263630.2091554
42841074.0642016
42500409.3092552
42213904.7973551
41950071.3184518
41694485.427791
41548688.8277842
44284986.9672832
43956587.854495
43537092.174191
43106755.1405617
42729994.1102175
42407221.1196994
42118168.6692954
41832269.4321064
41577472.1188768
41424557.3951834
43753410.6144404
43537092.174191
43209315.4716863
42864793.8020089
42535714.5326165
42228423.4891759
41926626.2710998
41605541.9859921
41331897.0515909
41172574.0291817
43263630.2091554
43106755.1405617
42864793.8020089
42581619.7195539
42280960.3669075
41967246.8274048
41635048.6066049
41263834.8333232
40957620.0383268
40788901.6791514
42841074.0642016
42729994.1102175
42535714.5326165
42280960.3669075
41979960.5675025
41634430.0906234
41219180.4867366
40806079.6056984
40455086.9438496
40266301.0668437
42500409.3092552
42407221.1196994
42228423.4891759
41967246.8274048
41634430.0906234
41219622.8955954
40727536.4143757
40220826.7602011
39814858.9644779
39586559.2395906
42213904.7973551
42118168.6692954
41926626.2710998
41635048.6066049
41219180.4867366
40727536.4143757
40136117.2546861
39539674.792767
39028731.5314237
38712049.6538053
41950071.3184518
41832269.4321064
41605541.9859921
41263834.8333232
40806079.6056984
40220826.7602011
39539674.792767
38802700.0558302
38084188.2852785
37557036.8627197
41694485.427791
41577472.1188768
41331897.0515909
40957620.0383268
40455086.9438496
39814858.9644779
39028731.5314237
38084188.2852785
36988451.4827861
35916599.6731956
41548688.8277842
41424557.3951834
41172574.0291817
40788901.6791514
40266301.0668437
39586559.2395906
38712049.6538053
37557036.8627197
35916599.6731956
33276862.5594898
44975087.0981135
44339566.8388227
43823857.3388744
43336288.8974555
42913608.4715528
42572745.5539846
42285899.0840961
42021745.2355518
41767157.5066968
41621637.3699047
44339566.8388227
44026502.7955662
43609755.0971472
43179363.1059955
42802456.1275089
42479427.1162875
42189979.0179437
41904235.3361012
41649939.2800457
41497513.756597
43823857.3388744
43609755.0971472
43281948.2189267
42937311.5522731
42608057.1692318
42300376.6115377
41998166.2118499
41677580.9784383
41404436.16082
41245509.5226934
43336288.8974555
43179363.1059955
42937311.5522731
42654002.5779488
42353079.5400345
42039038.3277027
41706143.1474403
41335972.3318971
41030320.4361951
40861790.7936438
42913608.4715528
42802456.1275089
42608057.1692318
42353079.5400345
42051759.0687832
41705608.1501853
41291051.1739386
40878008.8734753
40527843.7732522
40339116.6233547
42572745.5539846
42479427.1162875
42300376.6115377
42039038.3277027
41705608.1501853
41290695.6148543
40798957.5657465
40293323.1536636
39887580.1011622
39659273.9920354
42285899.0840961
42189979.0179437
41998166.2118499
41706143.1474403
41291051.1739386
40798957.5657465
40208442.3560903
39612308.6233615
39101354.3253587
38784632.4950622
42021745.2355518
41904235.3361012
41677580.9784383
41335972.3318971
40878008.8734753
40293323.1536636
39612308.6233615
38875282.1923409
38156673.866333
37629441.5122662
41767157.5066968
41649939.2800457
41404436.16082
41030320.4361951
40527843.7732522
39887580.1011622
39101354.3253587
38156673.866333
37060766.2501755
35988329.6445377
41621637.3699047
41497513.756597
41245509.5226934
40861790.7936438
40339116.6233547
39659273.9920354
38784632.4950622
37629441.5122662
35988329.6445377
33290162.3008054
