45115577.9893186
44470311.3378247
43947865.5993804
43451676.5174502
43029679.3337898
42692608.9902098
42413087.7419218
42159399.981769
41913572.4061747
41770187.3178026
44470311.3378247
44148728.3005091
43724315.073462
43293943.2272162
42918667.3015756
42600245.887143
42318980.1324762
42049319.5348573
41798550.19922
41647819.6602494
43947865.5993804
43724315.073462
43395944.187373
43052118.8602989
42725694.0042436
42424532.7408369
42131640.3145246
41825636.3675015
41561681.9051744
41399668.2726586
43451676.5174502
43293943.2272162
43052118.8602989
42770788.6006133
42474768.0767651
42169466.635004
41852235.5088982
41495810.1137315
41189684.3881339
41017364.6328444
43029679.3337898
42918667.3015756
42725694.0042436
42474768.0767651
42181158.4924127
41844989.9234504
41453106.5559948
41041339.2854544
40685447.2055353
40492819.3253922
42692608.9902098
42600245.887143
42424532.7408369
42169466.635004
41844989.9234504
41449699.9670613
40957037.6711326
40453640.9425467
40040217.9199476
39807724.3588201
42413087.7419218
42318980.1324762
42131640.3145246
41852235.5088982
41453106.5559948
40957037.6711326
40370589.651001
39765036.3642244
39245797.4858954
38924463.8128973
42159399.9817691
42049319.5348573
41825636.3675015
41495810.1137315
41041339.2854544
40453640.9425467
39765036.3642244
39018212.2239606
38290540.5900727
37757571.7768718
41913572.4061747
41798550.19922
41561681.9051744
41189684.3881339
40685447.2055353
40040217.9199476
39245797.4858954
38290540.5900727
37183381.3301152
36102857.004504
41770187.3178026
41647819.6602494
41399668.2726586
41017364.6328444
40492819.3253922
39807724.3588201
38924463.8128973
37757571.7768718
36102857.004504
33475503.8356922
45138208.0630808
44496975.5196902
43983415.0439398
43492517.8252933
43069654.3246855
42732497.589279
42453699.7852257
42202340.2084654
41958555.3282663
41815706.9039093
44496975.5196902
44182298.1392217
43765337.1440822
43333898.4032771
42958539.2695104
42639908.4602066
42360032.4628964
42092651.9216372
41843644.7645623
41693354.5271595
43983415.0439398
43765337.1440822
43435890.166573
43091974.5872249
42765430.3865454
42463674.353854
42173151.7782539
41869250.5416445
41606770.7567051
41445192.7488191
43492517.8252933
43333898.4032771
43091974.5872249
42810559.7414798
42514152.9399857
42209724.4376316
41894258.4403323
41540152.9269336
41234978.2608769
41062862.3776504
43069654.3246855
42958539.2695104
42765430.3865454
42514152.9399857
42220564.2823012
41885969.2204293
41496388.0693666
41086012.8999976
40730831.517366
40538272.2739673
42732497.589279
42639908.4602066
42463674.3538541
42209724.4376316
41885969.2204293
41492156.8704423
41001300.2516822
40498752.0387365
40085600.8681199
39853114.7115327
42453699.7852257
42360032.4628964
42173151.7782539
41894258.4403323
41496388.0693666
41001300.2516822
40415503.4751487
39810343.8594111
39291127.0969403
38969771.9880968
42202340.2084654
42092651.9216372
41869250.5416445
41540152.9269337
41086012.8999976
40498752.0387365
39810343.8594111
39063513.5581109
38335787.2361742
37802769.4698855
41958555.3282663
41843644.7645623
41606770.7567051
41234978.2608769
40730831.517366
40085600.8681199
39291127.0969403
38335787.2361742
37228523.3204672
36147684.1170062
41815706.9039093
41693354.5271595
41445192.7488191
41062862.3776504
40538272.2739673
39853114.7115327
38969771.9880968
37802769.4698855
36147684.1170062
33493113.1615067
45173373.1815426
44550860.8688992
44053728.3853806
43565260.4986177
43142246.380268
42804904.0863142
42525784.9397325
42274111.5521219
42031199.9192214
41888682.3906781
44550860.8688992
44252014.6119745
43838108.8515266
43406566.9336799
43031062.235341
42712205.012635
42431978.5644093
42164483.3185808
41916181.232083
41766345.3242223
44053728.3853806
43838108.8515266
43508585.7082788
43164549.8841053
42837846.9605316
42535749.6560165
42244845.6701965
41941350.5673178
41679160.31481
41518163.4525742
43565260.4986177
43406566.9336799
43164549.8841053
42883012.7698013
42586378.4685909
42281627.846568
41965425.0215674
41612085.1289331
41307630.4438856
41135789.5783243
43142246.380268
43031062.235341
42837846.9605316
42586378.468591
42292455.549554
41957414.0621793
41567866.7279933
41157856.4915817
40803595.1949648
40611127.6020503
42804904.0863142
42712205.012635
42535749.6560165
42281627.846568
41957414.0621793
41562903.9807384
41072869.3368214
40571126.142148
40158349.8984978
39925869.4021573
42525784.9397325
42431978.5644093
42244845.6701965
41965425.0215674
41567866.7279933
41072869.3368214
40487592.3050383
39882982.002629
39363785.9125903
39042393.907698
42274111.5521219
42164483.3185808
41941350.5673178
41612085.1289331
41157856.4915817
40571126.142148
39882982.002629
39136128.4421872
38408310.1886619
37875211.6728976
42031199.9192214
41916181.232083
41679160.31481
41307630.4438856
40803595.1949648
40158349.8984978
39363785.9125903
38408310.1886619
37300874.7265307
36219448.5905382
41888682.3906781
41766345.3242224
41518163.4525742
41135789.5783243
40611127.6020503
39925869.4021574
39042393.907698
37875211.6728976
36219448.5905382
33506268.3556448
