45305932.5464433
44656653.8238446
44136647.5224685
43654666.9559416
43241714.7766887
42911752.2014565
42640437.4576354
42394755.2429409
42153419.3255973
42015222.1184798
44656653.8238446
44333252.2993288
43921380.7609999
43500496.6210972
43132545.6681734
42820634.2656021
42548177.8693885
42289818.7981161
42039689.0520564
41895037.5469729
44136647.5224685
43921380.7609999
43600408.0823096
43263273.320687
42942962.0899955
42647908.1120237
42364916.7695491
42066346.4064643
41808785.3470644
41652497.1597347
43654666.9559416
43500496.6210972
43263273.320687
42987313.4798317
42697413.1916742
42401126.5895097
42093315.7036385
41742841.4243266
41448032.3259392
41279102.3550388
43241714.7766887
43132545.6681734
42942962.0899955
42697413.1916742
42412075.7855857
42083334.111785
41712263.9348406
41298950.1252698
40954352.1371701
40764618.8738029
42911752.2014565
42820634.2656021
42647908.1120237
42401126.5895097
42083334.111785
41696429.1372883
41212192.0112442
40729179.793299
40320829.0992202
40090362.8125915
42640437.4576354
42548177.8693885
42364916.7695492
42093315.7036385
41712263.9348406
41212192.0112442
40649708.4524964
40052181.2024232
39536957.4156188
39217774.4530729
42394755.2429409
42289818.7981161
42066346.4064643
41742841.4243266
41298950.1252698
40729179.793299
40052181.2024232
39312963.300958
38590838.7654457
38061048.5146353
42153419.3255973
42039689.0520564
41808785.3470644
41448032.3259392
40954352.1371701
40320829.0992202
39536957.4156188
38590838.7654457
37491361.5227081
36415580.7107957
42015222.1184798
41895037.5469729
41652497.1597348
41279102.3550388
40764618.8738029
40090362.8125915
39217774.4530729
38061048.5146352
36415580.7107957
33792983.990365
45328619.1738016
44683299.8990103
44171542.5363891
43695361.873333
43281535.13558
42951529.4238867
42680652.1392292
42437532.8067482
42198369.9362167
42060756.1359887
44683299.8990103
44367866.3279388
43962027.5295005
43540265.8038665
43172239.1680243
42860244.8395276
42588964.9507315
42332960.9677993
42084836.740575
41940592.4542027
44171542.5363891
43962027.5295005
43640155.4450806
43302909.6389749
42982576.5735078
42687112.8732923
42406039.490879
42109937.3439972
41853925.2382622
41698045.9240032
43695361.873333
43540265.8038665
43302909.6389749
43026933.224038
42736751.2373083
42440809.1293964
42134948.8813875
41787094.7454291
41493308.0983963
41324626.137715
43281535.13558
43172239.1680243
42982576.5735078
42736751.2373083
42450689.914272
42124036.7213376
41755139.3721674
41343710.3340869
40999733.3513497
40810100.0788746
42951529.4238867
42860244.8395276
42687112.8732923
42440809.1293964
42124036.7213376
41738456.4940454
41256468.2342817
40774197.0390427
40366227.473876
40135782.8074932
42680652.1392292
42588964.9507315
42406039.490879
42134948.8813875
41755139.3721674
41256468.2342817
40694463.1783678
40097478.9445174
39582312.7940984
39263113.0832624
42437532.8067482
42332960.9677993
42109937.3439972
41787094.7454291
41343710.3340869
40774197.0390427
40097478.9445174
39358286.716101
38636114.9336568
38106277.1207366
42198369.9362167
42084836.740575
41853925.2382622
41493308.0983964
40999733.3513497
40366227.473876
39582312.7940984
38636114.9336568
37536534.2622714
36460438.346976
42060756.1359887
41940592.4542027
41698045.9240032
41324626.137715
40810100.0788746
40135782.8074932
39263113.0832624
38106277.1207366
36460438.346976
33810571.8777983
45363860.1819442
44736274.1163457
44241619.6088902
43768130.1270485
43354179.5989466
43023995.4853102
42752799.9314292
42509361.2109859
42271085.1993214
42133753.6284025
44736274.1163457
44437278.0283914
44034790.0901966
43612985.4839757
43244811.743945
42932616.9421433
42660996.774328
42404696.9684995
42157518.9441195
42013611.92549
44241619.6088902
44034790.0901966
43712901.5327364
43375530.1985122
43055052.6524422
42759301.5298719
42477801.1328724
42182135.0873453
41926417.2524797
41771050.3406286
43768130.1270485
43612985.4839757
43375530.1985122
43099440.4790074
42809058.1126519
42512763.499472
42206228.1645523
41859180.9037689
41565940.098721
41397589.281501
43354179.5989466
43244811.743945
43055052.6524422
42809058.1126519
42522635.8487631
42195658.9209253
41826266.1802775
41415797.9809913
41072492.8429115
40882995.1221921
43023995.4853102
42932616.9421433
42759301.5298719
42512763.499472
42195658.9209253
41809287.4334342
41328462.0326686
40846439.3877632
40438998.2938425
40208580.1458587
42752799.9314292
42660996.774328
42477801.1328724
42206228.1645523
41826266.1802775
41328462.0326686
40766325.4139895
40170102.9438047
39655009.3683051
39335779.7656917
42509361.2109859
42404696.9684995
42182135.0873453
41859180.903769
41415797.9809913
40846439.3877632
40170102.9438047
39430934.3654147
38708681.8978991
38178765.6522915
42271085.1993214
42157518.9441195
41926417.2524797
41565940.098721
41072492.8429115
40438998.2938425
39655009.3683051
38708681.8978991
37608932.1575997
36532249.3767618
42133753.6284025
42013611.92549
41771050.3406286
41397589.281501
40882995.1221922
40208580.1458587
39335779.7656917
38178765.6522915
36532249.3767618
33823654.2889127
