45501135.2546436
44856356.7708248
44343923.9854838
43868684.2292903
43459140.8582337
43133705.9349699
42869414.8112272
42632592.5536829
42399748.3957223
42265696.6395185
44856356.7708248
44537942.49805
44132142.8642964
43714813.6678044
43350493.0703194
43043188.6229967
42778447.3735886
42531671.7219094
42288956.238566
42148053.9004438
44343923.9854838
44132142.8642964
43813425.509666
43479221.1504508
43162503.6299637
42872371.9555143
42598327.1979205
42317670.2402962
42065420.4981017
41910749.578018
43868684.2292903
43714813.6678044
43479221.1504508
43205996.525713
42920081.8700892
42631787.8992405
42332153.4597742
42002415.7007359
41713424.6967934
41543711.3311716
43459140.8582337
43350493.0703194
43162503.6299637
42920081.8700892
42639465.5393736
42321470.3023935
41969466.0594879
41567405.0614436
41226107.7041922
41034653.7130474
43133705.9349699
43043188.6229968
42872371.9555143
42631787.8992405
42321470.3023935
41951465.4336474
41481472.8259993
41010916.967271
40597696.2507856
40364263.3515433
42869414.8112272
42778447.3735886
42598327.1979205
42332153.4597742
41969466.0594879
41481472.8259993
40937596.4922324
40335874.6402741
39815015.5749018
39492921.8933879
42632592.5536829
42531671.7219094
42317670.2402962
42002415.7007359
41567405.0614436
41010916.967271
40335874.6402741
39593169.3109147
38867144.0384158
38334945.1503072
42399748.3957223
42288956.238566
42065420.4981017
41713424.6967935
41226107.7041922
40597696.2507856
39815015.5749018
38867144.0384158
37764734.1735178
36686236.9018884
42265696.6395185
42148053.9004438
41910749.578018
41543711.3311716
41034653.7130474
40364263.3515433
39492921.8933879
38334945.1503072
36686236.9018884
34058251.5588691
45523909.2981187
44883011.8236747
44379763.7157679
43909640.562777
43499067.6211612
43173552.6714473
42909359.0558346
42675212.2036195
42444612.0070576
42311240.4700246
44883011.8236747
44573401.3094722
44173219.3642109
43754750.9350277
43390255.5208735
43082907.6443335
42819066.9635284
42574682.3845741
42334070.9525058
42193623.1586791
44379763.7157679
44173219.3642109
43853373.2106494
43518928.8868283
43202200.5331214
42911771.5238198
42639342.3967205
42361168.3828573
42110539.7832933
41956316.3537439
43909640.562777
43754750.9350277
43518928.8868283
43245688.0451718
42959560.6147309
42671014.5829005
42373716.6768608
42046356.5726612
41758651.1976658
41589254.9324952
43499067.6211612
43390255.5208735
43202200.5331214
42959560.6147309
42678299.8200294
42362103.8303222
42011936.9625005
41612040.9144434
41271463.3291382
41080156.7911584
43173552.6714473
43082907.6443335
42911771.5238198
42671014.5829005
42362103.8303222
41992760.4402733
41525361.5300815
41055756.0435738
40643096.8991011
40409706.7503521
42909359.0558346
42819066.9635284
42639342.3967206
42373716.6768608
42011936.9625005
41525361.5300815
40982063.2157211
40381136.159211
39860388.21723
39538284.7936688
42675212.2036196
42574682.3845741
42361168.3828573
42046356.5726612
41612040.9144434
41055756.0435738
40381136.159211
39638504.3485842
38912442.8145805
38380198.4156061
42444612.0070576
42334070.9525058
42110539.7832934
41758651.1976658
41271463.3291382
40643096.8991011
39860388.21723
38912442.8145805
37809931.2009374
36731118.7402928
42311240.4700246
42193623.1586792
41956316.3537439
41589254.9324952
41080156.7911584
40409706.7503521
39538284.7936688
38380198.4156061
36731118.7402928
34075801.7713868
45559327.7595493
44935294.841883
44449643.6763995
43982454.8908625
43571766.0061549
43246076.4834684
42981572.0265255
42747105.5422934
42517351.1425849
42384259.3924803
44935294.841883
44642532.530158
44246030.7628406
43827528.4330252
43462880.8977053
43155349.3354289
42891185.8901307
42646462.4317113
42406794.7181123
42266669.3103939
44449643.6763995
44246030.7628406
43926179.4387814
43591600.6702563
43274735.8283412
42984057.756237
42711243.3703092
42433256.2635409
42183041.783879
42029352.319004
43982454.8908625
43827528.4330252
43591600.6702563
43318251.2267153
43031945.5983535
42743036.2993572
42445258.4264792
42118343.5557754
41831228.9295493
41662252.0568829
43571766.0061549
43462880.8977053
43274735.8283412
43031945.5983535
42750385.803403
42433911.5725173
42082979.1119543
41684115.4434554
41344195.5684285
41153089.0236083
43246076.4834684
43155349.3354289
42984057.756237
42743036.2993572
42433911.5725173
42063585.679733
41597416.9553909
41127755.6921997
40715878.0838891
40482543.6994732
42981572.0265255
42891185.8901307
42711243.3703092
42445258.4264792
42082979.1119543
41597416.9553909
41053520.1417139
40453716.4027783
39933116.2630844
39610992.2558017
42747105.5422935
42646462.4317113
42433256.2635409
42118343.5557754
41684115.4434554
41127755.6921997
40453716.4027783
39711175.8125444
38985048.3631988
38452727.9793394
42517351.1425849
42406794.7181124
42183041.783879
41831228.9295493
41344195.5684285
40715878.0838891
39933116.2630844
38985048.3631988
37882369.5556487
36802969.4964918
42384259.3924803
42266669.3103939
42029352.319004
41662252.0568829
41153089.0236083
40482543.6994732
39610992.2558017
38452727.9793394
36802969.4964918
34088777.8583694
