45633218.5900145
45000114.8058969
44499980.9247716
44019185.6440488
43606182.3106372
43281241.899958
43020507.1783446
42790318.4124708
42566288.8233967
42434165.4864265
45000114.8058969
44690649.889193
44284885.7471121
43862885.4509126
43496918.4555456
43190609.5661764
42930006.600765
42691139.8018172
42457325.7993637
42317605.3446839
44499980.9247716
44284885.7471121
43961992.5142824
43625541.6339725
43308435.5126947
43020123.0427037
42751625.3011451
42485126.32545
42236436.359479
42082416.9676523
44019185.6440488
43862885.4509126
43625541.6339725
43351532.8357555
43066226.7411178
42781826.500265
42488553.1014861
42173417.7033947
41891450.7057158
41718346.4005185
43606182.3106372
43496918.4555456
43308435.5126947
43066226.7411178
42786810.7653349
42474584.8308294
42136475.2226609
41751131.9704614
41406013.655923
41209546.1365298
43281241.899958
43190609.5661764
43020123.0427037
42781826.500265
42474584.8308294
42110404.2802229
41662527.2797078
41200819.4875461
40775387.798181
40535496.4771846
43020507.1783446
42930006.600765
42751625.3011451
42488553.1014861
42136475.2226609
41662527.2797078
41134031.5009335
40518231.860667
39984556.5750996
39655638.326611
42790318.4124708
42691139.8018172
42485126.32545
42173417.7033947
41751131.9704614
41200819.4875461
40518231.860667
39762526.1548067
39024388.0028294
38484670.1267976
42566288.8233967
42457325.7993637
42236436.359479
41891450.7057158
41406013.655923
40775387.798181
39984556.5750996
39024388.0028294
37908500.0708325
36819402.6201515
42434165.4864265
42317605.3446839
42082416.9676523
41718346.4005185
41209546.1365298
40535496.4771846
39655638.326611
38484670.1267976
36819402.6201515
34173549.3572019
45656079.0027437
45026773.5213094
44536284.3949057
44061120.7755409
43646504.7478418
43321354.7924425
43060497.7243343
42832861.2041331
42611050.1422412
42479711.6435972
45026773.5213094
44726364.5406666
44327139.4357802
43903322.8969953
43537007.3928783
43230598.1433481
42970671.7449505
42734104.2617766
42502358.3548597
42363182.3113674
44536284.3949057
44327139.4357802
44002474.4143162
43665613.1976023
43348424.2308302
43059827.8162612
42792717.8213452
42528506.5156753
42281544.0152888
42127995.0536537
44061120.7755409
43903322.8969953
43665613.1976023
43391524.1260073
43106000.856209
42820978.4565305
42530104.7045715
42217125.3067306
41936580.6016395
41763901.2903142
43646504.7478418
43537007.3928784
43348424.2308302
43106000.8562091
42826060.8355289
42515272.4320319
42178668.7910399
41795505.217745
41451332.39925
41255061.403636
43321354.7924425
43230598.1433482
43059827.8162612
42820978.4565305
42515272.4320319
42151682.9887787
41706068.8248622
41245430.0375314
40820783.5101753
40580952.5529801
43060497.7243343
42970671.7449505
42792717.8213452
42530104.7045715
42178668.7910399
41706068.8248622
41178126.6672545
40563452.628119
40029936.6965416
39701013.7476737
42832861.2041331
42734104.2617766
42528506.5156753
42217125.3067306
41795505.2177451
41245430.0375314
40563452.628119
39807864.0330282
39069697.6249096
38529935.3153652
42611050.1422412
42502358.3548597
42281544.0152888
41936580.6016395
41451332.39925
40820783.5101753
40029936.6965416
39069697.6249096
37953708.4320582
36864295.3737085
42479711.6435972
42363182.3113674
42127995.0536537
41763901.2903142
41255061.403636
40580952.5529801
39701013.7476737
38529935.3153652
36864295.3737085
34191070.2861134
45691715.1561968
45078667.6872752
44606045.3303221
44134037.4126508
43719247.9925639
43393919.4475236
43132758.5221308
42904805.455974
42683759.482768
42552741.1379086
45078667.6872752
44795356.2453779
44400066.3907502
43976150.6604714
43609673.4301415
43303085.9226901
43042853.0341901
42805963.9478315
42575036.8205494
42436245.7101941
44606045.3303221
44400066.3907502
44075332.6239857
43738326.1159353
43421001.848663
43132174.2967702
42864721.9412212
42600468.0133898
42354075.6386814
42201052.8899979
44134037.4126508
43976150.6604714
43738326.1159353
43464128.4172556
43178437.035128
42893053.2804125
42601800.8552058
42289143.8883255
42009027.7572292
41836920.0864132
43719247.9925639
43609673.4301415
43421001.848663
43178437.035128
42898237.1581364
42587196.2937393
42249784.4654742
41867332.5224726
41524020.8746033
41328017.020063
43393919.4475236
43303085.9226901
43132174.2967702
42893053.2804125
42587196.2937393
42222826.7052504
41778017.6288111
41317105.6234783
40893565.0819373
40653813.665394
43132758.5221308
43042853.0341901
42864721.9412212
42601800.8552058
42249784.4654742
41778017.6288111
41249035.6347956
40635983.3401602
40102681.9964296
39773744.8589441
42904805.455974
42805963.9478315
42600468.0133899
42289143.8883255
41867332.5224726
41317105.6234783
40635983.3401602
39880546.5588233
39142324.3699014
38602487.0215779
42683759.4827681
42575036.8205494
42354075.6386814
42009027.7572292
41524020.8746033
40893565.0819373
40102681.9964296
39142324.3699014
38026167.8164701
36936165.603982
42552741.1379086
42436245.7101941
42201052.8899979
41836920.0864133
41328017.0200631
40653813.665394
39773744.8589441
38602487.0215779
36936165.603982
34203967.2528775
