45760309.4502732
45121027.8650381
44617691.2200301
44149635.4138333
43744005.109245
43424106.8623556
43168043.25466
42942513.6359927
42721358.9850047
42592346.9924823
45121027.8650381
44808704.972351
44409557.3899179
43996055.4869466
43636150.2429467
43334779.5533966
43079642.6595368
42845733.9807817
42614013.4160066
42477877.8979962
44617691.2200301
44409557.3899179
44093174.8583581
43762410.4848499
43450321.3977214
43166768.5365026
42904687.5881954
42646560.5667752
42397083.9795524
42247041.1081386
44149635.4138333
43996055.4869466
43762410.4848499
43492609.9955
43211761.8686995
42932641.952141
42647072.0203535
42339692.8193749
42060359.7107408
41890130.3105933
43744005.109245
43636150.2429467
43450321.3977214
43211761.8686995
42937223.6838338
42632969.4882073
42303722.349787
41921743.3880433
41584705.0918961
41390306.6249389
43424106.8623556
43334779.5533966
43166768.5365026
42932641.952141
42632969.4882073
42275985.6682274
41843581.3399342
41383875.9706278
40964343.6793361
40726289.9839299
43168043.25466
43079642.6595368
42904687.5881954
42647072.0203535
42303722.349787
41843581.3399342
41316894.5434252
40712540.4772557
40183667.3542347
39857121.3534594
42942513.6359927
42845733.9807817
42646560.5667752
42339692.8193749
41921743.3880433
41383875.9706278
40712540.4772557
39965154.3635587
39233328.1912266
38697489.7336838
42721358.9850047
42614013.4160066
42397083.9795524
42060359.7107408
41584705.0918961
40964343.6793361
40183667.3542347
39233328.1912266
38126637.9261752
37044245.8622809
42592346.9924823
42477877.8979962
42247041.1081386
41890130.3105933
41390306.6249389
40726289.9839299
39857121.3534594
38697489.7336838
37044245.8622809
34408883.282312
45783199.9669828
45147721.4341238
44654597.3276262
44190996.3575535
43784062.6179438
43464015.7831223
43207733.1061183
42984893.4274299
42766079.9901061
42637901.2640832
45147721.4341238
44845184.1752393
44451250.1469826
44036222.2517681
43675978.3354661
43374590.18884
43119972.0167955
42888583.744732
42659044.5014157
42523463.0651463
44654597.3276262
44451250.1469826
44133399.0331959
43802193.1994507
43490081.7849885
43206355.1008658
42945571.3678417
42689815.0347205
42442240.7740399
42292630.5286658
44190996.3575535
44036222.2517681
43802193.1994507
43532351.7584127
43251371.251724
42971646.9797441
42688366.418937
42383187.9443596
42105509.5924338
41935698.6990091
43784062.6179439
43675978.3354661
43490081.7849885
43251371.251724
42976409.9682491
42673296.8400196
42345608.1952872
41966113.1292658
41630009.6886635
41435837.342667
43464015.7831223
43374590.18884
43206355.1008658
42971646.9797441
42673296.8400196
42317103.5553417
41886989.0477304
41428505.9177112
41009738.2373842
40771763.5694126
43207733.1061183
43119972.0167955
42945571.3678417
42688366.418937
42345608.1952872
41886989.0477304
41361087.5480593
40757731.1476215
40229059.1264812
39902515.7347066
42984893.4274299
42888583.744732
42689815.0347205
42383187.9443596
41966113.1292658
41428505.9177112
40757731.1476215
40010498.292845
39278655.3792472
38742774.8409996
42766079.9901061
42659044.5014157
42442240.7740399
42105509.5924338
41630009.6886635
41009738.2373842
40229059.1264812
39278655.3792472
38171866.0570772
37089158.7400437
42637901.2640832
42523463.0651463
42292630.5286658
41935698.6990091
41435837.342667
40771763.5694126
39902515.7347066
38742774.8409996
37089158.7400437
34426382.0653805
45818853.3138357
45199195.1183786
44724201.6174093
44263874.976541
43856830.3000948
43536610.2473406
43280037.2716803
43056866.8028967
42838832.534938
42710946.7257252
45199195.1183786
44913929.8613748
44524126.6148388
44109075.8077137
43748669.7386066
43447113.0813918
43192187.9668525
42960479.1294648
42731786.3020589
42596540.9014726
44724201.6174093
44524126.6148388
44206284.6347029
43874930.1340363
43562687.9540954
43278751.5889156
43017634.1548732
42761696.4797413
42514883.9787939
42365706.8071215
44263874.976541
44109075.8077137
43874930.1340363
43604982.3290162
43323847.619561
43043795.5241862
42760116.3530562
42455184.0458125
42178002.5313951
42008738.693043
43856830.3000948
43748669.7386066
43562687.9540954
43323847.619561
43048656.134115
42745254.6425334
42416748.269288
42038090.2182265
41702682.1194818
41508816.933395
43536610.2473406
43447113.0813918
43278751.5889156
43043795.5241862
42745254.6425334
42388414.6309905
41958723.9505338
41500241.8057628
41082519.9316817
40844651.939002
43280037.2716803
43192187.9668525
43017634.1548732
42760116.3530562
42416748.269288
41958723.9505338
41432209.1365937
40830219.9134237
40301823.2358212
39975276.6632816
43056866.8028967
42960479.1294648
42761696.4797413
42455184.0458125
42038090.2182265
41500241.8057628
40830219.9134237
40083191.4306097
39351310.182611
38815358.3552974
42838832.534938
42731786.3020589
42514883.9787939
42178002.5313951
41702682.1194818
41082519.9316817
40301823.2358212
39351310.182611
38244357.3055806
37161061.7243576
42710946.7257252
42596540.9014726
42365706.8071215
42008738.693043
41508816.933395
40844651.939002
39975276.6632816
38815358.3552974
37161061.7243576
34439218.5805694
