45893859.3898771
45265921.6808586
44774385.5048419
44301392.3295488
43890841.3045835
43570259.0964406
43316074.7133658
43096227.1504428
42885917.7422879
42758479.1042934
45265921.6808586
44962014.8749395
44563842.0858493
44144675.8817061
43782120.6542887
43480751.851956
43228648.3067985
43001411.6055168
42778071.3756763
42643478.89798
44774385.5048419
44563842.0858493
44242462.5410193
43908680.0545406
43595347.3064425
43312264.0014505
43053724.5524573
42804614.1195442
42560134.9033039
42412307.2681491
44301392.3295488
44144675.8817061
43908680.0545406
43637523.902908
43356485.2291331
43078360.018472
42796662.8818616
42489228.3037776
42224793.5628293
42055996.31576
43890841.3045835
43782120.6542887
43595347.3064425
43356485.2291331
43083473.3772475
42783931.0887613
42461753.7353081
42088328.0526211
41753753.323686
41556779.4444253
43570259.0964406
43480751.851956
43312264.0014505
43078360.018472
42783931.0887613
42433558.0224861
42018246.9996134
41555053.4754401
41131514.5849361
40889603.1137609
43316074.7133658
43228648.3067985
43053724.5524573
42796662.8818616
42461753.7353081
42018246.9996134
41484361.7884821
40880871.6827285
40344180.888852
40012793.5259693
43096227.1504428
43001411.6055168
42804614.1195442
42489228.3037776
42088328.0526211
41555053.4754401
40880871.6827285
40124673.6776021
39383283.9007643
38841006.5042938
42885917.7422879
42778071.3756763
42560134.9033039
42224793.5628293
41753753.323686
41131514.5849361
40344180.888852
39383283.9007643
38264167.8613089
37171324.551207
42758479.1042934
42643478.89798
42412307.2681491
42055996.31576
41556779.4444253
40889603.1137609
40012793.5259693
38841006.5042938
37171324.551207
34516691.2989252
45916837.6288867
45292632.5420494
44811456.2680464
44343760.7721761
43931357.4057353
43610480.2968737
43356066.6142587
43138630.692004
42930505.6495439
42804033.1453218
45292632.5420494
44998210.5029352
44606749.6678749
44185405.4094874
43822328.4996635
43520855.3814567
43269018.9283464
43044184.365305
42823011.020436
42689072.2914945
44811456.2680464
44606749.6678749
44283283.4730739
43948888.3204751
43635438.5147294
43352168.8096055
43094670.7849532
42847730.7746646
42605271.5702474
42457910.7384459
44343760.7721761
44185405.4094874
43948888.3204751
43677609.6225387
43396422.6709695
43117778.6243643
42837842.7166554
42532878.1340577
42269900.6001461
42101581.7306264
43931357.4057353
43822328.4996635
43635438.5147294
43396422.6709695
43123036.1689698
42824221.5638105
42503379.3712334
42132462.5801082
41799006.5479176
41602327.487901
43610480.2968737
43520855.3814567
43352168.8096055
43117778.6243643
42824221.5638105
42474646.1935604
42061363.7352037
41599607.4533467
41176900.958856
40935094.5926281
43356066.6142587
43269018.9283464
43094670.7849532
42837842.7166554
42503379.3712334
42061363.7352037
41528565.3741842
40925990.4561233
40389582.5355456
40058205.3260692
43138630.692004
43044184.365305
42847730.7746646
42532878.1340576
42132462.5801082
41599607.4533466
40925990.4561233
40170019.9257556
39428625.888601
38886307.8393682
42930505.6495439
42823011.020436
42605271.5702474
42269900.6001461
41799006.5479176
41176900.958856
40389582.5355456
39428625.888601
38309411.2529621
37216252.0579522
42804033.1453218
42689072.2914945
42457910.738446
42101581.7306264
41602327.487901
40935094.5926281
40058205.3260692
38886307.8393682
37216252.0579522
34534170.7367617
45952711.9528063
45343726.0561216
44880930.3800622
44416745.8469065
44004174.494527
43683118.1900937
43428431.87679
43210691.6286927
43003190.5768806
42877083.1568959
45343726.0561216
45066799.9196264
44679750.6002186
44258314.2512383
43895063.63327
43593422.9920835
43341285.0140105
43116120.7158417
42895711.3294229
42762165.0679707
44880930.3800622
44679750.6002186
44356226.4399823
44021670.3188225
43708087.9579429
43424620.7474371
43166810.1995296
42919509.5962904
42677941.7358613
42531008.0729265
44416745.8469065
44258314.2512383
44021670.3188225
43750282.981452
43468949.6831796
43190013.0516296
42909669.8864262
42605292.2678788
42342347.0669808
42174644.6299192
44004174.494527
43895063.63327
43708087.9579429
43468949.6831796
43195354.7679937
42896246.3180385
42574639.1026599
42204319.2057512
41871606.3082899
41675329.9019713
43683118.1900937
43593422.9920835
43424620.7474371
43190013.0516296
42896246.3180385
42546163.3543998
42132719.5197227
41671303.2195737
41249670.4435045
41008006.8905487
43428431.87679
43341285.0140105
43166810.1995296
42909669.8864262
42574639.1026599
42132719.5197227
41599875.4059109
40998376.2646838
40462359.4558904
40130989.9607237
43210691.6286927
43116120.7158417
42919509.5962904
42605292.2678788
42204319.2057512
41671303.2195737
40998376.2646838
40242715.4416588
39501300.8015305
38958913.6487104
43003190.5768806
42895711.3294229
42677941.7358613
42342347.0669808
41871606.3082899
41249670.4435045
40462359.4558904
39501300.8015305
38381923.4020411
37288174.7026085
42877083.1568959
42762165.0679707
42531008.0729265
42174644.6299192
41675329.9019713
41008006.8905487
40130989.9607237
38958913.6487104
37288174.7026085
34546945.2107059
