46023321.1053576
45388917.7038117
44893406.2487547
44430528.2798965
44027177.2456923
43711143.8773846
43460675.8957626
43245625.5854021
43039416.6043208
42914208.1893159
45388917.7038117
45081964.8107643
44688015.9063597
44276780.6452764
43919873.7121242
43623029.3877833
43375923.9639132
43153232.8264795
42932100.791955
42800783.8636263
44893406.2487546
44688015.9063597
44372840.1847897
44044304.7412401
43735567.1589345
43456738.9921805
43203764.8669861
42961222.8881614
42717951.0639538
42573329.9700207
44430528.2798965
44276780.6452764
44044304.7412401
43777012.5137287
43499968.2493563
43226117.0942173
42951009.8004051
42656834.5040292
42390101.7961234
42223122.2582755
44027177.2456923
43919873.7121242
43735567.1589345
43499968.2493563
43231304.5519062
42938215.3709153
42620421.5267522
42255331.1715364
41926511.6085874
41731436.8560718
43711143.8773846
43623029.3877833
43456738.9921805
43226117.0942173
42938215.3709153
42595061.1587904
42191273.2190718
41725840.9639684
41312249.6486836
41073101.7784175
43460675.8957626
43375923.9639132
43203764.8669861
42951009.8004051
42620421.5267522
42191273.2190718
41649370.0965305
41064242.3557829
40534918.2290662
40206860.5976812
43245625.5854021
43153232.8264795
42961222.8881614
42656834.5040292
42255331.1715364
41725840.9639684
41064242.3557829
40318384.8071794
39584741.5283265
39047160.7763581
43039416.6043208
42932100.791955
42717951.0639538
42390101.7961234
41926511.6085874
41312249.6486836
40534918.2290662
39584741.5283265
38475975.2038231
37390842.2800872
42914208.1893159
42800783.8636263
42573329.9700207
42223122.2582755
41731436.8560718
41073101.7784175
40206860.5976812
39047160.7763581
37390842.2800872
34748809.1593076
46046331.7215054
45415678.5534876
44931097.18381
44472403.7925102
44067441.7570709
43751160.7971515
43500569.8102418
43287897.154487
43083934.1844848
42959771.2102806
45415678.5534876
45119178.4257594
44730396.3845339
44317274.4714087
43959824.8307737
43662938.5047578
43415876.4666952
43195854.3984647
42977027.9471587
42846384.1598739
44931097.18381
44730396.3845339
44413443.6533132
44084237.3562558
43775423.1614204
43496497.6227181
43244455.1120943
43004232.9172212
42763104.043736
42618941.4045969
44472403.7925102
44317274.4714087
44084237.3562558
43816845.9690784
43539724.5675236
43265466.5923111
42992014.2619633
42700335.8932938
42435224.6724283
42268717.5557387
44067441.7570709
43959824.8307737
43775423.1614204
43539724.5675236
43270756.0999147
42978055.358601
42661919.1060594
42299350.8978736
41971750.7678984
41776997.2947442
43751160.7971515
43662938.5047578
43496497.6227181
43265466.5923111
42978055.358601
42635889.1557524
42234067.2630396
41770483.3995803
41357624.8093926
41118608.9119617
43500569.8102418
43415876.4666952
43244455.1120943
42992014.2619633
42661919.1060593
42234067.2630395
41693779.0084647
41109307.1389525
40580326.253855
40252290.6526405
43287897.154487
43195854.3984647
43004232.9172212
42700335.8932938
42299350.8978736
41770483.3995803
41109307.1389525
40363728.3391768
39630099.523877
39092482.1249161
43083934.1844848
42977027.9471587
42763104.043736
42435224.6724283
41971750.7678984
41357624.8093926
40580326.253855
39630099.523877
38521238.384067
37435790.5570978
42959771.2102806
42846384.1598739
42618941.4045969
42268717.5557387
41776997.2947442
41118608.9119616
40252290.6526405
39092482.1249161
37435790.5570978
34766266.2950523
46082224.7878406
45466456.0637421
45000400.4932395
44545350.455715
44140282.7870444
43823827.3444795
43572987.0038634
43359997.1416459
43156632.2450232
43032839.4623749
45466456.0637421
45187510.0563435
44803336.1889801
44390209.1975721
44032584.7514898
43735537.1991225
43488169.7283866
43267812.5460874
43049792.1833508
42919490.6629261
45000400.4932394
44803336.1889801
44486413.7847103
44157043.6240635
43848099.2147042
43568991.3419648
43316641.0685985
43076036.1889648
42835847.4317525
42692054.0911525
44545350.455715
44390209.1975721
44157043.6240635
43889544.3956297
43612286.7138659
43337767.3798639
43063922.4306517
42772492.2782692
42507718.9983104
42341799.1830545
44140282.7870444
44032584.7514898
43848099.2147042
43612286.7138659
43343128.1775201
43050104.6469984
42733329.3350399
42371238.9918096
42044341.2628407
41850021.0952743
43823827.3444795
43735537.1991225
43568991.3419648
43337767.3798639
43050104.6469984
42707500.986018
42305126.4802866
41842396.0576503
41430381.6754478
41191546.2578252
43572987.0038634
43488169.7283866
43316641.0685985
43063922.4306517
42733329.3350399
42305126.4802866
41765602.0361448
41181618.0033455
40653114.1330994
40325103.5554148
43359997.1416459
43267812.5460874
43076036.1889648
42772492.2782692
42371238.9918096
41842396.0576503
41181618.0033455
40436421.1939952
39702799.2968313
39165118.6981526
43156632.2450231
43049792.1833508
42835847.4317525
42507718.9983104
42044341.2628407
41430381.6754478
40653114.1330994
39702799.2968313
38593781.0615956
37507745.3256761
43032839.4623749
42919490.6629261
42692054.0911525
42341799.1830545
41850021.0952743
41191546.2578252
40325103.5554148
39165118.6981526
37507745.3256761
34778982.0450506
