46156220.8667961
45524086.3451866
45032246.5936694
44571446.311801
44168912.6522641
43854671.1470509
43606961.2003119
43396873.7532677
43197698.9052252
43074574.4114476
45524086.3451866
45219698.1128362
44827962.4376899
44417462.0012295
44061787.6697145
43767054.6969414
43523702.1931047
43306182.6146932
43090757.3556097
42961933.8789343
45032246.5936694
44827962.4376899
44513068.8462649
44185352.9238404
43878096.8401471
43601495.3628211
43352627.9033864
43116233.268729
42879038.0965278
42736636.4435768
44571446.311801
44417462.0012295
44185352.9238404
43919099.735089
43643737.1069827
43372371.3291188
43102186.4691675
42819431.8104536
42555321.5842369
42389833.8665823
44168912.6522641
44061787.6697145
43878096.8401471
43643737.1069827
43377421.0177856
43088792.2152807
42775493.589466
42422346.8442812
42098162.3946504
41902280.063643
43854671.1470509
43767054.6969414
43601495.3628211
43372371.3291188
43088792.2152807
42750427.880055
42358557.6837791
41898598.0806021
41487401.0260189
41246791.8963963
43606961.2003119
43523702.1931047
43352627.9033864
43102186.4691675
42775493.589466
42358557.6837791
41819013.2908917
41243469.0112231
40711675.5246059
40381788.8178348
43396873.7532677
43306182.6146932
43116233.268729
42819431.8104536
42422346.8442812
41898598.0806021
41243469.0112231
40496842.8642671
39760769.2117598
39221563.3117614
43197698.9052252
43090757.3556097
42879038.0965278
42555321.5842369
42098162.3946504
41487401.0260189
40711675.5246059
39760769.2117598
38650164.2926196
37563238.8706473
43074574.4114476
42961933.8789343
42736636.4435768
42389833.8665823
41902280.063643
41246791.8963963
40381788.8178348
39221563.3117614
37563238.8706473
34917675.395803
46179292.5558417
45550877.4440813
45070355.7514491
44613601.4737599
44209287.793187
43894735.1253273
43646932.396061
43439081.3478754
43242108.7577261
43120140.8214177
45550877.4440812
45257333.4905889
44870709.3228077
44458133.9307557
44101802.6234364
43807002.256008
43563437.9345011
43348671.5993958
43135624.3695258
43007540.5365576
45070355.7514491
44870709.3228077
44553878.5602054
44225368.2330303
43917995.5662976
43641320.3013047
43393202.8858689
43159171.6266201
42924153.176029
42782256.582766
44613601.4737599
44458133.9307557
44225368.2330303
43958975.9995163
43683550.7334049
43411851.3165135
43143152.9430929
42862850.8823745
42600447.5310043
42435440.8805647
44209287.793187
44101802.6234364
43917995.5662976
43683550.7334049
43416967.279317
43128348.6037046
42816912.514767
42466150.4069127
42143357.4001724
41947852.9688068
43894735.1253273
43807002.256008
43641320.3013047
43411851.3165135
43128348.6037046
42791203.4371729
42401026.0365624
41943158.3479183
41532750.6662889
41292312.8495993
43646932.396061
43563437.9345012
43393202.8858689
43143152.9430929
42816912.514767
42401026.0365624
41863321.3778243
41288418.6479885
40757083.2010037
40427233.8251502
43439081.3478754
43348671.5993958
43159171.6266201
42862850.8823745
42466150.4069127
41943158.3479183
41288418.6479885
40542172.615565
39806138.2035027
39266900.2010856
43242108.7577261
43135624.3695258
42924153.176029
42600447.5310043
42143357.4001724
41532750.6662889
40757083.2010037
39806138.2035027
38695442.1554321
37608202.6014767
43120140.8214177
43007540.5365576
42782256.582766
42435440.8805647
41947852.9688068
41292312.8495993
40427233.8251502
39266900.2010856
37608202.6014767
34935113.1279567
46215306.8798372
45601397.4422642
45139495.2138866
44686583.0252117
44282165.7465207
43967436.2773295
43719399.2781216
43511236.2910173
43314788.0856043
43193220.0652209
45601397.4422642
45325441.6394195
44943681.2044922
44531109.9719279
44174596.5878728
43879636.4775379
43635767.5783132
43420660.3132363
43208401.1649415
43080660.6907992
45139495.2138866
44943681.2044922
44626891.785652
44298209.4632828
43990705.2862391
43713857.585209
43465443.3379197
43231049.2512378
42996902.5269805
42855385.0982634
44686583.0252117
44531109.9719279
44298209.4632828
44031707.4090408
43756152.0184517
43484215.6823413
43215159.3971879
42934923.1649151
42672978.9213726
42508542.0949444
44282165.7465207
44174596.5878728
43990705.2862391
43756152.0184517
43489392.164999
43200439.3950113
42888487.0475819
42538013.7849894
42215893.937895
42020897.3406665
43967436.2773295
43879636.4775379
43713857.585209
43484215.6823413
43200439.3950113
42862964.9224156
42471977.6582214
42015063.9500235
41605475.7644705
41365273.1427625
43719399.2781216
43635767.5783132
43465443.3379197
43215159.3971879
42888487.0475819
42471977.6582214
41935288.0044626
41360568.3051719
40829874.5878283
40500071.5872781
43511236.2910173
43420660.3132363
43231049.2512378
42934923.1649151
42538013.7849894
42015063.9500235
41360568.3051719
40614850.1913748
39878857.5634504
39339562.4131497
43314788.0856043
43208401.1649415
42996902.5269805
42672978.9213726
42215893.937895
41605475.7644705
40829874.5878283
39878857.5634504
38768009.2956389
37680182.5316375
43193220.0652209
43080660.6907992
42855385.0982634
42508542.0949444
42020897.3406665
41365273.1427625
40500071.587278
39339562.4131497
37680182.5316375
34947773.821211
