46290696.2237839
45660729.6976902
45172131.1873518
44713000.3341021
44311068.6157967
43998496.0693513
43753456.6833078
43548368.0520585
43355907.6949869
43234870.6643213
45660729.6976902
45358624.8504582
44968762.2077555
44558725.8177571
44204119.449227
43911354.0621102
43671201.1124059
43459546.1346304
43249639.6664973
43123121.8204029
45172131.1873518
44968762.2077555
44653959.7493977
44326919.0193505
44021104.206355
43746829.3909078
43502382.9561004
43272117.1977172
43040173.6962241
42900004.0780237
44713000.3341021
44558725.8177571
44326919.0193505
44061656.8123602
43787965.6905299
43519235.5470418
43254412.2101165
42983520.2453526
42720000.5149583
42556701.9825999
44311068.6157967
44204119.449227
44021104.206355
43787965.6905299
43523794.4857916
43239261.5298835
42930912.1323865
42588991.0274186
42270701.8795159
42074175.6501366
43998496.0693513
43911354.0621102
43746829.3909078
43519235.5470418
43239261.5298835
42904093.4111729
42523210.3695524
42074708.956954
41665486.594221
41422764.3600748
43753456.6833078
43671201.1124059
43502382.9561004
43254412.2101165
42930912.1323865
42523210.3695524
41995249.775236
41428841.9622989
40892527.6413153
40559799.6524729
43548368.0520585
43459546.1346304
43272117.1977172
42983520.2453526
42588991.0274186
42074708.956954
41428841.9622989
40680552.2246407
39940707.2322836
39399151.4057787
43355907.6949869
43249639.6664973
43040173.6962241
42720000.5149583
42270701.8795159
41665486.594221
40892527.6413153
39940707.2322836
38827685.2160737
37738572.7266217
43234870.6643213
43123121.8204029
42900004.0780237
42556701.9825999
42074175.6501366
41422764.3600748
40559799.6524729
39399151.4057787
37738572.7266217
35089224.5109766
46313829.9277913
45687530.4493899
45210916.8557754
44755480.4239703
44351562.0299474
44038603.3721547
43793498.3634283
43590506.0941323
43400204.876898
43280439.694491
45687530.4493899
45396984.2888111
45011944.523622
44599591.2716418
44244198.6603096
43951339.8308552
43710929.3384454
43501884.8807095
43294436.6775458
43168733.8568512
45210916.8557754
45011944.523622
44694993.8466598
44367019.766015
44061037.6645902
43786702.4975937
43542789.3624281
43314968.4713768
43085244.6747802
42945631.6397834
44755480.4239703
44599591.2716418
44367019.766015
44101568.6771598
43827819.8214617
43558813.0016512
43295313.6798621
43026794.404508
42765146.7836149
42602319.5258681
44351562.0299474
44244198.6603096
44061037.6645902
43827819.8214617
43563405.3419033
43278490.9930817
42972214.7862862
42632563.4989411
42315845.9147627
42119759.7215099
44038603.3721547
43951339.8308552
43786702.4975937
43558813.0016512
43278490.9930817
42944908.7338336
42565389.8962571
42119122.8547606
41710799.5749865
41468297.7979106
43793498.3634283
43710929.3384454
43542789.3624281
43295313.6798621
42972214.7862862
42565389.8962571
42039284.2065132
41473637.6219875
40937929.0191808
40605258.4743342
43590506.0941323
43501884.8807095
43314968.4713768
43026794.404508
42632563.4989411
42119122.8547606
41473637.6219875
40725857.7249622
39986084.8220625
39444502.7994926
43400204.876898
43294436.6775458
43085244.6747802
42765146.7836149
42315845.9147627
41710799.5749865
40937929.0191808
39986084.8220625
38872976.4634792
37783550.9398356
43280439.694491
43168733.8568512
42945631.6397834
42602319.5258681
42119759.7215099
41468297.7979106
40605258.4743342
39444502.7994926
37783550.9398356
35106641.2759748
46349966.9370622
45737917.577793
45279877.610535
44828500.7213137
44424477.5024677
44111338.4567668
43866012.7212969
43662712.5340057
43472869.5785468
43353529.6829396
45737917.577793
45464848.8845304
45084953.5808231
44672609.9671727
44317026.6394802
44024009.4745337
43783312.2580465
43573897.8332626
43367219.2655211
43241867.0455022
45279877.610535
45084953.5808231
44768051.7652428
44439896.1938309
44133780.1168155
43859280.2274063
43615071.0219126
43386905.3830841
43158001.9316881
43018774.9028478
44828500.7213136
44672609.9671727
44439896.1938309
44174332.2938355
43900457.7637792
43631233.6616605
43367403.2370824
43098727.310982
42837754.5530603
42675439.6091807
44424477.5024677
44317026.6394802
44133780.1168155
43900457.7637792
43635877.1695794
43350619.7824345
43043919.2696304
42704465.8723573
42388321.7392977
42192823.7852669
44111338.4567668
44024009.4745337
43859280.2274063
43631233.6616605
43350619.7824345
43016824.6824723
42636398.7010339
42190952.3001216
41783478.2961291
41541280.2356812
43866012.7212969
43783312.2580465
43615071.0219126
43367403.2370824
43043919.2696304
42636398.7010339
42111216.7717908
41545568.9384913
41010716.6614153
40678120.793193
43662712.5340057
43573897.8332626
43386905.3830841
43098727.310982
42704465.8723573
42190952.3001216
41545568.9384913
40798506.2154815
40058821.8283129
39517190.6119175
43472869.5785468
43367219.2655211
43158001.9316881
42837754.5530603
42388321.7392977
41783478.296129
41010716.6614153
40058821.8283129
38945567.7010698
37855556.0647922
43353529.6829396
43241867.0455022
43018774.9028479
42675439.6091807
42192823.7852669
41541280.2356812
40678120.793193
39517190.6119175
37855556.0647922
35119245.8967044
