46426837.9836918
45807851.7131579
45329640.7270582
44867241.2884478
44458182.6730935
44143962.5623338
43900289.1243123
43700095.1252492
43517104.6628296
43399573.9091184
45807851.7131579
45512499.3456479
45126382.1179994
44708396.7620904
44349944.9077166
44056463.1312008
43817969.8740506
43611692.4105892
43413120.5363294
43288071.4034929
45329640.7270582
45126382.1179994
44804463.3224103
44473333.8836784
44165711.0749414
43891770.0884007
43650751.1693042
43427929.5279493
43204379.2169955
43065335.1200916
44867241.2884478
44708396.7620904
44473333.8836784
44206123.1642786
43931800.8500429
43664047.6202194
43403272.8030255
43143980.4165752
42884583.985871
42722780.6085312
44458182.6730935
44349944.9077166
44165711.0749414
43931800.8500429
43667927.0667161
43385817.9361085
43080614.6632394
42742488.8046203
42439723.6672191
42241990.786703
44143962.5623338
44056463.1312008
43891770.0884007
43664047.6202194
43385817.9361085
43054180.9810074
42684767.9049278
42250486.0830461
41839723.3526517
41590904.2107972
43900289.1243123
43817969.8740506
43650751.1693042
43403272.8030255
43080614.6632394
42684767.9049278
42169664.9585481
41619301.384747
41064822.209443
40722679.2406763
43700095.1252492
43611692.4105892
43427929.5279493
43143980.4165752
42742488.8046203
42250486.0830461
41619301.384747
40856888.9137063
40100721.925019
39549080.5955015
43517104.6628296
43413120.5363294
43204379.2169955
42884583.985871
42439723.6672191
41839723.3526517
41064822.209443
40100721.925019
38971602.138905
37869047.4115909
43399573.9091183
43288071.4034929
43065335.1200916
42722780.6085312
42241990.786703
41590904.2107972
40722679.2406763
39549080.5955015
37869047.4115909
35195651.9440357
46450060.3331986
45834633.0111379
45368526.970822
44910829.4626523
44499182.1763972
44184388.6493467
43940588.0522783
43742248.630682
43561272.2492328
43445129.7564857
45834633.0111379
45550082.1040653
45170109.1059739
44749874.3130108
44390437.7738244
44096741.2833047
43857996.8561189
43654062.3417505
43457776.2613612
43333682.9212285
45368526.970822
45170109.1059739
44846121.5612358
44513903.8593066
44205979.8023264
43931915.9582959
43691170.7051437
43470680.3365463
43249350.1052674
43110968.3052058
44910829.4626523
44749874.3130108
44513903.8593066
44246389.5241698
43971947.0989738
43703924.9856298
43444237.1515257
43187081.3368263
42929707.930576
42768408.3438212
44499182.1763972
44390437.7738244
44205979.8023264
43971947.0989738
43707819.1012839
43424973.8259455
43121846.8453238
42786071.0604702
42484776.2416414
42287586.4598928
44184388.6493467
44096741.2833047
43931915.9582959
43703924.9856298
43424973.8259455
43095133.9974854
42726536.4706812
42294619.8125598
41884964.8852134
41636449.1770412
43940588.0522783
43857996.8561189
43691170.7051437
43444237.1515257
43121846.8453238
42726536.4706812
42213248.3922472
41663706.2333327
41110205.3170928
40768149.8283944
43742248.630682
43654062.3417505
43470680.3365463
43187081.3368263
42786071.0604702
42294619.8125598
41663706.2333327
40902146.1277885
40146103.5170423
39594443.2333843
43561272.2492328
43457776.2613612
43249350.1052674
42929707.930576
42484776.2416414
41884964.8852134
41110205.3170927
40146103.5170423
39016902.696064
37914035.3411424
43445129.7564857
43333682.9212285
43110968.3052058
42768408.3438212
42287586.4598928
41636449.1770412
40768149.8283944
39594443.2333843
37914035.3411424
35213004.4176593
46486422.2673628
45884822.9377663
45437312.1011483
44983983.3750022
44572153.0120786
44257165.8144479
44013150.23953
43814518.6157439
43633920.9430993
43518207.8828905
45884822.9377663
45617722.3708449
45243304.4510715
44822957.671287
44463311.9622121
44169452.6041592
43930440.9529092
43726176.2777035
43530470.9030726
43406821.9368757
45437312.1011483
45243304.4510715
44919245.4647119
44586829.3501098
44278763.5739121
44004537.5996918
43763499.1581768
43542649.0303229
43322056.0847391
43184125.0007758
44983983.3750022
44822957.671287
44586829.3501098
44319194.7749255
44044626.7837055
43776401.7055212
43516413.6635597
43258862.8230498
43002348.2317557
42841547.2547135
44572153.0120786
44463311.9622121
44278763.5739121
44044626.7837055
43780339.561536
43497150.8401095
43193677.8933074
42858383.993613
42557135.2596512
42360670.1153358
44257165.8144479
44169452.6041592
44004537.5996918
43776401.7055212
43497150.8401095
43167197.6000097
42797603.0744812
42366252.7131961
41957547.0201953
41709451.8298525
44013150.23953
43930440.9529092
43763499.1581768
43516413.6635597
43193677.8933074
42797603.0744812
42285251.3046012
41735048.8239046
41182972.7726606
40841033.9019726
43814518.6157439
43726176.2777035
43542649.0303229
43258862.8230498
42858383.993613
42366252.7131961
41735048.8239046
40974732.5712038
40218852.5660176
39667152.2899869
43633920.9430993
43530470.9030725
43322056.0847391
43002348.2317557
42557135.2596512
41957547.0201953
41182972.7726606
40218852.5660176
39089512.6043119
37986058.4915687
43518207.8828905
43406821.9368757
43184125.0007758
42841547.2547135
42360670.1153357
41709451.8298525
40841033.9019726
39667152.2899869
37986058.4915687
35225458.375312
