46574727.1474849
45948928.7771541
45465660.2363755
45008356.0083076
44606576.4932828
44296706.8348508
44056516.8443304
43860930.3734928
43682424.274063
43566003.4060906
45948928.7771541
45650747.7905163
45263550.8892791
44853071.9876221
44499804.4043618
44210352.0801846
43975366.9986593
43773595.0471379
43578937.6746529
43456349.2387012
45465660.2363755
45263550.8892791
44947832.6131482
44621399.7095845
44317984.1750317
44048078.3684537
43812287.5827911
43594226.5424697
43372364.020044
43236869.1893561
45008356.0083076
44853071.9876221
44621399.7095845
44357685.6070603
44086932.7353232
43823119.0763581
43568379.483531
43316412.7813001
43057344.6632206
42899611.2024625
44606576.4932828
44499804.4043618
44317984.1750317
44086932.7353232
43826300.9866455
43548499.4447117
43251190.8263042
42923369.721481
42620972.0637541
42426823.6874943
44296706.8348508
44210352.0801847
44048078.3684537
43823119.0763581
43548499.4447117
43224794.9635149
42862131.2847922
42431404.8496428
42031618.0271841
41786089.6445514
44056516.8443304
43975366.9986593
43812287.5827911
43568379.483531
43251190.8263042
42862131.2847922
42353225.5456233
41811302.691816
41268223.4306876
40929965.3944134
43860930.3734928
43773595.047138
43594226.5424697
43316412.7813001
42923369.721481
42431404.8496428
41811302.691816
41063549.7390144
40316613.3266693
39770220.9239389
43682424.274063
43578937.6746529
43372364.020044
43057344.6632206
42620972.0637541
42031618.0271841
41268223.4306876
40316613.3266693
39199291.5212681
38105785.5985084
43566003.4060906
43456349.2387012
43236869.1893562
42899611.2024625
42426823.6874943
41786089.6445514
40929965.3944134
39770220.9239389
38105785.5985084
35448769.9994539
46597992.5302958
45975763.4225885
45505698.8561704
45051580.4032288
44647361.1691303
44336915.0504064
44096687.3538853
43902908.7639408
43726474.7389361
43611577.3117189
45975763.4225885
45690426.6822814
45307226.531027
44894387.1680722
44540047.99734
44250425.1182732
44015293.5027661
43815832.2788167
43623531.8811915
43501969.9890787
45505698.8561704
45307226.531027
44989364.7710903
44661718.6713368
44358004.1599184
44088037.7457833
43852261.4546315
43636802.6703477
43417323.8766719
43282510.1032898
45051580.4032288
44894387.1680722
44661718.6713368
44397690.4207178
44126867.5323154
43862872.1314285
43609088.481047
43359369.3748941
43102497.9176503
42945248.538842
44647361.1691303
44540047.99734
44358004.1599184
44126867.5323154
43866055.3951978
43587648.9925547
43292142.8356637
42966843.2212884
42666056.3759686
42472431.4192948
44336915.0504064
44250425.1182732
44088037.7457833
43862872.1314285
43587648.9925547
43265339.0182079
42903455.3163156
42475515.1875487
42076836.969365
41831649.3370751
44096687.3538853
44015293.5027661
43852261.4546315
43609088.481047
43292142.8356637
42903455.3163156
42396742.1096019
41855758.9990892
41313598.5232192
40975454.5270342
43902908.7639408
43815832.2788167
43636802.6703477
43359369.3748941
42966843.2212884
42475515.1875487
41855758.9990892
41108778.513973
40362005.8229475
39815604.599201
43726474.7389361
43623531.8811915
43417323.8766719
43102497.9176504
42666056.3759686
42076836.969365
41313598.5232192
40362005.8229475
39244611.6495174
38150795.9732962
43611577.3117189
43501969.9890787
43282510.1032898
42945248.538842
42472431.4192948
41831649.3370751
40975454.5270342
39815604.599201
38150795.9732962
35466143.9712716
46634387.2882433
46025911.7674276
45574260.2777939
45124685.6410768
44720357.6691948
44409720.1219328
44169292.8074261
43975212.7350888
43799124.106418
43684689.9819409
46025911.7674276
45757749.0721294
45380326.8538958
44967497.4733349
44612948.3187187
44323167.245392
44087792.60566
43887996.2495421
43696256.8599691
43575127.201162
45574260.2777939
45380326.8538958
45062516.992139
44734670.6477028
44430814.5125091
44160693.9313389
43924614.0059916
43708783.3517991
43490099.5399601
43355681.2945004
45124685.6410768
44967497.4733349
44734670.6477028
44470521.430711
44199578.4699939
43935398.4102499
43681317.4732638
43431130.6484342
43175234.523421
43018404.3175796
44720357.6691948
44612948.3187187
44430814.5125091
44199578.4699939
43938621.803008
43659916.2305721
43364032.5326621
43038994.3394647
42738489.567888
42545535.436388
44409720.1219328
44323167.245392
44160693.9313389
43935398.4102499
43659916.2305721
43337411.3688258
42974526.3290932
42547349.1689652
42149394.1254194
41904675.0956404
44169292.8074262
44087792.60566
43924614.0059916
43681317.4732639
43364032.5326621
42974526.3290932
42468825.0272792
41927214.5126358
41386355.0963218
41048366.6063549
43975212.7350888
43887996.2495421
43708783.3517991
43431130.6484342
43038994.3394647
42547349.1689652
41927214.5126358
41181323.3263529
40434771.1977941
39888345.5454933
43799124.106418
43696256.8599692
43490099.5399601
43175234.523421
42738489.567888
42149394.1254194
41386355.0963218
40434771.1977941
39317251.4198379
38222853.8953019
43684689.981941
43575127.2011621
43355681.2945004
43018404.3175796
42545535.436388
41904675.0956404
41048366.6063549
39888345.5454933
38222853.8953019
35478631.49359
