46681954.6407846
46057616.8083442
45576197.5028093
45119037.1074285
44716990.026324
44408003.7264525
44169614.2175004
43977472.1232044
43804055.42049
43689273.9744024
46057616.8083442
45760888.5612363
45374345.291383
44963175.9173009
44610173.9041514
44321859.2589873
44088799.1570203
43890612.4088681
43701541.7582532
43580490.6978201
45576197.5028093
45374345.291383
45057815.9863474
44731337.5996176
44428627.6500889
44160213.0338305
43927417.3584435
43713529.8250686
43496286.4001253
43362666.9995404
45119037.1074285
44963175.9173009
44731337.5996176
44467991.6957374
44198134.0835195
43935943.6885201
43684578.9597389
43437699.6092804
43184300.9405797
43028267.8941669
44716990.026324
44610173.9041514
44428627.6500889
44198134.0835195
43938495.4755016
43662633.5130183
43369755.8322044
43051987.1426011
42753174.8987119
42559544.7218866
44408003.7264525
44321859.2589873
44160213.0338305
43935943.6885201
43662633.5130183
43343352.9619065
42985298.5342882
42568516.4713296
42170657.7259127
41923176.6233156
44169614.2175004
44088799.1570203
43927417.3584435
43684578.9597389
43369755.8322044
42985298.5342882
42494678.3886119
41956027.3073162
41410373.4610661
41069505.8278531
43977472.1232044
43890612.4088681
43713529.8250686
43437699.6092804
43051987.142601
42568516.4713296
41956027.3073162
41208605.4158728
40458461.3495996
39909883.6987029
43804055.42049
43701541.7582532
43496286.4001253
43184300.9405797
42753174.8987119
42170657.7259127
41410373.4610661
40458461.3495996
39339157.4183475
38243782.1353164
43689273.9744024
43580490.6978201
43362666.9995404
43028267.8941669
42559544.7218866
41923176.6233155
41069505.8278531
39909883.6987029
38243782.1353164
35583745.079001
46705269.8258852
46084469.4554971
45616698.667672
45162548.2007081
44757888.7752048
44448246.9423685
44209822.1489465
44019384.0147735
43848006.4597484
43734848.9089786
46084469.4554971
45801079.047456
45418037.124773
45004668.7875917
44650482.2150195
44361960.2097297
44128782.3097838
43932803.9796124
43746055.4231381
43626113.8508945
45616698.667672
45418037.124773
45099541.1238156
44771744.6083695
44468680.2351313
44200198.512429
43967211.8506001
43755988.0791829
43541197.8754625
43408311.8217837
45162548.2007081
45004668.7875917
44771744.6083695
44508033.0279487
44238096.1439515
43975755.8322866
43725208.0665372
43480599.3424911
43229420.721256
43073910.392096
44757888.7752048
44650482.2150195
44468680.2351313
44238096.1439515
43978305.5020225
43701927.2976801
43410697.2766357
43095418.8417478
42798242.4990509
42605159.3392389
44448246.9423685
44361960.2097297
44200198.512429
43975755.8322866
43701927.2976801
43383728.2023305
43026620.9914097
42612418.760018
42215828.4584081
41968743.7367583
44209822.1489465
44128782.3097838
43967211.8506001
43725208.0665372
43410697.2766357
43026620.9914097
42538043.5677244
42000382.6309943
41455729.8205141
41115004.3305352
44019384.0147735
43932803.9796124
43755988.0791829
43480599.3424911
43095418.8417478
42612418.760018
42000382.6309943
41253790.2969696
40503855.3497168
39955278.0355487
43848006.4597484
43746055.4231381
43541197.8754625
43229420.721256
42798242.4990509
42215828.4584081
41455729.8205141
40503855.3497168
39384486.5444205
38288803.5265218
43734848.9089786
43626113.8508945
43408311.8217837
43073910.392096
42605159.3392389
41968743.7367583
41115004.3305352
39955278.0355487
38288803.5265218
35601102.0022757
46741761.1457135
46134547.0910979
45685103.2498206
45235685.9884188
44830915.8738755
44521077.5508085
44282458.9446626
44091721.8664718
43920647.7675464
43807969.8870084
46134547.0910979
45868188.7580526
45491175.3812098
45077814.1473021
44723409.6031104
44434728.3192367
44201319.7496902
44005016.5093684
43818761.9104104
43699279.7210255
45685103.2498206
45491175.3812098
45172729.1888987
44844725.1144476
44541515.5523676
44272882.1894975
44039590.0040429
43827987.0932267
43613979.4549571
43481492.9228942
45235685.9884188
45077814.1473021
44844725.1144476
44580888.9934994
44310833.2161428
44048318.4737397
43797483.8105515
43552435.794929
43302157.1620172
43147077.4623216
44830915.8738755
44723409.6031104
44541515.5523676
44310833.2161428
44050906.0946302
43774256.8662133
43482680.4214821
43167534.7859564
42870675.9556074
42678277.1864463
44521077.5508085
44434728.3192367
44272882.1894975
44048318.4737397
43774256.8662133
43455834.9886853
43097919.2373796
42684143.3506145
42288324.5825623
42041784.2000809
44282458.9446626
44201319.7496902
44039590.0040429
43797483.8105515
43482680.4214821
43097919.2373796
42609841.4252402
42071718.6863686
41528464.6758367
41187933.9880982
44091721.8664718
44005016.5093684
43827987.0932267
43552435.794929
43167534.7859564
42684143.3506145
42071718.6863686
41326277.3686118
40576627.4015394
40028038.2705018
43920647.7675464
43818761.9104104
43613979.4549571
43302157.1620172
42870675.9556074
42288324.5825623
41528464.6758367
40576627.4015394
39457143.2706315
38360880.8510727
43807969.8870084
43699279.7210255
43481492.9228942
43147077.4623216
42678277.1864463
42041784.2000809
41187933.9880982
40028038.2705017
38360880.8510727
35613545.2612798
