46789199.2569866
46175220.9709662
45704016.205539
45245112.1817229
44833639.6519469
44522099.5261748
44284319.289448
44095428.2174662
43928326.7806602
43818157.4020666
46175220.9709662
45884568.8837719
45504395.9943863
45083090.2814612
44725193.1105127
44435504.7679171
44203502.2758863
44009237.9601394
43828614.6810667
43709551.2752222
45704016.205539
45504395.9943863
45178697.7739933
44847205.9347597
44542053.3537533
44273393.9428292
44042879.2479663
43834371.275466
43624959.6818928
43492248.969405
45245112.1817229
45083090.2814612
44847205.9347597
44581377.1275942
44310422.5353792
44048729.4434784
43800469.316448
43560199.6908698
43314845.1328346
43158741.0124077
44833639.6519469
44725193.1105127
44542053.3537533
44310422.5353792
44050487.5918783
43775820.5793538
43487750.3664185
43184244.9698635
42885593.4379906
42690629.2420617
44522099.5261748
44435504.7679171
44273393.9428292
44048729.4434784
43775820.5793538
43459977.0274381
43107386.7240885
42700584.3837126
42308014.1247876
42053566.3499435
44284319.289448
44203502.2758863
44042879.2479663
43800469.316448
43487750.3664185
43107386.7240885
42642987.0758059
42095536.0814889
41541503.5253574
41192779.2839887
44095428.2174662
44009237.9601394
43834371.275466
43560199.6908698
43184244.9698635
42700584.3837126
42095536.0814889
41341157.3529985
40577290.3818305
40019458.8274254
43928326.7806602
43828614.6810667
43624959.6818928
43314845.1328346
42885593.4379906
42308014.1247876
41541503.5253574
40577290.3818305
39442243.9088709
38333330.151097
43818157.4020666
43709551.2752222
43492248.969405
43158741.0124077
42690629.2420617
42053566.3499435
41192779.2839887
40019458.8274254
38333330.151097
35647798.0344727
46812589.2695794
46202055.892335
45743716.8277231
45288838.1355881
44875019.3789723
44562653.7809874
44324748.1872487
44137369.6381539
43972183.6289276
43863707.0863623
46202055.892335
45922773.445462
45548180.0507391
45125172.5818657
44765918.1420447
44475882.1231427
44243721.5709348
44051460.17574
43873009.745093
43755166.5343295
45743716.8277231
45548180.0507391
45221062.0996441
44888093.0918632
44582437.4964326
44313625.3404455
44082739.114404
43876730.7098641
43669768.3530093
43537893.650613
45288838.1355881
45125172.5818657
44888093.0918632
44621772.5411577
44350654.6838115
44088791.3725309
43841168.3178796
43603053.9332448
43359870.8422526
43204386.2588361
44875019.3789723
44765918.1420447
44582437.4964326
44350654.6838115
44090552.3354335
43815436.3832771
43528795.7165027
43227507.7787498
42930640.6791702
42736249.7295873
44562653.7809874
44475882.1231427
44313625.3404455
44088791.3725309
43815436.3832771
43500337.2374879
43148751.0513523
42744244.0267052
42353038.9679963
42099139.1371027
44324748.1872488
44243721.5709348
44082739.114404
43841168.3178796
43528795.7165027
43148751.0513523
42685888.1457389
42139748.9896257
41586820.2507699
41238285.656728
44137369.6381539
44051460.17574
43876730.7098641
43603053.9332448
43227507.7787498
42744244.0267052
42139748.9896257
41386250.591629
40622681.1551086
40064861.5144217
43972183.6289276
43873009.745093
43669768.3530094
43359870.8422526
42930640.6791702
42353038.9679963
41586820.2507699
40622681.1551086
39487578.9167187
38378358.4378973
43863707.0863623
43755166.5343295
43537893.650613
43204386.2588362
42736249.7295873
42099139.1371027
41238285.656728
40064861.5144218
38378358.4378973
35665065.0284428
46849279.0724258
46251957.6610681
45811955.137176
45362130.7144563
44948096.5739753
44635518.9087874
44397417.7087368
44209751.0367824
44044846.2991724
43936797.4571241
46251957.6610681
45989676.409879
45621510.7133366
45198382.3120682
44838886.8721197
44548682.3722755
44316297.4252032
44123734.4757521
43945655.8766105
43828327.4840997
45811955.137176
45621510.7133366
45294321.8279205
44961119.7864026
44655306.9556506
44386340.5229418
44155150.9727964
43948755.487963
43742496.835327
43611080.8666676
45362130.7144563
45198382.3120682
44961119.7864026
44694663.6187446
44423422.8612085
44161391.6178802
43913499.1863186
43674979.2936165
43432543.729652
43277562.7853681
44948096.5739753
44838886.8721197
44655306.9556506
44423422.8612085
44163188.5839027
43887825.7029702
43600884.6173452
43299402.6984725
43003095.7948403
42809380.7855933
44635518.9087874
44548682.3722755
44386340.5229418
44161391.6178802
43887825.7029702
43572495.3862746
43220285.5762942
42816015.2884831
42425325.2524294
42172191.4578184
44397417.7087368
44316297.4252032
44155150.9727964
43913499.1863186
43600884.6173452
43220285.5762942
42757037.3813514
42210959.0596383
41659503.0931222
41311229.9249527
44209751.0367824
44123734.4757521
43948755.487963
43674979.2936165
43299402.6984725
42816015.2884832
42210959.0596384
41458609.9276504
40695452.4336134
40137636.5965597
44044846.2991724
43945655.8766105
43742496.835327
43432543.729652
43003095.7948403
42425325.2524294
41659503.0931223
40695452.4336134
39560246.9608495
38450447.3073412
43936797.4571241
43828327.4840997
43611080.8666676
43277562.7853681
42809380.7855934
42172191.4578184
41311229.9249527
40137636.5965597
38450447.3073412
35677304.391745
