46899200.6826149
46286587.9276435
45817346.4063703
45359177.0511801
44946438.5279838
44635418.5099985
44399155.8316707
44213201.9923667
44050748.0163756
43942827.0163852
46286587.9276435
45997287.5863184
45618753.2139641
45195979.8369725
44837910.6263446
44549094.0116833
44318704.6602523
44127759.2006938
43952351.1284361
43835207.3943628
45817346.4063703
45618753.2139641
45291575.8321251
44959730.4337967
44655155.490876
44387778.8377269
44159251.9782565
43954385.4404294
43751141.8727246
43619875.2971602
45359177.0511801
45195979.8369725
44959730.4337967
44694338.2966265
44424480.1035505
44164699.0052887
43920299.5077865
43685396.7667025
43443664.4005351
43289053.9510234
44946438.5279838
44837910.6263446
44655155.490876
44424480.1035505
44166006.1940181
43893757.6955239
43610472.9244287
43316405.9667039
43017860.4385569
42824472.6860773
44635418.5099985
44549094.0116833
44387778.8377269
44164699.0052887
43893757.6955239
43582187.6999395
43234224.4957267
42832339.5141729
42448481.9700969
42192026.8675142
44399155.8316707
44318704.6602523
44159251.9782565
43920299.5077865
43610472.9244287
43234224.4957267
42785901.6529872
42236906.3529477
41684654.8087668
41333607.3631602
44213201.9923667
44127759.2006938
43954385.4404294
43685396.7667025
43316405.9667039
42832339.5141729
42236906.3529477
41487032.7708442
40720415.2218664
40160347.9631167
44050748.0163756
43952351.1284361
43751141.8727246
43443664.4005351
43017860.4385569
42448481.9700969
41684654.8087668
40720415.2218664
39583286.4279519
38472246.4165
43942827.0163852
43835207.3943628
43619875.2971602
43289053.9510234
42824472.6860773
42192026.8675142
41333607.3631602
40160347.9631168
38472246.4165
35782965.2918019
46922641.728366
46313444.5621855
45857152.7113238
45402915.2261669
44987943.4576485
44676011.0180841
44439614.7340622
44255098.4336311
44094505.5484637
43988373.5548845
46313444.5621855
46035523.293544
45662551.2909695
45238253.3841072
44878710.8062603
44589497.618813
44358971.636476
44169927.0406979
43996666.0094001
43880822.5769172
45857152.7113238
45662551.2909695
45334160.4205759
45000721.0412423
44695573.2044858
44428035.9284738
44199176.0523572
43996715.7488511
43795876.01765
43665521.4924366
45402915.2261669
45238253.3841072
45000721.0412423
44734771.3755982
44464728.4302932
44204794.4464188
43960849.4921547
43728139.9948649
43488646.6942493
43334702.3931143
44987943.4576485
44878710.8062603
44695573.2044858
44464728.4302932
44206102.0167261
43933463.0370505
43651467.2673452
43359516.2302388
43062922.2377689
42870098.9317363
44676011.0180841
44589497.618813
44428035.9284738
44204794.4464188
43933463.0370505
43622351.0315335
43275503.7920685
42875825.4286939
42493410.1302805
42237605.7077051
44439614.7340622
44358971.636476
44199176.0523572
43960849.4921547
43651467.2673452
43275503.7920685
42828440.0395958
42281054.1225445
41729933.2152515
41379122.4479238
44255098.433631
44169927.0406979
43996715.7488511
43728139.9948649
43359516.2302388
42875825.4286939
42281054.1225445
41532039.5296905
40765802.2095782
40205761.1588183
44094505.5484637
43996666.0094001
43795876.01765
43488646.6942493
43062922.2377689
42493410.1302805
41729933.2152515
40765802.2095782
39628629.3989145
38517285.6683947
43988373.5548845
43880822.5769172
43665521.4924365
43334702.3931143
42870098.9317363
42237605.7077051
41379122.4479238
40205761.1588183
38517285.6683947
35800205.8721244
46959429.8403432
46363277.9183912
45925218.0420272
45476246.8062079
45061053.8586731
44748902.107325
44512313.6799508
44327516.0049651
44167172.8443227
44061466.6338492
46363277.9183912
46102194.3130368
45735916.7748821
45311502.6551368
44951708.3381656
44662323.5136459
44431583.0796172
44242240.3124512
44069306.1819624
43953989.3377468
45925218.0420272
45735916.7748821
45407463.335109
45073778.9826642
44768468.0416997
44500778.5713479
44271635.518189
44068812.509176
43868576.1106032
43738715.9914413
45476246.8062079
45311502.6551368
45073778.9826642
44807688.0166923
44537521.6356453
44277426.7973006
44033205.3778716
43800074.7694368
43561321.6172369
43407887.9869093
45061053.8586731
44951708.3381656
44768468.0416997
44537521.6356453
44278768.8282718
44005902.3290064
43723621.0321966
43431270.8341359
43135446.6645045
42943242.506348
44748902.107325
44662323.5136459
44500778.5713479
44277426.7973006
44005902.3290064
43694537.105231
43347159.7274083
42947744.3427737
42565560.6997887
42310670.377946
44512313.6799508
44431583.0796172
44271635.518189
44033205.3778716
43723621.0321965
43347159.7274083
42899287.1873105
42352254.9009068
41802565.4583429
41452082.9552088
44327516.0049651
44242240.3124512
44068812.509176
43800074.7694368
43431270.8341359
42947744.3427737
42352254.9009068
41604277.3008174
40838572.2533343
40278555.0238672
44167172.8443227
44069306.1819624
43868576.1106032
43561321.6172369
43135446.6645045
42565560.6997887
41802565.4583429
40838572.2533343
39701312.7133022
38589393.6215429
44061466.6338492
43953989.3377468
43738715.9914413
43407887.9869093
42943242.506348
42310670.377946
41452082.9552089
40278555.0238672
38589393.6215429
35812380.9814214
