47012882.2795702
46392605.697543
45916406.7648338
45458794.2986686
45054696.5184364
44747811.4417242
44514285.5344023
44331263.9076201
44172374.4756175
44062476.8598233
46392605.697543
46100180.9961271
45714978.4148616
45300664.4271567
44947832.112799
44662480.9551996
44434589.0956367
44246538.7599672
44072797.034634
43956474.9064787
45916406.7648338
45714978.4148616
45395230.6870125
45068228.8843576
44767479.8029118
44503143.7215845
44277091.5110954
44075075.0642403
43873153.2716974
43744019.9899976
45458794.2986686
45300664.4271567
45068228.8843576
44806282.9429892
44539652.1950244
44283033.4005387
44042781.789353
43811164.5787754
43568909.0287204
43417342.8325161
45054696.5184364
44947832.112799
44767479.8029118
44539652.1950244
44284153.3672878
44015258.3492977
43736620.1005766
43448831.2763425
43147808.5220455
42958585.2101601
44747811.4417242
44662480.9551996
44503143.7215846
44283033.4005387
44015258.3492977
43708453.9227202
43364092.3940094
42970072.8316135
42586078.5052568
42334600.4770238
44514285.5344023
44434589.0956367
44277091.5110954
44042781.789353
43736620.1005766
43364092.3940094
42918821.9215202
42372785.1695741
41833943.5012453
41487860.8783049
44331263.9076201
44246538.7599672
44075075.0642403
43811164.5787754
43448831.2763425
42970072.8316135
42372785.1695741
41639026.2818606
40883179.970297
40329268.2601387
44172374.4756175
44072797.034634
43873153.2716974
43568909.0287204
43147808.5220455
42586078.5052568
41833943.5012453
40883179.9702971
39759268.9049706
38658841.9072715
44062476.8598233
43956474.9064788
43744019.9899976
43417342.8325162
42958585.2101602
42334600.4770238
41487860.8783049
40329268.2601387
38658841.9072715
35990038.9687582
47036351.7002737
46419527.3127139
45957668.7114286
45502479.1101837
45095930.5615663
44788146.0239976
44554573.1179971
44373026.8466409
44216008.1353058
44108054.0086869
46419527.3127139
46141262.5127485
45758704.3123321
45342692.0273111
44988334.125571
44702639.9419493
44474701.9915153
44288555.028981
44117060.0607107
44002104.0475886
45957668.7114285
45758704.3123321
45437575.4578335
45108910.3853553
44807608.2789516
44543182.7633036
44316891.0535574
44117291.7210742
43917867.5874349
43789673.7513272
45502479.1101837
45342692.0273111
45108910.3853553
44846412.6264846
44579647.4254984
44322939.8955869
44082963.7489412
43853772.0197341
43613905.5064046
43462997.7109834
45095930.5615664
44988334.125571
44807608.2789516
44579647.4254984
44324049.6362571
44054827.3683565
43777405.882388
43491809.5452898
43192925.4658629
43004219.4539518
44788146.0239976
44702639.9419494
44543182.7633036
44322939.895587
44054827.3683565
43748199.9149923
43405178.21607
43013338.6320815
42631070.5748632
42380189.2529936
44554573.1179971
44474701.9915153
44316891.0535574
44082963.7489412
43777405.882388
43405178.21607
42961214.2440002
42417062.9197636
41879207.1594513
41533387.9403799
44373026.8466409
44288555.028981
44117291.7210742
43853772.0197341
43491809.5452898
43013338.6320815
42417062.9197636
41683996.986358
40928567.145513
40374696.0499448
44216008.1353058
44117060.0607108
43917867.5874349
43613905.5064046
43192925.465863
42631070.5748633
41879207.1594514
40928567.145513
39804623.9698478
38703898.074424
44108054.0086869
44002104.0475887
43789673.7513272
43462997.7109834
43004219.4539518
42380189.2529936
41533387.9403799
40374696.0499448
38703898.074424
36007345.8147413
47073137.8875938
46469430.7719968
46025561.7613872
45575720.4374171
45169049.3417705
44861052.0127934
44627297.2751887
44445473.5801365
44288631.9965781
44181200.8841213
46469430.7719967
46207689.218903
45831931.4075003
45415944.3129363
45061343.4101544
44775483.199153
44547344.5330256
44360887.8261842
44189737.9487262
44075296.2239664
46025561.7613872
45831931.4075003
45510877.7125592
45181978.566584
44880517.3234961
44615946.4931695
44389393.5345272
44189423.5588208
43990613.2556756
43862881.9753799
45575720.4374171
45415944.3129363
45181978.566584
44919342.7170948
44652458.5050076
44395598.5081833
44155328.8773336
43925705.9988104
43686651.2344734
43536194.1585282
45169049.3417705
45061343.4101544
44880517.3234961
44652458.5050076
44396741.5128528
44127308.1381665
43849596.8750378
43563492.0968839
43265564.9799243
43077375.7383089
44861052.0127934
44775483.199153
44615946.4931695
44395598.5081833
44127308.1381665
43820396.4820253
43476890.4037803
43085145.0662614
42703334.7667016
42453269.1957269
44627297.2751888
44547344.5330256
44389393.5345273
44155328.8773336
43849596.8750379
43476890.4037803
43032111.2363078
42488556.2746655
41951819.0843097
41606366.7523596
44445473.5801365
44360887.8261842
44189423.5588209
43925705.9988104
43563492.0968839
43085145.0662614
42488556.2746655
41756182.4044334
41001338.0693986
40447512.6779414
44288631.9965781
44189737.9487262
43990613.2556756
43686651.2344734
43265564.9799243
42703334.7667016
41951819.0843097
41001338.0693986
39877326.5837319
38776033.2140573
44181200.8841213
44075296.2239664
43862881.9753799
43536194.1585283
43077375.7383089
42453269.1957269
41606366.7523596
40447512.6779414
38776033.2140573
36019655.5200689
