47124961.2876523
46505863.6039239
46031102.2477564
45572756.4850469
45167152.7869903
44860473.6391985
44628246.4163409
44447932.7925211
44293853.8323563
44185599.6937551
46505863.6039238
46214737.2537242
45829537.1153015
45413354.7843969
45059855.030123
44774924.9660224
44548336.0206871
44363366.2810914
44194530.3693153
44079916.5513578
46031102.2477564
45829537.1153015
45507986.3838494
45179998.4734631
44879077.8832642
44615255.9759297
44390479.9220626
44191627.0908225
43995470.0957178
43867990.0209022
45572756.4850469
45413354.7843969
45179998.4734631
44917593.160995
44650887.3103491
44394760.5395386
44156671.3752937
43928779.8395107
43690796.2696823
43541605.7270824
45167152.7869904
45059855.030123
44879077.8832642
44650887.3103491
44394942.6859394
44125857.563111
43848269.3355584
43563987.4275373
43268285.7729181
43083086.0282306
44860473.6391985
44774924.9660224
44615255.9759297
44394760.5395386
44125857.563111
43818595.8794571
43472404.5408522
43070939.4157404
42705808.5429895
42460368.1142462
44628246.4163409
44548336.0206872
44390479.9220626
44156671.3752937
43848269.3355584
43472404.5408522
43031861.3666045
42491500.3159343
41961996.3065641
41617541.1431397
44447932.7925211
44363366.2810914
44191627.0908226
43928779.8395107
43563987.4275373
43070939.4157404
42491500.3159343
41769919.6064525
41015570.2107764
40461504.0607561
44293853.8323563
44194530.3693153
43995470.0957178
43690796.2696823
43268285.7729181
42705808.5429895
41961996.3065641
41015570.2107764
39892314.69603
38791243.1772891
44185599.6937551
44079916.5513578
43867990.0209022
43541605.7270825
43083086.0282306
42460368.1142463
41617541.1431397
40461504.0607561
38791243.1772891
36120373.6502165
47148483.6714381
46532814.199771
46072599.3803325
45616454.3268908
45208562.8811889
44900886.0762711
44668586.0882087
44489675.5786823
44337375.5685324
44231179.2460601
46532814.199771
46256095.9421931
45873276.0705542
45455625.992672
45100486.4262366
44815149.6980259
44588514.2263487
44405321.1364073
44238707.0999326
44125549.7678439
46072599.3803325
45873276.0705542
45550605.1698139
45220847.7125833
44919297.6514031
44655363.439259
44430377.9543227
44233809.405061
44040108.771099
43913649.2616539
45616454.3268908
45455625.992672
45220847.7125833
44957826.6222375
44690961.1738365
44434748.9761972
44196700.2837147
43971256.4933552
43735748.4061458
43587268.4149552
45208562.881189
45100486.4262366
44919297.6514031
44690961.1738365
44434931.4612347
44165553.5941157
43889005.6749521
43606840.687588
43313398.0955386
43128731.72885
44900886.0762711
44815149.6980259
44655363.439259
44434748.9761972
44165553.5941157
43858136.3986101
43513375.8401322
43114529.9847406
42750816.5665239
42505972.4892781
44668586.0882087
44588514.2263487
44430377.9543227
44196700.2837147
43889005.6749521
43513375.8401322
43074050.1109361
42535723.8431791
42007226.0608405
41663083.55464
44489675.5786823
44405321.1364073
44233809.405061
43971256.4933552
43606840.6875881
43114529.9847406
42535723.8431791
41814796.2278641
41060955.4852457
40506947.9313008
44337375.5685325
44238707.0999326
44040108.771099
43735748.4061458
43313398.0955386
42750816.5665239
42007226.0608405
41060955.4852457
39937681.9260152
38836315.1210238
44231179.2460601
44125549.7678439
43913649.2616539
43587268.4149552
43128731.72885
42505972.4892782
41663083.55464
40506947.9313008
38836315.1210238
36137668.4893095
47185369.6419526
46582676.5270381
46140311.2833232
45689732.4112985
45281716.769995
44973820.492359
44741340.5237608
44562161.9047811
44409994.2102167
44304335.3921258
46582676.5270381
46322281.3339504
45946532.2496557
45528918.5940071
45173527.3365864
44888021.0305699
44661191.5214582
44477689.2224148
44311381.1498898
44198751.3353798
46140311.2833231
45946532.2496557
45623951.568207
45293950.129662
44992235.5336173
44728156.8226056
44502925.2612125
44306001.4154771
44112834.4376881
43986866.4048228
45689732.4112985
45528918.5940071
45293950.129662
45030786.1540955
44763800.9456692
44507440.7671659
44269089.9003225
44043196.4034033
43808500.7489994
43660474.4131208
45281716.769995
45173527.3365864
44992235.5336173
44763800.9456692
44507656.1609328
44238079.2948485
43961248.6975835
43678493.0443861
43386075.4564192
43201899.8535472
44973820.492359
44888021.0305699
44728156.8226056
44507440.7671659
44238079.2948485
43930357.66363
43585173.5112789
43186963.6689369
42823116.0215795
42579067.640292
44741340.5237609
44661191.5214582
44502925.2612125
44269089.9003226
43961248.6975835
43585173.5112789
43145036.9307944
42607273.0497959
42079781.7905578
41736077.7169565
44562161.9047811
44477689.2224148
44306001.4154771
44043196.4034033
43678493.0443861
43186963.668937
42607273.0497959
41886835.5723741
41133717.3063091
40579782.7991173
44409994.2102168
44311381.1498898
44112834.4376881
43808500.7489994
43386075.4564192
42823116.0215796
42079781.7905578
41133717.3063091
40010397.6831872
38908469.3978311
44304335.3921258
44198751.3353799
43986866.4048228
43660474.4131209
43201899.8535473
42579067.6402921
41736077.7169565
40579782.7991173
38908469.3978311
36149935.988916
