47231035.8042353
46622038.0310492
46157847.7016532
45700325.9066981
45280377.758857
44967694.0411071
44731672.2007209
44546274.7769778
44378933.0672069
44286621.8015947
46622038.0310492
46336384.525446
45962133.7437941
45532354.5387913
45171089.2630982
44882253.9873605
44653568.1771118
44467883.3497438
44300277.6266622
44190276.7300159
46157847.7016532
45962133.7437941
45628580.5459262
45293501.8143015
44988528.0496946
44722745.2808975
44497605.6128177
44300949.5910737
44112266.7248685
43985648.5962697
45700325.9066981
45532354.5387913
45293501.8143015
45027731.7976449
44759177.4491832
44502699.3224009
44266583.2147753
44043933.8576037
43813258.6896318
43663930.6799059
45280377.758857
45171089.2630982
44988528.0496946
44759177.4491832
44502800.5931123
44234526.122806
43960155.9569689
43683404.1618623
43395759.6142103
43208427.1920695
44967694.0411071
44882253.9873605
44722745.2808975
44502699.3224009
44234526.122806
43930289.5537076
43589030.7382154
43208722.1925833
42838941.1229359
42586488.906785
44731672.2007209
44653568.1771118
44497605.6128177
44266583.2147753
43960155.9569689
43589030.7382154
43157225.0141337
42627409.1362905
42093726.595529
41738661.8488748
44546274.7769778
44467883.3497438
44300949.5910737
44043933.8576037
43683404.1618623
43208722.1925833
42627409.1362905
41908381.6276208
41135461.7606721
40569290.6260772
44378933.0672069
44300277.6266622
44112266.7248685
43813258.6896318
43395759.6142103
42838941.1229359
42093726.595529
41135461.7606721
39994105.4176602
38877408.2756244
44286621.8015947
44190276.7300159
43985648.5962697
43663930.679906
43208427.1920695
42586488.906785
41738661.8488748
40569290.6260772
38877408.2756244
36177953.2868079
47254632.843773
46648975.6263442
46197886.4546485
45744108.5332126
45322437.6986605
45008546.7129016
44772307.0489585
44588106.3495878
44422681.1849928
44332215.9147554
46648975.6263442
46374560.3973444
46005979.2155632
45575356.4970435
45212279.8933431
44922853.0467182
44694029.4266184
44509869.1957915
44344359.1018264
44235903.7751789
46197886.4546485
46005979.2155632
45671967.2613292
45334977.2900797
45029182.8493279
44763164.9641207
44537793.5218542
44343173.9151816
44156775.691033
44031305.6507821
45744108.5332126
45575356.4970435
45334977.2900797
45068423.9008315
44799581.5407092
44542953.9165123
44306662.121481
44086278.8569595
43858095.1326002
43709592.2690419
45322437.6986605
45212279.8933431
45029182.8493279
44799581.5407092
44543058.0270972
44274489.2570345
44000956.1066376
43726194.529363
43440754.5851915
43254070.4124859
45008546.7129016
44922853.0467182
44763164.9641207
44542953.9165123
44274489.2570345
43969794.9304571
43630076.1825306
43252065.6095308
42883840.9861807
42632090.7593521
44772307.0489585
44694029.4266184
44537793.5218542
44306662.121481
44000956.1066376
43630076.1825306
43198992.9277838
42671357.0102934
42138823.8235992
41784203.478517
44588106.3495879
44509869.1957915
44343173.9151816
44086278.8569595
43726194.529363
43252065.6095308
42671357.0102934
41952965.8039822
41180816.6791427
40614737.0149494
44422681.1849928
44344359.1018264
44156775.691033
43858095.1326002
43440754.5851915
42883840.9861807
42138823.8235992
41180816.6791427
40039469.779455
38922482.8172557
44332215.9147554
44235903.7751789
44031305.6507821
43709592.2690419
43254070.4124859
42632090.7593521
41784203.478517
40614737.0149494
38922482.8172557
36195120.4536285
47291717.9892773
46698648.7356512
46265401.543463
45817560.6652752
45395662.089562
45081525.8780165
44845095.7693174
44660625.6341415
44495858.239828
44405385.5954054
46698648.7356512
46440493.3507059
46079446.9957874
45648740.6659179
45285376.1544343
44995763.4041435
44766743.7736382
44582275.8681303
44417029.9386033
44309089.5850284
46265401.543463
46079446.9957874
45745415.1024676
45408142.3906009
45102163.3956358
44835993.8600507
44610385.9675152
44415441.7945762
44229417.8246045
44104518.862887
45817560.6652752
45648740.6659179
45408142.3906009
45141427.6023771
44872456.1160719
44615680.5743691
44379087.0963966
44158235.4265565
43930783.8612336
43782800.4862777
45395662.089562
45285376.1544343
45102163.3956358
44872456.1160719
44615816.229038
44347058.2011166
44073265.1662915
43797969.910046
43513341.9368501
43327242.0180484
45081525.8780165
44995763.4041435
44835993.8600507
44615680.5743691
44347058.2011166
44042055.8454945
43702030.8179534
43324013.2494789
42956026.9323221
42705191.5994583
44845095.7693174
44766743.7736382
44610385.9675152
44379087.0963966
44073265.1662915
43702030.8179534
43269998.0184678
42742773.8530872
42211198.7696725
41857205.2147736
44660625.6341415
44582275.8681303
44415441.7945762
44158235.4265564
43797969.910046
43324013.2494789
42742773.8530872
42024578.6805227
41253545.6406466
40687582.9700123
44495858.239828
44417029.9386033
44229417.8246045
43930783.8612337
43513341.9368501
42956026.9323221
42211198.7696725
41253545.6406466
40112189.232504
38994645.7431723
44405385.5954054
44309089.5850284
44104518.862887
43782800.4862777
43327242.0180484
42705191.5994583
41857205.2147736
40687582.9700124
38994645.7431723
36207108.3932268
