47342031.1852888
46734214.0350007
46271734.7155488
45814507.2310001
45392077.3277908
45079509.5532715
44845531.1685108
44665320.5911477
44511653.5858433
44412478.2983156
46734214.0350007
46449772.8713189
46077058.6268278
45644681.7708924
45282326.1299662
44993964.3239842
44766969.9364022
44585020.1964839
44423256.1873998
44313780.2810711
46271734.7155488
46077058.6268278
45741094.3131656
45404721.413324
45099669.6346513
44834724.3539217
44611224.7381321
44417807.2801494
44234539.8329162
44109265.0085633
45814507.2310001
45644681.7708924
45404721.413324
45138771.2627336
44870791.4782499
44615640.1936966
44382269.8533398
44162981.2747924
43937266.2915869
43789490.9894372
45392077.3277908
45282326.1299662
45099669.6346513
44870791.4782499
44615400.9730849
44348869.882144
44077757.7841945
43806548.2614385
43522821.2979465
43337085.2334223
45079509.5532715
44993964.3239842
44834724.3539217
44615640.1936966
44348869.882144
44047632.0427353
43709524.2683672
43341513.5418669
42969495.5667277
42718873.3790481
44845531.1685108
44766969.9364022
44611224.7381321
44382269.8533398
44077757.7841945
43709524.2683672
43283888.4332974
42756739.8248923
42232585.4146682
41875504.7686029
44665320.5911477
44585020.1964839
44417807.2801494
44162981.2747924
43806548.2614386
43341513.5418669
42756739.8248923
42053041.6003832
41277025.1612287
40707920.1892776
44511653.5858433
44423256.1873998
44234539.8329162
43937266.2915869
43522821.2979465
42969495.5667277
42232585.4146682
41277025.1612287
40133744.5107878
39014675.2704741
44412478.2983156
44313780.2810711
44109265.0085633
43789490.9894372
43337085.2334223
42718873.3790482
41875504.7686029
40707920.1892776
39014675.2704741
36311598.7904242
47365680.2002293
46761180.8799646
46311752.7459544
45858299.4596025
45434273.5740897
45120366.3502529
44886117.4734088
44707072.575721
44555227.1469529
44458046.2153613
46761180.8799646
46487819.7084704
46120915.2760949
45687896.0153722
45323606.2387059
45034560.9223888
44807412.7710971
44626904.9804995
44467239.5263588
44359392.8743691
46311752.7459544
46120915.276095
45784719.7627987
45446339.0224474
45140368.0233144
44875145.9977121
44651435.3481777
44459970.4945558
44278961.503878
44154916.0261104
45858299.4596025
45687896.0153722
45446339.0224474
45179525.1173583
44911213.5667542
44655905.026678
44422144.0170384
44205214.105681
43982033.1333091
43835150.7781275
45434273.5740897
45323606.2387059
45140368.0233144
44911213.5667542
44655676.3892676
44388874.7197336
44118461.432923
43849231.1916635
43567765.5314084
43382728.7497232
45120366.3502529
45034560.9223888
44875145.9977121
44655905.026678
44388874.7197336
44086889.3134832
43750598.4473498
43384658.9933763
43014424.926712
42764479.0267066
44886117.4734089
44807412.7710972
44651435.3481777
44422144.0170384
44118461.432923
43750598.4473498
43325207.6762432
42800634.8673518
42277585.8689347
41921051.6763415
44707072.575721
44626904.9804995
44459970.4945559
44205214.105681
43849231.1916635
43384658.9933763
42800634.8673518
42097411.9598773
41322356.2011584
40753375.2957539
44555227.1469529
44467239.5263588
44278961.503878
43982033.1333091
43567765.5314084
43014424.926712
42277585.8689347
41322356.2011584
40179111.8300617
39059759.9220145
44458046.2153613
44359392.8743691
44154916.0261104
43835150.7781275
43382728.7497232
42764479.0267066
41921051.6763415
40753375.2957539
39059759.9220145
36328739.7677165
47402863.9115637
46810807.0261285
46379073.7344584
45931784.3370513
45507533.1930152
45193368.4478879
44958926.4710911
44779621.0624574
44628028.4282295
44531205.9218623
46810807.0261285
46553492.4221257
46194409.3766688
45761324.7913299
45396732.7454508
45107493.5912875
44880152.0511806
44699336.9282316
44539914.2477438
44432576.28498
46379073.7344584
46194409.3766688
45858215.5478324
45519539.0209317
45213374.377751
44947998.3117912
44724061.7704923
44532282.0932152
44351586.2124777
44228131.7396823
45931784.3370513
45761324.7913299
45519539.0209317
45252556.0508537
44984112.0784927
44728657.7357381
44494588.6666141
44277211.805439
44054709.9545142
43908363.4632475
45507533.1930152
45396732.7454508
45213374.377751
44984112.0784927
44728460.7753186
44461479.206077
44190813.3076685
43921049.1304528
43640350.4200769
43455905.3990673
45193368.4478879
45107493.5912875
44947998.3117912
44728657.7357381
44461479.206077
44159176.4616423
43822667.1013811
43456364.0884776
43086707.2489942
42837588.8639767
44958926.4710911
44880152.0511806
44724061.7704923
44494588.6666141
44190813.3076685
43822667.1013811
43396182.343196
42872302.7112732
42349822.8061881
41994063.8084198
44779621.0624574
44699336.9282316
44532282.0932152
44277211.805439
43921049.1304528
43456364.0884776
42872302.7112732
42168702.8572152
41395053.9302589
40826236.911856
44628028.4282296
44539914.2477438
44351586.2124777
44054709.9545142
43640350.4200769
43086707.2489942
42349822.8061881
41395053.9302589
40251839.0199167
39131940.3594007
44531205.9218623
44432576.28498
44228131.7396823
43908363.4632475
43455905.3990674
42837588.8639767
41994063.8084198
40826236.911856
39131940.3594007
36340663.8280538
