47454722.8816365
46848064.7991188
46387304.2811102
45930390.6105049
45505232.9270492
45192460.8436286
44959719.889341
44782091.2139424
44632580.7376354
44534904.3611159
46848064.7991188
46564833.5849421
46193728.8040978
45758608.5585764
45394992.6956035
45106935.6120731
44881245.8000533
44701957.6216478
44544618.3923232
44437306.4377135
46387304.2811102
46193728.8040978
45855294.4453011
45517409.271849
45212210.213887
44948037.1982514
44726063.5024845
44535882.21737
44358024.1867054
44234659.9123039
45930390.6105049
45758608.5585765
45517409.271849
45251212.1985235
44983775.8786941
44729851.9232189
44498737.6538357
44282753.6652109
44063990.8039322
43917734.6122598
45505232.9270492
45394992.6956035
45212210.213887
44983775.8786941
44729395.6133056
44464594.1518105
44197723.1142839
43933216.8881952
43653075.5280952
43468914.458105
45192460.8436286
45106935.6120731
44948037.1982514
44729851.9232189
44464594.1518105
44165092.0644665
43832137.4633225
43477402.2260064
43103954.9710319
42855037.8530949
44959719.889341
44881245.8000533
44726063.5024845
44498737.6538357
44197723.1142839
43832137.4633225
43407621.8189741
42892799.5003111
42377678.5061915
42017102.9585474
44782091.2139424
44701957.6216478
44535882.21737
44282753.6652109
43933216.8881952
43477402.2260064
42892799.5003111
42206181.9625177
41424832.0316778
40851478.5760845
44632580.7376354
44544618.3923232
44358024.1867055
44063990.8039322
43653075.5280952
43103954.9710319
42377678.5061915
41424832.0316778
40278618.5322623
39156468.2668394
44534904.3611159
44437306.4377135
44234659.9123039
43917734.6122598
43468914.458105
42855037.8530949
42017102.9585474
40851478.5760845
39156468.2668394
36449352.4481507
47478424.569032
46875062.5837567
46427262.5547508
45974192.1740884
45547590.4965333
45233375.5351991
45000336.3866196
44823822.362986
44676151.0530055
44580482.6687568
46875062.5837567
46602698.2836118
46237594.448911
45802034.3106444
45436383.9200535
45147565.8335519
44921718.8073895
44743805.6846616
44588512.8378596
44482917.3972427
46427262.5547508
46237594.448911
45898952.6492492
45559170.5587485
45252964.3839611
44988478.5627737
44766319.4300732
44577983.0745884
44402362.5412107
44280309.4363077
45974192.1740884
45802034.3106444
45559170.5587485
45292033.1605674
45024220.7616718
44770138.5629535
44538585.2384638
44324968.1637693
44108671.7785432
43963392.820994
45547590.4965334
45436383.9200535
45252964.3839611
45024220.7616718
44769690.0341823
44504648.9444634
44238283.2265502
43975746.57204
43697962.9859619
43514556.4650746
45233375.5351991
45147565.8335519
44988478.5627737
44770138.5629535
44504648.9444634
44204513.137457
43873159.90481
43520326.7997603
43148903.8955974
42900644.0778104
45000336.3866197
44921718.8073895
44766319.4300732
44538585.2384638
44238283.2265502
43873159.90481
43448882.2564374
42936524.5638169
42422550.5746831
42062651.2353288
44823822.362986
44743805.6846616
44577983.0745884
44324968.1637693
43975746.57204
43520326.7997603
42936524.5638169
42250279.0084053
41470127.6038989
40896939.4477065
44676151.0530055
44588512.8378596
44402362.5412107
44108671.7785432
43697962.9859619
43148903.8955973
42422550.5746831
41470127.6038989
40323984.4800375
39201560.8409314
44580482.6687568
44482917.3972427
44280309.4363077
43963392.820994
43514556.4650746
42900644.0778104
42062651.2353288
40896939.4477065
39201560.8409314
36466464.4603709
47515707.5785693
46924646.0711882
46494384.5497693
46047709.0334191
45620887.8397558
45306405.131547
45073172.7048486
44896407.2026321
44748971.468712
44653664.0789732
46924646.0711882
46668103.8303934
46311110.9730354
45875508.5439895
45509542.7289661
45220524.0393614
44994487.6243899
44816277.91011
44661203.4022103
44556104.7108776
46494384.5497693
46311110.9730354
45972502.1666307
45632405.8863454
45325997.7436554
45061355.9328833
44838981.7117428
44650333.7978471
44474978.6958609
44353529.4229984
46047709.0334191
45875508.5439895
45632405.8863454
45365091.9859381
45097143.7237226
44842918.6569119
44611070.147311
44397058.2140716
44181312.966677
44036609.4142921
45620887.8397558
45509542.7289661
45325997.7436554
45097143.7237226
44842500.5654953
44577289.8384245
44310664.1338405
44047564.2812156
43770546.6506845
43587736.8587347
45306405.131547
45220524.0393614
45061355.9328833
44842918.6569119
44577289.8384245
44276872.0032895
43945300.635824
43591822.9957141
43221279.9752559
42973760.9280267
45073172.7048486
44994487.6243899
44838981.7117428
44611070.147311
44310664.1338405
43945300.635824
43520087.8946257
43008319.9829673
42494604.8535335
42135671.2819767
44896407.2026321
44816277.91011
44650333.7978471
44397058.2140716
44047564.2812156
43591822.9957141
43008319.9829673
42321154.1320167
41542780.8690087
40969815.5605761
44748971.468712
44661203.4022103
44474978.6958609
44181312.966677
43770546.6506845
43221279.9752559
42494604.8535335
41542780.8690087
40396716.34046
39273758.3146691
44653664.0789732
44556104.7108776
44353529.4229984
44036609.4142921
43587736.8587347
42973760.9280267
42135671.2819767
40969815.5605761
39273758.3146691
36478322.0188758
