47569437.8316357
46963899.4388565
46504832.2319884
46048205.6572185
45620021.3273176
45306774.4834708
45074953.7623446
44899356.061569
44753113.890446
44657289.223255
46963899.4388565
46681863.1483805
46312430.1692648
45874386.2157852
45509294.4075061
45221377.5880783
44996799.2289972
44819814.701967
44666684.2041139
44561554.1788343
46504832.2319884
46312430.1692648
45971444.7845082
45631861.5739138
45326443.5927147
45062998.7750997
44842510.1860369
44655648.032995
44482967.7502734
44361662.5152173
46048205.6572185
45874386.2157852
45631861.5739138
45365414.9650693
45098576.4751716
44845912.5156585
44616844.0778583
44404912.9490081
44192948.2860188
44048558.1213104
45620021.3273177
45509294.4075062
45326443.5927147
45098576.4751716
44845421.8624169
44582591.3177455
44320187.084542
44062025.1217504
43786670.6982845
43604560.4752334
45306774.4834708
45221377.5880783
45062998.7750997
44845912.5156585
44582591.3177455
44285221.9912562
43957539.4947426
43613539.8098367
43244131.6990928
42996761.8329611
45074953.7623446
44996799.2289972
44842510.1860369
44616844.0778583
44320187.084542
43957539.4947426
43536291.2024072
43035957.3495155
42531492.3275311
42165981.8516045
44899356.061569
44819814.701967
44655648.032995
44404912.9490081
44062025.1217504
43613539.8098367
43035957.3495155
42370492.7365336
41581868.9007807
41002889.3603782
44753113.890446
44666684.2041139
44482967.7502734
44192948.2860188
43786670.6982845
43244131.6990928
42531492.3275311
41581868.9007807
40431798.1471507
39305801.7664673
44657289.2232551
44561554.1788344
44361662.5152174
44048558.1213104
43604560.4752334
42996761.8329611
42165981.8516046
41002889.3603782
39305801.7664673
36594163.6603395
47593193.1583595
46990930.134115
46544697.1340828
46092015.5873089
45662542.320581
45347748.8022575
45115591.69583
44941050.9283482
44796675.3138123
44702873.6460358
46990930.134115
46719498.1224998
46356303.697825
45918021.9368038
45550801.3571873
45262042.0244487
45037296.8739921
44861638.0765528
44710482.3127951
44607162.5578359
46544697.1340828
46356303.697825
46015115.4949137
45673772.8437459
45367255.6768618
45103457.5993152
44882806.9799349
44697678.0317109
44527220.8526684
44407310.4753522
46092015.5873089
45918021.9368038
45673772.8437459
45406305.1457976
45139041.4574639
44886218.083092
44656778.1296035
44447091.1567321
44237543.8484965
44094214.5411165
45662542.320581
45550801.3571873
45367255.6768618
45139041.4574639
44885727.9065643
44622681.9301365
44360566.3122095
44104387.9953884
43831498.0768252
43650200.0041719
45347748.8022575
45262042.0244487
45103457.5993152
44886218.083092
44622681.9301365
44324770.3459897
43998498.7053227
43656294.0252415
43289063.5517431
43042365.8302177
45115591.69583
45037296.8739921
44882806.9799349
44656778.1296035
44360566.3122095
43998498.7053227
43577515.4833436
43079435.2773346
42576198.2194239
42211528.3064903
44941050.9283482
44861638.0765528
44697678.0317109
44447091.1567321
44104387.9953884
43656294.0252415
43079435.2773346
42414246.9256689
41627116.5901891
41048353.7084674
44796675.3138123
44710482.3127951
44527220.8526684
44237543.8484965
43831498.0768252
43289063.5517431
42576198.2194239
41627116.5901891
40477158.7041466
39350900.5061337
44702873.6460358
44607162.5578359
44407310.4753522
44094214.5411165
43650200.0041719
43042365.8302177
42211528.3064903
41048353.7084674
39350900.5061337
36611243.40674
47630576.5270323
47040475.8495044
46611615.3149381
46165562.8552195
45735878.1534516
45420806.236916
45188454.1111792
45013667.398893
44869512.228735
44776073.0300894
47040475.8495044
46784629.5453505
46429840.5182138
45991542.010522
45623993.2862091
45335025.9554776
45110094.2379405
44934152.0003912
44783182.8059324
44680353.1563799
46611615.314938
46429840.5182138
46088717.6918182
45747044.7283844
45440316.5447884
45176359.892965
44955504.0666849
44770063.5067924
44599831.699221
44480534.7855398
46165562.8552195
45991542.010522
45747044.7283844
45479392.4290666
45211988.8678594
44959025.4692772
44729313.4312982
44519255.0109828
44310158.2090737
44167434.9776962
45735878.1534516
45623993.2862091
45440316.5447884
45211988.8678594
44958563.8965907
44695356.8577145
44432967.6165394
44176209.5371079
43904085.1257376
43723383.576621
45420806.236916
45335025.9554776
45176359.892965
44959025.4692772
44695356.8577145
44397192.4003633
44070704.3276655
43727742.1129911
43361485.1812092
43115487.1142429
45188454.1111792
45110094.2379405
44955504.0666849
44729313.4312982
44432967.6165394
44070704.3276655
43648934.0673243
43151329.0270166
42648011.7972583
42284553.655965
45013667.398893
44934152.0003912
44770063.5067924
44519255.0109828
44176209.5371079
43727742.1129911
43151329.0270166
42484587.2870946
41699709.1745332
41121243.4008614
44869512.228735
44783182.8059324
44599831.699221
44310158.2090737
43904085.1257376
43361485.1812092
42648011.7972583
41699709.1745332
40549891.931909
39423114.9007878
44776073.0300894
44680353.1563799
44480534.7855399
44167434.9776962
43723383.576621
43115487.1142429
42284553.655965
41121243.4008614
39423114.9007878
36623030.4098735
