47685339.1798273
47080841.6790634
46623352.0846242
46166872.4529711
45735184.4423181
45421118.7946234
45189998.4236573
45016226.5932436
44872927.1214399
44778972.7621709
47080841.6790634
46799922.2930257
46432121.4490838
45990809.5430173
45623715.7091901
45335626.6478203
45111945.5586424
44937081.0615505
44787830.9569635
44684917.6850642
46623352.0846242
46432121.4490838
46088262.9868129
45746452.0070479
45440372.5591854
45177273.763829
44957978.1905972
44774172.9072769
44606367.7143111
44487219.4604455
46166872.4529711
45990809.5430173
45746452.0070479
45479251.4277718
45212428.5951915
44960389.1527314
44732776.561861
44524415.0926413
44318931.1153733
44176769.2667445
45735184.4423181
45623715.7091901
45440372.5591854
45212428.5951915
44959576.9572701
44697497.4781937
44437962.1134492
44184495.8051232
43914761.2575517
43735610.0875939
45421118.7946235
45335626.6478203
45177273.763829
44960389.1527314
44697497.4781937
44400066.4924257
44074296.0553896
43734653.1845152
43374714.6631483
43130932.7981766
45189998.4236573
45111945.5586425
44957978.1905972
44732776.561861
44437962.1134492
44074296.0553896
43651931.356976
43156396.6221386
42665315.1148853
42303334.479679
45016226.5932436
44937081.0615505
44774172.9072769
44524415.0926413
44184495.8051232
43734653.1845152
43156396.6221386
42501551.2555292
41721374.7034942
41143073.0898801
44872927.1214399
44787830.9569635
44606367.7143112
44318931.1153733
43914761.2575517
43374714.6631483
42665315.1148853
41721374.7034942
40572983.502335
39446242.2289001
44778972.762171
44684917.6850642
44487219.4604455
44176769.2667445
43735610.0875939
43130932.7981766
42303334.4796791
41143073.0898801
39446242.2289001
36731841.1681956
47709149.0304391
47107907.5914271
46663117.7575044
46210691.3040669
45777891.519249
45462176.6353214
45230669.8145677
45057885.7141525
44916480.4051978
44824563.1488722
47107907.5914271
46837302.3553005
46476003.3149838
46034459.2174502
45665364.9181163
45376350.4003251
45152480.9682535
44978880.5499877
44831530.1275901
44730523.9261588
46663117.7575044
46476003.3149838
46131947.6958332
45788543.6895093
45481278.2182011
45217778.2988815
44998330.2761903
44816133.1889626
44650534.5653675
44532867.3832646
46210691.3040669
46034459.2174502
45788543.6895093
45520250.733815
45252952.2373987
45000745.3600082
44772807.3436205
44566556.0661862
44363442.8554262
44222426.6935168
45777891.519249
45665364.9181163
45481278.2182011
45252952.2373987
44999934.8728849
44737659.1323603
44478176.7494709
44226675.2637468
43959529.225282
43781251.7707886
45462176.6353214
45376350.4003252
45217778.2988816
45000745.3600082
44737659.1323603
44439762.798486
44115206.4407112
43777317.1979317
43419597.4339594
43176540.5327952
45230669.8145677
45152480.9682535
44998330.2761903
44772807.3436205
44478176.7494709
44115206.4407112
43693098.4064562
43199874.094717
42710008.6869589
42348891.4727551
45057885.7141525
44978880.5499877
44816133.1889626
44566556.0661862
44226675.2637468
43777317.1979317
43199874.094717
42545318.5755111
41766594.0248591
41188551.6329615
44916480.4051978
44831530.1275901
44650534.5653675
44363442.8554262
43959529.225282
43419597.4339594
42710008.6869589
41766594.0248591
40618348.640155
39491356.3078062
44824563.1488722
44730523.9261589
44532867.3832646
44222426.6935168
43781251.7707886
43176540.5327952
42348891.4727551
41188551.6329615
39491356.3078062
36748898.7088201
47746633.6071957
47157421.6956055
46729827.0956389
46284268.3853754
45851268.5526442
45535263.928292
45303559.1723441
45130532.8850053
44989335.8052913
44897780.0011912
47157421.6956055
46902152.1205698
46549559.107173
46108033.5073661
45738592.0521926
45449362.077092
45225307.5559044
45051434.0479555
44904243.5071316
44803717.3916135
46729827.0956389
46549559.107173
46205604.1996005
45861854.7816416
45554369.3637387
45290707.6339893
45071062.1944364
44888552.2201891
44723142.8286089
44606096.0354399
46284268.3853754
46108033.5073661
45861854.7816416
45593369.5434694
45325926.9466363
45073582.0030095
44845390.3363651
44638784.8464554
44436037.5259139
44295651.141103
45851268.5526442
45738592.0521926
45554369.3637387
45325926.9466363
45072799.0070323
44810369.2055186
44550599.1906717
44298497.5490675
44032123.6120422
43854438.7906146
45535263.928292
45449362.077092
45290707.6339893
45073582.0030095
44810369.2055186
44512243.0581819
44187469.7092413
43848869.6580176
43492011.9367602
43249664.4272142
45303559.1723441
45225307.5559044
45071062.1944364
44845390.3363651
44550599.1906717
44187469.7092413
43764676.0380479
43272023.7823684
42781817.443693
42421925.8753558
45130532.8850053
45051434.0479555
44888552.2201891
44638784.8464554
44298497.5490675
43848869.6580176
43272023.7823684
42615712.7395748
41839136.7755206
41261455.4983331
44989335.8052913
44904243.5071316
44723142.828609
44436037.525914
44032123.6120422
43492011.9367602
42781817.443693
41839136.7755206
40691082.0846023
39563588.1958482
44897780.0011912
44803717.3916135
44606096.0354399
44295651.141103
43854438.7906146
43249664.4272142
42421925.8753558
41261455.4983331
39563588.1958482
36760620.2781794
