47802550.9964449
47199057.5146589
46743114.8136361
46286769.294383
45851283.2185168
45536190.0965627
45305637.4561665
45133530.83774
44992913.9001367
44900725.4259801
47199057.5146589
46919231.3944935
46553139.2494914
46108383.8812129
45739032.1038626
45450653.3890716
45227776.4773128
45054869.7033161
44909155.2498894
44808415.1568523
46743114.8136361
46553139.2494914
46206294.6977274
45862058.3707288
45555250.287767
45292494.2968307
45074360.2861179
44893401.7218586
44730136.0292545
44613071.1420527
46286769.294383
46108383.8812129
45862058.3707288
45594110.3361927
45327427.7747531
45076204.4354624
44850143.8561811
44645072.5856178
44445747.4610739
44305688.3533942
45851283.2185168
45739032.1038626
45555250.287767
45327427.7747531
45075283.8547441
44814569.3607334
44558249.4174288
44308508.7862555
44045330.9611952
43868302.0795706
45536190.0965627
45450653.3890716
45292494.2968307
45076204.4354624
44814569.3607334
44518803.3770685
44197197.7463399
43864110.7845831
43510196.7794793
43268038.4006213
45305637.4561665
45227776.4773129
45074360.2861179
44850143.8561812
44558249.4174288
44197197.7463399
43779900.3993643
43297001.1205243
42808382.4784172
42444841.6569939
45133530.83774
45054869.7033161
44893401.7218586
44645072.5856178
44308508.7862555
43864110.7845831
43297001.1205243
42646855.2843385
41867776.6004408
41286569.8556615
44992913.9001367
44909155.2498894
44730136.0292545
44445747.4610739
44045330.9611952
43510196.7794793
42808382.4784172
41867776.6004408
40717816.4805092
39588586.7232525
44900725.4259801
44808415.1568523
44613071.1420527
44305688.3533943
43868302.0795706
43268038.4006213
42444841.6569939
41286569.8556615
39588586.7232525
36870548.4558882
47826416.0419934
47226160.2061402
46782751.7233227
46330595.64673
45894170.305944
45577326.9707343
45346333.8998528
45175147.9542718
45036458.4337525
44946321.019218
47226160.2061402
46956309.8931502
46597028.5351514
46152045.6109074
45780822.8351115
45491427.7833255
45268337.5438151
45096637.9574507
44952751.3641065
44854017.8434609
46782751.7233227
46597028.5351514
46249991.2388655
45904329.9889427
45596238.7119686
45333026.4645837
45114747.318587
44935282.0775609
44774212.6384292
44658717.281422
46330595.6467299
46152045.6109074
45904329.9889427
45635206.5285678
45367985.9338566
45116579.4178723
44890235.4059652
44687163.3978693
44490171.3548104
44351343.8449959
45894170.305944
45780822.8351115
45596238.7119686
45367985.9338566
45115655.4264802
44854751.8790782
44598255.0172654
44350564.4329747
44090016.1527554
43913940.2648069
45577326.9707343
45491427.7833255
45333026.4645838
45116579.4178723
44854751.8790782
44558574.6047571
44238003.4525116
43906624.563985
43555012.7096676
43313640.2695305
45346333.8998528
45268337.5438151
45114747.318587
44890235.4059652
44598255.0172654
44238003.4525116
43820948.9980781
43340374.4722242
42852999.5454624
42490395.8252146
45175147.9542718
45096637.9574507
44935282.0775609
44687163.3978693
44350564.4329748
43906624.563985
43340374.4722242
42690525.9282563
41912934.6337341
41332051.8502458
45036458.4337525
44952751.3641065
44774212.6384292
44490171.3548104
44090016.1527555
43555012.7096676
42852999.5454624
41912934.6337341
40763172.6449309
39633708.6310323
44946321.0192181
44854017.8434609
44658717.2814221
44351343.844996
43913940.2648069
43313640.2695305
42490395.8252146
41332051.8502458
39633708.6310323
36887578.3214993
47864002.4751888
47275646.5514845
46849247.2022753
46404200.3401576
45967589.2400036
45650443.8779185
45419249.1487386
45247823.9075059
45109331.7019581
45019555.1434162
47275646.5514845
47020870.5422912
46670601.6069193
46225671.7453497
45854085.596875
45564466.534435
45341191.7028728
45169227.7370085
45025479.6421327
44927213.1340534
46849247.2022753
46670601.6069193
46323699.2315698
45977680.8752932
45669359.5404057
45405981.2296021
45187511.0691292
45007731.603875
44846818.9206936
44731949.3660361
46404200.3401576
46225671.7453497
45977680.8752932
45708356.254941
45440986.1074675
45189442.1817653
44962860.2724729
44759448.8241215
44562750.1515256
44424570.9540226
45967589.2400036
45854085.596875
45669359.5404057
45440986.1074675
45188544.3227155
44927491.8188228
44670695.9017361
44422443.6580587
44162592.1925926
43987127.6896938
45650443.8779185
45564466.534435
45405981.2296021
45189442.1817653
44927491.8188228
44631103.9318774
44310315.19124
43978222.9531067
43627417.7390054
43386761.3260146
45419249.1487386
45341191.7028728
45187511.0691293
44962860.2724729
44670695.9017361
44310315.19124
43892654.0269445
43412339.6314053
42924727.2320927
42563432.1768399
45247823.9075059
45169227.7370085
45007731.603875
44759448.8241215
44422443.6580587
43978222.9531067
43412339.6314053
42760835.2254234
41985397.2288322
41404965.769275
45109331.7019581
45025479.6421327
44846818.9206936
44562750.1515256
44162592.1925926
43627417.7390054
42924727.2320927
41985397.2288322
40835898.8962715
39705955.5154327
45019555.1434162
44927213.1340534
44731949.3660361
44424570.9540227
43987127.6896938
43386761.3260146
42563432.1768399
41404965.769275
39705955.5154327
36899232.1926928
