47885797.7066502
47282175.4878858
46833451.1045966
46385969.6124693
45953539.6493571
45641650.416753
45414312.9139467
45245539.1594568
45108650.3012655
45018948.3897697
47282175.4878858
46995593.0951163
46642527.4407987
46207363.6963577
45841703.8801537
45556751.6980326
45337081.8069075
45167653.7667224
45026381.7233604
44928570.8333242
46833451.1045966
46642527.4407987
46302896.1082163
45962638.4191681
45659411.8035424
45399982.3924065
45185005.0520802
45008072.718514
44850266.1862532
44735935.7792264
46385969.6124693
46207363.6963577
45962638.4191681
45697490.7203369
45433915.2877149
45185777.7614107
44962800.6588288
44761834.2711705
44569391.6324796
44431999.0033858
45953539.6493571
45841703.8801537
45659411.8035424
45433915.2877149
45184576.5666463
44926985.9109705
44674796.8650813
44428004.23006
44173488.3109232
43998613.3711114
45641650.416753
45556751.6980326
45399982.3924065
45185777.7614107
44926985.9109705
44634628.8002362
44318398.9811557
43992700.4032253
43642099.4976639
43401999.7292065
45414312.9139467
45337081.8069075
45185005.0520802
44962800.6588288
44674796.8650813
44318398.9811557
43907285.5142035
43435826.865784
42941753.3856868
42581246.9845373
45245539.1594568
45167653.7667224
45008072.718514
44761834.2711705
44428004.23006
43992700.4032253
43435826.865784
42773224.6666952
42006281.1358969
41425021.972581
45108650.3012655
45026381.7233604
44850266.1862532
44569391.6324796
44173488.3109232
43642099.497664
42941753.3856869
42006281.135897
40857277.5280376
39726770.6544803
45018948.3897698
44928570.8333242
44735935.7792264
44431999.0033858
43998613.3711114
43401999.7292065
42581246.9845373
41425021.972581
39726770.6544803
37005737.519034
47909710.8593322
47309293.735662
46873431.4080551
46429825.387682
45996813.098403
45683032.9595125
45455138.1523778
45287155.7131364
45152191.2583559
45064552.6864202
47309293.735662
47021442.3483987
46686153.4215984
46251036.1775221
45883832.2142607
45597731.4291406
45377762.1893278
45209423.5518794
45069876.4249899
44974172.9143609
46873431.4080551
46686153.4215984
46346590.6234121
46005287.0068091
45700676.7964311
45440675.2611019
45225505.5958521
45049906.2955133
44894253.8612482
44781582.5048169
46429825.387682
46251036.1775221
46005287.0068091
45738892.2746356
45474666.123935
45226277.4711928
45003012.4068603
44803885.6967232
44613730.1165913
44477654.4944834
45996813.098403
45883832.2142607
45700676.7964311
45474666.123935
45225078.8641927
44967271.0997486
44714643.1006219
44470070.2819405
44218073.9739429
44044249.2002387
45683032.9595125
45597731.4291406
45440675.2611019
45226277.4711928
44967271.0997486
44674533.564492
44359133.4377492
44035007.8790973
43686845.0141053
43447597.2766052
45455138.1523778
45377762.1893278
45225505.5958521
45003012.4068603
44714643.1006219
44359133.4377492
43948214.6698653
43478951.764872
42986427.2805642
42626802.1407122
45287155.7131364
45209423.5518794
45049906.2955134
44803885.6967232
44470070.2819405
44035007.8790973
43478951.764872
42817110.7044798
42051368.0323792
41470510.8414616
45152191.2583559
45069876.4249899
44894253.8612482
44613730.1165913
44218073.9739429
43686845.0141054
42986427.2805642
42051368.0323792
40902625.6782588
39771903.0968369
45064552.6864202
44974172.9143609
44781582.5048169
44477654.4944834
44044249.2002387
43447597.2766052
42626802.1407122
41470510.8414616
39771903.0968369
37022743.0585779
47947385.8024063
47358623.5439754
46939719.8356646
46503466.8576296
46070286.7580485
45756192.5344859
45528090.2321239
45359869.8622382
45225090.8466014
45137806.913713
47358623.5439754
47083813.8173005
46759200.3680868
46324686.720215
45957142.4498975
45670810.1083781
45450654.278818
45282057.7044214
45142630.7640951
45047372.0463357
46939719.8356646
46759200.3680868
46420296.8102839
46078686.6814131
45773841.3665438
45513667.4432346
45298310.0807805
45122397.1119175
44966864.8232345
44854819.2202888
46503466.8576296
46324686.720215
46078686.6814131
45812087.3789727
45547704.7354363
45299176.6141457
45075685.1917533
44876228.335666
44686302.6132868
44550884.7589617
46070286.7580485
45957142.4498975
45773841.3665438
45547704.7354363
45298003.3200028
45040049.2115157
44787111.6645174
44542080.7554002
44290606.7984359
44117435.6449339
45756192.5344859
45670810.1083781
45513667.4432346
45299176.6141457
45040049.2115157
44747116.8070165
44431497.2657556
44106597.7524849
43759243.7040703
43520713.0929039
45528090.2321239
45450654.278818
45298310.0807805
45075685.1917533
44787111.6645174
44431497.2657556
44020027.1669187
43550577.8150956
43058300.6952949
42699839.1182141
45359869.8622382
45282057.7044214
45122397.1119175
44876228.335666
44542080.7554002
44106597.7524849
43550577.8150956
42887922.5721921
42123724.8645408
41543433.1647763
45225090.8466014
45142630.7640951
44966864.8232345
44686302.6132868
44290606.7984359
43759243.7040703
43058300.6952949
42123724.8645408
40975339.0840213
39844164.1709206
45137806.913713
45047372.0463357
44854819.2202888
44550884.7589617
44117435.6449339
43520713.0929039
42699839.1182142
41543433.1647763
39844164.1709206
37034330.9550394
