48006188.4978596
47405008.5783378
46954542.2575416
46503932.0516654
46064244.4946507
45748366.1379757
45518452.1268059
45347104.3906755
45207065.3712213
45118864.1041617
47405008.5783378
47125405.4864555
46765490.9508271
46323128.2374161
45951734.9871331
45663666.9147145
45441489.413938
45267997.0573413
45114067.9436002
45026877.9159338
46954542.2575416
46765490.9508271
46420816.2148206
46075199.1223845
45768824.1538225
45507732.7760139
45291503.730681
45113326.4835806
44954193.1825044
44843779.3127292
46503932.0516654
46323128.2374161
46075199.1223845
45807863.9903789
45543310.8930393
45294980.4639428
45072281.4224097
44873000.1190405
44684067.0872172
44548751.4995747
46064244.4946507
45951734.9871331
45768824.1538225
45543310.8930393
45294612.1689965
45038246.2795015
44788167.6977838
44543774.4266123
44295658.1396711
44122513.2003482
45748366.1379757
45663666.9147145
45507732.776014
45294980.4639428
45038246.2795015
44748674.1267227
44436986.0681595
44117652.273439
43769318.3415726
43531143.9230437
45518452.1268059
45441489.413938
45291503.730681
45072281.4224097
44788167.6977838
44436986.0681595
44030685.0522921
43570654.4892784
43070952.4085078
42713576.9703431
45347104.3906755
45267997.0573413
45113326.4835806
44873000.1190405
44543774.4266123
44117652.273439
43570654.4892784
42894769.305863
42141648.3120439
41559956.1772585
45207065.3712213
45114067.9436002
44954193.1825044
44684067.0872172
44295658.1396712
43769318.3415727
43070952.4085078
42141648.3120439
40993605.0827146
39861665.1938397
45118864.1041617
45026877.9159338
44843779.3127292
44548751.4995747
44122513.2003482
43531143.9230437
42713576.9703431
41559956.1772585
39861665.1938397
37137749.0389698
48030148.4316367
47432170.906631
46993848.3022266
46547771.5445915
46107592.0185529
45789824.5550976
45559339.2445052
45388687.608195
45250593.8637243
45164489.5247051
47432170.906631
47161372.8667366
46809164.6135046
46366777.5768127
45993898.408869
45704694.4907997
45482227.5290407
45309742.093499
45157776.1514669
45072533.2354757
46993848.3022266
46809164.6135046
46464475.312214
46117825.5806092
45810107.8126372
45548459.46238
45332068.2112982
45155151.0898257
44998110.1320389
44889434.9487224
46547771.5445915
46366777.5768127
46117825.5806092
45849269.5357369
45584075.0463903
45335516.9683458
45112575.5288996
44914980.2408459
44728316.5303147
44594409.5782988
46107592.0185529
45993898.408869
45810107.8126372
45584075.0463903
45335140.2897003
45078586.5939725
44827962.7546713
44585823.1970773
44340143.3573983
44168147.1803199
45789824.5550976
45704694.4907997
45548459.46238
45335516.9683458
45078586.5939725
44788681.7788696
44477610.4261892
44159725.8606088
43813985.5323455
43576735.3289229
45559339.2445052
45482227.5290407
45332068.2112982
45112575.5288996
44827962.7546713
44477610.4261892
44071612.789396
43613468.2833845
43115666.2679667
42759128.6107161
45388687.6081951
45309742.0934991
45155151.0898257
44914980.2408459
44585823.1970773
44159725.8606088
43613468.2833845
42938828.9817688
42186635.2036338
41605448.3765688
45250593.8637243
45157776.1514669
44998110.1320389
44728316.5303147
44340143.3573983
43813985.5323455
43115666.2679667
42186635.2036338
41038937.5436556
39906806.2535861
45164489.5247051
45072533.2354757
44889434.9487224
44594409.5782988
44168147.1803199
43576735.3289229
42759128.6107161
41605448.3765688
39906806.2535861
37154730.4280229
48067917.1676215
47481572.247991
47059902.298603
46621416.1006141
46181100.5016907
45863012.0201151
45632317.0621823
45461421.9077831
45323494.827451
45237771.6302562
47481572.247991
47225600.3245487
46882305.9024102
46440435.3145224
46067235.2911227
45777798.012083
45555146.0089187
45382401.3979997
45231078.2768786
45145808.8406446
47059902.298603
46882305.9024102
46538172.9314019
46191249.0360534
45883295.82674
45621475.6560144
45404903.5192221
45227683.9462679
45070777.8954429
44962679.3425408
46621416.1006141
46440435.3145224
46191249.0360534
45922487.4427915
45657136.0742805
45408442.0915578
45185287.858843
44987356.7351882
44800881.1678506
44667641.2376962
46181100.5016907
46067235.2911227
45883295.82674
45657136.0742805
45408089.2560121
45151396.2380717
44900470.1468266
44657932.0119565
44412640.9507055
44241330.311762
45863012.0201151
45777798.012083
45621475.6560145
45408442.0915578
45151396.2380717
44861311.7704648
44550011.7617897
44231307.5180887
43886380.6249943
43649842.1272809
45632317.0621824
45555146.0089187
45404903.5192221
45185287.858843
44900470.1468266
44550011.7617897
44143558.3591522
43684755.941906
43187680.0504626
42832160.510304
45461421.9077831
45382401.3979997
45227683.9462679
44987356.7351882
44657932.0119565
44231307.5180887
43684755.941906
43010159.6892775
42258846.1860507
41678375.0768188
45323494.827451
45231078.2768786
45070777.8954429
44800881.1678506
44412640.9507055
43886380.6249943
43187680.0504626
42258846.1860507
41111628.5783048
39979079.373723
45237771.6302563
45145808.8406446
44962679.3425408
44667641.2376962
44241330.311762
43649842.1272809
42832160.510304
41678375.0768188
39979079.373723
37166252.9869104
