48094865.5718141
47493529.241365
47049100.3521226
46605468.5152814
46166582.7604864
45852339.9419695
45625053.4073253
45457490.4737311
45322899.3840966
45234171.2298259
47493529.241365
47207750.1860166
46859711.830012
46424042.6874954
46054166.1884567
45768072.3159535
45548700.6180526
45380125.8200071
45238758.1263626
45145592.340717
47049100.3521226
46859711.830012
46520245.865458
46176613.584318
45871944.0050345
45612921.1110859
45399185.7699882
45224737.3405638
45071715.9162166
44962744.7806729
46605468.5152814
46424042.6874955
46176613.584318
45910558.3727403
45647778.2510309
45401522.4621029
45181238.0306173
44986167.6355493
44803137.15269
44670110.723784
46166582.7604864
46054166.1884567
45871944.0050345
45647778.2510309
45400915.6658923
45146780.441516
44899287.3588237
44659531.9969612
44418580.7945573
44247835.908657
45852339.9419695
45768072.3159535
45612921.1110859
45401522.4621029
45146780.441516
44860213.8666373
44553101.0851892
44240109.1662521
43896294.5938105
43660861.7183117
45625053.4073253
45548700.6180526
45399185.7699882
45181238.0306173
44899287.3588237
44553101.0851892
44149255.4231135
43698448.3541164
43202184.2984163
42847398.5266935
45457490.4737311
45380125.8200071
45224737.3405638
44986167.6355493
44659531.9969613
44240109.1662521
43698448.3541164
43021437.649502
42281495.5957128
41697271.8668916
45322899.3840966
45238758.1263626
45071715.9162166
44803137.15269
44418580.7945573
43896294.5938105
43202184.2984163
42281495.5957128
41133135.8545866
39998621.6792733
45234171.2298259
45145592.340717
44962744.7806729
44670110.723784
44247835.908657
43660861.7183117
42847398.5266935
41697271.8668916
39998621.6792733
37271341.9911878
48118875.8169754
47520718.4916013
47088695.6957012
46649332.4096196
46210200.7388925
45893947.1497004
45665966.3380193
45499009.4847152
45366397.6963401
45279793.2644585
47520718.4916013
47233714.2955839
46903284.2828299
46467699.2810223
46096568.3861521
45809215.1699716
45589461.5070092
45421813.2473153
45282293.614332
45191227.4515264
47088695.6957012
46903284.2828299
46563904.316677
46219509.9964129
45913431.5007301
45653738.486786
45439790.8984938
45266532.6786433
45115533.0885207
45008388.2598623
46649332.4096196
46467699.2810223
46219509.9964129
45952202.0140762
45688682.8747385
45442135.6734218
45221606.4311374
45028066.4415897
44847288.7076099
44715761.6798443
46210200.7388925
46096568.3861521
45913431.5007301
45688682.8747385
45441536.9129757
45187202.1778857
44939219.5011995
44701535.6594664
44462960.5121604
44293462.0946819
45893947.1497004
45809215.1699716
45653738.486786
45442135.6734218
45187202.1778857
44900320.452075
44593557.9258144
44281913.7222767
43940874.6924186
43706441.5157126
45665966.3380193
45589461.5070092
45439790.8984939
45221606.4311374
44939219.5011995
44593557.9258144
44190258.4631025
43741025.968182
43246864.3359439
42892937.6067516
45499009.4847152
45421813.2473153
45266532.6786433
45028066.4415897
44701535.6594664
44281913.7222767
43741025.968182
43065474.6164121
42326334.0994249
41742760.5159067
45366397.6963401
45282293.614332
45115533.0885207
44847288.7076099
44462960.5121604
43940874.6924186
43246864.3359439
42326334.0994249
41178440.2844849
40043766.711546
45279793.2644585
45191227.4515264
45008388.2598623
44715761.6798443
44293462.0946819
43706441.5157126
42892937.6067516
41742760.5159067
40043766.711546
37288295.6806768
48156735.8392051
47570027.9209873
47154533.3338379
46723008.6895612
46283758.1302606
45967168.9466786
45738969.6653079
45571770.5839754
45439295.4836583
45353093.863058
47570027.9209873
47298667.6339121
46976305.3304615
46541380.2494482
46169944.9959052
45882350.0632813
45662406.6001769
45494504.5715805
45355205.8698864
45264495.354363
47154533.3338379
46976305.3304615
46637607.179672
46292974.2086768
45986656.8220503
45726784.5386662
45512656.7159759
45339109.9369634
45188219.85845
45081630.0048503
46723008.6895612
46541380.2494482
46292974.2086768
46025459.4963167
45761776.9030684
45515090.8528139
45294357.989054
45100478.1498751
44919846.7852882
44788992.2938297
46283758.1302606
46169944.9959052
45986656.8220503
45761776.9030684
45514516.4805551
45260045.9688625
45011785.5360852
44773718.8081193
44535431.1133427
44366639.9557665
45967168.9466786
45882350.0632813
45726784.5386662
45515090.8528139
45260045.9688625
44972994.2095165
44665980.0532143
44353489.3257193
44013271.8150173
43779536.0640926
45738969.6653079
45662406.6001769
45512656.7159759
45294357.989054
45011785.5360852
44665980.0532143
44262343.1470576
43812237.3256554
43318920.0911408
42965955.485684
45571770.5839754
45494504.5715805
45339109.9369634
45100478.1498751
44773718.8081193
44353489.3257193
43812237.3256554
43137072.2412862
42398328.9587679
41815686.1211776
45439295.4836583
45355205.8698864
45188219.85845
44919846.7852882
44535431.1133427
44013271.8150173
43318920.0911408
42398328.9587679
41251095.6018825
40116049.2901521
45353093.8630581
45264495.354363
45081630.0048503
44788992.2938297
44366639.9557665
43779536.0640926
42965955.485684
41815686.1211776
40116049.2901521
37299750.4297935
