48218499.0757301
47610210.0595139
47156980.7928488
46694207.9786734
46268820.0615438
45959834.9758777
45734977.7648514
45569190.7914605
45435745.117039
45344838.4233498
47610210.0595139
47325206.7285436
46954666.9346319
46523590.584466
46159690.4071388
45876852.4203493
45659425.7730392
45492538.9838056
45352463.8133238
45257387.0889659
47156980.7928488
46954666.9346319
46621037.0760274
46281916.4124717
45980350.5973177
45723529.9154685
45511430.9821398
45338820.5002701
45187921.4251102
45076888.4189329
46694207.9786734
46523590.584466
46281916.4124717
46019014.4324305
45758585.1176693
45514262.0984142
45295606.188444
45102772.2467691
44920212.4399654
44788071.8414373
46268820.0615438
46159690.4071388
45980350.5973177
45758585.1176693
45513969.7890012
45262029.6556451
45016570.3921617
44779329.1073443
44539672.6621618
44371769.6537595
45959834.9758777
45876852.4203493
45723529.9154685
45514262.0984142
45262029.6556451
44978648.692535
44675587.5004751
44364297.0712161
44023741.5490348
43793423.4309805
45734977.7648514
45659425.7730392
45511430.9821398
45295606.188444
45016570.3921617
44675587.5004751
44275556.8679604
43830772.3453626
43338597.439657
42992152.3939185
45569190.7914605
45492538.9838056
45338820.5002701
45102772.2467691
44779329.1073443
44364297.0712161
43830772.3453626
43158644.2623587
42434505.9708878
41859381.6830474
45435745.117039
45352463.8133238
45187921.4251102
44920212.4399654
44539672.6621618
44023741.5490348
43338597.439657
42434505.9708878
41304008.2307917
40183133.1415271
45344838.4233498
45257387.0889659
45076888.4189329
44788071.8414373
44371769.6537595
43793423.4309805
42992152.3939185
41859381.6830474
40183133.1415271
37484061.7087633
48242537.4856829
47637469.3544132
47198644.2457504
46737966.5039325
46312060.6610254
46001068.9006785
45775637.8872439
45610485.8353082
45479200.8257625
45390485.4628579
47637469.3544132
47355698.0227254
46998242.1125667
46567205.3453969
46201642.2194316
45917638.9037498
45699952.1101052
45534037.5003364
45395965.1740925
45303046.6970672
47198644.2457504
46998242.1125667
46664657.0237336
46324330.3580924
46021403.8970449
45764034.039781
45551831.1309765
45380459.8417036
45231619.1691438
45122561.118612
46737966.5039325
46567205.3453969
46324330.3580924
46060195.479749
45799127.8985559
45554614.8212247
45335802.018003
45144479.2538127
44964311.7460931
44833743.0954992
46312060.6610254
46201642.2194316
46021403.8970449
45799127.8985559
45554309.9291279
45302245.4601301
45056369.5722638
44821183.4627316
44584024.4676379
44417409.939914
46001068.9006785
45917638.9037498
45764034.039781
45554614.8212247
45302245.4601301
45018590.5330554
44715651.6538906
44405990.8631204
44068316.8531635
43839010.9963134
45775637.8872439
45699952.1101053
45551831.1309765
45335802.018003
45056369.5722638
44715651.6538906
44316435.826665
43873200.6306147
43383335.4569472
43037693.038997
45610485.8353082
45534037.5003364
45380459.8417036
45144479.2538127
44821183.4627316
44405990.8631204
43873200.6306147
43202713.7821107
42479334.4902338
41904873.9831235
45479200.8257625
45395965.1740925
45231619.1691438
44964311.7460931
44584024.4676379
44068316.8531635
43383335.4569472
42479334.4902338
41349298.7311704
40228289.0940712
45390485.4628579
45303046.6970672
45122561.118612
44833743.0954992
44417409.939914
43839010.9963134
43037693.038997
41904873.9831235
40228289.0940712
37501174.7866436
48280389.6230063
47686925.2661826
47264266.7948622
46811471.8615285
46385584.3310532
46074284.8487358
45848651.3496031
45683260.4372522
45552086.1472982
45463833.9760201
47686925.2661826
47420097.3758048
47071273.6652125
46640851.9295902
46274999.8578262
45990773.8673807
45772911.106676
45606745.7345047
45468866.0418373
45376359.7012265
47264266.7948622
47071273.6652125
46738334.2507691
46397767.8961341
46094620.9744164
45837086.4386058
45624716.6218497
45453060.5773817
45304269.3616436
45195854.4292274
46811471.8615285
46640851.9295902
46397767.8961341
46133441.526824
45872224.4961742
45627582.7217143
45408580.7212485
45216901.7086039
45036924.1722152
44907008.8622605
46385584.3310532
46274999.8578262
46094620.9744164
45872224.4961742
45627300.6546209
45375110.2868866
45128977.7525904
44893392.5026557
44656557.1992447
44490611.8473362
46074284.8487358
45990773.8673807
45837086.4386058
45627582.7217143
45375110.2868866
45091295.1211698
44788074.6073062
44477646.5301349
44140784.9077171
43912119.0233587
45848651.3496031
45772911.106676
45624716.6218497
45408580.7212485
45128977.7525904
44788074.6073062
44388584.4533643
43944406.2096661
43455529.9485445
43110714.5393812
45683260.4372522
45606745.7345047
45453060.5773817
45216901.7086039
44893392.5026557
44477646.5301349
43944406.2096661
43274537.3614474
42551320.4315363
41977806.2914447
45552086.1472982
45468866.0418373
45304269.3616436
45036924.1722152
44656557.1992447
44140784.9077171
43455529.9485445
42551320.4315363
41421934.3371094
40300590.34921
45463833.9760201
45376359.7012265
45195854.4292274
44907008.8622605
44490611.8473362
43912119.0233587
43110714.5393812
41977806.2914447
40300590.34921
37512961.5014941
