48333558.1002838
47725961.7530636
47274545.8366825
46810587.2844304
46381805.3683279
46071564.8266586
45847196.9864783
45683111.3225387
45552325.1603599
45462070.8718499
47725961.7530636
47440587.9527441
47071669.6330772
46638701.4882325
46272162.2232117
45988556.5084104
45771768.9569334
45606777.1595736
45469882.2558947
45376067.0031661
47274545.8366825
47071669.6330772
46736854.0573077
46395228.349479
46092202.8588163
45835237.4393576
45624017.3194323
45453624.8773653
45306959.5259611
45197675.0636001
46810587.2844304
46638701.4882325
46395228.349479
46131023.559817
45870165.2955064
45626234.5395371
45408792.0546856
45219139.3424401
45041963.6863824
44911963.4201977
46381805.3683279
46272162.2232117
46092202.8588163
45870165.2955064
45625805.4562569
45374742.4026897
45130841.1438277
44897208.2111374
44665573.1879449
44500283.9535205
46071564.8266586
45988556.5084104
45835237.4393576
45626234.5395371
45374742.4026897
45093046.496286
44793198.3315054
44484531.8219332
44156115.3535723
43928197.3708024
45847196.9864783
45771768.9569334
45624017.3194323
45408792.0546856
45130841.1438277
44793198.3315054
44396944.5170825
43961702.8713971
43478477.1799789
43133717.8524683
45683111.3225387
45606777.1595736
45453624.8773653
45219139.3424401
44897208.2111374
44484531.8219332
43961702.8713971
43300761.5510843
42586267.4027507
42006467.8376528
45552325.1603599
45469882.2558947
45306959.5259611
45041963.6863824
44665573.1879449
44156115.3535723
43478477.1799789
42586267.4027507
41454778.4524958
40330100.7823749
45462070.8718499
45376067.0031661
45197675.0636001
44911963.4201977
44500283.9535205
43928197.3708024
43133717.8524683
42006467.8376528
40330100.7823749
37627605.1789247
48357652.3412322
47753266.5490925
47316130.1536196
46854347.5358466
46425188.5743869
46112858.9942665
45887862.9937626
45724350.2848834
45595760.5541723
45507726.5480819
47753266.5490925
47471516.0821635
47115228.999601
46682311.4726686
46314203.8905645
46029369.6544752
45812300.9211813
45648239.5775943
45513385.5782026
45421734.5192478
47316130.1536196
47115228.999601
46780464.2837438
46437732.8976693
46133310.7104445
45875743.2910741
45664422.7907117
45495230.1678203
45350548.1485316
45243347.9625187
46854347.5358466
46682311.4726686
46437732.8976693
46172271.9228
45910719.9969885
45666578.2257751
45449008.2996647
45260744.5497768
45085955.2668739
44957632.5097992
46425188.5743869
46314203.8905645
46133310.7104445
45910719.9969885
45666135.6464575
45414958.6621086
45170703.0025598
44938991.7106773
44709809.3309438
44545918.1920942
46112858.9942665
46029369.6544752
45875743.2910741
45666578.2257751
45414958.6621086
45133011.1367324
44833031.6468372
44526233.2003735
44200545.7195557
43973770.8731597
45887862.9937626
45812300.9211813
45664422.7907117
45449008.2996647
45170703.0025598
44833031.6468372
44437836.1516988
44003867.7837031
43523116.6191929
43179236.5412
45724350.2848834
45648239.5775943
45495230.1678203
45260744.5497768
44938991.7106773
44526233.2003735
44003867.7837031
43344550.3875638
42630918.2317933
42051947.4832002
45595760.5541723
45513385.5782026
45350548.1485316
45085955.2668739
44709809.3309438
44200545.7195557
43523116.6191929
42630918.2317933
41500022.0807127
40375254.5087194
45507726.5480819
45421734.5192478
45243347.9625187
44957632.5097992
44545918.1920942
43973770.8731597
43179236.5412
42051947.4832002
40375254.5087194
37644692.8870762
48395605.1475081
47802731.3143449
47381516.2286856
46927866.6575972
46498749.0845822
46186101.7109159
45960898.9615858
45797150.5939983
45668655.1841344
45581100.353866
47802731.3143449
47535811.7709585
47188239.6406624
46755979.924148
46387590.232783
46102528.2032976
45885283.1874015
45720979.6167293
45586318.4498048
45495065.8875441
47381516.2286856
47188239.6406624
46854153.8049192
46511198.7186443
46206553.3306424
45948817.3534566
45737333.2791401
45567869.2820691
45423205.6553618
45316649.6045609
46927866.6575972
46755979.924148
46511198.7186443
46245544.4265556
45983838.8232367
45739567.5405968
45521817.3235753
45333198.138924
45158562.5031085
45030903.8295159
46498749.0845822
46387590.232783
46206553.3306424
45983838.8232367
45739147.2883087
45487848.0036783
45243354.7549724
45011260.7597149
44782323.2175798
44619120.2748349
46186101.7109159
46102528.2032976
45948817.3534566
45739567.5405968
45487848.0036783
45205747.6651338
44905474.0353629
44598059.8486357
44272942.2763313
44046867.5119046
45960898.9615858
45885283.1874015
45737333.2791401
45521817.3235753
45243354.7549724
44905474.0353629
44510088.2285326
44075084.112786
43595283.2499717
43252234.5997141
45797150.5939983
45720979.6167293
45567869.2820691
45333198.138924
45011260.7597149
44598059.8486357
44075084.112786
43416342.0839975
42702647.1150705
42124869.7778223
45668655.1841344
45586318.4498048
45423205.6553619
45158562.5031085
44782323.2175798
44272942.2763314
43595283.2499717
42702647.1150705
41572598.2149472
40447560.8838111
45581100.353866
45495065.8875441
45316649.6045609
45030903.8295159
44619120.2748349
44046867.5119046
43252234.5997141
42124869.7778223
40447560.8838111
37656422.2491566
