48448442.2414092
47841651.7076077
47392419.0021154
46927848.9480013
46496124.4007443
46184782.4142654
45960830.3364491
45798112.0777755
45669451.6183349
45579824.5923276
47841651.7076077
47556136.8999471
47189101.9846771
46754900.409064
46386141.5148128
46101926.9276261
45885705.0674228
45722205.4622847
45587688.9197915
45495380.1065639
47392419.0021154
47189101.9846771
46853602.5522823
46510016.5338867
46205876.7724564
45948973.1948796
45738653.5995415
45570248.8680589
45427612.224968
45320046.2419031
46927848.9480013
46754900.409064
46510016.5338867
46244897.6618309
45983984.2851012
45740753.842107
45524659.89263
45337707.4865475
45166543.3810066
45038609.3014544
46496124.4007443
46386141.5148128
46205876.7724564
45983984.2851012
45740371.9806295
45490700.0320001
45248911.2545014
45019529.2769151
44795341.4929167
44632737.7223807
46184782.4142654
46101926.9276261
45948973.1948796
45740753.842107
45490700.0320001
45211412.879281
44915533.8483912
44610526.2773321
44293398.8354003
44068281.7278846
45960830.3364491
45885705.0674228
45738653.5995415
45524659.89263
45248911.2545014
44915533.8483912
44524284.6773947
44099170.7376468
43625006.607404
43282357.33407
45798112.0777755
45722205.4622847
45570248.8680589
45337707.4865475
45019529.2769151
44610526.2773321
44099170.7376468
43450965.4493078
42747426.5059189
42162324.7906951
45669451.6183349
45587688.9197915
45427612.224968
45166543.3810066
44795341.4929167
44293398.8354003
43625006.607404
42747426.5059189
41615333.6071076
40486306.9585953
45579824.5923276
45495380.1065639
45320046.2419031
45038609.3014544
44632737.7223807
44068281.7278846
43282357.33407
42162324.7906951
40486306.9585953
37780175.6229742
48472591.3789268
47868998.5258206
47433919.4677899
46971609.4666739
46539657.6242868
46226158.0046631
46001511.3262252
45839287.1696822
45712863.3543759
45625487.9358967
47868998.5258206
47586818.7416337
47232642.2385149
46798503.8474379
46428281.7555738
46142782.7830659
45926245.1031091
45763616.0211064
45631185.7778363
45541052.0380288
47433919.4677899
47232642.2385149
46897200.2225574
46552602.5055247
46247051.700568
45989492.8159041
45779066.6055745
45611814.6742851
45471084.1323828
45365718.6059419
46971609.4666739
46798503.8474379
46552602.5055247
46286221.5953635
46024561.8987033
45781093.9632746
45564896.9053941
45379293.1860985
45210418.3675001
45084276.004796
46539657.6242868
46428281.7555738
46247051.700568
46024561.8987033
45780696.2751471
45530912.5388194
45288820.0693564
45061202.3489591
44839457.5733168
44678365.7762047
46226158.0046631
46142782.7830659
45989492.8159041
45781093.9632746
45530912.5388194
45251385.6982744
44955115.7618608
44652210.3515225
44337683.4495274
44113840.5047481
46001511.3262252
45926245.1031091
45779066.6055745
45564896.9053941
45288820.0693564
44955115.7618608
44565164.171973
44141032.6057953
43669538.302916
43327850.4684711
45839287.1696822
45763616.0211064
45611814.6742851
45379293.1860985
45061202.3489591
44652210.3515225
44141032.6057953
43494389.5344965
42791874.1172836
42207787.0810028
45712863.3543759
45631185.7778363
45471084.1323828
45210418.3675001
44839457.5733168
44337683.4495274
43669538.302916
42791874.1172836
41660517.5427906
40531455.9927308
45625487.9358967
45541052.0380288
45365718.6059419
45084276.004796
44678365.7762047
44113840.5047481
43327850.4684711
42207787.0810028
40531455.9927308
37797235.3312661
48510643.5513023
47918460.0529773
47499062.1924197
47045139.8911072
46613255.9664162
46299429.3393063
46074570.6992049
45912111.5601802
45785763.7861783
45698886.6317689
47918460.0529773
47650959.768947
47305628.4985456
46872192.0477823
46501697.4582307
46215966.3649048
45999250.8960758
45836384.1896558
45704143.2870732
45614399.5433365
47499062.1924197
47305628.4985456
46970898.8977224
46626095.7451813
46320320.9198261
46062589.8217299
45852002.293059
45684489.8868104
45543743.8980973
45439028.6450069
47045139.8911072
46872192.0477823
46626095.7451813
46359521.2577445
46097704.1494645
45854105.553569
45637736.2816892
45451801.9684979
45283011.4050475
45157553.197409
46613255.9664162
46501697.4582307
46320320.9198261
46097704.1494645
45853729.6472229
45603826.3327202
45361512.4884
45133509.6853285
44911956.7818098
44751568.7359548
46299429.3393063
46215966.3649048
46062589.8217299
45854105.553569
45603826.3327202
45324152.5762686
45027578.3561657
44724176.1177943
44410026.8426865
44186925.835197
46074570.6992049
45999250.8960758
45852002.293059
45637736.2816892
45361512.4884
45027578.3561657
44637504.6481383
44212260.6335646
43741690.3066757
43400820.7567107
45912111.5601802
45836384.1896558
45684489.8868104
45451801.9684979
45133509.6853285
44724176.1177943
44212260.6335646
43566148.6512609
42863306.4949173
42280693.0177779
45785763.7861783
45704143.2870732
45543743.8980973
45283011.4050475
44911956.7818098
44410026.8426865
43741690.3066757
42863306.4949173
41733015.5142762
40603764.7801577
45698886.6317689
45614399.5433365
45439028.6450069
45157553.197409
44751568.7359548
44186925.835197
43400820.7567107
42280693.0177779
40603764.7801577
37808901.966087
