48593465.0466093
47987694.2153657
47541228.3265242
47076236.6414815
46641009.869067
46328209.9575106
46104738.7250901
45943616.8377892
45817379.0058431
45728436.5823901
47987694.2153657
47702061.5396687
47337437.0960562
46902030.1058387
46530600.4884671
46245595.3700988
46030037.469529
45868276.3789815
45736428.8958417
45645892.1219207
47541228.3265242
47337437.0960562
47001333.2616978
46655511.6774407
46349983.6313047
46093133.0129
45883900.0114189
45717833.9845346
45579712.0188794
45474287.7984883
47076236.6414815
46902030.1058387
46655511.6774407
46389270.6702047
46128261.0916986
45885853.7664254
45671375.1762325
45487618.3633886
45323176.1098666
45197910.221247
46641009.869067
46530600.4884671
46349983.6313047
46128261.0916986
45885497.0119427
45637366.6447956
45397952.1644944
45173493.4332442
44957562.4911539
44798575.2086708
46328209.9575106
46245595.3700989
46093133.0129
45885853.7664254
45637366.6447956
45360485.8404693
45068495.8439457
44767757.6313557
44462880.5277303
44242251.1308276
46104738.7250901
46030037.469529
45883900.0114189
45671375.1762326
45397952.1644944
45068495.8439457
44681692.8129649
44264700.5826015
43802203.124275
43465010.9594885
45943616.8377892
45868276.3789815
45717833.9845346
45487618.3633886
45173493.4332442
44767757.6313557
44264700.5826015
43615824.9610776
42936030.3363795
42351984.757053
45817379.0058431
45736428.8958417
45579712.0188794
45323176.1098666
44957562.4911539
44462880.5277303
43802203.124275
42936030.3363795
41809257.8954031
40678263.2123778
45728436.5823901
45645892.1219207
45474287.7984884
45197910.221247
44798575.2086708
44242251.1308276
43465010.9594885
42351984.757053
40678263.2123778
37969240.5654729
48617683.1663966
48015094.2856483
47582616.3461029
47119994.1785483
46684601.3732979
46369695.7371283
46145443.9090066
45984708.1402093
45860759.7824437
45774108.5079773
48015094.2856483
47732262.0657884
47380952.1881936
46945624.1194057
46572858.639757
46286516.2053611
46070593.0071561
45909618.2290258
45779916.7873766
45691569.1391805
47582616.3461029
47380952.1881936
47044914.1643585
46698186.4855947
46391254.5407912
46133686.4743486
45924330.5162151
45759348.1274346
45623034.3465915
45519960.0803247
47119994.1785483
46945624.1194057
46698186.4855947
46430700.2506613
46168890.2539581
45926210.9666936
45711648.3339571
45529175.2539049
45366904.2807932
45243575.7449843
46684601.373298
46572858.639757
46391254.5407912
46168890.2539581
45925841.190534
45677600.6301449
45437933.0802624
45215027.0696317
45001526.9343583
44844198.6278557
46369695.7371283
46286516.2053611
46133686.4743486
45926210.9666936
45677600.6301449
45400499.3004524
45107858.9937052
44809394.6015877
44506984.27475
44287795.7978242
46145443.9090066
46070593.0071561
45924330.5162151
45711648.3339571
45437933.0802624
45107858.9937052
44722515.6027722
44306109.5490467
43846593.7886938
43510475.6902297
45984708.1402093
45909618.2290258
45759348.1274346
45529175.2539049
45215027.0696317
44809394.6015877
44306109.5490467
43659283.0063167
42980321.9159409
42397431.6523901
45860759.7824437
45779916.7873766
45623034.3465915
45366904.2807932
45001526.9343583
44506984.27475
43846593.7886938
42980321.9159409
41854371.0053811
40723411.1125845
45774108.5079773
45691569.1391806
45519960.0803247
45243575.7449843
44844198.6278557
44287795.7978242
43510475.6902297
42397431.6523901
40723411.1125845
37986272.2799226
48655859.7168321
48064553.4730968
47647444.0462302
47193533.127868
46758249.4163422
46443003.6775905
46218533.1401481
46057562.0304624
45933667.2939083
45847537.8900617
48064553.4730968
47796232.9001554
47453904.3047787
47019335.3131095
46646310.599874
46359732.1412698
46143628.6841068
45982420.2686748
45852904.0014884
45764936.9335071
47647444.0462302
47453904.3047787
47118622.9241413
46771713.3094941
46464557.9992402
46206813.6381237
45997298.171171
45832065.9783134
45695702.4087781
45593281.2161741
47193533.1278681
47019335.3131095
46771713.3094941
46504034.7422604
46242063.6640518
45999252.2342488
45784525.6115024
45601746.3116736
45439489.1087618
45316861.4455243
46758249.4163422
46646310.599874
46464557.9992402
46242063.6640518
45998903.9965147
45750546.8846328
45510674.9206237
45287379.5000225
45074019.363771
44917404.3370035
46443003.6775905
46359732.1412698
46206813.6381237
45999252.2342488
45750546.8846328
45473305.7743396
45180358.3511098
44881492.993817
44579288.2943466
44360868.6005432
46218533.1401481
46143628.6841069
45997298.171171
45784525.6115024
45510674.9206237
45180358.3511098
44794936.6095285
44377337.5172361
43918751.7836568
43583409.0056694
46057562.0304624
45982420.2686748
45832065.9783134
45601746.3116736
45287379.5000225
44881492.993817
44377337.5172361
43731549.3486603
43051538.0738278
42470315.6673231
45933667.2939083
45852904.0014884
45695702.4087781
45439489.1087618
45074019.363771
44579288.2943466
43918751.7836568
43051538.0738278
41926765.6714448
40795718.9758336
45847537.8900617
45764936.9335071
45593281.2161741
45316861.4455243
44917404.3370035
44360868.6005432
43583409.0056694
42470315.6673231
40795718.9758336
37997859.0083325
