48690851.945267
48085678.9854885
47640986.1759621
47174991.4098051
46736250.0025986
46420866.9149021
46195743.2155758
46033264.5362618
45906006.9278578
45817132.2376177
48085678.9854885
47799750.6521624
47436535.4345689
46999698.7939147
46625358.6061444
46338186.1259662
46120576.0948372
45955964.1180843
45819626.1376921
45732107.6281498
47640986.1759621
47436535.4345689
47099688.5776208
46751784.7890909
46444350.1741616
46185918.0833827
45974351.1811332
45802731.0236638
45645163.8104171
45557280.9433259
47174991.4098051
46999698.7939147
46751784.7890909
46484394.6382515
46222687.2463713
45979734.731486
45764420.4879814
45579474.8606364
45414150.4976907
45292388.4038829
46736250.0025986
46625358.6061444
46444350.1741616
46222687.2463713
45980341.7494189
45732792.1620125
45494189.6827382
45272200.2080589
45060711.9754719
44903927.1207246
46420866.9149021
46338186.1259663
46185918.0833827
45979734.731486
45732792.1620125
45457614.2950532
45167865.1604823
44871673.7020124
44575401.4582517
44357315.1610281
46195743.2155758
46120576.0948372
45974351.1811333
45764420.4879814
45494189.6827382
45167865.1604823
44786579.8280064
44374417.3409817
43923916.9921912
43588830.4259628
46033264.5362618
45955964.1180844
45802731.0236638
45579474.8606365
45272200.208059
44871673.7020124
44374417.3409817
43740429.0756876
43065375.2234774
42481594.8499625
45906006.9278578
45819626.1376922
45645163.8104172
45414150.4976907
45060711.9754719
44575401.4582517
43923916.9921912
43065375.2234774
41942652.4711929
40809715.1654623
45817132.2376177
45732107.6281498
45557280.9433259
45292388.4038829
44903927.1207246
44357315.1610281
43588830.4259628
42481594.8499625
40809715.1654623
38098648.0505938
48715117.0192404
48113116.4789606
47682305.9166659
47218753.888932
46779853.6434972
46462533.9076413
46236564.6383192
46074340.9011715
45949372.1583566
45862818.4162923
48113116.4789606
47829681.2146559
47480039.6289044
47043292.2135234
46667778.0607677
46379257.7404467
46161238.5359241
45997288.7358802
45863118.7542755
45777802.7585427
47682305.9166659
47480039.6289044
47143263.5046815
46794583.2141375
46485777.3537021
46226595.5766136
46014884.3149885
45844240.9178023
45688889.9049727
45602995.8029275
47218753.888932
47043292.2135234
46794583.2141375
46525977.4786284
46263439.6054327
46020190.4473726
45804792.3836667
45621032.0978755
45457773.0805518
45338065.4258426
46779853.6434972
46667778.0607677
46485777.3537021
46263439.6054327
46020779.8943567
45773112.8575458
45534281.5577727
45313654.241203
45104565.5857734
44949552.1218728
46462533.9076414
46379257.7404467
46226595.5766136
46020190.4473726
45773112.8575458
45497730.4245776
45207400.3174883
44913251.8234728
44619369.6213164
44402850.8737633
46236564.6383193
46161238.5359241
46014884.3149885
45804792.3836667
45534281.5577727
45207400.3174883
44827256.0214135
44415737.1182285
43968145.8317832
43634270.6992926
46074340.9011715
45997288.7358802
45844240.9178023
45621032.0978755
45313654.241203
44913251.8234728
44415737.1182285
43783755.7046185
43109596.2432234
42527022.9355093
45949372.1583566
45863118.7542756
45688889.9049727
45457773.0805518
45104565.5857734
44619369.6213164
43968145.8317832
43109596.2432234
41987695.8409087
40854857.7049415
45862818.4162923
45777802.7585427
45602995.8029275
45338065.4258426
44949552.1218728
44402850.8737633
43634270.6992926
42527022.9355093
40854857.7049415
38115658.7773513
48753377.8108593
48162578.6927581
47746921.4663251
47292304.4110859
46853544.6336979
46535874.0611223
46309681.3005317
46147215.9129845
46022281.6295721
45936269.5468254
48162578.6927581
47893538.8956983
47552974.1816576
47117025.3014576
46741259.854197
46452502.7975046
46234300.9902453
46070110.2758488
45936129.6368648
45851191.2542724
47746921.466325
47552974.1816576
47216984.9591823
46868137.1269878
46559109.9009512
46299750.1522332
46087879.2783274
45916983.0242315
45762410.0865806
45676372.1458287
47292304.4110859
47117025.3014576
46868137.1269878
46599340.775436
46336640.1421648
46093258.3202725
45877700.6226911
45693641.2414747
45530340.3634595
45411362.2386098
46853544.6336979
46741259.854197
46559109.9009512
46336640.1421648
46093868.6543157
45846087.0327561
45607062.4244107
45386039.9319658
45177042.9662528
45022759.8535265
46535874.0611223
46452502.7975046
46299750.1522332
46093258.3202725
45846087.0327561
45570571.8690954
45279960.7776976
44985416.3132823
44691637.4156729
44475913.9698771
46309681.3005318
46234300.9902453
46087879.2783274
45877700.6226912
45607062.4244107
45279960.7776976
44899693.8303684
44487132.7334135
44040212.0161823
43707172.4839601
46147215.9129845
46070110.2758488
45916983.0242315
45693641.2414748
45386039.9319658
44985416.3132823
44487132.7334135
43855819.3193274
43180745.9703212
42599882.5771526
46022281.6295721
45936129.6368648
45762410.0865806
45530340.3634595
45177042.9662528
44691637.4156729
44040212.0161823
43180745.9703212
42059991.4775563
40927160.4351626
45936269.5468254
45851191.2542725
45676372.1458288
45411362.2386098
45022759.8535265
44475913.9698771
43707172.4839601
42599882.5771526
40927160.4351626
38127188.2732513
