48741769.2023197
48146048.5294961
47708584.7871384
47272847.6167337
46808455.2140472
46481271.3252814
46252456.7282692
46089372.1164021
45963640.0064365
45876532.4153598
48146048.5294961
47867434.2891902
47523010.4059534
47079586.4143462
46691943.5243957
46397477.6729899
46177406.1901653
46013262.9994429
45880729.4159838
45794204.677737
47708584.7871384
47523010.4059534
47178295.11848
46821249.1329706
46506097.6669409
46243724.5027399
46031341.4570834
45862643.6095639
45720060.792746
45625213.6854979
47272847.6167337
47079586.4143462
46821249.1329706
46546965.3661932
46281134.6170017
46036332.3412678
45820970.4057581
45637937.4754388
45477986.0857787
45362299.1928686
46808455.2140472
46691943.5243957
46506097.6669409
46281134.6170017
46036999.3864507
45788985.5190721
45551213.2828696
45332277.0570164
45130278.6553794
44979054.7591432
46481271.3252814
46397477.6729899
46243724.5027399
46036332.3412678
45788985.5190721
45514371.9323459
45226503.7188921
44935856.9945407
44651903.6098081
44438453.8578405
46252456.7282692
46177406.1901653
46031341.4570834
45820970.4057581
45551213.2828696
45226503.7188921
44849274.9783415
44443337.6086347
44009942.5027416
43673030.9122454
46089372.1164021
46013262.9994429
45862643.6095638
45637937.4754387
45332277.0570164
44935856.9945407
44443337.6086347
43837414.126799
43149534.9723208
42557020.4568725
45963640.0064365
45880729.4159838
45720060.792746
45477986.0857787
45130278.6553794
44651903.6098081
44009942.5027416
43149534.9723208
42016337.7390114
40863549.6262076
45876532.4153598
45794204.677737
45625213.6854978
45362299.1928686
44979054.7591432
44438453.8578405
43673030.9122453
42557020.4568725
40863549.6262076
38116108.8584382
48766079.8537715
48173472.1561968
47746614.7371908
47316718.28511
46852105.9022
46523404.060167
46293502.1672577
46130549.7002047
46007004.1277528
45922193.1594929
48173472.1561968
47897869.1581266
47566549.1199509
47123183.1021741
46734774.3709561
46438915.2816031
46218243.253351
46054647.8611249
45924212.9227233
45839866.0929186
47746614.7371908
47566549.1199509
47221851.3843013
46864328.1143539
46547971.6059939
46284700.6834695
46072015.1996408
45904175.1085434
45763528.5916321
45670867.9511358
47316718.28511
47123183.1021741
46864328.1143539
46589013.3806741
46322275.6305384
46077040.4060896
45861507.7009227
45679566.5197308
45521568.2429798
45407916.9377656
46852105.9022
46734774.3709561
46547971.6059939
46322275.6305384
46077732.9058684
45829530.5674763
45591519.7059402
45373852.6604173
45174014.0567655
45024625.9234485
46523404.060167
46438915.2816031
46284700.6834695
46077040.4060896
45829530.5674763
45554712.6465857
45266337.7092277
44977452.5998856
44695706.0725395
44483924.1263739
46293502.1672577
46218243.253351
46072015.1996408
45861507.7009227
45591519.7059402
45266337.7092278
44890026.3406075
44484825.3466145
44053860.621199
43718388.7804507
46130549.7002047
46054647.8611249
45904175.1085434
45679566.5197308
45373852.6604173
44977452.5998855
44484825.3466145
43880231.2217314
43193642.5743784
42602401.6070473
46007004.1277528
45924212.9227233
45763528.5916321
45521568.2429798
45174014.0567655
44695706.0725395
44053860.621199
43193642.5743784
42061234.0126152
40908671.4021899
45922193.1594929
45839866.0929186
45670867.9511358
45407916.9377656
45024625.9234485
44483924.1263739
43718388.7804507
42602401.6070473
40908671.4021899
38132871.3188216
48804492.0443994
48222773.5525272
47811071.0778537
47390472.761838
46925900.1542114
46596800.5527681
46366640.4394618
46203436.449523
46079918.9148233
45995626.6751426
48222773.5525272
47961828.3915798
47639559.8186461
47196947.5754878
46808312.8330279
46512197.1475736
46291320.533263
46127481.5536208
45997222.7076175
45913228.9619088
47811071.0778537
47639559.8186461
47295566.6609234
46937927.4481606
46621350.6303981
46357881.6931655
46145021.0691706
45976930.0773376
45836438.4936337
45744186.6629611
47390472.761838
47196947.5754878
46937927.4481606
46662425.8451871
46395510.3430921
46150128.7096588
45934430.2320612
45752207.5466683
45594234.9837501
45481145.1225686
46925900.1542114
46808312.8330279
46621350.6303981
46395510.3430921
46150845.2707016
45902522.4634202
45664322.491465
45446302.8920641
45246445.0825272
45097766.2874674
46596800.5527681
46512197.1475736
46357881.6931655
46150128.7096588
45902522.4634202
45627574.8881933
45338940.3573732
45049676.8725236
44767910.5222313
44556900.3106834
46366640.4394619
46291320.533263
46145021.0691706
45934430.2320612
45664322.491465
45338940.3573732
44962504.3325086
44556501.2661426
44125636.0329941
43791177.1882861
46203436.449523
46127481.5536208
45976930.0773376
45752207.5466683
45446302.8920641
45049676.8725236
44556501.2661426
43951508.6307744
43264722.3465824
42675200.0677709
46079918.9148233
45997222.7076175
45836438.4936337
45594234.9837501
45246445.0825272
44767910.5222313
44125636.0329941
43264722.3465824
42133319.3784236
40980949.153414
45995626.6751426
45913228.9619088
45744186.6629611
45481145.1225686
45097766.2874674
44556900.3106834
43791177.1882861
42675200.0677709
40980949.153414
38143864.0299118
