48799639.0900224
48204339.8571346
47767818.5691482
47333436.3112142
46867123.9729901
46539065.6572454
46310585.5247943
46148441.7733587
46023954.2884652
45937017.9199689
48204339.8571346
47925915.9562578
47582575.4175731
47139050.7822078
46750261.2649886
46455437.1288008
46235898.1873438
46072988.419548
45942268.528026
45856013.953829
47767818.5691482
47582575.4175732
47237726.0716908
46879958.7658217
46564188.580178
46301930.8144019
46090371.2261509
45923340.9310198
45783429.2985037
45689219.6116555
47333436.3112142
47139050.7822078
46879958.7658217
46605135.0413163
46339245.7345517
46094921.2490324
45880532.1566451
45699156.6114546
45541719.6066965
45427933.38639
46867123.9729901
46750261.2649886
46564188.580178
46339245.7345517
46095495.6480871
45848272.1646403
45611722.5285703
45394844.2063133
45196513.7051841
45047347.7136243
46539065.6572454
46455437.1288008
46301930.8144018
46094921.2490324
45848272.1646403
45574819.1466654
45288742.9913237
45001319.7210832
44721513.1631308
44510608.341626
46310585.5247943
46235898.1873437
46090371.2261509
45880532.1566451
45611722.5285703
45288742.9913237
44914860.7070306
44512243.7971687
44084317.489301
43749655.9127433
46148441.7733587
46072988.419548
45923340.9310198
45699156.6114546
45394844.2063133
45001319.7210832
44512243.7971687
43918696.5975186
43226650.7381187
42636176.6571909
46023954.2884652
45942268.528026
45783429.2985037
45541719.6066965
45196513.7051841
44721513.1631308
44084317.489301
43226650.7381187
42097922.3001943
40943741.8481872
45937017.9199689
45856013.953829
45689219.6116555
45427933.38639
45047347.7136243
44510608.341626
43749655.9127433
42636176.6571909
40943741.8481872
38194662.5004959
48823976.9980311
48231784.8898575
47805659.4355863
47377306.9984377
46910775.4118573
46581229.9799908
46351623.8659048
46189578.2312957
46067305.0678332
45982679.4380607
48231784.8898575
47956186.1252692
47626108.0174856
47182642.2449809
46793110.387688
46496883.1462548
46276730.6828549
46114351.4208858
45985745.0657472
45901679.9452449
47805659.4355863
47626108.0174856
47281274.5711649
46923030.3647632
46606076.7959584
46342905.7224624
46131049.9829316
45964878.3214304
45826916.3615448
45734882.011186
47377306.9984377
47182642.2449809
46923030.3647632
46647197.1580421
46380388.6058102
46135617.9197966
45921069.8064697
45740774.8095794
45585253.9662023
45473548.6443077
46910775.4118573
46793110.387688
46606076.7959584
46380388.6058102
46136216.9514537
45888803.3378301
45652038.0745229
45436410.0730809
45240183.9929418
45092911.8562142
46581229.9799907
46496883.1462548
46342905.7224624
46135617.9197966
45888803.3378301
45615158.1328525
45328616.1586262
45042844.3452261
44765240.5092354
44556064.7964533
46351623.8659048
46276730.6828549
46131049.9829316
45921069.8064697
45652038.0745229
45328616.1586262
44955509.4516843
44553732.2606276
44128135.8531125
43794986.8741256
46189578.2312957
46114351.4208858
45964878.3214304
45740774.8095794
45436410.0730809
45042844.3452261
44553732.2606276
43961246.4405433
43270765.2664551
42681536.7747246
46067305.0678332
45985745.0657472
45826916.3615448
45585253.9662023
45240183.9929418
44765240.5092354
44128135.8531125
43270765.2664551
42142748.2626289
40988855.3591599
45982679.4380607
45901679.9452449
45734882.011186
45473548.6443077
45092911.8562142
44556064.7964533
43794986.8741256
42681536.7747246
40988855.3591599
38211405.6747692
48862438.5719806
48281084.6497197
47869984.3674597
47451066.3652792
46984588.4663809
46654641.5694946
46424772.8171336
46262476.0480717
46140223.6406904
46056124.3739547
48281084.6497197
48020082.8829443
47699111.1638492
47256414.8589884
46866662.1685241
46570176.9268775
46349819.050745
46187200.2347433
46058763.8975818
45975056.0240706
47869984.3674597
47699111.1638492
47354993.3545055
46996639.33826
46679467.9911521
46416097.679913
46204068.5082053
46037655.9076119
45899870.3747183
45808212.6964773
47451066.3652792
47256414.8589884
46996639.33826
46720621.6590259
46453634.4283404
46208716.4034474
45994005.6027658
45813438.7740785
45657955.0671521
45546777.37263
46984588.4663809
46866662.1685241
46679467.9911521
46453634.4283404
46209339.2960185
45961805.7878496
45724857.703636
45508891.5027917
45312615.6735205
45166047.6528445
46654641.5694946
46570176.9268775
46416097.679913
46208716.4034474
45961805.7878496
45688034.3580558
45401245.4656496
45115087.6595242
44837448.5554896
44629026.304316
46424772.8171336
46349819.050745
46204068.5082053
45994005.6027658
45724857.703636
45401245.4656496
45027995.2318676
44625505.7631816
44199873.0287012
43867739.8943733
46262476.0480717
46187200.2347433
46037655.9076119
45813438.7740785
45508891.5027917
45115087.6595242
44625505.7631816
44032231.4032395
43341918.080718
42754308.0706034
46140223.6406904
46058763.8975818
45899870.3747182
45657955.0671521
45312615.6735205
44837448.5554896
44199873.0287012
43341918.080718
42214731.9365458
41061124.2239075
46056124.3739547
45975056.0240706
45808212.6964773
45546777.37263
45166047.6528445
44629026.304316
43867739.8943733
42754308.0706034
41061124.2239075
38222351.228433
