48858220.3763575
48263341.8111578
47827769.0339785
47394811.7270791
46926574.3507334
46597563.5257597
46369289.0218335
46207899.3218723
46084457.8993797
45997770.5624337
48263341.8111578
47985115.4019892
47642877.0746505
47199285.1160856
46809339.315523
46514060.1912248
46294843.4336017
46132783.9171893
46003352.5530602
45917500.2782917
47827769.0339785
47642877.0746505
47297911.4673831
46939453.9516073
46623036.416537
46360773.3705475
46149741.7796063
45983728.8186156
45845368.9786494
45752184.9633406
47394811.7270791
47199285.1160856
46939453.9516073
46664100.8856393
46398130.2722109
46154194.6983273
45940567.829587
45760446.5727609
45604935.7850191
45493208.4622554
46926574.3507334
46809339.315523
46623036.416537
46398130.2722109
46154771.2391564
45908293.768344
45672847.6261141
45457829.7206403
45262896.3148187
45115962.6516685
46597563.5257597
46514060.1912248
46360773.3705475
46154194.6983273
45908293.768344
45635977.3535646
45351560.9402707
45067148.8947614
44791567.4956445
44583564.7574818
46369289.0218335
46294843.4336017
46149741.7796063
45940567.829587
45672847.6261141
45351560.9402707
44980620.8787955
44580732.419481
44159489.8232497
43827714.9634011
46207899.3218723
46132783.9171893
45983728.8186156
45760446.5727609
45457829.7206403
45067148.8947614
44580732.419481
43994581.5270643
43307266.9659342
42717932.226927
46084457.8993797
46003352.5530602
45845368.9786494
45604935.7850191
45262896.3148187
44791567.4956445
44159489.8232497
43307266.9659342
42182988.8307701
41026665.3408184
45997770.5624337
45917500.2782917
45752184.9633405
45493208.4622554
45115962.6516685
44583564.7574818
43827714.9634011
42717932.226927
41026665.3408184
38275696.7681321
48882585.8228724
48290808.6148193
47865403.4152668
47438682.3196682
46970227.1807406
46639775.8098071
46410338.4983373
46249003.7639394
46127796.2706888
46043435.0023421
48290808.6148193
48015241.4640231
47686403.4381331
47242871.7255168
46852214.4119628
46555529.5078633
46335683.5066227
46174122.7706933
46046819.0980413
45963171.8437078
47865403.4152668
47686403.4381331
47341452.5538429
46982521.0150457
46664948.2773904
46401759.637976
46190429.0677579
46025250.7592918
45888854.1708789
45797853.4242813
47438682.3196682
47242871.7255168
46982521.0150457
46706183.9043544
46439286.5221422
46194893.273089
45981114.7856987
45802051.0977717
45648418.4215378
45538822.0572922
46970227.1807406
46852214.4119628
46664948.2773904
46439286.5221422
46195493.2705479
45948824.4615763
45713182.6431694
45499387.6142244
45306500.9778375
45161520.9979817
46639775.8098071
46555529.5078633
46401759.6379759
46194893.273089
45948824.4615763
45676327.276002
45391481.3686559
45108604.5003126
44835219.0815434
44629007.8464441
46410338.4983373
46335683.5066227
46190429.0677579
45981114.7856987
45713182.6431694
45391481.3686559
45021177.1461536
44622220.5981646
44203209.6063684
43873017.2198713
46249003.7639394
46174122.7706933
46025250.7592918
45802051.0977717
45499387.6142244
45108604.5003126
44622220.5981646
44036989.3020317
43351312.4550811
42763264.3802008
46127796.2706888
46046819.0980413
45888854.1708789
45648418.4215377
45306500.9778375
44835219.0815434
44203209.6063684
43351312.4550811
42227726.5763977
41071767.1371857
46043435.0023421
45963171.8437078
45797853.4242812
45538822.0572922
45161520.9979817
44629007.8464441
43873017.2198713
42763264.3802008
41071767.1371857
38292418.284113
48921097.1249682
48340107.7056525
47929595.5855075
47512446.3078218
47044059.9165158
46713204.0614273
46483499.9402464
46321913.7421785
46200719.3625063
46116892.245405
48340107.7056525
48079077.3286495
47759398.8773891
47316653.1590156
46925780.2940623
46628836.5493999
46408784.1058045
46246985.6046809
46119842.1660855
46036561.695103
47929595.5855075
47759398.8773891
47415175.5473826
47056139.9145706
46738352.475643
46474963.6947624
46263460.4440953
46098045.6030202
45961821.4790853
45871196.3118726
47512446.3078217
47316653.1590156
47056139.9145706
46779621.0489929
46512544.4951182
46268003.2125179
46054064.6369541
45874736.2487968
45721150.2193176
45612051.9179786
47044059.9165157
46925780.2940623
46738352.475643
46512544.4951182
46268626.8342317
46021838.8106802
45786019.9715782
45571899.105794
45378935.4529617
45234652.767432
46713204.0614273
46628836.5493999
46474963.6947624
46268003.2125179
46021838.8106801
45749218.6764918
45464137.30289
45180867.019195
44907435.3202264
44701954.8546771
46483499.9402464
46408784.1058045
46263460.4440953
46054064.6369541
45786019.9715782
45464137.30289
45093672.4967157
44694081.5941028
44274922.0742417
43945732.8486265
46321913.7421785
46246985.6046809
46098045.6030202
45874736.2487968
45571899.105794
45180867.019195
44694081.5941028
44107960.4725854
43422415.7722655
42835999.8805571
46200719.3625063
46119842.1660855
45961821.4790853
45721150.2193176
45378935.4529617
44907435.3202264
44274922.0742417
43422415.7722655
42299582.7692328
41144024.1911247
46116892.245405
46036561.695103
45871196.3118726
45612051.9179786
45234652.767432
44701954.8546771
43945732.8486265
42835999.8805571
41144024.1911247
38303313.9329754
