48917522.9000368
48323052.6097394
47888411.4389227
47456909.2369136
46986685.0487931
46656615.9801785
46428435.2469905
46267672.4905263
46145141.057587
46058649.9619844
48323052.6097394
48045018.1741406
47703878.3542296
47260207.6333516
46869058.9451323
46573231.3535859
46354211.7364538
46192834.4144657
46064483.98486
45978980.852149
47888411.4389227
47703878.3542296
47358782.3433656
46999631.2242608
46682519.8265634
46420166.0955172
46209532.8892661
46044328.8613439
45907164.9580927
45815076.2735458
47456909.2369136
47260207.6333516
46999631.2242608
46723735.5410793
46457648.3550196
46214043.1014158
46001090.4723836
45822103.4577799
45668424.1129238
45558634.7418657
46986685.0487931
46869058.9451323
46682519.8265634
46457648.3550196
46214671.9141595
45968914.4454578
45734526.5578571
45521301.7128288
45329641.4618984
45185007.3812382
46656615.9801785
46573231.3535859
46420166.0955172
46214043.1014158
45968914.4454578
45697734.2663123
45414945.5547282
45133475.9638481
44862143.0155066
44657331.7675576
46428435.2469905
46354211.7364538
46209532.8892661
46001090.4723836
45734526.5578571
45414945.5547282
45046831.7315575
44649622.698055
44235505.1346873
43907238.2474516
46267672.4905263
46192834.4144657
46044328.8613439
45822103.4577799
45521301.7128288
45133475.9638481
44649622.698055
44069415.2746505
43390219.7292827
42802222.3945057
46145141.057587
46064483.98486
45907164.9580927
45668424.1129238
45329641.4618984
44862143.0155066
44235505.1346873
43390219.7292827
42271377.0158863
41112572.7499868
46058649.9619844
45978980.852149
45815076.2735458
45558634.7418657
45185007.3812382
44657331.7675576
43907238.2474516
42802222.3945057
41112572.7499868
38359639.5246453
48941916.2493529
48350541.7008186
47925832.8458584
47500779.7883955
47030339.5152791
46698882.0489875
46469499.4321874
46308744.3098845
46188466.6389051
46104317.3385801
48350541.7008186
48075016.6504116
47747398.7502153
47303789.6686481
46911963.2119067
46614728.0547736
46395059.8012619
46234145.1629411
46107939.4903014
46024657.3272424
47925832.8458584
47747398.7502153
47402316.3411143
47042695.6823777
46724458.897573
46461166.578883
46250226.2874246
46085828.4924435
45950648.2722427
45860748.3101032
47500779.7883955
47303789.6686481
47042695.6823777
46765842.7015891
46498822.689694
46254746.6986971
46041645.5724962
45863690.3673676
45711850.4067277
45604245.5855688
47030339.5152791
46911963.2119067
46724458.897573
46498822.689694
46255399.3887174
46009447.7038869
45774880.3845761
45562849.2160539
45373179.3274992
45230559.6729913
46698882.0489875
46614728.0547736
46461166.578883
46254746.6986971
46009447.7038869
45738096.201068
45454909.0436094
45174859.3062319
44905717.6051922
44702761.3084607
46469499.4321874
46395059.8012619
46250226.2874246
46041645.5724962
45774880.3845761
45454909.0436094
45087290.902341
44691100.7916463
44279126.8027545
43952510.4372596
46308744.3098845
46234145.1629411
46085828.4924435
45863690.3673676
45562849.2160539
45174859.3062319
44691100.7916463
44111706.0575371
43434175.848787
42847521.8017643
46188466.6389051
46107939.4903014
45950648.2722426
45711850.4067277
45373179.3274992
44905717.6051922
44279126.8027545
43434175.848787
42316011.7935818
41157660.6436175
46104317.3385801
46024657.3272424
45860748.3101032
45604245.5855688
45230559.6729913
44702761.3084607
43952510.4372596
42847521.8017643
41157660.6436175
38376337.8856675
48980477.7140101
48399841.5307506
47989890.9280377
47574548.2961849
47104192.188285
46772327.5985186
46542673.7270305
46381666.2194735
46261393.8316645
46177786.7840552
48399841.5307506
48138793.0595472
47820386.8532447
47377580.4253536
46985543.5430894
46688048.7697758
46468172.6351494
46307021.0672405
46180965.3705045
46098060.5583382
47989890.9280377
47820386.8532447
47476044.2115275
47116324.649448
46797876.4424587
46534383.0227369
46323270.1835082
46158638.8320275
46023632.2558187
45934101.1246887
47574548.2961849
47377580.4253536
47116324.649448
46839292.7888732
46572093.2600047
46327868.4118105
46114609.2370653
45936395.2540053
45784606.1269943
45677475.7945046
47104192.188285
46985543.5430894
46797876.4424587
46572093.2600047
46328544.6424649
46082474.2514688
45847735.0705582
45635389.0192893
45445617.9998664
45303687.320766
46772327.5985186
46688048.7697758
46534383.0227369
46327868.4118104
46082474.2514688
45811002.746672
45527590.3313823
45247140.2305757
44977945.9172792
44775693.761146
46542673.7270305
46468172.6351494
46323270.1835082
46114609.2370653
45847735.0705582
45527590.3313823
45159795.610653
44763038.8174122
44350826.6548288
44025186.9021056
46381666.2194735
46307021.0672405
46158638.8320275
45936395.2540052
45635389.0192893
45247140.2305757
44763038.8174122
44182734.3350855
43505201.013463
42920214.0253669
46261393.8316645
46180965.3705044
46023632.2558187
45784606.1269943
45445617.9998664
44977945.9172792
44350826.6548288
43505201.013463
42387716.1733783
41229902.985522
46177786.7840552
46098060.5583382
45934101.1246887
45677475.7945046
45303687.320766
44775693.761146
44025186.9021056
42920214.0253669
41229902.985522
38387180.7688604
