48829484.30787
48225323.4665812
47747610.6847362
47387400.3968035
46976740.1605703
46674992.1243855
46462303.1470295
46310746.4828421
46194374.1982989
46111375.8239895
48225323.4665812
47957474.6833404
47626231.7556703
47227666.9879583
46871276.2826001
46596643.9616679
46390637.2793782
46237513.4022624
46114970.8981499
46032766.4076312
47747610.6847362
47626231.7556704
47321540.6971036
46992896.362279
46697746.6214962
46450559.838829
46250065.7895312
46091778.5864742
45959680.8117502
45871197.9597532
47387400.3968035
47227666.9879583
46992896.362279
46736015.8694904
46484471.6225131
46251600.7814208
46046407.3387409
45873223.0870715
45724407.1347693
45618545.5180392
46976740.1605703
46871276.2826001
46697746.6214962
46484471.6225131
46251129.1688163
46013097.3068408
45784787.3342436
45576758.1548565
45390718.4370084
45249991.1623866
46674992.1243855
46596643.9616679
46450559.8388289
46251600.7814207
46013097.3068408
45747762.0063645
45470138.3495927
45193696.1247915
44929020.4152761
44728592.0856755
46462303.1470295
46390637.2793782
46250065.7895312
46046407.3387409
45784787.3342436
45470138.3495927
45107744.2740017
44715602.8865079
44309398.5255053
43985789.0373708
46310746.4828421
46237513.4022624
46091778.5864742
45873223.0870715
45576758.1548565
45193696.1247915
44715602.8865079
44142763.9114672
43472677.2491207
42887070.1283831
46194374.1982989
46114970.8981498
45959680.8117502
45724407.1347693
45390718.4370083
44929020.4152761
44309398.5255053
43472677.2491207
42361092.3889963
41200046.1692203
46111375.8239895
46032766.4076312
45871197.9597532
45618545.5180392
45249991.1623866
44728592.0856755
43985789.0373707
42887070.1283831
41200046.1692203
38445436.9826738
48853907.8740266
48252893.4576981
47772945.5571438
47431038.9593451
47020538.4624891
46718385.4782801
46504064.5277243
46352109.4920134
46237720.7952634
46157061.4908289
48252893.4576981
47986373.7321671
47669710.0968946
47271448.2265987
46914928.6157378
46639202.7921556
46432103.4296982
46279051.557607
46158440.0073832
46078463.00997
47772945.5571439
47669710.0968946
47365298.9218552
47036583.0222158
46740997.3716961
46492444.428193
46291258.3750219
46133441.7165059
46003181.8056914
45916886.7974097
47431038.9593451
47271448.2265987
47036583.0222158
46779522.7668599
46526689.4350904
46292960.9691983
46087340.5778176
45914921.6553906
45767790.8232893
45664165.1325872
47020538.4624891
46914928.6157378
46740997.3716961
46526689.4350904
46292573.9699745
46054084.1096542
45825421.3528763
45618382.5576567
45434200.9328558
45295546.0132993
46718385.4782801
46639202.7921556
46492444.428193
46292960.9691983
46054084.1096542
45788427.9222916
45510319.1381553
45235133.7038322
44972520.5389814
44774013.7268637
46504064.5277243
46432103.4296982
46291258.3750219
46087340.5778176
45825421.3528763
45510319.1381553
45148192.8163555
44757065.3249556
44352926.6049553
44031033.7460423
46352109.4920134
46279051.557607
46133441.7165059
45914921.6553906
45618382.5576567
45235133.7038322
44757065.3249556
44184929.9545751
43516548.3829827
42932335.1902087
46237720.7952634
46158440.0073832
46003181.8056914
45767790.8232893
45434200.9328558
44972520.5389814
44352926.6049553
43516548.3829827
42405614.0061199
41245119.8509977
46157061.4908288
46078463.00997
45916886.7974097
45664165.1325872
45295546.0132993
44774013.7268637
44031033.7460423
42932335.1902087
41245119.8509977
38462112.705595
48892483.4025716
48302292.0151678
47831492.3596896
47504138.2629347
47094493.7031291
46791928.1855543
46577320.9184038
46425099.3113418
46310696.5306997
46230554.0731811
48302292.0151678
48050053.0943789
47742340.7128616
47345379.0433743
46988650.4051629
46712620.1669605
46505293.7890657
46351992.2799807
46231508.0073305
46151891.0940549
47831492.3596897
47742340.7128616
47439197.107011
47110378.7555904
46814520.6108924
46565748.9160939
46364370.474248
46206310.8217984
46076216.6641625
45990259.3081675
47504138.2629347
47345379.0433743
47110378.7555904
46853083.2024513
46600054.5873533
46366155.5891995
46160361.9392871
45987679.8056117
45840597.7332531
45737404.453446
47094493.7031291
46988650.4051629
46814520.6108924
46600054.5873533
46365794.1615436
46127168.6952408
45898325.7143584
45690974.8033697
45506666.0684558
45368675.6794305
46791928.1855543
46712620.1669605
46565748.9160939
46366155.5891995
46127168.6952408
45861382.2482052
45583048.3787125
45307474.4303714
45044766.5941748
44846935.111534
46577320.9184038
46505293.7890657
46364370.4742479
46160361.9392871
45898325.7143584
45583048.3787125
45220722.3609682
44829066.412822
44424630.9605516
44103671.3036741
46425099.3113418
46351992.2799807
46206310.8217984
45987679.8056117
45690974.8033697
45307474.4303714
44829066.412822
44256009.8984096
43587510.0540861
43004978.5213983
46310696.5306997
46231508.0073304
46076216.6641625
45840597.7332531
45506666.0684558
45044766.5941748
44424630.9605516
43587510.0540861
42477146.5666866
41317344.712122
46230554.0731811
46151891.0940549
45990259.3081674
45737404.453446
45368675.6794305
44846935.111534
44103671.3036741
43004978.5213983
41317344.712122
38472900.7424397
