48909968.7386897
48319900.5039743
47890862.9281849
47477146.6219079
47034695.9587096
46720962.5007553
46504714.2344993
46352736.573273
46237238.6387141
46155316.6673786
48319900.5039743
48047655.7313918
47716971.7101906
47294625.3338023
46922293.5132514
46640661.6558448
46432067.4032684
46278004.1935387
46155155.6840358
46074485.6345026
47890862.9281849
47716971.7101906
47389593.8001153
47046616.730792
46743713.8760782
46492863.7863474
46290197.8196254
46128891.5920184
45991168.9583746
45907711.6012453
47477146.621908
47294625.3338023
47046616.730792
46782772.5235554
46527927.4507119
46293544.2626398
46086201.7350468
45905821.9070954
45728519.0587455
45647431.1527131
47034695.9587096
46922293.5132514
46743713.8760782
46527927.4507119
46294161.6326216
46056615.3563491
45828270.736423
45618209.9225934
45426265.8524409
45294164.6033678
46720962.5007553
46640661.6558448
46492863.7863474
46293544.2626398
46056615.3563491
45793765.8269001
45518621.2443826
45244396.4387588
44983256.1967005
44787845.8113876
46504714.2344993
46432067.4032684
46290197.8196254
46086201.7350468
45828270.736423
45518621.2443826
45162024.9007704
44774878.2733515
44375865.1462568
44057620.2668637
46352736.573273
46278004.1935387
46128891.5920184
45905821.9070954
45618209.9225934
45244396.4387588
44774878.2733514
44210973.5855594
43550655.1955594
42968474.9746381
46237238.6387141
46155155.6840357
45991168.9583746
45728519.0587455
45426265.8524409
44983256.1967005
44375865.1462568
43550655.1955594
42448667.853871
41285964.2725627
46155316.6673785
46074485.6345025
45907711.6012452
45647431.152713
45294164.6033678
44787845.8113876
44057620.2668636
42968474.9746381
41285964.2725627
38530409.0615198
48934339.1369885
48347339.6057809
47923319.6563912
47519894.9177265
47078309.396172
46763717.589678
46546292.7290969
46394080.3409453
46280584.6157881
46201017.2363582
48347339.6057809
48077412.6202181
47758644.6168559
47337891.4866023
46965463.5242866
46682717.9573101
46473429.1138475
46319551.2135367
46198628.4092657
46120203.9955457
47923319.6563912
47758644.6168559
47432475.4442744
47089801.4331145
46786181.469758
46534455.2951975
46331400.1847342
46170599.9637937
46034694.2282891
45953436.2162113
47519894.9177265
47337891.4866023
47089801.4331145
46825386.097401
46569705.9483194
46334814.2623376
46127244.9293169
45947615.0838769
45772466.8452061
45693169.5992921
47078309.396172
46965463.5242866
46786181.469758
46569705.9483194
46335459.7622135
46097644.7045131
45869057.1692478
45659910.8399853
45469747.2045581
45339752.4741865
46763717.589678
46682717.9573101
46534455.2951975
46334814.2623376
46097644.7045131
45834554.0839146
45558977.2302137
45285901.3447496
45026685.6294485
44833271.8864351
46546292.7290969
46473429.1138475
46331400.1847342
46127244.9293169
45869057.1692478
45558977.2302137
45202481.5650602
44816340.0030484
44419304.2346202
44102843.5416714
46394080.3409453
46319551.2135367
46170599.9637937
45947615.0838769
45659910.8399853
45285901.3447496
44816340.0030484
44253013.9114048
43594446.6065192
43013706.7228831
46280584.6157881
46198628.4092657
46034694.2282891
45772466.8452061
45469747.2045581
45026685.6294485
44419304.2346202
43594446.6065192
42493069.516962
41331025.2552917
46201017.2363582
46120203.9955457
45953436.2162113
45693169.5992921
45339752.4741865
44833271.8864351
44102843.5416713
43013706.7228831
41331025.2552917
38547065.1867956
48972891.084295
48396452.6688294
47987733.0764987
47592901.633531
47152096.9653137
46837219.1796069
46619538.1556124
46467078.7437233
46353571.7122233
46274525.9439547
48396452.6688294
48141090.784489
47831255.3598755
47411576.126445
47039073.3997992
46756102.4044276
46546615.578326
46392504.2716374
46271710.1255531
46193651.5151536
47987733.0764987
47831255.3598755
47506108.8111322
47163441.3351991
46859654.7605285
46607741.4457915
46404519.9419744
46243485.8776818
46107770.7000985
46026836.3149569
47592901.633531
47411576.1264451
47163441.3351991
46898888.5802145
46643042.8589405
46408008.065012
46200285.6761573
46020402.5037745
45846553.0418872
45766555.1790036
47152096.9653137
47039073.3997992
46859654.7605285
46643042.8589405
46408674.9060665
46170742.5778466
45941990.463238
45732540.9746353
45542369.4516765
45412904.0770486
46837219.1796069
46756102.4044276
46607741.4457915
46408008.065012
46170742.5778466
45907533.3445271
45631745.532582
45358297.4743011
45098954.0959312
44906185.407818
46619538.1556124
46546615.578326
46404519.9419744
46200285.6761573
45941990.463238
45631745.532582
45275037.2402404
44888402.4564027
44491028.8417157
44175442.1602017
46467078.7437233
46392504.2716374
46243485.8776818
46020402.5037745
45732540.9746353
45358297.4743011
44888402.4564027
44324144.9467029
43665359.9919789
43086296.2494205
46353571.7122233
46271710.1255531
46107770.7000985
45846553.0418872
45542369.4516765
45098954.0959312
44491028.8417157
43665359.9919789
42564413.189473
41403229.8427566
46274525.9439547
46193651.5151535
46026836.3149569
45766555.1790036
45412904.0770486
44906185.407818
44175442.1602017
43086296.2494205
41403229.8427567
38557797.8842674
