48981600.7693135
48390991.0174044
47960096.1014482
47543669.8813348
47094427.2704341
46774403.1463188
46555100.8761449
46402072.9592211
46286558.261043
46204050.0811051
48390991.0174044
48117371.9884143
47785083.2567922
47358357.344121
46979583.6823785
46693339.0114131
46482618.6626932
46328292.9742653
46206478.0396645
46124896.4093174
47960096.1014482
47785083.2567922
47454250.1692013
47105990.9554862
46798379.5496948
46544759.3591562
46341444.9327238
46181943.0190308
46049291.4627308
45962813.9249585
47543669.8813348
47358357.3441209
47105990.9554862
46838152.5825782
46580561.9984771
46345053.2114672
46138744.4147514
45964312.9670155
45812130.0595218
45711196.9118693
47094427.2704341
46979583.6823785
46798379.5496948
46580561.9984771
46345648.5715186
46108072.3696315
45881027.646949
45674262.3969321
45488677.3936784
45356384.5459242
46774403.1463188
46693339.0114131
46544759.3591562
46345053.2114672
46108072.3696315
45846085.3803761
45572913.6094153
45301874.3686358
45046186.7125339
44854143.5450086
46555100.8761449
46482618.6626932
46341444.9327238
46138744.4147514
45881027.646949
45572913.6094153
45220080.5954881
44837238.3910355
44445008.247777
44131785.059617
46402072.9592211
46328292.9742653
46181943.0190308
45964312.9670155
45674262.3969321
45301874.3686358
44837238.3910355
44280853.4605923
43629567.013129
43050772.0360969
46286558.261043
46206478.0396645
46049291.4627308
45812130.0595218
45488677.3936784
45046186.7125339
44445008.247777
43629567.013129
42537228.586771
41372475.2251716
46204050.0811051
46124896.4093174
45962813.9249585
45711196.9118693
45356384.5459241
44854143.5450086
44131785.059617
43050772.0360969
41372475.2251716
38615821.8577143
49006010.0924165
48418477.1155151
47990165.5508616
47586663.8869394
47138023.116463
46816981.0446992
46596494.8168519
46443272.928778
46329879.3156763
46249744.8716448
48418477.1155151
48146871.4210475
47827028.2871972
47401611.8656884
47022586.0063756
46735166.7388768
46523774.8125853
46369695.7903392
46249923.5562994
46170604.3460123
47990165.5508616
47827028.2871972
47497122.3879094
47148996.1730152
46840598.881202
46586096.421709
46382419.8985479
46223488.9052977
46092780.1021995
46008507.9053905
47586663.8869394
47401611.8656884
47148996.1730151
46880511.90252
46622081.9217561
46386084.3671836
46179559.4193682
46005900.3930312
45855578.827087
45756850.6951506
47138023.116463
47022586.0063756
46840598.881202
46622081.921756
46386724.0322254
46148924.4843839
45921672.3063584
45715856.9418435
45532071.4030431
45401936.8328581
46816981.0446992
46735166.7388768
46586096.421709
46386084.3671836
46148924.4843839
45886763.345201
45613221.8976619
45343339.5819531
45089521.4222224
44899545.4254454
46596494.8168519
46523774.8125853
46382419.8985479
46179559.4193682
45921672.3063584
45613221.8976619
45260405.9193813
44878641.0098333
44488343.0908653
44176972.2529113
46443272.928778
46369695.7903392
46223488.9052977
46005900.3930312
45715856.9418435
45343339.5819531
44878641.0098333
44322736.5921466
43673266.5568635
43095960.08883
46329879.3156762
46249923.5562994
46092780.1021995
45855578.827087
45532071.4030431
45089521.4222224
44488343.0908653
43673266.5568635
42581493.6678405
41417517.9510907
46249744.8716448
46170604.3460123
46008507.9053905
45756850.6951506
45401936.8328581
44899545.4254453
44176972.2529113
43095960.08883
41417517.9510907
38632456.1015811
49044624.6323957
48467634.6769438
48054504.8674281
47659669.8054006
47211800.7520774
46890478.5535043
46669730.8316661
46516263.4148128
46402854.8603021
46323259.777712
48467634.6769438
48210455.6643344
47899637.2675018
47475299.158882
47096191.7693196
46808541.4701828
46596949.2348351
46442640.0191174
46322985.9419253
46244055.8723894
48054504.8674281
47899637.2675018
47570758.7760755
47222629.4170263
46914062.2993159
46659369.5260975
46455525.6253901
46296365.132771
46165825.2666956
46081895.5078195
47659669.8054006
47475299.158882
47222629.4170263
46954004.2752315
46695406.9810819
46459265.5015705
46252587.1134901
46078671.9684051
45928470.9719014
45830162.3317892
47211800.7520774
47096191.7693196
46914062.2993159
46695406.9810819
46459928.6658209
46222014.761903
45994602.6214846
45788492.8430587
45604706.7636901
45475068.1063426
46890478.5535043
46808541.4701828
46659369.5260975
46459265.5015705
46222014.761903
45959742.4606799
45686001.7971152
45415764.8853128
45161793.3626723
44972438.8513603
46669730.8316661
46596949.2348351
46455525.6253901
46252587.11349
45994602.6214846
45686001.7971152
45332966.270775
44950744.0668986
44560082.1955116
44249524.6182319
46516263.4148128
46442640.0191174
46296365.132771
46078671.9684051
45788492.8430587
45415764.8853128
44950744.0668986
44393900.3488968
43744130.0225659
43168487.2318914
46402854.8603021
46322985.9419253
46165825.2666955
45928470.9719014
45604706.7636901
45161793.3626723
44560082.1955116
43744130.0225659
42652626.2131939
41489697.351996
46323259.777712
46244055.8723894
46081895.5078195
45830162.3317892
45475068.1063426
44972438.8513603
44249524.6182318
43168487.2318914
41489697.351996
38643130.8395925
