49043111.2102624
48442481.2535378
48003781.4382301
47566988.2554948
47135512.0568883
46824012.6438925
46606792.3014386
46454053.956701
46337680.6344121
46252222.6013565
48442481.2535378
48162440.8085006
47815428.6756138
47394547.1799805
47025069.4471242
46743755.4848023
46534518.1747923
46380475.362155
46257938.6383564
46173262.4089068
48003781.4382301
47815428.6756138
47491490.5578918
47149631.5476375
46847329.7074537
46596288.4488435
46393839.8928381
46234620.6483344
46101302.3528145
46011434.6577895
47566988.2554948
47394547.1799805
47149631.5476375
46886594.8235219
46631755.0435186
46397515.3761907
46191740.6264152
46017841.6743005
45865446.1416406
45759771.0054798
47135512.0568884
47025069.4471242
46847329.7074537
46631755.0435186
46398097.7523002
46161108.9556428
45934498.22562
45728913.2231196
45546228.2362249
45403246.5558893
46824012.6438925
46743755.4848023
46596288.4488435
46397515.3761908
46161108.9556428
45899298.5255198
45626215.9661805
45355467.1095658
45099569.1231685
44897514.6837678
46606792.3014387
46534518.1747923
46393839.8928381
46191740.6264152
45934498.22562
45626215.9661805
45273200.4017945
44888276.7196779
44492090.7839003
44173593.1883532
46454053.9567011
46380475.362155
46234620.6483345
46017841.6743005
45728913.2231197
45355467.1095658
44888276.7196779
44327098.013412
43667055.5651297
43100980.2991513
46337680.6344121
46257938.6383565
46101302.3528145
45865446.1416406
45546228.2362249
45099569.1231685
44492090.7839003
43667055.5651297
42588160.4583551
41446454.0519329
46252222.6013565
46173262.4089068
46011434.6577895
45759771.0054798
45403246.5558893
44897514.6837678
44173593.1883532
43100980.2991513
41446454.0519329
38727604.1957057
49067539.778028
48470016.7045619
48032201.0028758
47610492.3449635
47179090.0164406
46866148.7417521
46647853.3554452
46494951.7459671
46380957.0903003
46297933.0224574
48470016.7045619
48191537.9668251
47857453.9258715
47437937.6422238
47067796.4095862
46785183.2946945
46575371.5027082
46421630.9485199
46301348.9825609
46218987.5723615
48032201.0028758
47857453.9258715
47534528.2712456
47192521.7329072
46889160.0986683
46637251.2970209
46434534.8941646
46275958.679441
46144761.4731752
46057147.1498412
47610492.3449635
47437937.6422238
47192521.7329072
46928585.5956262
46672869.293475
46438205.9076293
46232296.04795
46059245.6278832
45908863.5385886
45805445.2720212
47179090.0164406
47067796.4095862
46889160.0986683
46672869.293475
46438810.6371038
46201662.493656
45974904.080974
45770337.1308521
45589492.4824031
45448854.3420255
46866148.7417521
46785183.2946945
46637251.2970209
46438205.9076293
46201662.493656
45939718.3376348
45666292.3859894
45396756.1990133
45142822.8873451
44942998.5343013
46647853.3554452
46575371.5027083
46434534.8941646
46232296.04795
45974904.080974
45666292.3859894
45313170.0177284
44929517.7716382
44535407.9835645
44218892.9600727
46494951.7459671
46421630.94852
46275958.679441
46059245.6278832
45770337.1308521
45396756.1990134
44929517.7716382
44368933.6070936
43711021.7245826
43146226.5323222
46380957.0903003
46301348.9825609
46144761.4731753
45908863.5385886
45589492.4824031
45142822.8873452
44535407.9835645
43711021.7245826
42632593.4789553
41491515.586417
46297933.0224574
46218987.5723616
46057147.1498413
45805445.2720212
45448854.3420255
44942998.5343013
44218892.9600727
43146226.5323222
41491515.586417
38744498.3105535
49106119.3255861
48519265.5938768
48096411.9928452
47683639.5558471
47252841.5014982
46939606.2199119
46721074.1434799
46567934.4087072
46453913.6439048
46371478.7531691
48519265.5938768
48254869.2522913
47930071.3257255
47511637.4355722
47141374.0988382
46858534.5898421
46648536.8228632
46494568.781898
46374389.5415835
46292470.6079008
48096411.9928452
47930071.3257255
47608186.2680395
47266146.3719725
46962597.9446759
46710509.1065429
46507635.8111466
46348829.8812539
46217787.7340822
46130566.7445566
47683639.5558471
47511637.4355722
47266146.3719725
47002053.0297146
46746175.9018744
46511377.2272188
46305321.8492344
46132013.8241842
45981738.4047069
45878790.916558
47252841.5014982
47141374.0988382
46962597.9446759
46746175.9018744
46512003.9905523
46274748.0769046
46047837.1810291
45842969.3951533
45661923.8437238
45522075.7914598
46939606.2199119
46858534.5898421
46710509.1065429
46511377.2272189
46274748.0769046
46012697.4019869
45739077.0054763
45469170.3719494
45214989.769303
45016021.4510968
46721074.1434799
46648536.8228632
46507635.8111466
46305321.8492344
46047837.1810291
45739077.0054763
45385710.6707575
45001597.8469044
44607128.5135056
44291619.0289353
46567934.4087072
46494568.781898
46348829.8812539
46132013.8241842
45842969.3951533
45469170.3719494
45001597.8469044
44440063.0179464
43782341.2378609
43218834.566268
46453913.6439048
46374389.5415835
46217787.7340823
45981738.4047069
45661923.8437238
45214989.769303
44607128.5135057
43782341.2378609
42703982.2889432
41563713.105737
46371478.7531691
46292470.6079008
46130566.7445566
45878790.916558
45522075.7914598
45016021.4510969
44291619.0289354
43218834.566268
41563713.105737
38755707.9888819
