49100112.9099808
48508999.6351821
48076507.0104661
47660917.296345
47208388.3629338
46881912.7768826
46658838.9211679
46504140.4252217
46388036.3170937
46304912.4542619
48508999.6351821
48234677.8876876
47902618.9978718
47474838.8989402
47090745.9032802
46799206.3112949
46585090.3738353
46429072.9191585
46306887.1526206
46224686.4241248
48076507.0104661
47902618.9978718
47571184.6063116
47218855.3229365
46905988.2151065
46647910.0422693
46441154.5869558
46279159.4707688
46144692.3124268
46059340.9629151
47660917.296345
47474838.8989402
47218855.3229365
46946390.8924135
46684307.4120309
46444640.0217797
46233886.9571525
46054002.97665
45894945.5666459
45798499.7774848
47208388.3629338
47090745.9032802
46905988.2151065
46684307.4120309
46445431.3851948
46203536.319236
45970021.6236148
45749476.7266683
45524379.3774032
45423893.5471349
46881912.7768826
46799206.3112949
46647910.0422693
46444640.0217797
46203536.319236
45937515.8923616
45658623.5788986
45373397.6297779
45075511.5348976
44921260.2113146
46658838.9211679
46585090.3738353
46441154.5869558
46233886.9571525
45970021.6236148
45658623.5788986
45306073.881548
44917927.1028758
44500789.7157556
44221566.9447405
46504140.4252217
46429072.9191585
46279159.4707688
46054002.97665
45749476.7266683
45373397.6297779
44917927.1028758
44377586.075898
43734903.9988117
43176075.8222544
46388036.3170937
46306887.1526206
46144692.3124268
45894945.5666459
45524379.3774032
45075511.5348975
44500789.7157555
43734903.9988117
42679839.8807124
41518860.7164648
46304912.454262
46224686.4241248
46059340.9629151
45798499.7774848
45423893.5471349
44921260.2113146
44221566.9447404
43176075.8222544
41518860.7164648
38766150.0380807
49124585.3984882
48536552.1520516
48106895.1493962
47704020.9435493
47251971.4377783
46924612.03065
46700276.7947687
46545262.6026478
46431333.3762905
46350606.937461
48536552.1520516
48263907.7880496
47944775.9280713
47518130.280905
47133874.4055924
46841162.4216099
46626308.3763669
46470435.0905109
46350313.4008536
46270405.3663106
48106895.1493962
47944775.9280713
47614145.9983817
47261979.6246773
46948386.5355744
46689395.073817
46482257.4120818
46320734.4845064
46188201.6246122
46105058.0121041
47704020.9435493
47518130.280905
47261979.6246773
46988940.5223367
46726021.6267058
46485866.8202443
46274938.8002983
46095713.5525305
45938454.1415994
45844215.0564861
47251971.4377783
47133874.4055924
46948386.5355744
46726021.6267058
46486719.1989666
46244654.5886301
46011013.2442718
45791251.1156549
45568514.3869388
45469611.2742307
46924612.03065
46841162.4216099
46689395.073817
46485866.8202443
46244654.5886301
45978552.5514419
45699390.3463038
45415090.8812122
45119550.4034259
44966848.9900962
46700276.7947687
46626308.3763669
46482257.4120818
46274938.8002983
46011013.2442718
45699390.3463038
45346594.3477666
44959447.9520575
44544468.7518659
44266870.5457674
46545262.6026478
46470435.0905109
46320734.4845064
46095713.5525305
45791251.1156549
45415090.8812122
44959447.9520575
44419237.8284731
43778614.3121269
43221229.9284598
46431333.3762905
46350313.4008536
46188201.6246122
45938454.1415994
45568514.3869388
45119550.4034259
44544468.7518659
43778614.3121269
42723866.9344758
41563897.0865654
46350606.937461
46270405.3663106
46105058.0121041
45844215.0564861
45469611.2742307
44966848.9900962
44266870.5457674
43221229.9284598
41563897.0865654
38782772.3955145
49163303.4099713
48585788.4627106
48171199.1068186
47777021.011868
47325748.417971
46998140.6275539
46773535.9940646
46618267.7834325
46504315.1268318
46424135.1793886
48585788.4627106
48327326.861041
48017387.9780151
47591824.8271185
47207509.0895527
46914567.910097
46699507.2874888
46543399.0068307
46423373.6746765
46343877.999738
48171199.1068186
48017387.9780151
47687795.3497172
47335638.2326553
47021884.2086964
46762699.9233128
46555394.0848645
46393642.1744429
46261303.1225008
46178464.4035068
47777021.011868
47591824.8271185
47335638.2326553
47062467.6598185
46799381.9248136
46559083.5367137
46348008.7781953
46168533.2485107
46011429.0347664
45917569.1865053
47325748.417971
47207509.0895527
47021884.2086964
46799381.9248136
46559960.3744549
46317787.6809197
46083998.9083221
45863949.4154511
45642611.0990578
45542923.2054446
46998140.6275539
46914567.910097
46762699.9233128
46559083.5367137
46317787.6809197
46051587.2678196
45772245.7341667
45487609.4228863
45193353.4178358
45039946.0386884
46773535.9940646
46699507.2874888
46555394.0848645
46348008.7781953
46083998.9083221
45772245.7341667
45419213.8826072
45031662.84308
44617387.2103813
44339528.5669377
46618267.7834325
46543399.0068307
46393642.1744429
46168533.2485107
45863949.4154511
45487609.4228863
45031662.84308
44490495.2524024
43849738.5943561
43293644.8577561
46504315.1268318
46423373.6746765
46261303.1225008
46011429.0347664
45642611.0990578
45193353.4178358
44617387.2103813
43849738.5943561
42794569.5419184
41636023.0449642
46424135.1793886
46343877.999738
46178464.4035068
45917569.1865053
45542923.2054446
45039946.0386884
44339528.5669377
43293644.8577561
41636023.0449642
38793341.9927204
