49151992.69243
48561072.6284477
48128449.2046428
47714068.3090311
47261281.368724
46932753.7536975
46708538.0558867
46553467.7143649
46437280.2593359
46353969.995549
48561072.6284477
48286752.4395467
47955383.6411768
47528110.930518
47142646.6690223
46849516.5949218
46634572.3544488
46478421.9781429
46356600.7248331
46273785.1950901
48128449.2046428
47955383.6411768
47624406.1383115
47271125.031966
46956727.6930292
46697552.8280951
46490465.936306
46329031.9941209
46195832.5778389
46109548.2137914
47714068.3090311
47528110.930518
47271125.031966
46997253.0536845
46733976.8173607
46493748.4992095
46283601.9514113
46106644.5976007
45954380.7772101
45852955.6132469
47261281.368724
47142646.6690223
46956727.6930292
46733976.8173607
46494346.1472233
46252385.2840077
46020846.6986403
45808806.0722586
45616013.7115858
45488285.9832231
46932753.7536975
46849516.5949218
46697552.8280951
46493748.4992095
46252385.2840077
45986440.1474934
45709515.7867879
45433131.5908885
45168779.4951655
44987169.1658377
46708538.0558867
46634572.3544488
46490465.936306
46283601.9514113
46020846.6986403
45709515.7867879
45357722.467696
44973821.3521024
44577101.9512126
44283841.779653
46553467.7143649
46478421.9781429
46329031.9941209
46106644.5976007
45808806.0722586
45433131.5908885
44973821.3521024
44432671.2740605
43795015.0423714
43239007.3844856
46437280.2593359
46356600.7248331
46195832.5778389
45954380.7772101
45616013.7115858
45168779.4951655
44577101.9512126
43795015.0423714
42748878.8355997
41585111.8188738
46353969.995549
46273785.1950901
46109548.2137914
45852955.6132469
45488285.9832231
44987169.1658377
44283841.779653
43239007.3844856
41585111.8188738
38831828.7871675
49176490.5616144
48588651.8412369
48159093.9938934
47757174.0566988
47304855.7032191
46975509.9970688
46749997.6688707
46594543.2721972
46480563.9841069
46399661.4797205
48588651.8412369
48315891.7047935
47997565.9026651
47571376.4094549
47185808.2434518
46891511.3446215
46675777.3894409
46519720.3885312
46400007.4435629
46319501.0708829
48159093.9938934
47997565.9026651
47667360.3899415
47314263.3936391
46999163.8066987
46739022.0706661
46531491.150468
46370503.8772968
46239323.8947664
46155248.8902392
47757174.0566988
47571376.4094549
47314263.3936391
47039837.7803359
46775679.6527667
46534877.4581251
46324475.9566702
46148177.7252301
45997833.3898147
45898624.9138225
47304855.7032191
47185808.2434518
46999163.8066987
46775679.6527667
46535539.8066165
46293313.6977372
46061541.7742042
45850267.6929421
45659421.9387464
45533870.400784
46975509.9970688
46891511.3446215
46739022.0706661
46534877.4581251
46293313.6977372
46027208.5877103
45749939.3144263
45474494.5189689
45212141.5830849
45032616.9170114
46749997.6688707
46675777.3894409
46531491.150468
46324475.9566702
46061541.7742042
45749939.3144263
45397776.081692
45015095.7678302
44620432.8982707
44329055.7369332
46594543.2721972
46519720.3885312
46370503.8772968
46148177.7252301
45850267.6929421
45474494.5189689
45015095.7678302
44474040.2439224
43838623.4777624
43284074.4377598
46480563.9841069
46400007.4435629
46239323.8947663
45997833.3898147
45659421.9387464
45212141.5830849
44620432.8982707
43838623.4777624
42792708.8747768
41630108.5754056
46399661.4797205
46319501.0708829
46155248.8902392
45898624.9138224
45533870.400784
45032616.9170114
44329055.7369332
43284074.4377598
41630108.5754056
38848428.0828214
49215252.0327249
48637916.9575203
48223385.4848414
47830166.3769253
47378628.4128326
47049052.9940734
46823268.3336658
46667555.4890996
46553549.8737136
46473194.4422761
48637916.9575203
48379230.353864
48070173.3814627
47645069.4685726
47259453.5401252
46964929.5667088
46748984.2926453
46592688.8421577
46473056.06159
46392980.7618454
48223385.4848414
48070173.3814627
47741010.5782011
47387929.3244494
47072673.6461208
46812334.8331222
46604629.4126634
46443410.6004041
46312417.7626713
46228652.1611684
47830166.3769253
47645069.4685726
47387929.3244494
47113376.5919967
46849048.2747831
46608094.4708115
46397537.6610095
46220987.0999764
46070741.9121079
45971958.2436359
47378628.4128326
47259453.5401252
47072673.6461208
46849048.2747831
46608781.7902644
46366437.8361818
46134507.6945875
45922933.751098
45732156.9397522
45607074.9706346
47049052.9940734
46964929.5667088
46812334.8331222
46608094.4708115
46366437.8361818
46100225.6524408
45822770.6112787
45546979.7662631
45284619.1513234
45105607.7863966
46823268.3336657
46748984.2926453
46604629.4126634
46397537.6610095
46134507.6945875
45822770.6112787
45470355.1341241
45087305.0732719
44692623.586817
44401662.7319073
46667555.4890996
46592688.8421578
46443410.6004041
46220987.0999764
45922933.751098
45546979.7662631
45087305.0732719
44545280.1101568
43909796.3022173
43356396.1010543
46553549.8737136
46473056.06159
46312417.7626713
46070741.9121079
45732156.9397522
45284619.1513234
44692623.586817
43909796.3022173
42863125.9247887
41702189.8067956
46473194.4422761
46392980.7618454
46228652.1611684
45971958.2436359
45607074.9706346
45105607.7863966
44401662.7319073
43356396.1010543
41702189.8067956
38858940.9081904
