49201950.8201538
48611425.9609887
48179003.5725833
47766153.142644
47313791.0274301
46983915.8742073
46759062.436219
46603982.3279926
46488035.3809415
46404746.2942885
48611425.9609887
48337279.822041
48006872.2078957
47580636.0983817
47194539.5256005
46900480.0695465
46685241.9302899
46529357.8790449
46408207.535271
46325183.3864203
48179003.5725833
48006872.2078957
47676782.082581
47323235.0561668
47008044.7734453
46748444.721131
46541517.9714059
46380815.8316626
46248765.742234
46162668.050643
47766153.142644
47580636.0983817
47323235.0561668
47048674.1791152
46784965.7211514
46544830.4343108
46335433.7992397
46160126.9351819
46010275.3864341
45909420.8756282
47313791.0274301
47194539.5256005
47008044.7734453
46784965.7211514
46545378.0878658
46303950.9203528
46073776.3647478
45864752.8095167
45677280.5183293
45549369.7926024
46983915.8742073
46900480.0695465
46748444.721131
46544830.4343108
46303950.9203528
46038796.8192781
45763407.9295
45490345.7683399
45232557.9582407
45051179.4075409
46759062.436219
46685241.9302899
46541517.9714059
46335433.7992397
46073776.3647478
45763407.9295
45413140.0339787
45031066.5496936
44642441.2329798
44350090.2905458
46603982.3279926
46529357.8790449
46380815.8316627
46160126.9351819
45864752.8095167
45490345.7683399
45031066.5496936
44490550.3336177
43862037.2238024
43310699.7299558
46488035.3809415
46408207.535271
46248765.742234
46010275.3864341
45677280.5183293
45232557.9582408
44642441.2329799
43862037.2238024
42827286.4580412
41660132.9622478
46404746.2942885
46325183.3864203
46162668.050643
45909420.8756282
45549369.7926024
45051179.4075409
44350090.2905458
43310699.7299558
41660132.9622478
38905201.8793382
49226471.8714463
48639029.3559453
48209947.8872387
47809229.8828216
47357352.3892456
47026691.0957597
46800524.9823199
46645013.1747336
46531305.1989129
46450434.0218818
48639029.3559453
48366347.2751872
48049034.6974801
47623834.6730288
47237691.5810908
46942489.9417485
46726435.8191638
46570605.7203819
46451597.8324743
46370898.5065936
48209947.8872387
48049034.6974801
47719685.8776555
47366342.4378638
47050490.8567957
46789907.3716978
46582518.5127663
46422244.4007961
46292248.4744639
46208367.3340028
47809229.8828216
47623834.6730288
47366342.4378638
47091263.4327979
46826662.6288393
46585926.2357287
46376278.5145869
46201638.079173
46053733.0107802
45955088.6636709
47357352.3892456
47237691.5810908
47050490.8567957
46826662.6288393
46586534.3325535
46344825.7674242
46114449.90683
45906234.5029433
45720722.5596267
45594960.2573578
47026691.0957597
46942489.9417485
46789907.3716978
46585926.2357287
46344825.7674242
46079504.7663927
45803807.5461126
45531721.4682868
45275955.1593115
45096630.2873644
46800524.9823199
46726435.8191638
46582518.5127663
46376278.5145869
46114449.90683
45803807.5461126
45453028.1428411
45072365.397999
44685765.9157016
44395300.4583797
46645013.1747336
46570605.7203819
46422244.4007962
46201638.079173
45906234.5029433
45531721.4682868
45072365.397999
44531927.7633678
43905547.1388938
43355693.9572417
46531305.198913
46451597.8324743
46292248.4744639
46053733.0107803
45720722.5596267
45275955.1593115
44685765.9157016
43905547.1388938
42870917.1224463
41705086.8053018
46450434.0218818
46370898.5065936
46208367.3340028
45955088.6636709
45594960.2573578
45096630.2873644
44395300.4583797
43355693.9572417
41705086.8053018
38921769.4974093
49265274.0528101
48688318.8554103
48274228.5224163
47882212.2557107
47431116.1881793
47100244.9995401
46873805.5324197
46718033.1039996
46604295.8061892
46523972.1009264
48688318.8554103
48429606.5026033
48121634.7427857
47697522.2430453
47311343.312287
47015918.9248905
46799651.2875321
46643581.5468971
46524640.0747772
46444387.3050349
48274228.5224163
48121634.7427857
47793332.8125683
47440011.200753
47124010.4973047
46863229.1403456
46655664.3597864
46495160.8996736
46365346.919344
46281778.5434699
47882212.2557107
47697522.2430453
47440011.200753
47164811.2995393
46900040.2767688
46659149.9698552
46449348.1382671
46274464.301723
46126669.8223209
46028427.9035054
47431116.1881793
47311343.312287
47124010.4973047
46900040.2767688
46659782.6740963
46417954.8719982
46187426.0350354
45978931.1743869
45793515.3535489
45668174.3363255
47100244.9995401
47015918.9248905
46863229.1403456
46659149.9698552
46417954.8719982
46152526.8035537
45876651.2457717
45604243.0176599
45348496.0835081
45169630.3249244
46873805.5324197
46799651.2875321
46655664.3597864
46449348.1382671
46187426.0350354
45876651.2457717
45525608.3103711
45144636.9858129
44757943.6900002
44467918.9121742
46718033.1039996
46643581.5468971
46495160.8996736
46274464.3017231
45978931.1743869
45604243.0176599
45144636.9858129
44603319.1674028
43976746.3594834
43427922.0912108
46604295.8061892
46524640.0747772
46365346.919344
46126669.822321
45793515.3535489
45348496.0835081
44757943.6900002
43976746.3594834
42941028.0211238
41777118.6030606
46523972.1009264
46444387.3050349
46281778.5434699
46028427.9035054
45668174.3363255
45169630.3249244
44467918.9121743
43427922.0912108
41777118.6030606
38932217.3178905
