49251124.6417628
48661098.4212162
48229044.5589692
47817849.6143431
47366268.0243988
47035408.4871957
46810121.7416783
46655128.7690423
46539797.7672881
46456640.0577308
48661098.4212162
48387222.0243259
48057857.6213718
47632914.9788433
47246554.6779327
46951842.8329834
46736494.8041249
46581028.7271082
46460660.7255102
46377574.4324425
48229044.5589692
48057857.6213718
47728851.8962366
47375358.5645235
47059664.9290226
46799827.52451
46593116.1583863
46433073.9316495
46302125.684529
46216259.6704581
47817849.6143431
47632914.9788433
47375358.5645235
47100372.4054672
46836438.5002699
46596470.3754662
46387621.0260442
46213319.6181526
46064838.3768828
45965145.9816725
47366268.0243988
47246554.6779327
47059664.9290226
46836438.5002699
46597028.4336575
46356112.2485363
46126830.5468446
45919392.0964183
45734633.9889517
45608064.7897953
47035408.4871957
46951842.8329834
46799827.52451
46596470.3754662
46356112.2485363
46091742.7277477
45817527.8156448
45546395.7320484
45292244.4245034
45113380.7450718
46810121.7416783
46736494.8041249
46593116.1583863
46387621.0260442
46126830.5468446
45817527.8156448
45469048.3436499
45088615.787104
44706186.5586422
44417484.015452
46655128.7690424
46581028.7271082
46433073.9316495
46213319.6181526
45919392.0964183
45546395.7320484
45088615.787104
44550869.6452069
43932415.6501538
43386969.336439
46539797.7672881
46460660.7255102
46302125.684529
46064838.3768829
45734633.9889517
45292244.4245034
44706186.5586422
43932415.6501538
42911711.1557395
41741447.1415903
46456640.0577308
46377574.4324425
46216259.6704581
45965145.9816725
45608064.7897953
45113380.7450718
44417484.015452
43386969.336439
41741447.1415903
38985163.9807625
49275667.8201488
48688724.78472
48260262.0230725
47860886.7955317
47409815.6162218
47078197.0667791
46851595.957257
46696164.3733344
46583053.2775265
46502324.9234647
48688724.78472
48416253.6389621
48099957.0133231
47676034.8024281
47289688.0679901
46993873.2401054
46777692.3005479
46622232.9971828
46504036.2352102
46423290.8060519
48260262.0230725
48099957.0133231
47771690.3358706
47418425.5127297
47102125.8066346
46841305.1847131
46634119.0949709
46474473.1012046
46345597.0611755
46261962.7744271
47860886.7955317
47676034.8024281
47418425.5127297
47142970.754199
46878154.3472103
46637572.2752316
46428473.1958573
46254814.6690063
46108298.7875036
46010817.0803405
47409815.6162218
47289688.0679901
47102125.8066346
46878154.3472103
46638191.0322211
46396987.742761
46167521.47068
45960870.5638308
45778074.3728356
45653661.9163354
47078197.0667791
46993873.2401054
46841305.1847131
46637572.2752316
46396987.742761
46132454.258599
45857953.0101433
45587769.3383738
45335647.6066757
45158835.1338151
46851595.957257
46777692.3005479
46634119.0949709
46428473.1958573
46167521.47068
45857953.0101433
45508819.2894863
45129943.2560269
44749507.7898998
44462688.8377466
46696164.3733344
46622232.9971828
46474473.1012046
46254814.6690063
45960870.5638308
45587769.3383738
45129943.2560269
44592250.2940608
43975816.8290156
43431890.0850848
46583053.2775265
46504036.2352103
46345597.0611756
46108298.7875036
45778074.3728356
45335647.6066757
44749507.7898998
43975816.8290156
42955130.867425
41786357.8472523
46502324.9234647
46423290.806052
46261962.7744271
46010817.0803405
45653661.9163354
45158835.1338151
44462688.8377466
43431890.0850848
41786357.8472523
39001699.1592772
49314509.4028001
48738036.46828
48324532.6705512
47933858.6273734
47483569.7643585
47151761.1735593
46924887.4538477
46769196.7171387
46656047.6005267
46575868.8272942
48738036.46828
48479428.7131478
48172544.3711955
47749715.7226661
47363345.1056557
47067313.4220662
46850917.9234519
46695217.0065496
46577074.8619132
46496789.8319253
48324532.6705512
48172544.3711955
47845332.5283867
47492095.9539376
47175655.5381687
46914637.8980586
46707275.3742812
46547401.5133329
46418695.0525454
46335386.2595319
47933858.6273734
47749715.7226661
47492095.9539376
47216527.9105218
46951543.1100277
46710806.3772255
46501554.5108337
46327657.4654421
46181261.2360936
46084165.227052
47483569.7643585
47363345.1056557
47175655.5381687
46951543.1100277
46711449.6647711
46470127.1019905
46240511.7276171
46033590.3912781
45850875.984692
45726888.0915616
47151761.1735593
47067313.4220662
46914637.8980586
46710806.3772255
46470127.1019905
46205487.9238736
45930814.3276342
45660321.0974639
45408220.6361452
45231845.2551835
46924887.4538477
46850917.9234519
46707275.3742812
46501554.5108337
46240511.7276171
45930814.3276342
45581407.4571181
45202273.96134
44821701.2480878
44535311.5205963
46769196.7171387
46695217.0065496
46547401.5133329
46327657.4654421
46033590.3912781
45660321.0974639
45202273.96134
44663774.6459963
44047040.5189191
43504016.5068655
46656047.6005267
46577074.8619132
46418695.0525455
46181261.2360936
45850875.984692
45408220.6361452
44821701.2480878
44047040.5189191
43024906.8733323
41858335.7789488
46575868.8272942
46496789.8319253
46335386.2595319
46084165.227052
45726888.0915616
45231845.2551835
44535311.5205963
43504016.5068656
41858335.7789488
39012075.9872055
