49300001.0016221
48710515.656715
48278947.2429304
47869424.2733864
47418791.2145848
47087142.7572665
46861517.0654063
46706690.2593473
46592053.1048877
46509108.6272011
48710515.656715
48436968.1302769
48108632.7319307
47685117.7874485
47298684.836342
47003443.7747464
46788054.541778
46633049.2721448
46513491.086524
46430405.9297306
48278947.2429304
48108632.7319307
47780805.2725093
47427524.6870128
47111453.2950841
46851443.261039
46644958.6051546
46485536.5315053
46355611.8336381
46269989.8167069
47869424.2733864
47685117.7874485
47427524.6870128
47152216.7473749
46888120.5102638
46648331.7416723
46439963.2339795
46266493.7701442
46119113.2576208
46020567.6251163
47418791.2145848
47298684.836342
47111453.2950841
46888120.5102638
46648910.5035406
46408485.2052539
46179981.4269694
45973864.7941885
45791209.6676126
45666197.4305511
47087142.7572665
47003443.7747465
46851443.261039
46648331.7416723
46408485.2052539
46144887.8271024
45871775.0502159
45602663.9712991
45351952.3151953
45175536.014763
46861517.0654063
46788054.541778
46644958.6051546
46439963.2339795
46179981.4269694
45871775.0502159
45524799.0023464
45147385.5836587
44770723.6638383
44486073.9194585
46706690.2593473
46633049.2721448
46485536.5315053
46266493.7701442
45973864.7941885
45602663.9712991
45147385.5836587
44613205.5408613
44004442.0645787
43466312.0988505
46592053.1048877
46513491.086524
46355611.8336381
46119113.2576208
45791209.6676126
45351952.3151953
44770723.6638383
44004442.0645787
43000326.1282855
41827334.2542338
46509108.6272011
46430405.9297306
46269989.8167069
46020567.6251163
45666197.4305511
45175536.0147631
44486073.9194585
43466312.0988505
41827334.2542338
39070159.8441947
49324565.8624922
48738163.7918735
48310034.7605963
47912396.4418186
47462324.9271865
47129942.6052332
46903008.0093994
46747735.2048133
46635295.3383033
46554791.3791674
48738163.7918735
48466001.9501041
48150598.5608553
47728152.4537376
47341795.4160429
47045497.977563
46829262.6309602
46674214.8017794
46556852.4513587
46476124.3363564
48310034.7605963
48150598.5608553
47823568.2461034
47470546.9638085
47153930.4484411
46892943.5134834
46685971.0263572
46526908.3487561
46399072.1087005
46315697.1069593
47912396.4418186
47728152.4537376
47470546.9638085
47194825.1860248
46929863.5186203
46689449.7596445
46480827.0015677
46307968.2652307
46162574.6719375
46066241.3506136
47462324.9271865
47341795.4160429
47153930.4484411
46929863.5186203
46690091.575004
46449371.8740086
46220689.9767708
46015328.0875717
45834647.6173911
45711797.273834
47129942.6052332
47045497.977563
46892943.5134834
46689449.7596445
46449371.8740086
46185612.4844848
45912232.1417623
45644023.6464172
45395352.0725437
45220991.4025016
46903008.0093994
46829262.6309602
46685971.0263572
46480827.0015677
46220689.9767708
45912232.1417623
45564639.6011521
45188702.7178441
44814038.9480771
44531274.1670894
46747735.2048133
46674214.8017794
46526908.3487561
46307968.2652307
46015328.0875717
45644023.6464172
45188702.7178441
44654579.0707941
44047739.2363541
43511155.1026845
46635295.3383033
46556852.4513587
46399072.1087005
46162574.6719375
45834647.6173911
45395352.0725438
44814038.9480771
44047739.2363541
43043521.2255318
41872200.1448323
46554791.3791674
46476124.3363564
46315697.1069594
46066241.3506137
45711797.273834
45220991.4025016
44531274.1670894
43511155.1026845
41872200.1448323
39086662.6329824
49363446.2502639
48787493.0799659
48374303.5476652
47985352.5507643
47536069.3759277
47203516.506343
46976310.9689504
46820780.6128496
46708294.7861359
46628341.6723755
48787493.0799659
48529084.0861811
48223162.7122485
47801825.8303539
47415457.0908173
47118949.5792696
46902499.1366298
46747207.8807024
46629888.7937138
46549634.0322705
48374303.5476652
48223162.7122485
47897204.3142824
47544218.4148608
47227470.2705318
46966287.8257842
46759138.4553923
46599848.9016835
46472170.2803247
46389133.0092278
47985352.5507643
47801825.8303539
47544218.4148608
47268391.5632864
47003264.0500988
46762695.1401358
46553920.353033
46380826.3086552
46235559.6708615
46139598.1688232
47536069.3759277
47415457.0908173
47227470.2705318
47003264.0500988
46763361.5649824
46522522.4829709
46293694.2111588
46088067.8585608
45907462.7432676
45785032.5120377
47203516.506343
47118949.5792696
46966287.8257842
46762695.1401358
46522522.4829709
46258658.718456
45985112.0373884
45716602.1116516
45467939.4719986
45294010.9265312
46976310.9689504
46902499.1366298
46759138.4553923
46553920.353033
46293694.2111588
45985112.0373884
45637261.0049689
45261073.1736309
44886246.0402512
44603903.1091099
46820780.6128496
46747207.8807024
46599848.9016836
46380826.3086552
46088067.8585608
45716602.1116516
45261073.1736309
44726216.8578036
44119027.095926
43583170.5709455
46708294.7861359
46629888.7937138
46472170.2803247
46235559.6708615
45907462.7432676
45467939.4719986
44886246.0402512
44119027.095926
43112931.8596192
41944118.7525647
46628341.6723755
46549634.0322705
46389133.0092278
46139598.1688233
45785032.5120377
45294010.9265312
44603903.1091099
43583170.5709454
41944118.7525647
39096963.0377485
