49349244.0222331
48750475.0905933
48312153.6774114
47886705.899056
47452988.4920436
47133381.1922657
46912612.8552333
46759559.4027183
46645738.5057213
46560795.3631998
48750475.0905932
48471542.482834
48130377.3919184
47713536.3053159
47338595.0167523
47051389.1439185
46839768.7815565
46686595.9264348
46567391.1076479
46482043.3292355
48312153.6774114
48130377.3919184
47809679.2588566
47464656.8255197
47156523.5384225
46901544.302174
46697631.4888245
46539580.6301657
46409769.6940912
46321528.2910622
47886705.899056
47713536.3053159
47464656.8255197
47196296.4501159
46937182.5856913
46700404.419794
46493669.6094105
46321129.3580074
46173377.3454333
46071749.3510227
47452988.4920436
47338595.0167523
47156523.5384225
46937182.5856913
46700765.5498895
46462104.9306577
46234625.9799126
46029131.3540275
45845563.1491444
45716633.2458766
47133381.1922657
47051389.1439185
46901544.302174
46700404.4197941
46462104.9306577
46199591.3003974
45927192.8951922
45658607.8052589
45406324.4078182
45224769.868584
46912612.8552333
46839768.7815566
46697631.4888245
46493669.6094105
46234625.9799126
45927192.8951922
45580867.7853931
45204129.7455675
44824921.4883718
44533887.0471762
46759559.4027183
46686595.9264348
46539580.6301657
46321129.3580074
46029131.3540275
45658607.8052589
45204129.7455675
44670092.7742685
44057424.8651347
43514170.2858811
46645738.5057213
46567391.107648
46409769.6940913
46173377.3454333
45845563.1491444
45406324.4078182
44824921.4883719
44057424.8651347
43037847.2412211
41892902.9997295
46560795.3631998
46482043.3292356
46321528.2910623
46071749.3510227
45716633.2458766
45224769.868584
44533887.0471762
43514170.2858811
41892902.9997295
39175360.0532658
49373819.20572
48778158.5532198
48342356.4083358
47929974.7244375
47496528.3064692
47175826.7054408
46953821.8434685
46800438.9888011
46688936.9951847
46606497.4552234
48778158.5532198
48500517.8895058
48171784.375258
47756696.4866784
47381509.0765847
47093093.0460746
46880724.1432746
46727516.5431933
46610718.3041024
46527784.0038865
48342356.4083358
48171784.375258
47852494.3089954
47507605.515264
47198671.3314916
46942719.6149108
46738416.1325175
46580756.793396
46453201.7390436
46367259.6097256
47929974.7244375
47756696.4866784
47507605.515264
47238601.093755
46978569.9957884
46741234.6063113
46534322.5533031
46362427.5002818
46216812.0537009
46117449.3627287
47496528.3064692
47381509.0765847
47198671.3314916
46978569.9957884
46741635.799188
46502742.995889
46275135.3220279
46070423.0976289
45888972.0746172
45762264.0409822
47175826.7054408
47093093.0460746
46942719.6149109
46741234.6063113
46502742.995889
46240099.5031817
45967452.6114715
45699788.7027483
45449690.0687397
45270266.1333503
46953821.8434685
46880724.1432746
46738416.1325175
46534322.5533032
46275135.3220279
45967452.6114715
45620500.3738904
45245250.2486671
44868195.4159043
44579151.0884348
46800438.9888011
46727516.5431933
46580756.793396
46362427.5002818
46070423.0976289
45699788.7027483
45245250.2486671
44711303.2775463
44100698.3681449
43559173.0731505
46688936.9951847
46610718.3041024
46453201.7390437
46216812.0537009
45888972.0746173
45449690.0687398
44868195.4159043
44100698.3681449
43081548.6757102
41937804.2619096
46606497.4552234
46527784.0038866
46367259.6097256
46117449.3627287
45762264.0409823
45270266.1333504
44579151.0884348
43559173.0731505
41937804.2619096
39192149.0516483
49412654.6714824
48827550.2918895
48406490.3861954
48002976.091695
47570288.1219105
47249365.1683803
47027113.165603
46873492.3583234
46761924.5150062
46680080.8628928
48827550.2918895
48563315.822985
48244288.8595257
47830390.878737
47455150.344623
47166521.9242199
46953955.891943
46800509.1736689
46683742.203632
46601329.3113789
48406490.3861954
48244288.8595257
47926144.0640484
47581275.0733813
47272186.8123388
47016050.5384015
46811583.9409106
46653699.5201328
46526284.8693937
46440732.4857737
48002976.091695
47830390.878737
47581275.0733813
47312144.5536365
47051952.9353585
46814473.8801248
46607418.9832899
46435286.773253
46289784.2313135
46190846.097579
47570288.1219105
47455150.344623
47272186.8123388
47051952.9353585
46814897.6367182
46575893.5390045
46348146.3716819
46143162.8242027
45961772.1195041
45835546.1790287
47249365.1683803
47166521.92422
47016050.5384015
46814473.8801248
46575893.5390045
46313150.1334256
46040341.1111962
45772362.558328
45522255.519166
45343346.7822316
47027113.165603
46953955.891943
46811583.9409106
46607418.9832899
46348146.3716819
46040341.1111962
45693134.9595072
45317598.6834866
44940370.1344369
44651874.4874657
46873492.3583234
46800509.173669
46653699.5201329
46435286.773253
46143162.8242027
45772362.558328
45317598.6834866
44782881.013753
44171869.8157958
43631437.6102522
46761924.5150062
46683742.203632
46526284.8693938
46289784.2313135
45961772.1195041
45522255.5191661
44940370.1344369
44171869.8157958
43151819.2491632
42009768.6550944
46680080.8628928
46601329.3113789
46440732.4857737
46190846.097579
45835546.1790287
45343346.7822316
44651874.4874657
43631437.6102522
42009768.6550944
39203039.5240708
