49397321.8131864
48799105.6327181
48361267.3019811
47937970.1527049
47504814.5082874
47184609.4890888
46963710.9724386
46810925.255027
46697834.1239234
46613168.3934493
48799105.6327181
48520559.0850073
48180580.1306909
47765105.9034306
47390115.3784464
47102581.0713506
46891065.5795
46738421.5184917
46620051.259069
46534754.3603041
48361267.3019811
48180580.1306909
47860968.249686
47516202.6490267
47207844.5594513
46952861.8106354
46749280.3817411
46591890.4978459
46463097.4483186
46375113.0851318
47937970.1527049
47765105.9034306
47516202.6490267
47247659.1408603
46988557.402522
46752099.572693
46545935.5866755
46374252.2347003
46227574.5099264
46127045.7030017
47504814.5082874
47390115.3784464
47207844.5594513
46988557.402522
46752499.0622182
46514478.0593096
46287897.7974794
46083771.706979
45902237.8627526
45774786.3517648
47184609.4890888
47102581.0713506
46952861.8106354
46752099.572693
46514478.0593096
46252943.508204
45981872.6206436
45715488.8423685
45466588.0704106
45287276.8115482
46963710.9724386
46891065.5795
46749280.3817411
46545935.5866755
46287897.7974794
45981872.6206436
45637442.0564248
45264238.3448479
44890773.942929
44603018.5657207
46810925.255027
46738421.5184917
46591890.4978459
46374252.2347003
46083771.706979
45715488.8423685
45264238.3448479
44734814.7059553
44132471.8899603
43593039.4914241
46697834.1239234
46620051.259069
46463097.4483186
46227574.5099264
45902237.8627526
45466588.0704106
44890773.942929
44132471.8899603
43123534.4284871
41977929.1848762
46613168.3934493
46534754.3603041
46375113.0851318
46127045.7030017
45774786.3517648
45287276.8115482
44603018.5657207
43593039.491424
41977929.1848762
39260521.6484114
49421918.370534
48826810.1613018
48391407.2275508
47981129.8977704
47548343.4047871
47227072.5055064
47004933.8374468
46851813.600222
46741018.9099715
46658868.4218101
48826810.1613018
48549541.9543579
48221816.0894572
47808177.4261216
47433013.1933702
47144306.1014741
46932028.1716947
46779297.4478788
46663363.5615783
46580497.0905061
48391407.2275508
48221816.0894572
47903695.435309
47559108.1558381
47250007.8040485
46994054.4986067
46790070.2724314
46633033.3678705
46506517.5346673
46420848.2047326
47981129.8977703
47808177.4261216
47559108.1558381
47289973.8908221
47029966.6331967
46792939.8363743
46586594.3893054
46415522.8436401
46271009.4132634
46172747.4716662
47548343.4047871
47433013.1933702
47250007.8040485
47029966.6331967
46793381.4356351
46555121.0396597
46328417.8887395
46125040.7195202
45945642.9376469
45820418.6697034
47227072.5055064
47144306.1014741
46994054.4986067
46792939.8363743
46555121.0396597
46293458.5422069
46022157.6066043
45756651.2577093
45509950.034817
45332773.2166626
47004933.8374469
46932028.1716947
46790070.2724314
46586594.3893055
46328417.8887395
46022157.6066043
45677148.7533178
45305347.7592622
44934042.3953508
44648277.7648027
46851813.600222
46779297.4478788
46633033.3678705
46415522.8436401
46125040.7195202
45756651.2577093
45305347.7592622
44776011.7709557
44175581.6303966
43637992.1023364
46741018.9099715
46663363.5615784
46506517.5346674
46271009.4132634
45945642.9376469
45509950.034817
44934042.3953508
44175581.6303966
43167096.7108712
42022790.5405077
46658868.4218101
46580497.0905061
46420848.2047326
46172747.4716662
45820418.6697034
45332773.2166626
44648277.7648027
43637992.1023364
42022790.5405077
39277285.0103031
49460792.1229403
48876218.4362357
48455480.6155898
48054113.0711882
47622098.5682891
47300621.2934701
47078236.0334543
46924879.6542911
46814012.3635848
46732458.3771469
48876218.4362357
48612248.3550749
48294296.8779561
47881865.8122107
47506660.4345889
47217745.7996104
47005270.2672837
46852299.3171702
46736385.8437806
46654053.131069
48455480.6155898
48294296.8779561
47977339.0251172
47632779.9781368
47323533.1000292
47067396.2485488
46863248.6521181
46705987.8904644
46579600.9420817
46494333.269284
48054113.0711882
47881865.8122107
47632779.9781368
47363526.4952323
47103360.5319338
46866189.6728571
46659702.1263273
46488396.5558926
46344002.4524708
46246152.3849868
47622098.5682891
47506660.4345889
47323533.1000292
47103360.5319338
46866653.8895153
46628282.1851415
46401442.0131645
46197799.2525023
46018454.7224498
45893709.2683328
47300621.2934701
47217745.7996104
47067396.2485488
46866189.6728571
46628282.1851415
46366521.0662079
46095063.6249748
45829251.1746859
45582530.1362696
45405862.5865309
47078236.0334543
47005270.2672837
46863248.6521181
46659702.1263273
46401442.0131645
46095063.6249748
45749816.0342402
45377735.7559913
45006232.5401044
44721006.3986676
46924879.6542912
46852299.3171702
46705987.8904644
46488396.5558926
46197799.2525024
45829251.1746859
45377735.7559913
44847695.3553336
44246713.3798424
43710189.0895543
46814012.3635848
46736385.8437806
46579600.9420817
46344002.4524708
46018454.7224498
45582530.1362696
45006232.5401044
44246713.3798424
43237155.9255412
42094700.3213885
46732458.3771469
46654053.1310691
46494333.269284
46246152.3849868
45893709.2683328
45405862.5865309
44721006.3986676
43710189.0895543
42094700.3213885
39288106.1757923
