49446178.3724323
48858356.4412096
48428446.5923913
48024133.8678983
47576695.2831371
47243146.1036751
47016620.4678787
46862398.7527915
46749890.2771904
46667732.4686489
48858356.4412096
48585972.0518825
48260716.3407427
47841723.4093317
47455528.5794237
47158890.1036352
46943402.4846432
46789778.1273441
46672598.3511644
46589623.7841217
48428446.5923913
48260716.3407427
47936564.5668914
47584249.6707219
47267202.7071269
47006608.9462819
46800659.4338952
46642911.1872823
46515755.0381729
46430826.6668261
48024133.8678983
47841723.4093317
47584249.6707219
47308033.7789898
47043269.504521
46803681.0538196
46596313.3568332
46424814.8077724
46280040.0061512
46184604.046627
47576695.2831371
47455528.5794237
47267202.7071269
47043269.504521
46804165.5839819
46564479.0919352
46337330.7253138
46134035.7965245
45956322.4807201
45835166.3826903
47243146.1036751
47158890.1036352
47006608.9462819
46803681.0538196
46564479.0919352
46301797.8733898
46029928.5009512
45764375.5316792
45521845.8929525
45350264.9015727
47016620.4678787
46943402.4846432
46800659.4338952
46596313.3568332
46337330.7253138
46029928.5009512
45682961.5181439
45307827.4180195
44941929.6784767
44666460.9551387
46862398.7527915
46789778.1273441
46642911.1872823
46424814.8077724
46134035.7965246
45764375.5316792
45307827.4180195
44764502.7180249
44148818.5500525
43657711.684908
46749890.2771904
46672598.3511644
46515755.038173
46280040.0061512
45956322.4807201
45521845.8929525
44941929.6784767
44148818.5500525
43196148.6871237
42047874.2401836
46667732.4686489
46589623.7841217
46430826.6668262
46184604.046627
45835166.3826903
45350264.9015727
44666460.9551387
43657711.684908
42047874.2401836
39301389.005319
49470807.5716907
48886066.5887205
48459307.8724261
48066977.8734083
47620026.4233725
47285971.0761913
47058183.3520998
46903488.6377681
46793094.9636068
46713410.4450402
48886066.5887205
48615055.552846
48302337.711679
47884528.5127018
47498559.9678483
47201030.2419943
46984669.2970801
46830842.7457898
46715918.5749567
46635349.9886426
48459307.8724261
48302337.711679
47979120.6358615
47627138.4298382
47309738.1490379
47048209.6941098
46841732.680322
46684214.2673815
46559183.5181065
46476547.8354423
48066977.8734083
47884528.5127018
47627138.4298382
47350681.2015921
47085130.7054368
46844897.8180675
46637254.0374241
46466242.2625362
46323506.6447634
46230287.5367346
47620026.4233725
47498559.9678483
47309738.1490379
47085130.7054368
46845461.4482602
46605470.0370019
46378155.4232545
46175479.2163739
45999757.1901107
45880779.0781507
47285971.0761913
47201030.2419944
47048209.6941098
46844897.8180675
46605470.0370019
46342655.334981
46070582.249576
45805753.5753376
45565225.1592974
45395746.4277949
47058183.3520998
46984669.2970801
46841732.680322
46637254.0374241
46378155.4232545
46070582.249576
45723171.0523792
45349220.5426933
44985153.9564356
44711738.3306443
46903488.6377681
46830842.7457898
46684214.2673815
46466242.2625362
46175479.2163739
45805753.5753376
45349220.5426933
44805943.9267502
44192508.0950355
43702589.0688084
46793094.9636068
46715918.5749567
46559183.5181065
46323506.6447634
45999757.1901108
45565225.1592974
44985153.9564356
44192508.0950355
43239311.2437175
42092679.8520297
46713410.4450402
46635349.9886426
46476547.8354424
46230287.5367346
45880779.0781507
45395746.4277949
44711738.3306443
43702589.0688084
42092679.8520297
39317859.278807
49509802.9560949
48935398.269647
48523481.7608357
48139900.3884176
47693750.2976777
47359572.0571512
47131522.5940095
46976574.9077905
46866113.2484848
46786981.3538704
48935398.269647
48677879.3513767
48374842.3269492
47958183.0191605
47572232.8087755
47274516.8376182
47057940.9855815
46903865.6407856
46788951.9371095
46708892.5690476
48523481.7608357
48374842.3269492
48052741.3569641
47700811.8859543
47383308.2621353
47121591.39047
46914936.5332648
46757192.6759182
46632285.7611741
46550021.1480573
48139900.3884176
47958183.0191605
47700811.8859543
47424275.0977402
47158569.2362165
46918181.2628868
46710387.1393351
46539146.4393446
46396560.9220992
46303670.2411028
47693750.2976777
47572232.8087756
47383308.2621353
47158569.2362165
46918770.3450862
46678660.4634236
46451206.6992487
46248278.7199933
46072615.6663846
45954041.310269
47359572.0571512
47274516.8376182
47121591.39047
46918181.2628868
46678660.4634236
46415747.2888469
46143525.2152274
45878413.438594
45637822.5976979
45468809.7127722
47131522.5940095
47057940.9855815
46914936.5332648
46710387.1393351
46451206.6992487
46143525.2152274
45795899.692307
45421706.2054931
45057250.2115723
44784486.5550588
46976574.9077905
46903865.6407856
46757192.6759182
46539146.4393446
46248278.7199933
45878413.438594
45421706.2054931
44877854.0214422
44265375.0178064
43774617.4387955
46866113.2484848
46788951.9371095
46632285.7611742
46396560.9220992
46072615.6663846
45637822.5976979
45057250.2115723
44265375.0178064
43308638.0995259
42164438.6036379
46786981.3538704
46708892.5690477
46550021.1480573
46303670.2411028
45954041.310269
45468809.7127722
44784486.5550588
43774617.4387955
42164438.6036379
39327937.7027813
