49494304.0855174
48907019.6187548
48477667.5740299
48075062.2541046
47628627.8322674
47294455.2262055
47067561.6051333
46913499.6916226
46801662.1487868
46719766.5311862
48907019.6187548
48635043.4502394
48310751.1156429
47893203.0675463
47507069.8208433
47209886.7458267
46994264.2072162
46841023.2056575
46724561.9511615
46641586.33798
48477667.5740299
48310751.1156429
47987752.4237873
47635704.4620888
47318220.0499519
47057267.5979938
46851343.0747757
46694023.6018489
46567648.2003615
46482772.1620847
48075062.2541046
47893203.0675463
47635704.4620888
47359038.9889067
47093829.2218445
46854071.4711508
46646828.7231567
46475809.7451607
46331801.660906
46236728.8468378
47628627.8322674
47507069.8208433
47318220.0499519
47093829.2218445
46854459.6319301
46614740.0088314
46387830.8389294
46185279.0677186
46008755.8735007
45887898.1782427
47294455.2262055
47209886.7458267
47057267.5979938
46854071.4711508
46614740.0088314
46352142.883498
46080751.0241847
45816789.8689017
45577619.434094
45404070.4741145
47067561.6051333
46994264.2072162
46851343.0747757
46646828.7231567
46387830.8389294
46080751.0241847
45734769.8011523
45362906.6350548
45003212.1887306
44722733.9673412
46913499.6916226
46841023.2056575
46694023.6018489
46475809.7451607
46185279.0677186
45816789.8689017
45362906.6350548
44826878.7255151
44229289.1479214
43720811.8379217
46801662.1487868
46724561.9511615
46567648.2003615
46331801.660906
46008755.8735007
45577619.434094
45003212.1887306
44229289.1479214
43262418.8192908
42110996.6121499
46719766.5311862
46641586.33798
46482772.1620847
46236728.8468378
45887898.1782427
45404070.4741145
44722733.9673412
43720811.8379217
42110996.6121499
39363672.2625185
49518954.4984369
48934749.5151522
48508472.6678783
48117891.6755065
47671896.8127621
47337296.1464943
47109160.0471676
46954611.9654282
46844855.2064067
46765443.4088438
48934749.5151522
48664154.6895884
48352284.6066826
47935951.6656955
47550082.3673967
47252064.5969059
47035560.3102922
46882058.6343792
46767868.7068596
46687315.4917832
48508472.6678783
48352284.6066826
48030257.8187625
47678557.4560967
47360780.3072175
47098908.3471915
46892439.6660425
46735302.6308289
46611065.7437565
46528497.5245948
48117891.6755065
47935951.6656955
47678557.4560967
47401703.3394444
47135732.2743068
46895317.4317325
46687783.436273
46517209.9065684
46375262.2350051
46282415.1702083
47671896.8127621
47550082.3673966
47360780.3072175
47135732.2743068
46895786.1313462
46655741.0114127
46428653.1715966
46226684.1771169
46052186.9362908
45933508.3959742
47337296.1464943
47252064.5969059
47098908.3471915
46895317.4317325
46655741.0114127
46392986.2557837
46121373.5632559
45858097.1666094
45620951.8507446
45449548.5191259
47109160.0471676
47035560.3102923
46892439.6660425
46687783.436273
46428653.1715966
46121373.5632559
45774921.8231254
45404163.5798467
45046347.1842035
44767996.2119725
46954611.9654283
46882058.6343792
46735302.6308289
46517209.9065684
46226684.1771169
45858097.1666094
45404163.5798467
44868090.0813186
44272530.509248
43765599.2289287
46844855.2064067
46767868.7068597
46611065.7437566
46375262.2350051
46052186.9362909
45620951.8507446
45046347.1842035
44272530.509248
43305472.4245055
42155719.9865502
46765443.4088438
46687315.4917833
46528497.5245948
46282415.1702083
45933508.3959742
45449548.5191259
44767996.2119725
43765599.2289287
42155719.9865502
39380101.9103868
49557987.6130813
48984066.6738048
48572593.0368365
48190807.0323249
47745616.3649779
47410906.3993528
47182512.2699196
47027712.404263
46917880.5557805
46839021.436451
48984066.6738048
48726898.0564575
48424772.4158286
48009602.2683496
47623759.1682206
47325563.3451747
47108844.4397918
46955091.9132629
46840901.6330903
46760868.9591318
48572593.0368365
48424772.4158286
48103875.5389482
47752232.0374618
47434360.5966966
47172302.7955516
46965655.6203491
46808292.9766243
46684168.8717517
46601982.5369469
48190807.0323249
48009602.2683496
47752232.0374618
47475306.3299401
47209183.3732484
46968612.8853603
46760928.0392815
46590126.5598045
46448325.236644
46355807.419651
47745616.3649779
47623759.1682206
47434360.5966966
47209183.3732484
46969106.9893956
46728941.8940021
46501714.9257396
46299496.5080966
46125058.9489549
46006774.8764479
47410906.3993528
47325563.3451747
47172302.7955516
46968612.8853603
46728941.8940021
46466086.8794623
46194325.7797773
45930768.2187256
45693489.6747126
45522625.5805908
47182512.2699196
47108844.4397918
46965655.6203491
46760928.0392815
46501714.9257396
46194325.7797773
45847663.7480762
45476655.4735722
45118350.484466
44840764.8911543
47027712.404263
46955091.913263
46808292.9766243
46590126.5598045
46299496.5080966
45930768.2187256
45476655.4735722
44940011.7703212
44344410.5265416
43837558.0641914
46917880.5557805
46840901.6330904
46684168.8717517
46448325.236644
46125058.9489549
45693489.6747126
45118350.484466
44344410.5265416
43374737.0695603
42227396.28572
46839021.436451
46760868.9591318
46601982.5369469
46355807.419651
46006774.8764479
45522625.5805908
44840764.8911543
43837558.0641914
42227396.28572
39390097.4482471
