49542085.155001
48955344.5893608
48526554.3281053
48125649.9513414
47680242.1872753
47345507.3692476
47118251.7012563
46964339.2486225
46853142.3737193
46771476.9337258
48955344.5893608
48683779.5761492
48360442.4343076
47944359.3448873
47558356.9011341
47260673.9947441
47044933.2960128
46892078.5983756
46776321.1856436
46693300.2600856
48526554.3281053
48360442.4343076
48038620.7544136
47686913.4523407
47369068.2560842
47107815.3664479
46901971.0915283
46745132.3084934
46619580.4064465
46534649.1000102
48125649.9513414
47944359.3448873
47686913.4523407
47409891.44013
47144331.0431746
46904511.4261727
46697515.4074342
46527120.9482223
46384174.4873754
46289052.1460414
47680242.1872753
47558356.9011341
47369068.2560842
47144331.0431746
46904843.2838363
46665270.5172366
46438781.3684041
46237112.2088323
46061908.7119978
45941210.4850385
47345507.3692476
47260673.9947441
47107815.3664479
46904511.4261727
46665270.5172366
46403007.370602
46132267.960054
45869810.7912109
45633483.9155016
45458980.9559419
47118251.7012563
47044933.2960128
46901971.0915283
46697515.4074342
46438781.3684041
46132267.960054
45787160.332041
45417380.2883201
45061611.6989227
44779994.1787028
46964339.2486225
46892078.5983756
46745132.3084934
46527120.9482223
46237112.2088323
45869810.7912109
45417380.2883201
44882891.8440029
44288090.0198361
43783023.2597933
46853142.3737193
46776321.1856436
46619580.4064465
46384174.4873754
46061908.7119978
45633483.9155016
45061611.6989227
44288090.0198361
43326507.8857971
42178336.2282076
46771476.9337258
46693300.2600856
46534649.1000102
46289052.1460414
45941210.4850385
45458980.9559419
44779994.1787028
43783023.2597933
42178336.2282076
39431831.4054108
49566756.5576398
48983094.1376411
48557307.9920155
48168462.508515
47723448.5276424
47388356.0876231
47159879.4537762
47005469.6287911
46896323.1100844
46817152.1376797
48983094.1376411
48712916.2748026
48401888.2629846
47987051.220782
47601343.0703058
47302880.5927197
47086251.8095613
46933080.1481717
46819613.6644008
46739031.6656535
48557307.9920155
48401888.2629846
48081074.7532827
47729723.8856729
47411642.5189842
47149486.602159
46943083.4668036
46786382.6827857
46662986.2308815
46580377.6367675
48168462.508515
47987051.220782
47729723.8856729
47452561.4191276
47186265.0673508
46945778.3306468
46738479.1684489
46568491.7398788
46427621.8788516
46334742.2828857
47723448.5276424
47601343.0703058
47411642.5189842
47186265.0673508
46946192.4456406
46706280.2856988
46479608.87857
46278487.3305066
46105332.6620463
45986821.92986
47388356.0876231
47302880.5927197
47149486.602159
46945778.3306468
46706280.2856988
46443852.6022632
46172900.8856629
45911088.7297885
45676784.6364491
45504463.1682671
47159879.4537762
47086251.8095613
46943083.4668036
46738479.1684489
46479608.87857
46172900.8856629
45827356.8595249
45458617.2314665
45104694.4136797
44825267.6386911
47005469.6287911
46933080.1481717
46786382.6827857
46568491.7398788
46278487.3305066
45911088.7297885
45458617.2314665
44924080.2889123
44331391.0191023
43827790.4063383
46896323.1100844
46819613.6644008
46662986.2308815
46427621.8788516
46105332.6620463
45676784.6364491
45104694.4136798
44331391.0191023
43369527.3846673
42223000.2513397
46817152.1376797
46739031.6656535
46580377.6367675
46334742.2828858
45986821.92986
45504463.1682671
44825267.6386911
43827790.4063383
42223000.2513397
39448227.1974034
49605827.028993
49032397.544759
48621376.6749312
48241370.3250903
47797163.7906285
47461974.6906018
47233243.9477036
47078583.5398035
46969355.0350792
46890737.0501348
49032397.544759
48775579.4369893
48474359.4645576
48060698.0544859
47675022.9140348
47376390.5851394
47159547.6323829
47006123.2214919
46892645.6453143
46812595.6833542
48621376.6749312
48474359.4645576
48154689.5534883
47803398.7896342
47485231.9039507
47222892.9105331
47016310.7348249
46859384.3378798
46736089.6121474
46653873.7875683
48241370.3250903
48060698.054486
47803398.7896342
47526172.3686142
47259727.7569456
47019085.0593912
46811634.8081047
46641420.665655
46500681.4224036
46408146.8224898
47797163.7906285
47675022.9140348
47485231.9039507
47259727.7569456
47019524.5878036
46779491.5936242
46552682.0514846
46351314.0983502
46178214.309715
46060098.0812639
47461974.6906018
47376390.5851394
47222892.9105331
47019085.0593912
46779491.5936242
46516963.6803106
46245867.0652674
45983778.4055496
45749290.8965236
45577559.3609681
47233243.9477036
47159547.6323829
47016310.7348249
46811634.8081047
46552682.0514846
46245867.0652674
45900123.0810627
45531136.127138
45176652.413212
44898074.7847733
47078583.5398035
47006123.2214919
46859384.3378798
46641420.665655
46351314.0983502
45983778.4055496
45531136.127138
44996063.5585726
44403417.0173461
43899733.0227226
46969355.0350792
46892645.6453143
46736089.6121474
46500681.4224036
46178214.309715
45749290.8965236
45176652.413212
44403417.0173461
43438775.0136312
42294595.8388005
46890737.0501348
46812595.6833542
46653873.7875683
46408146.8224898
46060098.0812639
45577559.3609681
44898074.7847733
43899733.0227226
42294595.8388005
39458135.4272645
