49589156.0360756
48993092.2178182
48557318.7048998
48142215.3723698
47711623.1541869
47389177.352968
47167549.4717668
47015718.003066
46905439.2159757
46821898.8624673
48993092.2178182
48716187.2552362
48380649.7754406
47970625.8891992
47595607.4349782
47306550.9636791
47095123.3535151
46944257.995276
46829146.3123396
46743949.0883971
48557318.7048998
48380649.7754406
48065314.837096
47721573.0805008
47412005.253936
47156444.0260552
46953638.3877647
46798480.8434334
46673188.4892902
46585754.6030363
48142215.3723698
47970625.8891992
47721573.0805008
47451841.7052878
47191948.7949091
46955751.4670275
46750840.589346
46581703.0088811
46438717.7877539
46340663.7700835
47711623.1541869
47595607.4349782
47412005.253936
47191948.7949091
46955933.6440405
46718732.2250806
46493789.1669494
46293145.6689717
46117437.8651994
45993296.3452431
47389177.352968
47306550.9636791
47156444.0260552
46955751.4670275
46718732.2250806
46458253.9177042
46188916.990202
45927528.9130593
45690103.6271729
45511746.7312017
47167549.4717668
47095123.3535151
46953638.3877647
46750840.589346
46493789.1669494
46188916.990202
45845427.5731845
45477180.9633795
45119800.4492297
44834435.5675237
47015718.003066
46944257.995276
46798480.8434334
46581703.0088811
46293145.6689717
45927528.9130593
45477180.9633795
44944738.0588168
44349377.5730492
43841713.6398643
46905439.2159757
46829146.3123396
46673188.4892902
46438717.7877539
46117437.8651994
45690103.6271729
45119800.4492297
44349377.5730492
43381355.5869539
42254368.6064036
46821898.8624673
46743949.0883971
46585754.6030363
46340663.7700835
45993296.3452431
45511746.7312017
44834435.5675237
43841713.6398644
42254368.6064036
39547743.2575037
49613837.877422
49020877.4405494
48587420.140121
48185030.4972858
47755000.3192371
47431727.7149974
47208875.5286259
47056670.9741029
46948572.0665153
46867591.986509
49020877.4405494
48745254.7301832
48421319.957562
48013404.6233046
47638456.3354201
47348406.7974231
47136167.8258966
46985023.9442976
46872398.8875023
46789701.6808594
48587420.140121
48421319.957562
48107754.188969
47764336.1723927
47454271.5247452
47197770.0192191
46994501.839884
46839499.6602601
46716562.5826161
46631506.1753427
48185030.4972858
48013404.6233046
47764336.1723927
47494236.6427092
47233515.1324783
46996707.4026855
46791578.1966301
46622877.6974271
46482136.3926135
46386379.7114961
47755000.3192371
47638456.3354201
47454271.5247452
47233515.1324783
46996948.9949281
46759476.0692029
46534410.156129
46334335.8978907
46160833.005618
46038939.0420176
47431727.7149974
47348406.7974231
47197770.0192191
46996707.4026855
46759476.0692029
46498875.1877504
46229356.2558511
45968621.87415
45733373.775324
45557270.0480462
47208875.5286259
47136167.8258966
46994501.839884
46791578.1966301
46534410.156129
46229356.2558511
45885434.6146807
45518230.2441309
45162860.69828
44879765.5830029
47056670.9741029
46985023.9442977
46839499.6602601
46622877.6974271
46334335.8978907
45968621.87415
45518230.2441309
44985779.5982875
44392623.7133742
43886598.4035465
46948572.0665153
46872398.8875023
46716562.5826161
46482136.3926135
46160833.005618
45733373.775324
45162860.69828
44392623.7133742
43424691.9660499
42299095.2729406
46867591.986509
46789701.6808594
46631506.1753427
46386379.7114961
46038939.0420176
45557270.0480462
44879765.5830029
43886598.4035465
42299095.2729406
39564443.0549536
49652863.4725135
49070280.9583507
48651284.1404335
48257948.2739897
47828745.0200938
47505317.325484
47282224.8028796
47129789.9854155
47021592.7447165
46941209.3628643
49070280.9583507
48807622.1723056
48493718.61426
48087074.718444
47712126.5961951
47421892.4470827
47209455.5488884
47058069.6084549
46945416.192682
46863300.8270537
48651284.1404335
48493718.61426
48181379.4484509
47838017.8678111
47527837.9153145
47271159.2725783
47067726.3129775
46912500.0955963
46789650.7386487
46705038.8577692
48257948.2739897
48087074.718444
47838017.8678111
47567827.3841186
47306957.1148862
47070004.544082
46864734.5461634
46695807.547296
46555180.083527
46459824.2818377
47828745.0200939
47712126.5961951
47527837.9153145
47306957.1148862
47070269.3977921
46832684.8156169
46607488.6777367
46407163.7116111
46233701.4151796
46112263.1122269
47505317.325484
47421892.4470827
47271159.2725783
47070004.544082
46832684.8156169
46571989.3112927
46302330.4961972
46041310.6475523
45805874.9889251
45630427.5824936
47282224.8028796
47209455.5488884
47067726.3129774
46864734.5461634
46607488.6777367
46302330.4961972
45958213.6851996
45590739.3381305
45234833.5366801
44952653.4914266
47129789.9854156
47058069.6084549
46912500.0955963
46695807.5472961
46407163.7116111
46041310.6475523
45590739.3381305
45057739.1614387
44464579.5790858
43958717.165367
47021592.7447165
46945416.192682
46789650.7386487
46555180.083527
46233701.4151796
45805874.9889251
45234833.5366801
44464579.5790858
43494486.995442
42370783.7016001
46941209.3628644
46863300.8270537
46705038.8577692
46459824.2818377
46112263.1122269
45630427.5824936
44952653.4914266
43958717.165367
42370783.7016001
39574982.0420597
