49636951.8800148
49051318.6878056
48623671.3652034
48226155.5910491
47782881.80989
47447211.0108646
47219255.0896024
47065619.4981221
46955699.6037264
46874466.2704471
49051318.6878056
48780585.9873056
48459138.5788759
48046040.463866
47660492.6879688
47361927.3355209
47145962.41325
46993779.0224706
46879609.9599195
46796433.4330719
48623671.3652034
48459138.5788759
48139726.2239403
47788882.4469235
47470488.9609499
47208728.0990148
47003119.8994858
46847355.8781198
46723417.7336736
46638299.9118678
48226155.5910491
48046040.463866
47788882.4469235
47511334.1273987
47245199.7545353
47005356.1007689
46798958.5690484
46629929.0881802
46489162.3412099
46393706.0891128
47782881.80989
47660492.6879688
47470488.9609499
47245199.7545353
47005594.2671141
46766411.7760295
46540840.6454881
46341022.1187489
46168858.4285008
46047421.721533
47447211.0108646
47361927.3355209
47208728.0990148
47005356.1007689
46766411.7760295
46504841.7664628
46235303.6883279
45975430.7102133
45743564.1397529
45567209.473773
47219255.0896024
47145962.41325
47003119.8994858
46798958.5690484
46540840.6454881
46235303.6883279
45891609.7177098
45525220.0409377
45175939.8705382
44890366.9776723
47065619.4981221
46993779.0224706
46847355.8781198
46629929.0881802
46341022.1187489
45975430.7102134
45525220.0409377
44993267.5278344
44404595.0172255
43896521.5560635
46955699.6037264
46879609.9599195
46723417.7336736
46489162.3412099
46168858.4285008
45743564.1397529
45175939.8705382
44404595.0172255
43431548.9411411
42304041.7559682
46874466.2704471
46796433.433072
46638299.9118677
46393706.0891128
46047421.7215329
45567209.473773
44890366.9776723
43896521.5560635
42304041.7559682
39563781.7145931
49661664.7374284
49079107.3527792
48654333.3793041
48268929.7914053
47825966.1480967
47490061.054835
47260933.693026
47106782.4914201
46998854.7440603
46920137.0785198
49079107.3527792
48809768.1144103
48500410.7172
48088622.8227705
47703414.9424972
47404179.9967838
47187323.057934
47034757.0009916
46922871.3094336
46842168.4551972
48654333.3793041
48500410.7172
48182080.3230058
47831599.9291185
47513078.4490368
47250455.4711058
47044263.2903134
46888538.7252257
46766799.8393412
46684034.2303638
48268929.7914053
48088622.8227705
47831599.9291185
47554002.8186458
47287191.1797578
47046668.9337912
46839947.8429696
46671246.123945
46532584.5705265
46439403.6426146
47825966.1480967
47703414.9424972
47513078.4490368
47287191.1797578
47046994.7094804
46807453.0706191
46581695.0604487
46382345.515973
46212250.009039
46093042.2376787
47490061.054835
47404179.9967838
47250455.4711058
47046668.9337912
46807453.0706191
46545713.6285157
46275980.6381567
46016658.284616
45786811.9793771
45612703.7237323
47260933.693026
47187323.057934
47044263.2903134
46839947.8429696
46581695.0604487
46275980.6381567
45931906.2466295
45566404.6478911
45218902.2986285
44935665.0419936
47106782.4914201
47034757.0009916
46888538.7252257
46671246.123945
46382345.515973
46016658.284616
45566404.6478911
45034316.943999
44447741.7076863
43941359.0451482
46998854.7440603
46922871.3094336
46766799.8393412
46532584.5705264
46212250.009039
45786811.9793771
45218902.2986285
44447741.7076863
43474842.8991896
42348582.3102237
46920137.0785199
46842168.4551972
46684034.2303638
46439403.6426146
46093042.2376787
45612703.7237323
44935665.0419936
43941359.0451482
42348582.3102237
39580126.4900651
49700809.0503488
49128385.6472628
48718303.7107335
48341821.6974881
47899673.4852633
47563694.5726838
47334321.7374779
47179922.6598641
47071899.5771765
46993735.4900056
49128385.6472628
48872271.0394462
48572849.3721413
48162263.0282455
47777099.2993958
47477711.1421882
47260641.9587415
47107823.78341
46995898.5530055
46915753.1517941
48718303.7107335
48572849.3721413
48255690.0632686
47905274.8901144
47586684.4820012
47323884.8922902
47117513.0083824
46961560.2926533
46839904.2862842
46757552.3257516
48341821.6974881
48162263.0282455
47905274.8901144
47627628.1244988
47360676.4465112
47119998.5014825
46913126.248915
46744200.3234507
46605640.2575176
46512832.2199565
47899673.4852633
47777099.2993958
47586684.4820012
47360676.4465112
47120349.8607749
46880686.5147979
46654792.6526757
46455201.9364804
46285118.5401732
46166346.9687099
47563694.5726838
47477711.1421882
47323884.8922902
47119998.5014825
46880686.5147979
46618847.7819426
46348976.5888638
46089384.8520009
45859285.5590262
45685840.0326269
47334321.7374779
47260641.9587415
47117513.0083824
46913126.248915
46654792.6526757
46348976.5888638
46004719.7207124
45638971.1092944
45290762.2141801
45008548.486825
47179922.6598641
47107823.78341
46961560.2926533
46744200.3234507
46455201.9364804
46089384.8520009
45638971.1092944
45106382.0177902
44519583.2032347
44013459.1528555
47071899.5771765
46995898.5530055
46839904.2862842
46605640.2575176
46285118.5401732
45859285.5590262
45290762.2141801
44519583.2032347
43544754.1920787
42419985.6357443
46993735.4900056
46915753.1517941
46757552.3257516
46512832.2199565
46166346.9687099
45685840.0326269
45008548.486825
44013459.1528555
42419985.6357443
39589852.1238862
