49684129.7050151
49099053.1014051
48671976.2595557
48276134.3257925
47833942.8248128
47497866.9940792
47269543.3877852
47116003.5556342
47006707.6156148
46925767.0311708
49099053.1014051
48828734.9017738
48508212.608636
48096611.3203932
47711354.5947744
47412374.618386
47196263.6834589
47044291.8187102
46930867.9338855
46847905.4360035
48671976.2595557
48508212.608636
48190011.1361781
47839655.9779256
47521038.4923114
47259032.224977
47053546.0288402
46898374.2337714
46775325.3995715
46690026.9810366
48276134.3257925
48096611.3203932
47839655.9779256
47561896.604738
47295489.7145732
47055629.0476103
46849526.5311831
46681179.3579584
46541467.9495693
46445811.5387525
47833942.8248128
47711354.5947744
47521038.4923114
47295489.7145732
47055818.0721857
46816808.981841
46591664.0490056
46392715.2366657
46221957.3558127
46100072.7757525
47497866.9940792
47412374.618386
47259032.224977
47055629.0476103
46816808.981841
46555532.4318365
46286508.419921
46027778.4297744
45797927.340039
45620465.8349018
47269543.3877852
47196263.6834589
47053546.0288402
46849526.5311831
46591664.0490056
46286508.419921
45943348.4157377
45578331.7053547
45232168.2240375
44944084.4057889
47116003.5556342
47044291.8187102
46898374.2337714
46681179.3579584
46392715.2366657
46027778.4297744
45578331.7053547
45046692.5485084
44462483.3976762
43950821.3079676
47006707.6156148
46930867.9338855
46775325.3995715
46541467.9495693
46221957.3558127
45797927.3400391
45232168.2240375
44462483.3976762
43479680.2776169
42364722.1146513
46925767.0311708
46847905.4360035
46690026.9810366
46445811.5387525
46100072.7757525
45620465.8349018
44944084.405789
43950821.3079676
42364722.1146513
39628087.2835471
49708863.1137693
49126861.3285846
48702596.2255417
48318889.3363954
47876970.50247
47540714.69871
47311247.2026617
47157183.7773283
47049850.0020728
46971435.5109299
49126861.3285846
48857937.588621
48549400.6227534
48139143.3343148
47754243.1444606
47454648.3489118
47237647.3582491
47085290.1651781
46974117.6467192
46893639.7921239
48702596.2255417
48549400.6227534
48232319.1951148
47882326.6200623
47563632.7513252
47300788.1652689
47094706.6885185
46939517.4077435
46818692.3428907
46735763.8576632
48318889.3363954
48139143.3343148
47882326.6200623
47604561.7837064
47337509.9268893
47096967.7421081
46890531.6117283
46722470.4950288
46584877.6729332
46491512.7054177
47876970.50247
47754243.1444606
47563632.7513252
47337509.9268893
47097247.3333186
46857870.4428494
46632535.6597687
46434013.9883526
46265332.9046367
46145697.5787565
47540714.69871
47454648.3489118
47300788.1652689
47096967.7421081
46857870.4428494
46596422.2821478
46327210.3312055
46068980.5590465
45841147.632278
45665965.2507534
47311247.2026617
47237647.3582491
47094706.6885185
46890531.6117283
46632535.6597687
46327210.3312055
45983694.3634477
45619491.7076622
45275066.3876753
44989392.0928737
47157183.7773283
47085290.1651781
46939517.4077436
46722470.4950288
46434013.9883526
46068980.5590465
45619491.7076622
45087796.8308052
44505501.5203795
43995698.2042002
47049850.0020728
46974117.6467192
46818692.3428907
46584877.6729332
46265332.9046367
45841147.632278
45275066.3876753
44505501.5203795
43523125.7978864
42409180.4207194
46971435.5109299
46893639.7921239
46735763.8576632
46491512.7054177
46145697.5787565
45665965.2507534
44989392.0928738
43995698.2042002
42409180.4207194
39644402.5937625
49748044.0222912
49176128.4302372
48766519.6157401
48391773.0974228
47950674.5053923
47614355.1751374
47384646.8806999
47230337.0693342
47122901.548518
47045040.8382423
49176128.4302372
48920360.1707317
48621823.4237611
48212780.9323307
47827929.373898
47528189.7331994
47310977.9771744
47158371.6930889
47047151.654191
46967231.0530687
48766519.6157401
48621823.4237611
48305927.064832
47956001.5217009
47637246.6432736
47374229.0804095
47167967.7164816
47012547.2709407
46891790.5781617
46809292.5683442
48391773.0974228
48212780.9323307
47956001.5217009
47678193.7821475
47411006.3620259
47170308.9160584
46963721.6142877
46795437.3063176
46657932.1064084
46564953.1958819
47950674.5053923
47827929.373898
47637246.6432736
47411006.3620259
47170614.1902215
46931115.2910145
46705645.6765826
46506885.0296101
46338195.8715282
46219016.3684173
47614355.1751374
47528189.7331994
47374229.0804095
47170308.9160584
46931115.2910145
46669568.2975365
46400221.0854265
46141724.67418
45913605.3337357
45739121.0931239
47384646.8806999
47310977.9771744
47167967.7164816
46963721.6142877
46705645.6765826
46400221.0854265
46056530.2118803
45692081.1027521
45346879.5490826
45062312.450835
47230337.0693342
47158371.6930889
47012547.2709407
46795437.3063176
46506885.0296101
46141724.67418
45692081.1027521
45159944.7114335
44577178.4847769
44067895.3044945
47122901.548518
47047151.6541909
46891790.5781617
46657932.1064084
46338195.8715282
45913605.3337357
45346879.5490826
44577178.4847769
43593456.085084
42480458.9535101
47045040.8382423
46967231.0530687
46809292.5683442
46564953.1958819
46219016.3684173
45739121.0931239
45062312.450835
44067895.3044945
42480458.9535101
39654027.2308765
