49730741.7954375
49136281.9358198
48702132.0059315
48292749.6016319
47864383.4266587
47540462.131594
47318100.3135816
47166776.9985843
47058500.6862515
46975803.0999633
49136281.9358198
48860647.2291013
48528193.3173884
48122279.0316991
47747564.0203623
47457359.7039452
47245772.8031915
47095739.2699068
46983260.0659775
46898226.6674778
48702132.0059315
48528193.3173884
48216100.0223421
47873396.1877891
47563036.6703054
47306954.9920924
47104677.5955211
46951341.4174356
46828570.2224449
46740801.1004799
48292749.6016319
48122279.0316991
47873396.1877891
47602898.9950024
47342347.9902449
47106273.3860297
46902334.5695196
46735283.6317271
46595550.4222186
46497029.5409681
47864383.4266587
47747564.0203623
47563036.6703054
47342347.9902449
47106285.3170112
46869694.1644275
46646076.4174069
46448114.0927014
46276882.7563219
46151680.5027382
47540462.131594
47457359.7039452
47306954.9920924
47106273.3860297
46869694.1644275
46610133.8198066
46342381.9406208
46084583.7255477
45853730.9577275
45672759.4936431
47318100.3135816
47245772.8031915
47104677.5955211
46902334.5695196
46646076.4174069
46342381.9406208
46000563.693539
45636758.600689
45289179.3522905
44998539.2556196
47166776.9985843
47095739.2699068
46951341.4174356
46735283.6317271
46448114.0927014
46084583.7255477
45636758.600689
45106622.0908866
44521379.0081552
44011627.7274341
47058500.6862515
46983260.0659775
46828570.2224449
46595550.4222186
46276882.7563219
45853730.9577275
45289179.3522906
44521379.0081552
43543259.1495581
42442057.5725734
46975803.0999633
46898226.6674778
46740801.1004799
46497029.5409682
46151680.5027382
45672759.4936431
44998539.2556196
44011627.7274341
42442057.5725734
39745966.7720403
49755486.3082263
49164125.3223817
48732253.366679
48335361.0243722
47907589.7776649
47583052.7835418
47359501.7927325
47207778.5832882
47101593.4789466
47021489.2158483
49164125.3223817
48889792.6595494
48568504.4876171
48164869.38028
47790351.3803806
47499298.0190436
47286880.6040473
47136562.93974
47026466.9481902
46943981.6638424
48732253.366679
48568504.4876171
48258356.695141
47916037.8942457
47605350.8990014
47348367.5052224
47145584.8678583
46992224.2355549
46871902.9172689
46786561.1684565
48335361.0243722
48164869.38028
47916037.8942457
47645320.2970425
47384009.2164713
47147297.5594008
46943110.1823604
46776367.0113339
46638929.6972398
46542756.882934
47907589.7776649
47790351.3803806
47605350.8990013
47384009.2164713
47147377.87278
46910485.063062
46686738.3389254
46489216.8737576
46320227.1397876
46197337.1467497
47583052.7835418
47499298.0190436
47348367.5052224
47147297.5594008
46910485.063062
46650795.2738964
46382886.0616412
46125587.8167863
45896916.5357096
45718300.9637237
47359501.7927325
47286880.6040473
47145584.8678583
46943110.1823604
46686738.3389254
46382886.0616412
46040714.5644799
45677715.9969702
45332048.5230466
45043904.7715603
47207778.5832882
47136562.93974
46992224.2355549
46776367.0113339
46489216.8737576
46125587.8167863
45677715.9969702
45147543.9562841
44564421.6289518
44056584.3426492
47101593.4789466
47026466.9481903
46871902.9172689
46638929.6972398
46320227.1397876
45896916.5357096
45332048.5230466
44564421.6289518
43586847.2111447
42486627.8984571
47021489.2158483
46943981.6638424
46786561.1684565
46542756.8829341
46197337.1467497
45718300.9637237
45043904.7715603
44056584.3426492
42486627.8984571
39762604.8427466
49794623.0896173
49213494.4992471
48795983.3251447
48408235.1595533
47981328.88804
47656669.32756
47432885.3041951
47280936.136961
47174634.91124
47095126.9402041
49213494.4992471
48951916.8346669
48640848.8043118
48238529.0036472
47864034.8307246
47572815.8221224
47360202.2763622
47209651.9443581
47099485.8912933
47017607.165027
48795983.3251447
48640848.8043118
48331971.9959752
47989724.372341
47678944.5239043
47421790.5060404
47218841.9914415
47065249.7014569
46944985.061808
46860126.4843445
48408235.1595533
48238529.0036472
47989724.372341
47718935.6000757
47457484.6552014
47220627.970131
47016300.0040846
46849334.5730359
46711969.0626299
46616237.6930999
47981328.88804
47864034.8307246
47678944.5239043
47457484.6552014
47220731.7840083
46983726.3063508
46759852.7984855
46562088.8711114
46393077.5853171
46270704.5310635
47656669.32756
47572815.8221224
47421790.5060404
47220627.970131
46983726.3063508
46723943.3609872
46455903.5807973
46198330.9018287
45969369.6184675
45791519.6362265
47432885.3041951
47360202.2763622
47218841.9914415
47016300.0040846
46759852.7984855
46455903.5807973
46113560.8695616
45750296.6019628
45403877.5696656
45116907.6025015
47280936.1369611
47209651.9443581
47065249.7014569
46849334.5730359
46562088.8711114
46198330.9018287
45750296.6019628
45219668.0049074
44636177.9328522
44128888.1147744
47174634.91124
47099485.8912933
46944985.061808
46711969.0626299
46393077.5853171
45969369.6184675
45403877.5696656
44636177.9328522
43657382.2066615
42558077.4011569
47095126.9402041
47017607.165027
46860126.4843445
46616237.6930999
46270704.5310635
45791519.6362265
45116907.6025015
44128888.1147744
42558077.4011569
39772892.3037961
