49778014.6996281
49194047.7667104
48768094.7849405
48375542.7186718
47935521.3222697
47598747.3309353
47369677.734327
47216293.2355448
47108189.4295765
47027855.4361631
49194047.7667104
48924545.596121
48605821.9685108
48197191.6069694
47812607.6402268
47512843.7984639
47296410.6841793
47144823.3392124
47032799.857455
46950341.7444784
48768094.7849405
48605821.9685108
48290023.2646781
47940712.8970144
47621711.1909527
47359199.4181747
47153917.4149893
46999888.0607777
46878586.9070792
46792929.2557929
48375542.7186718
48197191.6069694
47940712.8970144
47662592.6365845
47395631.7367053
47155689.4387894
46950125.7016356
46783083.1010977
46645379.3812924
46549319.0392158
47935521.3222697
47812607.6402268
47621711.1909527
47395631.7367053
47155776.5536022
46917047.9133948
46692681.4986824
46495362.663966
46327220.0962068
46204449.3153394
47598747.3309353
47512843.7984639
47359199.4181747
47155689.4387894
46917047.9133948
46656271.5974762
46388173.0372549
46131540.7970153
45905324.8909837
45725862.1054193
47369677.734327
47296410.6841793
47153917.4149893
46950125.7016356
46692681.4986824
46388173.0372549
46045966.5370501
45683462.0598011
45342386.0057231
45050678.9791252
47216293.2355448
47144823.3392124
46999888.0607777
46783083.1010977
46495362.663966
46131540.7970153
45683462.0598011
45153041.3336586
44577877.3562346
44059595.0779594
47108189.4295765
47032799.857455
46878586.9070792
46645379.3812924
46327220.0962068
45905324.8909837
45342386.0057231
44577877.3562346
43575641.4314885
42489010.2684921
47027855.4361631
46950341.7444784
46792929.2557929
46549319.0392158
46204449.3153393
45725862.1054193
45050678.9791252
44059595.0779593
42489010.2684921
39760498.0842235
49802788.9388082
49221895.22077
48798636.4317074
48418261.2985175
47978445.177679
47641585.4676678
47411430.1099467
47257506.2289259
47151305.6585795
47073518.9125222
49221895.22077
48953786.3624536
48646848.5307463
48239633.0888855
47855427.4758998
47555155.5464309
47337840.0004189
47185859.4658605
47076025.9078861
46996074.3057252
48798636.4317074
48646848.5307463
48332248.6731171
47983291.4618414
47664309.9804948
47401012.1123911
47195114.536451
47040952.4272899
46921922.9679134
46838671.201724
48418261.2985175
48239633.0888855
47983291.4618414
47705245.7687009
47437707.7041965
47197081.8966121
46991164.1860876
46824321.8460161
46688763.901349
46595027.145373
47978445.177679
47855427.4758998
47664309.9804948
47437707.7041965
47197265.2159538
46958151.8266583
46733587.5525806
46536609.7482444
46370562.7780159
46250082.037184
47641585.4676678
47555155.5464309
47401012.1123911
47197081.8966121
46958151.8266582
46697197.5466959
46428920.7692351
46172686.277247
45948487.7810732
45771370.5935316
47411430.1099467
47337840.0004189
47195114.536451
46991164.1860876
46733587.5525806
46428920.7692351
46086397.4837715
45724561.3937138
45385170.9555969
45095995.4018013
47257506.2289259
47185859.4658605
47040952.4272899
46824321.8460161
46536609.7482444
46172686.277247
45724561.3937138
45194232.4438359
44620584.1316297
44104540.5937074
47151305.6585795
47076025.9078861
46921922.9679134
46688763.901349
46370562.7780159
45948487.7810732
45385170.9555969
44620584.1316297
43619343.6278164
42533261.751783
47073518.9125222
46996074.3057252
46838671.201724
46595027.145373
46250082.037184
45771370.5935316
45095995.4018013
44104540.5937074
42533261.751783
39776741.6357897
49842042.4812057
49271142.7605895
48862469.8926212
48491128.5706427
48052143.8676896
47715238.9863615
47484852.6194891
47330685.1722983
47224370.4506751
47147138.1388078
49271142.7605895
49016047.128914
48719240.4230656
48313267.0016391
47929117.0408153
47628716.7008298
47411193.7926876
47258969.5456005
47149074.1377355
47069678.4493961
48862469.8926212
48719240.4230656
48405854.3682537
48056966.2086807
47737938.7165832
47474475.7396534
47268398.1693354
47113999.1636981
46995009.0855977
46912221.1587085
48491128.5706427
48313267.0016391
48056966.2086807
47778890.2469493
47511226.0384716
47270446.2759203
47064377.3061705
46897313.394474
46761816.5795522
46668491.3734529
48052143.8676896
47929117.0408153
47737938.7165832
47511226.0384716
47270655.4474174
47031419.4829247
46806722.0325253
46609508.8804455
46443415.0983407
46323428.8655305
47715238.9863615
47628716.7008298
47474475.7396534
47270446.2759203
47031419.4829247
46770366.9929959
46501959.9531993
46245463.1365696
46020914.8033053
45844565.8648021
47484852.6194891
47411193.7926876
47268398.1693354
47064377.3061705
46806722.0325253
46501959.9531993
46159274.5868988
45797192.2873359
45456940.3460665
45168978.5921019
47330685.1722983
47258969.5456005
47113999.1636981
46897313.394474
46609508.8804455
46245463.1365696
45797192.2873359
45266522.8035171
44691917.1606106
44176931.5689717
47224370.4506751
47149074.1377355
46995009.0855977
46761816.5795522
46443415.0983407
46020914.8033053
45456940.3460665
44691917.1606106
43690556.7928016
42604227.6230989
47147138.1388078
47069678.4493961
46912221.1587085
46668491.3734529
46323428.8655305
45844565.8648021
45168978.5921019
44176931.5689717
42604227.6230989
39786135.5674169
