49824704.3541398
49241289.0907523
48815886.6711709
48424947.4715793
47986008.2326994
47648936.4275879
47419491.8301862
47266172.4067854
47158641.0939423
47078602.9107322
49241289.0907523
48972186.732642
48654334.6975043
48247171.2396515
47862959.25983
47562823.3425217
47346214.8800632
47194806.3987354
47083454.6575788
47001242.6874044
48815886.6711709
48654334.6975043
48339720.5361796
47990954.5097669
47671784.0400975
47409005.516153
47203798.4904577
47050311.0290134
46929852.0262852
46844020.3708749
48424947.4715793
48247171.2396515
47990954.5097669
47712673.4535621
47445420.5504677
47205401.2130141
47000067.6353481
46833635.6425087
46696883.9632605
46600649.1803445
47986008.2326994
47862959.25983
47671784.0400975
47445420.5504677
47205431.6999947
46966789.7455476
46742751.4579697
46546169.4098712
46379235.8527473
46256159.4119988
47648936.4275879
47562823.3425217
47409005.516153
47205401.2130141
46966789.7455476
46706186.5022163
46438451.925414
46182704.6587858
45957990.6719944
45778198.8283196
47419491.8301862
47346214.8800632
47203798.4904577
47000067.6353481
46742751.4579697
46438451.925414
46096579.3740749
45735076.7238702
45394874.4392795
45104660.5320151
47266172.4067854
47194806.3987354
47050311.0290134
46833635.6425087
46546169.4098712
46182704.6587858
45735076.7238702
45206102.9086017
44635656.6153703
44117084.2451828
47158641.0939423
47083454.6575788
46929852.0262852
46696883.9632605
46379235.8527473
45957990.6719944
45394874.4392795
44635656.6153703
43629251.0631867
42557181.1729569
47078602.9107322
47001242.6874044
46844020.3708749
46600649.1803445
46256159.4119988
45778198.8283196
45104660.5320151
44117084.2451828
42557181.1729569
39832881.3411492
49849498.875012
49269156.2145152
48846391.782711
48467649.222859
48028885.136481
47691768.1928878
47461268.2894713
47307401.8039315
47201744.0494311
47124263.6851572
49269156.2145152
49001445.4371973
48695283.9857233
48289572.7379079
47905744.8808832
47605152.6621157
47387667.5615488
47235861.1115517
47126668.7151998
47046974.1325372
48846391.782711
48695283.9857233
48381909.6237463
48033488.5867651
47714383.2375989
47450846.7531901
47245015.0121461
47091335.9440996
46973172.3181562
46889764.7423934
48467649.222859
48289572.7379079
48033488.5867651
47755318.7714599
47487523.9836988
47246822.1608895
47041124.3046976
46874848.0712497
46740255.7612445
46646360.6424764
48028885.136481
47905744.8808832
47714383.2375989
47487523.9836988
47246951.7359403
47007917.2566344
46783676.421599
46587390.4855866
46422561.8015697
46301796.0420471
47691768.1928878
47605152.6621157
47450846.7531901
47246822.1608895
47007917.2566343
46747133.0320958
46479224.2437229
46223821.627408
46001123.9934955
45823712.0373924
47461268.2894713
47387667.5615488
47245015.0121461
47041124.3046976
46783676.421599
46479224.2437229
46137052.9633598
45776147.7920095
45437649.6509983
45149966.3741565
47307401.8039315
47235861.1115517
47091335.9440996
46874848.0712497
46587390.4855866
46223821.627408
45776147.7920095
45247330.419976
44678208.2787992
44162037.2405241
47201744.0494311
47126668.7151998
46973172.3181562
46740255.7612445
46422561.8015697
46001123.9934955
45437649.6509983
44678208.2787992
43672981.7654652
42601295.9393697
47124263.6851572
47046974.1325372
46889764.7423934
46646360.6424764
46301796.0420471
45823712.0373924
45149966.3741565
44162037.2405241
42601295.9393697
39849078.3908083
49888788.4539784
49318395.3485386
48910182.092504
48540508.1859316
48102581.8707698
47765427.8828734
47534702.0660349
47380593.3936427
47274815.4712589
47197889.8424988
49318395.3485386
49063624.4859372
48767660.7741801
48363205.6209202
47979436.188552
47678723.4004558
47461032.8773714
47308985.1513469
47199724.0247675
47120584.7346738
48910182.092504
48767660.7741801
48455514.922236
48107163.3332602
47788019.0163915
47524321.6214346
47318309.9509706
47164391.1881687
47046252.6710595
46963325.3062744
48540508.1859316
48363205.6209202
48107163.3332602
47828969.1029523
47561053.0812879
47320198.1792527
47114348.9903111
46947851.7624147
46813307.8598566
46719836.7722147
48102581.8707698
47979436.188552
47788019.0163915
47561053.0812879
47320353.6914945
47081196.4212581
46856823.0987837
46660303.243499
46495409.108607
46375157.2531525
47765427.8828734
47678723.4004558
47524321.6214346
47320198.1792527
47081196.4212581
46820314.2719009
46552277.4451865
46296614.1230866
46073536.4459531
45896928.4717792
47534702.0660349
47461032.8773714
47318309.9509706
47114348.9903111
46856823.0987837
46552277.4451865
46209949.7928461
45848798.9552491
45509487.4135434
45222959.938792
47380593.3936427
47308985.1513469
47164391.1881687
46947851.7624147
46660303.243499
46296614.1230866
45848798.9552491
45319682.5280168
44749423.0792123
44234490.6385006
47274815.4712589
47199724.0247675
47046252.6710595
46813307.8598566
46495409.108607
46073536.4459531
45509487.4135434
44749423.0792123
43744521.2171759
42672056.4560174
47197889.8424988
47120584.7346738
46963325.3062744
46719836.7722147
46375157.2531525
45896928.4717792
45222959.938792
44234490.6385006
42672056.4560174
39858336.5353271
