49871202.5374868
49288336.7099748
48863476.8912349
48474128.0474355
48036267.357406
47698929.9745523
47469110.8918051
47315849.9020662
47208877.5063984
47129130.2593505
49288336.7099748
49019628.360054
48702629.3979712
48296918.2728216
47913098.6465821
47612604.5056699
47395813.389991
47244577.5502148
47133882.5844228
47051913.3738948
48863476.8912349
48702629.3979712
48389186.3930569
48040975.4377213
47721650.875653
47458598.1191985
47253451.7406394
47100493.2467104
46980864.3278964
46894867.0346707
48474128.0474355
48296918.2728216
48040975.4377213
47762544.9108079
47494990.6755913
47254872.9999464
47049751.1876458
46883918.4855426
46748111.7544354
46651734.9506321
48036267.357406
47913098.6465821
47721650.875653
47494990.6755913
47254841.2946053
47016255.0195065
46792518.8235136
46596660.7484704
46430951.9738121
46307688.8541098
47698929.9745523
47612604.5056699
47458598.1191985
47254872.9999464
47016255.0195065
46755780.4138761
46488363.6923478
46233470.1893753
46010325.0466365
45830634.1738624
47469110.8918051
47395813.389991
47253451.7406394
47049751.1876458
46792518.8235136
46488363.6923478
46146731.781028
45786106.2458665
45446888.0668249
45159676.2384927
47315849.9020662
47244577.5502148
47100493.2467104
46883918.4855426
46596660.7484704
46233470.1893753
45786106.2458665
45258106.3533629
44691311.7482267
44178741.0771549
47208877.5063984
47133882.5844228
46980864.3278964
46748111.7544354
46430951.9738121
46010325.0466365
45446888.0668249
44691311.7482267
43691310.2468392
42633872.7879325
47129130.2593505
47051913.3738948
46894867.0346707
46651734.950632
46307688.8541098
45830634.1738624
45159676.2384927
44178741.0771549
42633872.7879325
39913798.5297006
49896017.2420641
49316223.5305518
48893946.8388356
48516813.689517
48079100.4639864
47741754.4576471
47510911.2444262
47357095.7331083
47251967.0564953
47174788.1863114
49316223.5305518
49048904.4746144
48743503.3691832
48339283.126609
47955850.3204669
47654950.3020908
47437289.5771547
47285650.5818871
47177084.5324839
47097643.5263508
48893946.8388356
48743503.3691832
48431342.3578802
48083466.1337389
47764249.0849387
47500467.4893705
47294687.861502
47141478.2391595
47024168.5516175
46940613.6947583
48516813.689517
48339283.126609
48083466.1337389
47805181.068694
47537120.6506139
47296322.5508111
47090825.9340422
46925103.7600927
46791470.632208
46697449.5936796
48079100.4639864
47955850.3204669
47764249.0849387
47537120.6506139
47296392.7230806
47057406.157864
46833461.919793
46637854.2988032
46474260.7667118
46353329.1831025
47741754.4576471
47654950.3020908
47500467.4893705
47296322.550811
47057406.157864
46796746.8863504
46529158.6233496
46274555.8085215
46053427.5278923
45876151.9217312
47510911.2444262
47437289.5771547
47294687.861502
47090825.9340422
46833461.919793
46529158.6233496
46187243.7989004
45827145.1172564
45489651.9025263
45204972.2452653
47357095.7331083
47285650.5818871
47141478.2391595
46925103.7600927
46637854.2988032
46274555.8085215
45827145.1172564
45299373.3822314
44733802.8199055
44223667.2679028
47251967.0564953
47177084.5324839
47024168.5516175
46791470.632208
46474260.7667118
46053427.5278922
45489651.9025264
44733802.8199055
43734941.9570812
42677813.3704817
47174788.1863114
47097643.5263508
46940613.6947583
46697449.5936796
46353329.1831025
45876151.9217312
45204972.2452653
44223667.2679028
42677813.3704818
39929938.1926073
49935342.6556495
49365455.1197737
48957694.9932153
48589664.3116234
48152795.6868099
47815420.10326
47584356.1804492
47430299.8546172
47325045.1143709
47248421.2549227
49365455.1197737
49111001.1041797
48815865.2429527
48412915.5424916
48029543.3037843
47728530.4081103
47510666.3490268
47358788.3722932
47250146.9015231
47171260.5844813
48957694.9932153
48815865.2429527
48504947.6904225
48157140.9497547
47837891.638255
47573953.4706472
47367994.0462074
47214541.9822351
47097243.272365
47014184.8429014
48589664.3116234
48412915.5424916
48157140.9497547
47878836.9830531
47610660.3257053
47369710.1406353
47164062.0789007
46998119.3633174
46864522.2672213
46770937.647289
48152795.6868099
48029543.3037843
47837891.638255
47610660.3257053
47369806.3256963
47130696.752463
46906620.57901
46710780.2618205
46547103.2087384
46426705.0125231
47815420.10326
47728530.4081103
47573953.4706472
47369710.1406352
47130696.752463
46869939.7414674
46602225.3963455
46347363.1583591
46125825.6822819
45949390.3471307
47584356.1804492
47510666.3490268
47367994.0462074
47164062.0789006
46906620.57901
46602225.3963455
46260159.3147469
45899815.1486759
45561553.1734078
45277980.3338299
47430299.8546172
47358788.3722932
47214541.9822351
46998119.3633174
46710780.2618205
46347363.1583591
45899815.1486759
45371784.3939543
44805084.084909
44296131.9702419
47325045.1143709
47250146.9015231
47097243.272365
46864522.2672213
46547103.2087384
46125825.6822819
45561553.1734078
44805084.084909
43806606.7104265
42748309.8678167
47248421.2549227
47171260.5844813
47014184.8429014
46770937.647289
46426705.0125231
45949390.3471307
45277980.3338299
44296131.9702419
42748309.8678167
39939040.1203058
