49917516.9681724
49335200.624847
48910916.3678943
48523086.5674285
48086322.5423829
47748760.87153
47518575.132285
47365368.6347904
47258941.3581575
47179478.1746315
49335200.624847
49066877.5409232
48750731.547104
48346456.8342585
47963060.4060192
47662234.5128438
47445263.4892179
47294198.9248213
47184147.3064154
47102415.5945982
48910916.3678943
48750731.547104
48438451.1665819
48090815.2057129
47771368.6708963
47508054.7963231
47302973.0190944
47150542.5796424
47031737.6282733
46945580.5571603
48523086.5674285
48346456.8342585
48090815.2057129
47812268.5456038
47544434.5230643
47304233.8125567
47099342.7046738
46934127.0205906
46799273.5431351
46702778.7723762
48086322.5423829
47963060.4060192
47771368.6708963
47544434.5230643
47304148.4798875
47065653.8854496
46842271.5658832
46647193.9800861
46482758.3349857
46359385.1232189
47748760.87153
47662234.5128438
47508054.7963231
47304233.8125567
47065653.8854496
46805383.8020531
46538399.4054109
46284498.5809364
46063070.0411286
45883689.1811871
47518575.132285
47445263.4892179
47302973.0190944
47099342.7046738
46842271.5658832
46538399.4054109
46197235.0993611
45837797.3035621
45499993.3985641
45216219.6425309
47365368.6347904
47294198.9248213
47150542.5796424
46934127.0205906
46647193.9800861
46284498.5809364
45837797.3035621
45311402.8698821
44749003.31198
44243696.7251338
47258941.3581575
47184147.3064154
47031737.6282733
46799273.5431351
46482758.3349857
46063070.0411286
45499993.3985641
44749003.31198
43756384.5888021
42717505.1339185
47179478.1746316
47102415.5945982
46945580.5571603
46702778.7723763
46359385.1232189
45883689.1811871
45216219.6425309
44243696.7251338
42717505.1339185
40002721.8165838
49942351.7458513
49363106.8288303
48941270.3251792
48565726.375317
48129111.8658413
47791575.7221854
47560397.7467604
47406629.9905053
47302017.2284051
47225133.0343576
49363106.8288303
49096109.0876524
48791522.8598536
48388785.0409392
48005776.7632959
47704593.8310818
47486761.5605088
47335288.9348031
47227336.88635
47148144.18625
48941270.3251792
48791522.8598536
48480574.6734857
48133261.867588
47813962.3067925
47549949.2206943
47344226.541617
47191485.7499358
47075025.3036
46991329.2324841
48565726.375317
48388785.0409392
48133261.867588
47854891.8784724
47586586.8384354
47345708.3281875
47140432.0026926
46975282.3788164
46842619.0581067
46748496.2145214
48129111.8658413
48005776.7632959
47813962.3067925
47586586.8384354
47345726.9706464
47106823.5757581
46883227.0138506
46688355.6990219
46526049.2360978
46405028.6054259
47791575.7221854
47704593.8310818
47549949.2206943
47345708.3281875
47106823.5757581
46846362.9710415
46579207.5799029
46325545.540083
46106140.1636729
45929210.6621723
47560397.7467604
47486761.5605088
47344226.5416171
47140432.0026926
46883227.0138506
46579207.5799029
46237771.1418706
45878791.3903775
45542743.8882741
45261505.4342831
47406629.9905053
47335288.9348031
47191485.7499359
46975282.3788164
46688355.6990219
46325545.540083
45878791.3903776
45352688.6392692
44791424.0950488
44288598.5260455
47302017.2284051
47227336.88635
47075025.3036
46842619.0581067
46526049.2360978
46106140.1636729
45542743.8882741
44791424.0950488
43799917.9949303
42761243.3758306
47225133.0343576
47148144.18625
46991329.2324841
46748496.2145214
46405028.6054259
45929210.6621723
45261505.4342831
44288598.5260455
42761243.3758306
40018797.6300659
49981712.7766603
49412329.9698415
49004964.7834842
48638569.3798925
48202805.539276
47865246.9709451
47633853.5987215
47479846.4217987
47375101.8437084
47298772.9636115
49412329.9698415
49158122.6089818
48863867.7636754
48462416.9783495
48079471.1969438
47778182.9262728
47560149.5567454
47408440.152576
47300406.1976417
47221767.667284
49004964.7834842
48863867.7636754
48554180.1504389
48206936.6599675
47887611.1798256
47623445.9621129
47417543.6922345
47264557.8298147
47148094.391795
47064910.9012458
48638569.3798925
48462416.9783495
48206936.6599675
47928552.9093701
47660136.636281
47419107.1095587
47213679.1884977
47048309.4628143
46915670.1495092
46821996.1402154
48202805.539276
48079471.1969438
47887611.1798256
47660136.636281
47419151.7902842
47180125.0912902
46956396.9892934
46761294.1714864
46598886.8119512
46478419.0795483
47865246.9709451
47778182.9262728
47623445.9621129
47419107.1095587
47180125.0912902
46919566.6907026
46652286.8247344
46398366.571131
46178524.5844585
46002471.1888727
47633853.5987215
47560149.5567454
47417543.6922345
47213679.1884977
46956396.9892934
46652286.8247344
46310703.463717
45951478.0809656
45614704.1037943
45334530.281438
47479846.4217987
47408440.152576
47264557.8298147
47048309.4628143
46761294.1714864
46398366.571131
45951478.0809656
45425150.6796349
44862760.9586448
44361083.7493307
47375101.8437084
47300406.1976417
47148094.391795
46915670.1495092
46598886.8119512
46178524.5844585
45614704.1037943
44862760.9586448
43871785.4366826
42831423.8342385
47298772.9636115
47221767.667284
47064910.9012458
46821996.1402154
46478419.0795483
46002471.1888727
45334530.281438
44361083.7493307
42831423.8342385
40027722.0958219
