49963685.126963
49381919.7732242
48958214.3757302
48571898.9616532
48136254.9421135
47798515.1711659
47567974.7142649
47414819.8853281
47308929.5122337
47229745.5653771
49381919.7732242
49113980.7279825
48798697.2397632
48395863.0790512
48012933.5642381
47711813.2102167
47494668.9343621
47343769.9071539
47234370.9720604
47152875.8827666
48958214.3757302
48798697.2397632
48487586.1730946
48140565.0719453
47821050.3531262
47557507.0125622
47352497.6092491
47200542.5903069
47082671.6920105
46996348.9502586
48571898.9616532
48395863.0790511
48140565.0719453
47861962.8709253
47593904.4501437
47353671.8891135
47149068.9277625
46984552.8727902
46850647.5284944
46754049.5214073
48136254.9421135
48012933.5642381
47821050.3531262
47593904.4501437
47353554.2369432
47115242.1874433
46892322.0003094
46698130.1141696
46535027.3600743
46411613.7878734
47798515.1711659
47711813.2102167
47557507.0125622
47353671.8891135
47115242.1874433
46855331.9209052
46588977.5689732
46336273.5623304
46116720.4260658
45937820.9351874
47567974.7142649
47494668.9343621
47352497.6092491
47149068.9277625
46892322.0003094
46588977.5689732
46248624.8547643
45890775.2007528
45554802.7687855
45274754.0640756
47414819.8853281
47343769.9071539
47200542.5903069
46984552.8727903
46698130.1141696
46336273.5623304
45890775.2007528
45366697.8238791
44809297.1852369
44312200.4888241
47308929.5122337
47234370.9720604
47082671.6920105
46850647.5284944
46535027.3600743
46116720.4260658
45554802.7687855
44809297.1852369
43824117.9442024
42808052.1661789
47229745.5653771
47152875.8827666
46996348.9502586
46754049.5214073
46411613.7878734
45937820.9351874
45274754.0640756
44312200.4888241
42808052.1661789
40099698.9030199
49988539.875748
49409845.3286152
48988471.3347613
48614491.9513585
48179000.1950533
47841316.7481502
47609816.6888319
47456095.0703913
47351991.3084453
47275397.0700479
49409845.3286152
49143139.6448661
48839413.4639275
48438155.2212669
48055611.9733081
47754181.6084341
47536186.1467054
47384875.5857231
47277547.8706457
47198602.5767162
48988471.3347613
48839413.4639275
48529678.3037977
48182965.8447479
47863634.239008
47599421.8408271
47393766.2448458
47241465.9700038
47125941.5954455
47042099.2543708
48614491.9513585
48438155.2212669
48182965.8447479
47904568.1013813
47636073.0150044
47395166.058536
47190167.8488116
47025667.9844796
46893979.0560912
46799769.2903625
48179000.1950533
48055611.9733081
47863634.239008
47636073.0150044
47395153.7160983
47156424.2122821
46933283.6631374
46739255.6547549
46578299.6833375
46457259.854539
47841316.7481502
47754181.6084341
47599421.8408271
47395166.058536
47156424.2122821
46896316.5404762
46629791.2078938
46377276.6288164
46159757.1670334
45983345.3723694
47609816.6888319
47536186.1467054
47393766.2448458
47190167.8488116
46933283.6631374
46629791.2078938
46289175.3900454
45931718.0350117
45597539.5601871
45320029.1030749
47456095.0703913
47384875.5857231
47241465.9700038
47025667.9844796
46739255.6547549
46377276.6288165
45931718.0350117
45407992.9526529
44851643.4227702
44357078.178606
47351991.3084452
47277547.8706457
47125941.5954455
46893979.0560912
46578299.6833375
46159757.1670334
45597539.5601871
44851643.4227702
43867542.1761368
42851555.1207042
47275397.0700478
47198602.5767162
47042099.2543708
46799769.2903625
46457259.854539
45983345.3723693
45320029.1030749
44357078.178606
42851555.1207042
40115702.8152583
50027936.3357853
49459060.6195567
49052112.317111
48687327.2829933
48252692.3556267
47914993.1417737
47683283.0990349
47529323.5067793
47425082.3651062
47349043.793964
49459060.6195567
49205069.190224
48911740.1692266
48511786.8768054
48129307.5428174
47827779.1913516
47609585.0410138
47458040.001125
47350624.0559492
47272232.4436317
49052112.317111
48911740.1692266
48603284.1889815
48256640.4427762
47937288.8501069
47672928.8666702
47467094.1584487
47314548.8542688
47199003.7635897
47115691.3278873
48687327.2829933
48511786.8768054
48256640.4427762
47978233.65654
47709632.3336779
47468575.5289249
47263425.5440607
47098704.2602958
46967029.3403474
46873281.0020139
48252692.3556267
48129307.5428174
47937288.8501069
47709632.3336779
47468589.1992873
47229736.0824979
47006464.3264712
46812206.0483114
46651132.6213472
46530664.9842013
47914993.1417737
47827779.1913516
47672928.8666702
47468575.5289249
47229736.0824979
46969530.4524698
46702882.1150891
46450110.6957073
46232129.1474167
46056628.0134135
47683283.0990349
47609585.0410138
47467094.1584487
47263425.5440607
47006464.3264712
46702882.1150891
46362123.36471
46004420.4642024
45669555.8359411
45393072.4307381
47529323.5067793
47458040.001125
47314548.8542688
47098704.2602958
46812206.0483114
46450110.6957073
46004420.4642024
45480501.2233499
44923029.7633015
44429590.9467118
47425082.3651062
47350624.0559492
47199003.7635897
46967029.3403474
46651132.6213472
46232129.1474167
45669555.8359411
44923029.7633015
43939692.7003382
42921360.7437113
47349043.7939639
47272232.4436316
47115691.3278873
46873281.0020139
46530664.9842013
46056628.0134135
45393072.4307381
44429590.9467118
42921360.7437113
40124425.3093999
