50009635.0744085
49428414.3494201
49005268.5688218
48620442.0463154
48185902.3951099
47847987.7587277
47617073.567993
47463956.9745111
47358608.3392386
47279717.2310886
49428414.3494201
49160846.4962352
48846407.0718547
48444979.5001414
48062503.3506133
47761064.8282893
47543701.6486407
47392931.214736
47284207.2587273
47202965.0784599
49005268.5688218
48846407.0718547
48536431.4391101
48189995.3851442
47870372.6418671
47606524.4833776
47401486.2426659
47249840.5610853
47133049.7952382
47046548.2265842
48620442.0463154
48444979.5001414
48189995.3851442
47911284.0269798
47642897.9404892
47402487.3615262
47198018.8336311
47034123.2139545
46900991.0336114
46804260.3526892
48185902.3951099
48062503.3506133
47870372.6418671
47642897.9404892
47402284.2308971
47163869.1851217
46941054.6732257
46747368.7764392
46585202.8235789
46461683.898563
47847987.7587277
47761064.8282893
47606524.4833776
47402487.3615262
47163869.1851217
46903781.7706404
46637289.1141268
46384792.1086964
46165884.940285
45987439.6227058
47617073.5679931
47543701.6486407
47401486.2426659
47198018.8336311
46941054.6732257
46637289.1141268
46296231.7610802
45937738.6993505
45601335.5860903
45323386.8619361
47463956.9745111
47392931.214736
47249840.5610853
47034123.2139545
46747368.7764392
46384792.1086964
45937738.6993505
45410643.5312407
44850289.6351448
44358671.616448
47358608.3392386
47284207.2587273
47133049.7952382
46900991.0336114
46585202.8235789
46165884.940285
45601335.5860903
44850289.6351448
43844141.5596668
42851205.2149697
47279717.2310886
47202965.0784598
47046548.2265842
46804260.3526892
46461683.898563
45987439.6227058
45323386.8619361
44358671.616448
42851205.2149697
40160198.709176
50034509.713627
49456359.3664265
49035442.2924405
48662992.587329
48228609.3672324
47890780.3444471
47658940.0010985
47505249.8288943
47401656.5191003
47325365.5381229
49456359.3664265
49189945.2744472
48887053.6169677
48487242.2060088
48105149.699876
47803448.520276
47585245.6179821
47434058.5419985
47327372.1309191
47248690.1598661
49035442.2924405
48887053.6169677
48578499.1934872
48232357.4440917
47912954.5420268
47648470.9156465
47442783.5999986
47290792.6010316
47176301.5456421
47092300.8233619
48662992.587329
48487242.2060088
48232357.4440917
47953879.6907661
47685096.1915042
47444019.7800774
47239146.3913036
47075198.593296
46944310.0367476
46849983.9451523
48228609.3672324
48105149.699876
47912954.5420268
47685096.1915042
47443926.1464673
47205092.2429341
46982054.2054792
46788479.0338949
46628459.5690655
46507335.7739723
47890780.3444471
47803448.520276
47648470.9156465
47444019.7800774
47205092.2429341
46944812.5630224
46678158.4391787
46425789.4380908
46208903.497141
46032970.7418248
47658940.0010985
47585245.6179821
47442783.5999986
47239146.3913036
46982054.2054792
46678158.4391788
46336867.6351923
45978693.3296097
45644061.3281901
45368664.3349163
47505249.8288943
47434058.5419985
47290792.6010316
47075198.593296
46788479.0338949
46425789.4380908
45978693.3296097
45452028.8056733
44892582.4316605
44403556.8871329
47401656.5191003
47327372.1309191
47176301.5456421
46944310.0367476
46628459.5690655
46208903.497141
45644061.3281902
44892582.4316605
43887978.6212955
42894857.6293008
47325365.5381229
47248690.1598661
47092300.8233619
46849983.9451523
46507335.7739723
46032970.7418248
45368664.3349163
44403556.8871329
42894857.6293008
40176209.613826
50073941.4089015
49505567.9215147
49099029.8324301
48735820.5877753
48302300.6758428
47964462.155844
47732417.3641858
47578490.6228588
47474754.434609
47399019.1896798
49505567.9215147
49251789.4178182
48959362.4463736
48560874.3156302
48178846.8821395
47877055.0193801
47658656.0583928
47507236.8230889
47400455.8503513
47322326.5938348
49099029.8324301
48959362.4463736
48652106.2330051
48306032.5025336
47986615.427399
47721989.0956846
47516123.6133821
47363891.5631425
47249355.712202
47165903.4593268
48735820.5877753
48560874.3156302
48306032.5025336
48027550.3708606
47758666.0382112
47517441.4577946
47312416.3072514
47148242.3873472
47017360.8604604
46923507.792176
48302300.6758428
48178846.8821395
47986615.427399
47758666.0382112
47517374.0010913
47278416.9090141
47055248.4884834
46861443.6204649
46701290.3214572
46580756.3284874
47964462.155844
47877055.0193801
47721989.0956846
47517441.4577946
47278416.9090141
47018040.2897479
46751265.6746745
46498640.7443808
46281284.5053785
46106272.2756053
47732417.3641858
47658656.0583928
47516123.6133821
47312416.3072514
47055248.4884834
46751265.6746745
46409837.6459703
46051418.0446089
45716116.3348328
45441729.7914287
47578490.6228588
47507236.8230889
47363891.5631425
47148242.3873472
46861443.6204649
46498640.7443808
46051418.0446089
45524590.0017085
44964009.2818421
44476116.6005165
47474754.434609
47400455.8503513
47249355.712202
47017360.8604604
46701290.3214572
46281284.5053785
45716116.3348328
44964009.2818421
43961165.0788877
42964868.2718476
47399019.1896798
47322326.5938348
47165903.4593268
46923507.792176
46580756.3284874
46106272.2756053
45441729.7914287
44476116.6005165
42964868.2718476
40184783.0474164
