50055298.7547978
49474618.3274498
49052015.6044651
48668653.3650266
48235205.9623269
47897125.7246555
47665824.6772627
47512729.6601926
47407907.3700292
47329304.6216008
49474618.3274498
49207411.0126651
48893799.9069634
48493753.0133376
48111730.0243763
47809970.1148515
47592364.6782335
47441700.8882997
47333628.3875922
47252629.4431793
49052015.6044651
48893799.9069634
48584936.607895
48239077.7430388
47919345.8855403
47655172.3522308
47450073.4569575
47298702.5716833
47182948.7784429
47096251.3199849
48668653.3650266
48493753.0133376
48239077.7430388
47960255.2096921
47691527.298483
47450917.3384112
47246560.4149602
47083241.8170751
46950814.0816721
46853917.7020244
48235205.9623269
48111730.0243763
47919345.8855403
47691527.298483
47450640.0716858
47212138.9037686
46989471.4250478
46796286.4553372
46634925.3574806
46511329.8666726
47897125.7246555
47809970.1148515
47655172.3522308
47450917.3384112
47212138.9037686
46952007.5854664
46685656.4779997
46433622.8382086
46214968.4482621
46037576.7348275
47665824.6772627
47592364.6782335
47450073.4569575
47246560.4149602
46989471.4250478
46685656.4779997
46344867.9172332
45987349.6073823
45652538.8189663
45375355.0748486
47512729.6601926
47441700.8882997
47298702.5716833
47083241.8170751
46796286.4553372
46433622.8382086
45987349.6073823
45461952.7803185
44906379.0423768
44415332.8000282
47407907.3700293
47333628.3875922
47182948.7784429
46950814.0816721
46634925.3574806
46214968.4482621
45652538.8189663
44906379.0423768
43917869.3607758
42919369.5805183
47329304.6216008
47252629.4431793
47096251.3199849
46853917.7020244
46511329.8666726
46037576.7348275
45375355.0748486
44415332.8000282
42919369.5805183
40235608.7606159
50080193.1587947
49502582.861001
49082117.4623279
48711164.4499051
48277877.9747085
47939909.7634731
47707716.1199836
47554040.7686026
47450941.9145936
47374949.6721829
49502582.861001
49236459.79601
48934379.8998517
48535990.1983083
48154345.6812084
47852368.3353212
47633935.110221
47482849.1199583
47376781.1232969
47298352.7691726
49082117.4623279
48934379.8998517
48626983.9916395
48281402.9668823
47961924.1717719
47697147.8370542
47491396.4573856
47339679.2624297
47226181.8339416
47142005.9124936
48711164.4499051
48535990.1983083
48281402.9668823
48002839.4557232
47733750.7739813
47492481.5801247
47287708.5649026
47124270.9855513
46994119.4024014
46899644.1707793
48277877.9747085
48154345.6812084
47961924.1717719
47733750.7739813
47492315.8355285
47253388.103049
47030488.2618107
46837363.9433723
46678163.3863534
46556984.9240674
47939909.7634731
47852368.3353212
47697147.8370542
47492481.5801247
47253388.103049
46993056.0013443
46726537.6182871
46474574.8749265
46257979.1673629
46083102.2496331
47707716.1199836
47633935.110221
47491396.4573856
47287708.5649025
47030488.2618107
46726537.6182871
46385510.2448467
46028229.7619473
45695213.8257227
45420614.571648
47554040.7686026
47482849.1199583
47339679.2624297
47124270.9855512
46837363.9433723
46474574.8749265
46028229.7619473
45503293.6145912
44948553.9361107
44460175.6106095
47450941.9145936
47376781.123297
47226181.8339416
46994119.4024014
46678163.3863534
46257979.1673629
45695213.8257227
44948553.9361107
43961404.637416
42962926.148534
47374949.6721829
47298352.7691726
47142005.9124936
46899644.1707793
46556984.9240674
46083102.2496331
45420614.571648
44460175.6106095
42962926.148534
40251545.9289931
50119659.8420371
49551785.6332585
49145651.5963091
48783985.3364677
48351568.861343
48013596.9250209
47781204.3953695
47627293.8674512
47524046.735983
47448610.2445982
49551785.6332585
49298217.0390495
49006671.0030513
48609623.2458382
48228044.5563705
47925983.5685153
47707356.9755504
47556040.9896653
47449872.3001393
47371995.7341892
49145651.5963091
49006671.0030513
48700592.6575626
48355078.6793017
48035591.0634667
47770676.850329
47564748.165701
47412793.5318737
47299227.9532488
47215618.9536149
48783985.3364677
48609623.2458382
48355078.6793017
48076514.9752678
47807330.6607727
47565914.8099516
47360989.7775156
47197321.449162
47067169.6051614
46973179.7314205
48351568.861343
48228044.5563705
48035591.0634667
47807330.6607727
47565775.2402185
47326724.1187486
47103693.9164388
46910340.0187077
46750988.9977328
46630419.9938586
48013596.9250209
47925983.5685153
47770676.850329
47565914.8099515
47326724.1187486
47066294.6969705
46799656.4541857
46547437.8450953
46330398.1412685
46156411.883839
47781204.3953695
47707356.9755504
47564748.165701
47360989.7775156
47103693.9164388
46799656.4541857
46458493.7277364
46100964.8650682
45767271.9853467
45493692.2639623
47627293.8674512
47556040.9896653
47412793.5318737
47197321.449162
46910340.0187077
46547437.8450953
46100964.8650682
45575884.4321045
45019995.0445229
44532755.8451448
47524046.735983
47449872.3001393
47299227.9532488
47067169.6051614
46750988.9977328
46330398.1412685
45767271.9853467
45019995.0445229
44033938.9653273
43032840.206787
47448610.2445982
47371995.7341892
47215618.9536149
46973179.7314205
46630419.9938586
46156411.883839
45493692.2639623
44532755.8451448
43032840.206787
40259913.5755832
