50100662.3099129
49520521.8778328
49098454.0134513
48716537.0691243
48284181.2611055
47945954.5965998
47714256.8112856
47561158.565071
47456833.2807098
47378518.8601206
49520521.8778328
49253670.2596934
48940878.4690342
48542200.4152102
48160647.781047
47858579.3746135
47640714.4214702
47490121.6348959
47382638.6063375
47301926.5756651
49098454.0134513
48940878.4690342
48633119.9519936
48287854.3272201
47968041.6126308
47703549.9899859
47498374.8718839
47347222.4949254
47232257.3412959
47145678.7446334
48716537.0691243
48542200.4152102
48287854.3272201
48008956.0957289
47739916.1909401
47499128.8142535
47294904.9613718
47132192.2179972
47000621.8240147
46903433.9644299
48284181.2611055
48160647.781047
47968041.6126308
47739916.1909401
47498800.0536702
47260272.3867918
47037821.7284101
46845194.6947669
46684671.9812363
46560997.0926345
47945954.5965998
47858579.3746135
47703549.9899859
47499128.8142535
47260272.3867918
47000220.7726322
46734163.2480586
46482713.4815108
46264365.0340081
46088079.0479305
47714256.8112856
47640714.4214702
47498374.8718839
47294904.9613718
47037821.72841
46734163.2480586
46393907.5645427
46037542.054089
45704306.8563913
45428072.4289376
47561158.565071
47490121.6348959
47347222.4949254
47132192.2179972
46845194.6947669
46482713.4815108
46037542.054089
45513744.0033588
44961625.5516798
44472292.9625954
47456833.2807098
47382638.6063375
47232257.3412959
47000621.8240147
46684671.9812363
46264365.0340081
45704306.8563914
44961625.5516798
43979756.258712
42985074.5902529
47378518.8601206
47301926.5756651
47145678.7446334
46903433.9644299
46560997.0926345
46088079.0479305
45428072.4289376
44472292.9625954
42985074.5902529
40313439.9890243
50125576.3228641
49548505.9171347
49128493.7358477
48759009.7012781
48326819.6516141
47988728.4503678
47756171.8814258
47602487.2706901
47499853.9162112
47424160.4742154
49548505.9171347
49282677.3869712
48981392.7311914
48584413.8016954
48203231.9891615
47900989.262698
47682309.5943576
47531289.5058046
47425778.9470548
47347647.933371
49128493.7358477
48981392.7311914
48675148.6955434
48330142.4705665
48010612.6811475
47745550.7018938
47539720.6648418
47388221.6447729
47275477.153091
47191432.8789016
48759009.7012781
48584413.8016954
48330142.4705665
48051525.2065477
47782159.6496555
47540719.9745888
47336069.1472839
47173171.0079639
47043908.181109
46949162.3584685
48326819.6516141
48203231.9891615
48010612.6811475
47782159.6496555
47540504.0161007
47301542.113735
47078850.756228
46886235.1563163
46727890.2080535
46606654.5189343
47988728.4503678
47900989.262698
47745550.7018938
47540719.9745888
47301542.113735
47041282.0388511
46775054.5042409
46523620.3041255
46307367.4289468
46133598.9884804
47756171.8814258
47682309.5943576
47539720.6648418
47336069.1472839
47078850.756228
46775054.5042409
46434566.0150565
46078368.3796494
45746938.0515326
45473316.9027148
47602487.27069
47531289.5058046
47388221.6447729
47173171.0079639
46886235.1563163
46523620.3041255
46078368.3796494
45555088.9019199
45003709.8184869
44517106.6740525
47499853.9162112
47425778.9470548
47275477.153091
47043908.181109
46727890.2080535
46307367.4289468
45746938.0515326
45003709.8184869
44023281.873079
43028622.4812296
47424160.4742154
47347647.933371
47191432.8789017
46949162.3584685
46606654.5189343
46133598.9884804
45473316.9027148
44517106.6740525
43028622.4812296
40329309.3011783
50165077.7089564
49597703.6859538
49191974.5309138
48831823.5090833
48400510.3106416
48062420.6706485
47829670.8177073
47675752.4405177
47572965.4738993
47497827.9247527
49597703.6859538
49344346.1841171
49053666.1049751
48658048.0230449
48276932.408682
47974612.8343513
47755742.6058827
47604494.5942856
47498877.3231258
47421297.4611255
49191974.5309138
49053666.1049751
48748759.2135596
48403818.8006288
48084285.106321
47819090.0959572
47613083.6791202
47461350.6835837
47348527.5584752
47265052.8760779
48831823.5090833
48658048.023045
48403818.8006288
48125205.0844476
47855748.9983023
47614164.23476
47409361.1187371
47246227.7397636
47116948.093449
47022708.9941255
48400510.3106416
48276932.408682
48084285.106321
47855748.9983023
47613974.3974312
47374888.9048314
47152067.193438
46959222.1285358
46800710.2995294
46680103.8410763
48062420.6706485
47974612.8343513
47819090.0959572
47614164.23476
47374888.9048314
47114531.2064348
46848184.7245273
46596495.0419388
46379822.5118152
46206917.417414
47829670.8177073
47755742.6058827
47613083.6791202
47409361.1187371
47152067.1934379
46848184.7245273
46507563.9317197
46151116.9731115
45819004.2467167
45546409.3571154
47675752.4405177
47604494.5942856
47461350.6835837
47246227.7397636
46959222.1285358
46596495.0419388
46151116.9731115
45627715.8534626
45075177.1660672
44589721.2916735
47572965.4738993
47498877.3231258
47348527.5584752
47116948.093449
46800710.2995294
46379822.5118152
45819004.2467167
45075177.1660672
44095820.7470148
43098551.9940437
47497827.9247527
47421297.4611255
47265052.8760779
47022708.9941255
46680103.8410763
46206917.417414
45546409.3571155
44589721.2916735
43098551.9940437
40337446.253321
