50145749.9665833
49566151.8090579
49144615.8559627
48764129.4192922
48332873.081652
47994528.832953
47762434.3912481
47609315.8336224
47505462.35677
47427427.7843632
49566151.8090579
49299654.198116
48987676.4286269
48590363.0321835
48209307.330034
47906954.8477929
47688825.8254653
47538284.8565786
47431353.9008104
47350939.0262283
49144615.8559627
48987676.4286269
48681021.9527805
48336374.6733321
48016520.2320622
47751729.5165463
47546477.0916817
47395521.8451531
47281247.5367426
47194895.6145321
48764129.4192922
48590363.0321835
48336374.6733321
48057446.3058041
47788133.414578
47547195.2467926
47343125.1115829
47181033.2139409
47050369.1905541
46952846.572034
48332873.081652
48209307.330034
48016520.2320622
47788133.414578
47546834.4682915
47308329.7589995
47086145.2523004
46894110.0182535
46734424.5914195
46610632.4344793
47994528.832953
47906954.8477929
47751729.5165463
47547195.2467926
47308329.7589995
47048441.9150501
46782766.3958106
46531960.6248645
46313909.745637
46138543.8462938
47762434.3912481
47688825.8254653
47546477.0916817
47343125.1115829
47086145.2523004
46782766.3958106
46443180.5356112
46088065.5016835
45756312.8562128
45480392.5048288
47609315.8336224
47538284.8565786
47395521.8451531
47181033.2139409
46894110.0182535
46531960.6248645
46088065.5016835
45566119.8240942
45017586.5275833
44527320.3535171
47505462.35677
47431353.9008104
47281247.5367426
47050369.1905541
46734424.5914195
46313909.745637
45756312.8562128
45017586.5275833
44045936.7057495
43043654.2813444
47427427.7843632
47350939.0262282
47194895.6145321
46952846.572034
46610632.4344793
46138543.8462938
45480392.5048288
44527320.3535171
43043654.2813444
40388279.6535996
50170683.4267379
49594155.3184269
49174601.6968437
48806563.8164975
48375478.3652077
48037290.1161254
47804370.7587761
47650660.6388651
47548468.6272057
47473065.6941748
49594155.3184269
49328626.6252547
49028124.6649096
48632553.5824775
48251858.9344401
47949373.1866674
47730443.5312913
47579470.4860118
47474481.3787966
47396658.1374777
49174601.6968438
49028124.6649096
48723033.0486027
48378625.3325214
48059080.8635341
47793752.346545
47587843.5323933
47436541.0452949
47324455.1764701
47240648.4036072
48806563.8164975
48632553.5824775
48378625.3325214
48099997.2492729
47830393.2318065
47588810.9728803
47384303.8433672
47221960.3603722
47093634.8902004
46998576.6169238
48375478.3652077
48251858.9344401
48059080.8635341
47830393.2318065
47588564.091711
47349618.6489782
47127185.8253496
46935112.6696526
46777622.6781427
46656292.0317523
48037290.1161254
47949373.1866674
47793752.346545
47588810.9728803
47349618.6489782
47089515.9174389
46823668.7317377
46572822.6955569
46356904.0340924
46184058.2337447
47804370.7587761
47730443.5312913
47587843.5323933
47384303.8433672
47127185.8253496
46823668.7317377
46483857.4988399
46128839.6558715
45798899.4036423
45525621.9128125
47650660.6388651
47579470.4860118
47436541.0452949
47221960.3603722
46935112.6696526
46572822.6955569
46128839.6558715
45607465.1502419
45059569.1271917
44572104.231806
47548468.6272056
47474481.3787966
47324455.1764701
47093634.8902003
46777622.6781427
46356904.0340924
45798899.4036423
45059569.1271917
44089271.787753
43087307.779088
47473065.6941748
47396658.1374777
47240648.4036072
46998576.6169238
46656292.0317523
46184058.2337447
45525621.9128125
44572104.231806
43087307.779088
40404075.5845726
50210219.2357928
49643348.7630816
49238029.2129433
48879370.5291424
48449169.0731807
48110987.0554195
47877880.0323002
47723937.5708554
47621586.6841351
47546739.9305447
49643348.7630816
49390205.3873523
49100380.2419524
48706189.1504127
48325560.7393052
48023004.688413
47803887.3863777
47652688.3949022
47547586.611651
47470314.1914147
49238029.2129433
49100380.2419524
48796645.5823155
48452302.2567252
48132758.4073795
47867301.7529828
47661217.5643056
47509684.3392802
47397513.0787697
47314274.3353561
48879370.5291424
48706189.1504128
48452302.2567252
48173681.0919954
47903991.6228256
47662265.9922894
47457606.3744519
47295023.3901525
47166662.0611393
47072134.1626988
48449169.0731807
48325560.7393052
48132758.4073795
47903991.6228256
47662045.1679978
47422976.0585264
47200412.9449814
47008110.4601873
46850437.6394502
46729755.4754726
48110987.0554195
48023004.688413
47867301.7529828
47662265.9922894
47422976.0585264
47162775.5350682
46896810.4028196
46645709.2969835
46429393.8556655
46257385.6855789
47877880.0323002
47803887.3863777
47661217.5643056
47457606.3744519
47200412.9449814
46896810.4028195
46556869.9539536
46201601.9106687
45870973.609412
45598729.1330579
47723937.5708554
47652688.3949022
47509684.3392802
47295023.3901525
47008110.4601873
46645709.2969835
46201601.9106687
45680125.733891
45131054.7050462
44644756.0127446
47621586.684135
47547586.6116509
47397513.0787697
47166662.0611392
46850437.6394502
46429393.8556655
45870973.609412
45131054.7050462
44161477.9407897
43157461.042284
47546739.9305447
47470314.1914147
47314274.335356
47072134.1626988
46729755.4754726
46257385.6855789
45598729.1330579
44644756.0127446
43157461.042284
40411948.1722797
