50191152.3974916
49601969.6338043
49173210.349155
48780565.1255136
48361114.6118343
48034001.0802894
47808735.6384895
47658329.0366929
47555549.9353476
47475935.452125
49601969.6338043
49330158.7248976
49007081.9725687
48614538.2828749
48242714.5553122
47949238.3673222
47736348.6714011
47588040.0696531
47482106.7747377
47399817.1853089
49173210.349155
49007081.9725687
48705572.7678323
48367694.0328082
48055751.0208514
47797504.1910237
47595933.550028
47446672.706673
47333138.1275487
47244417.9134855
48780565.1255136
48614538.2828749
48367694.0328082
48095709.3145023
47832777.6204389
47596292.3748188
47394763.5964486
47234197.4552067
47103438.4714796
47003029.2092077
48361114.6118343
48242714.5553122
48055751.0208514
47832777.6204389
47595756.1323531
47360139.5408222
47139710.0301411
46948739.3306406
46788512.1899683
46661352.2969139
48034001.0802894
47949238.3673222
47797504.1910237
47596292.3748188
47360139.5408222
47102253.8835996
46837958.9643479
46588056.8641193
46369138.8305473
46189950.5481717
47808735.6384895
47736348.6714011
47595933.550028
47394763.5964486
47139710.0301411
46837958.9643479
46499726.3845517
46145678.8220421
45813041.8051479
45533470.2998158
47658329.0366929
47588040.0696531
47446672.706673
47234197.4552067
46948739.3306406
46588056.8641193
46145678.8220421
45624867.4730689
45076254.7426302
44584810.6115446
47555549.9353476
47482106.7747378
47333138.1275487
47103438.4714796
46788512.1899683
46369138.8305473
45813041.8051479
45076254.7426302
44104192.4992251
43111423.9540532
47475935.452125
47399817.1853089
47244417.9134855
47003029.2092077
46661352.2969139
46189950.5481718
45533470.2998158
44584810.6115446
43111423.9540532
40488925.164647
50216099.3762633
49630006.0325144
49202976.7963905
48822490.2415397
48403834.2520478
48076619.380005
47850377.2074152
47699482.6235252
47598497.5880077
47521588.8358356
49630006.0325144
49359040.2399728
49046401.7977236
48656660.1119345
48285233.1258377
47991382.8974747
47777679.5655485
47629041.8635594
47525184.738419
47445555.3833445
49202976.7963905
49046401.7977236
48747401.4909204
48409926.9283009
48098118.9848004
47839199.8152266
47637033.1020293
47487509.1649868
47376300.1387075
47290192.8480895
48822490.2415396
48656660.1119345
48409926.9283009
48138105.1459198
47874720.7927504
47637582.8955324
47435694.4066225
47274837.5920286
47146664.0954423
47048784.8745766
48403834.2520478
48285233.1258377
48098118.9848004
47874720.7927504
47637144.0277833
47401139.55548
47180526.5833105
46989490.1341083
46831668.7110989
46707042.9889922
48076619.380005
47991382.8974747
47839199.8152266
47637582.8955324
47401139.55548
47143084.8980706
46878655.3240968
46628669.9862026
46412082.3252306
46235505.4822543
47850377.2074152
47777679.5655485
47637033.1020293
47435694.4066225
47180526.5833105
46878655.3240968
46540207.4799102
46186203.964073
45855567.1059779
45578754.8698861
47699482.6235252
47629041.8635594
47487509.1649868
47274837.5920286
46989490.1341083
46628669.9862026
46186203.964073
45666049.4519885
45118189.8598882
44629673.0246839
47598497.5880077
47525184.738419
47376300.1387075
47146664.0954423
46831668.7110989
46412082.3252306
45855567.1059779
45118189.8598882
44147634.2347797
43155193.7713734
47521588.8358356
47445555.3833445
47290192.8480895
47048784.8745766
46707042.9889922
46235505.4822543
45578754.8698861
44629673.0246839
43155193.7713734
40505173.0455211
50255593.7770328
49679303.8175937
49266215.1415333
48895247.3052286
48477559.7756383
48150309.0101468
47923868.8146175
47772759.6232028
47671606.4463744
47595294.1590968
49679303.8175937
49420298.5698223
49118559.7611424
48730303.7118474
48358948.5738008
48064996.164455
47851110.7529496
47702263.2154575
47598277.3363402
47519244.5494349
49266215.1415333
49118559.7611424
48821006.1912324
48483625.9590604
48171787.393254
47912729.9796781
47710399.7466642
47560658.081717
47449339.9135673
47363854.5355217
48895247.3052286
48730303.7118474
48483625.9590604
48211785.1777104
47948299.6173723
47711023.1678385
47508992.8431768
47347894.8586408
47219674.4582956
47122382.4877606
48477559.7756383
48358948.5738008
48171787.393254
47948299.6173723
47710608.4336181
47474489.293004
47253754.8214372
47062486.962457
46904472.0631728
46780554.514328
48150309.0101468
48064996.164455
47912729.9796781
47711023.1678385
47474489.293004
47216343.3555092
46951800.8841011
46701556.403874
46484563.7469917
46308893.9995906
47923868.8146175
47851110.7529496
47710399.7466642
47508992.8431768
47253754.8214372
46951800.8841011
46613227.0542202
46258962.614984
45927638.8577767
45651938.315476
47772759.6232028
47702263.2154575
47560658.081717
47347894.8586408
47062486.962457
46701556.403874
46258962.614984
45738706.2511227
45189670.6323128
44702407.3276094
47671606.4463744
47598277.3363402
47449339.9135673
47219674.4582956
46904472.0631728
46484563.7469918
45927638.8577767
45189670.6323128
44220065.639046
43225510.9959165
47595294.1590968
47519244.5494349
47363854.5355218
47122382.4877606
46780554.5143281
46308893.9995906
45651938.315476
44702407.3276094
43225510.9959165
40513989.1269372
