50235230.4009077
49656723.7558454
49236247.8727883
48858580.9072819
48429556.4694086
48091077.2642918
47858214.2990682
47705033.2299965
47602076.7266335
47524572.49336
49656723.7558454
49390931.2173143
49080565.3813545
48685971.5343476
48305991.0303311
48003154.2452706
47784503.8977979
47634047.3125104
47528177.1950105
47448334.0669795
49236247.8727883
49080565.3813545
48776114.82762
48432771.4256981
48112943.0993546
47847605.9664191
47642193.9141213
47491603.9433009
47378697.4401603
47292793.8253358
48858580.9072819
48685971.5343476
48432771.4256981
48153899.8651996
47884132.7087375
47642932.331928
47439159.8494672
47278153.3260714
47149504.1305262
47051274.5696823
48429556.4694086
48305991.0303311
48112943.0993546
47884132.7087375
47642553.5880121
47404168.1005508
47182588.879609
46991855.8487997
46833711.2735397
46709582.6550252
48091077.2642917
48003154.2452706
47847605.9664191
47642932.331928
47404168.1005508
47144719.4547336
46879905.1191603
46630433.8661203
46412902.1060081
46239028.0275332
47858214.2990682
47784503.8977979
47642193.9141213
47439159.8494672
47182588.879609
46879905.1191603
46541757.2333583
46189121.8356386
45860018.8548492
45584080.1752845
47705033.2299965
47634047.3125104
47491603.9433009
47278153.3260714
46991855.8487997
46630433.8661203
46189121.8356386
45670867.5720683
45128942.0007787
44635469.8863002
47602076.7266335
47528177.1950105
47378697.4401603
47149504.1305262
46833711.2735397
46412902.1060081
45860018.8548492
45128942.0007787
44176382.411307
43159087.4293012
47524572.49336
47448334.0669795
47292793.8253358
47051274.5696822
46709582.6550252
46239028.0275332
45584080.1752845
44635469.8863002
43159087.4293012
40542376.8118103
50260202.3270957
49684766.1090339
49266145.6228876
48900939.5109377
48472097.6848008
48133807.8427575
47900187.7598078
47746407.0101889
47645053.0824728
47570202.2442772
49684766.1090339
49419850.968185
49120880.211588
48728119.5889479
48348475.7428497
48045582.3338595
47826162.6308341
47675265.2799606
47571277.981161
47494047.9246543
49266145.6228876
49120880.211588
48818093.8617465
48474947.7580734
48155476.5521013
47889667.6630202
47683599.7145837
47532661.480901
47421879.8480442
47338543.2115123
48900939.5109377
48728119.5889479
48474947.7580734
48196408.9871727
47926418.9790329
47684595.4703006
47480370.336492
47319027.5292538
47192725.8742632
47097007.4707273
48472097.6848008
48348475.7428497
48155476.5521013
47926418.9790329
47684332.3159736
47445496.5245206
47223653.9598302
47032764.1050616
46876867.7405591
46755245.9806083
48133807.8427575
48045582.3338595
47889667.6630202
47684595.4703006
47445496.5245206
47185822.5917662
46920833.8309087
46671206.5454948
46455880.4821543
46284530.2023835
47900187.7598078
47826162.6308341
47683599.7145837
47480370.336492
47223653.9598302
46920833.8309087
46582475.7972172
46229793.6763837
45902512.5438021
45629275.7773731
47746407.0101889
47675265.2799606
47532661.480901
47319027.5292538
47032764.1050616
46671206.5454948
46229793.6763837
45712213.1749921
45170704.7383839
44680183.1477259
47645053.0824728
47571277.981161
47421879.8480442
47192725.8742632
46876867.740559
46455880.4821543
45902512.543802
45170704.7383839
44219278.0750882
43202911.2406011
47570202.2442772
47494047.9246543
47338543.2115122
47097007.4707272
46755245.9806083
46284530.2023835
45629275.7773731
44680183.1477259
43202911.240601
40557979.1383802
50299806.2453581
49733952.8725534
49329466.6162838
48973732.0010499
48545788.8861612
48207513.3808711
47973716.9076694
47819706.7622079
47718183.7074873
47643889.8079218
49733952.8725534
49481244.5844293
49193099.9647404
48801758.3928102
48422180.0555718
48119228.7181481
47899627.5479509
47748508.0398071
47644396.4794127
47567716.8745466
49329466.6162838
49193099.9647404
48891710.9320004
48548626.0178577
48229163.4230902
47963236.3552148
47756995.3958425
47605832.644212
47494952.3032696
47412181.0358476
48973732.0010499
48801758.3928102
48548626.0178577
48270099.9436548
48000034.6068412
47758071.6808801
47553694.2406098
47392109.8265369
47265725.9578539
47170586.7264804
48545788.8861612
48422180.0555718
48229163.4230902
48000034.6068412
47757834.4081398
47518875.1732816
47296902.4056791
47105778.8576586
46949672.8717407
46828737.3026566
48207513.3808711
48119228.7181481
47963236.3552148
47758071.6808801
47518875.1732816
47259103.3736034
46993998.6140427
46744116.695002
46528435.6795306
46357876.1630349
47973716.9076694
47899627.5479509
47756995.3958425
47553694.2406098
47296902.4056791
46993998.6140427
46655517.1394756
46302582.949945
45974601.8740492
45702413.1621355
47819706.7622079
47748508.0398071
47605832.6442119
47392109.8265369
47105778.8576586
46744116.695002
46302582.949945
45784935.5727856
45242217.3179161
44752919.1424187
47718183.7074873
47644396.4794127
47494952.3032696
47265725.9578539
46949672.8717407
46528435.6795306
45974601.8740492
45242217.3179161
44290886.5212405
43273508.0672325
47643889.8079218
47567716.8745466
47412181.0358476
47170586.7264804
46828737.3026566
46357876.1630349
45702413.1621355
44752919.1424186
43273508.0672325
40565199.6395436
