50280369.4140542
49692233.8343318
49264501.2315718
48874815.4062947
48457322.5621323
48129828.5183533
47903897.4866997
47753523.7867186
47651664.8246635
47572626.8308934
49692233.8343318
49421115.1098393
49099764.554418
48709766.9095774
48338771.9496992
48044739.6098388
47831432.0307918
47683266.6841838
47578416.2431849
47496754.5443596
49264501.2315718
49099764.554418
48800279.3033178
48463534.4458833
48151473.3673813
47892730.7995377
47691061.9283632
47542152.73581
47430071.6725968
47341874.8644827
48874815.4062947
48709766.9095774
48463534.4458833
48191473.6136694
47928114.6112795
47691452.1344935
47490211.3181373
47330427.1812255
47202213.7058179
47101099.1804122
48457322.5621323
48338771.9496992
48151473.3673813
47928114.6112795
47690921.177902
47455516.9576923
47235777.5579605
47046356.5677978
46887568.2504293
46760101.425002
48129828.5183533
48044739.6098388
47892730.7995377
47691452.1344935
47455516.9576923
47198145.2239617
46934778.5904579
46686308.3486997
46467979.8676763
46290532.1189793
47903897.4866997
47831432.0307918
47691061.9283632
47490211.3181373
47235777.5579605
46934778.5904579
46598043.7269187
46246573.5655353
45916807.132912
45637875.0215908
47753523.7867186
47683266.6841838
47542152.73581
47330427.1812255
47046356.5677978
46686308.3486997
46246573.5655353
45729586.0955915
45187905.8219995
44694618.4411478
47651664.8246635
47578416.2431849
47430071.6725968
47202213.7058179
46887568.2504293
46467979.8676763
45916807.132912
45187905.8219995
44235166.7090768
43227264.6702435
47572626.8308935
47496754.5443597
47341874.8644827
47101099.1804122
46760101.425002
46290532.1189793
45637875.0215908
44694618.4411478
43227264.6702435
40638533.788954
50305355.3668199
49720308.7094537
49294227.9375133
48916599.4797146
48499958.6164585
48172435.524156
47945581.9164018
47794705.3089557
47694580.6793608
47618271.6938503
49720308.7094537
49449964.5413156
49138898.0759739
48751820.1310569
48381230.6100631
48086909.092631
47872804.5099425
47724299.370606
47621466.0960857
47542487.2011013
49294227.9375133
49138898.0759739
48842050.8360289
48505689.7661867
48193830.3636663
47934471.6375612
47732198.2821897
47583028.1983264
47473207.3310291
47387646.0756177
48916599.4797146
48751820.1310569
48505689.7661867
48233842.1647902
47970094.7761276
47732788.0589918
47531172.477016
47371115.7297515
47245389.8810965
47146857.3495604
48499958.6164585
48381230.6100631
48193830.3636663
47970094.7761276
47732356.6851641
47496548.7306928
47276608.9258246
47086955.5024213
46930679.5301424
46805795.1997947
48172435.524156
48086909.0926311
47934471.6375612
47732788.0589918
47496548.7306928
47238995.3957852
46975491.2153219
46726811.439438
46510905.7343201
46336073.7841697
47945581.9164018
47872804.5099426
47732198.2821897
47531172.477016
47276608.9258246
46975491.2153219
46638556.6373991
46286977.0840774
45959234.4110255
45683123.6873559
47794705.3089557
47724299.370606
47583028.1983264
47371115.7297516
47086955.5024213
46726811.439438
46286977.0840774
45770764.1335775
45229616.183956
44739400.126502
47694580.6793608
47621466.0960857
47473207.3310291
47245389.8810965
46930679.5301424
46510905.7343201
45959234.4110255
45229616.183956
44278193.0278151
43271212.3806447
47618271.6938503
47542487.2011013
47387646.0756177
47146857.3495604
46805795.1997947
46336073.7841697
45683123.6873559
44739400.126502
43271212.3806447
40654651.9333149
50344918.4250441
49769600.3448112
49357356.6478777
48989334.483628
48573682.3468262
48246136.9041786
48019093.642544
47868004.5130522
47767702.3589729
47691990.1076888
49769600.3448112
49511031.5031403
49211017.5837694
48825463.4277346
48454950.898056
48160538.9000209
47946256.3369571
47797544.8220353
47694572.4255465
47616189.0434292
49357356.6478777
49211017.5837694
48915656.5352425
48579391.1600643
48267510.5833085
48008021.2956676
47805585.8396414
47656204.6691319
47546262.7271951
47461319.401543
48989334.483628
48825463.4277346
48579391.1600643
48307531.9181501
48043691.6530605
47806248.8206573
47604492.0079808
47444204.6607902
47318368.4877314
47220476.5617794
48573682.3468262
48454950.898056
48267510.5833085
48043691.6530605
47805841.4466783
47569918.5673032
47349857.1352931
47159959.7402753
47003471.8805714
46879334.3049666
48246136.9041786
48160538.9000209
48008021.2956676
47806248.8206573
47569918.5673032
47312273.7644565
47048658.5628756
46799720.5942432
46583453.2770124
46409479.9020281
48019093.642544
47946256.3369571
47805585.8396414
47604492.0079808
47349857.1352931
47048658.5628756
46711603.6671963
46359762.8161895
46031323.976731
45756333.5267303
47868004.5130522
47797544.8220353
47656204.6691319
47444204.6607903
47159959.7402753
46799720.5942432
46359762.8161895
45843484.2565261
45301132.731249
44812190.5305442
47767702.3589729
47694572.4255466
47546262.7271951
47318368.4877314
47003471.8805714
46583453.2770124
46031323.976731
45301132.731249
44350014.0022541
43341965.0005741
47691990.1076889
47616189.0434292
47461319.401543
47220476.5617794
46879334.3049666
46409479.9020281
45756333.5267303
44812190.5305442
43341965.0005741
40662953.931917
