50323935.1130502
49746523.2237471
49327107.6536826
48952102.6918412
48525344.3776778
48186834.0089391
47953217.6534758
47799939.9086989
47697836.5129731
47620854.0036813
49746523.2237471
49481411.8675828
49172609.8604192
48780678.862829
48401838.561036
48098588.2625308
47879386.8195066
47728958.2344102
47624098.9622696
47544852.6876143
49327107.6536826
49172609.8604192
48870327.7980641
48528326.5656409
48208614.4569226
47942737.3632242
47737072.1142471
47586696.3803926
47475085.421248
47389816.0614255
48952102.6918412
48780678.862829
48528326.5656409
48249612.5714332
47979451.3702075
47737953.3761469
47534313.5032077
47373846.4094695
47247030.0585253
47149023.5512127
48525344.3776778
48401838.561036
48208614.4569226
47979451.3702075
47737639.5124634
47499385.4273713
47278392.5005912
47088972.8583454
46931435.9489651
46808415.2052242
48186834.0089391
48098588.2625308
47942737.3632242
47737953.3761469
47499385.4273713
47240453.0437792
46976546.2132511
46728616.4380462
46512674.9216869
46339938.8573518
47953217.6534758
47879386.8195066
47737072.1142471
47534313.5032078
47278392.5005912
46976546.2132511
46639698.9548347
46289256.3481101
45962861.1879545
45688701.9481172
47799939.9086989
47728958.2344102
47586696.3803926
47373846.4094695
47088972.8583454
46728616.4380463
46289256.3481101
45773287.2890896
45235779.34496
44748142.4198345
47697836.5129731
47624098.9622696
47475085.4212481
47247030.0585253
46931435.9489651
46512674.9216869
45962861.1879545
45235779.34496
44294813.6736175
43293042.8290377
47620854.0036813
47544852.6876143
47389816.0614255
47149023.5512127
46808415.2052242
46339938.8573518
45688701.9481172
44748142.4198346
43293042.8290377
40726899.1914157
50348945.041572
49774604.4097511
49356964.4145916
48994349.1313622
48567824.9848266
48229531.556334
47995226.0827035
47841342.498717
47740782.0802108
47666474.9916051
49774604.4097511
49510295.9294139
49212774.3750503
48822788.0374471
48444258.364085
48141022.0783935
47921086.5018677
47770208.5731737
47667172.4980261
47590560.7454925
49356964.4145916
49212774.3750503
48912279.4183127
48570433.0090806
48251117.6087088
47984836.0022982
47778519.6630712
47627794.5606472
47518242.5031412
47435561.69797
48994349.1313622
48822788.0374471
48570433.0090806
48292077.6470966
48021760.6940846
47779666.0531804
47575563.6061799
47414771.181182
47290215.9331842
47194755.8549241
48567824.9848266
48444258.364085
48251117.6087088
48021760.6940847
47779468.687905
47540758.5394354
47319486.8214635
47129752.6868243
46974571.2010967
46854072.5283265
48229531.556334
48141022.0783935
47984836.0022982
47779666.0531804
47540758.5394354
47281591.808026
47017506.6910896
46769296.8576219
46555606.2881652
46385425.6884157
47995226.0827035
47921086.5018677
47778519.6630712
47575563.6061799
47319486.8214635
47017506.6910896
46680463.1637173
46329826.2145555
46005257.6661897
45733860.3984357
47841342.498717
47770208.5731737
47627794.5606472
47414771.181182
47129752.6868243
46769296.8576219
46329826.2145555
45814641.4390114
45277429.1467152
44792758.4584529
47740782.0802108
47667172.4980261
47518242.5031412
47290215.9331842
46974571.2010967
46555606.2881652
46005257.6661897
45277429.1467152
44337574.4960823
43336795.5025261
47666474.9916051
47590560.7454925
47435561.69797
47194755.8549241
46854072.5283265
46385425.6884157
45733860.3984357
44792758.4584529
43336795.5025261
40742207.0678557
50388616.2387191
49823787.2859352
49420170.7668898
49067120.0781061
48641517.0582464
48303245.0916415
48068774.5559679
47914664.6572278
47813925.1991352
47740175.7860472
49823787.2859352
49571496.4545403
49284955.6953535
48896430.4728656
48517965.2716496
48214682.5584983
47994572.1587367
47843475.652247
47740304.2235873
47664242.6537012
49420170.7668898
49284955.6953535
48985901.5585612
48644113.1623938
48324813.1039909
48058423.4486659
47851936.9309175
47700993.3077337
47591329.7481826
47509211.9773162
49067120.0781061
48896430.4728656
48644113.1623938
48365775.1329447
48095392.8483078
47853163.3775748
47648909.6514828
47487884.9442711
47363209.9835225
47268351.9272374
48641517.0582464
48517965.2716496
48324813.1039909
48095392.8483078
47852991.6372341
47614158.6979934
47392756.7197757
47202776.0682264
47047410.9889815
46927577.4514893
48303245.0916415
48214682.5584983
48058423.4486659
47853163.3775748
47614158.6979934
47354894.1913975
47090694.7641842
46842229.7474473
46628176.1349453
46458789.4134588
48068774.5559679
47994572.1587367
47851936.9309175
47648909.6514828
47392756.7197757
47090694.7641842
46753532.7968301
46402641.5867224
46077362.4961454
45807033.5161996
47914664.6572278
47843475.652247
47700993.3077337
47487884.9442711
47202776.0682264
46842229.7474473
46402641.5867224
45887421.7022491
45349054.3284691
44865568.7833279
47813925.1991352
47740304.2235873
47591329.7481827
47363209.9835225
47047410.9889815
46628176.1349453
46077362.4961454
45349054.3284691
44409302.1647599
43407484.6966277
47740175.7860472
47664242.6537012
47509211.9773162
47268351.9272374
46927577.4514893
46458789.4134588
45807033.5161997
44865568.7833279
43407484.6966277
40748513.7765748
