50368850.8026944
49781771.787323
49355102.410799
48968050.9477273
48552660.4710789
48224918.1906753
47998337.6281656
47847967.9522201
47746977.3509112
47668495.0264203
49781771.787323
49511301.9832918
49191606.3626673
48804100.7055324
48434048.6014297
48139546.1463879
47925811.3130445
47777749.6677453
47673913.8193042
47592887.9738103
49355102.410799
49191606.3626673
48894131.4507055
48558591.7734986
48246528.5472823
47987326.2391121
47785518.3664489
47636872.0579678
47526090.1098467
47438581.5292501
48968050.9477273
48804100.7055324
48558591.7734986
48286585.9983902
48022888.4828818
47786066.4349866
47585041.6182791
47425801.8551071
47299484.0405014
47198660.1606848
48552660.4710789
48434048.6014297
48246528.5472822
48022888.4828818
47785612.0599105
47550484.0727432
47331388.5802849
47143097.4306368
46985326.6362184
46858954.4571655
48224918.1906753
48139546.1463879
47987326.239112
47786066.4349866
47550484.0727432
47293823.076261
47031550.6541283
46784901.962201
46568063.2659731
46391642.6772463
47998337.6281656
47925811.3130445
47785518.3664489
47585041.6182791
47331388.5802849
47031550.6541283
46696389.7865666
46347429.8085037
46020467.2282124
45742629.2485206
47847967.9522201
47777749.6677452
47636872.0579678
47425801.8551071
47143097.4306368
46784901.962201
46347429.8085037
45833494.4694358
45297292.0019079
44805713.8222187
47746977.3509112
47673913.8193042
47526090.1098467
47299484.0405014
46985326.6362184
46568063.2659731
46020467.2282124
45297292.0019079
44357204.8209936
43350779.8759862
47668495.0264203
47592887.9738103
47438581.5292501
47198660.1606848
46858954.4571655
46391642.6772462
45742629.2485206
44805713.8222187
43350779.8759862
40802950.4429723
50393875.2464707
49809885.1056107
49384865.9813594
49009585.1052766
48595204.6911676
48267505.4649995
48040060.2931522
47889175.2489664
47789860.0435408
47714130.5837675
49809885.1056107
49540130.9888442
49230499.59641
48846077.5440415
48476442.5874135
48181733.1747684
47967223.0625624
47818811.4795785
47716934.6069297
47638614.3807677
49384865.9813594
49230499.59641
48935842.1147786
48600668.3106095
48288867.3642575
48029108.6396456
47826691.9879089
47677784.9983724
47569198.8961593
47484348.5361196
49009585.1052766
48846077.5440415
48600668.3106095
48328920.8226175
48064900.9979936
47827449.4076944
47626036.9940845
47466539.6554712
47342622.3270311
47244417.2978457
48595204.6911676
48476442.5874135
48288867.3642575
48064900.9979935
47827097.0621459
47591554.3595074
47372246.6760195
47183630.4398298
47028412.5003525
46904641.5595085
48267505.4649995
48181733.1747684
48029108.6396456
47827449.4076944
47591554.3595074
47334700.9171856
47072286.2638996
46825261.6394662
46610938.4726749
46437167.9297398
48040060.2931522
47967223.0625624
47826691.9879089
47626036.9940845
47372246.6760195
47072286.2638996
46736940.1623981
46387709.8100328
46062790.2481975
45787836.9057138
47889175.2489664
47818811.4795785
47677784.9983724
47466539.6554712
47183630.4398298
46825261.6394662
46387709.8100328
45874667.7428446
45338790.7065208
44850392.5765274
47789860.0435408
47716934.6069297
47569198.8961593
47342622.3270311
47028412.5003525
46610938.4726749
46062790.2481975
45338790.7065208
44399955.5678314
43394743.529138
47714130.5837675
47638614.3807677
47484348.5361195
47244417.2978456
46904641.5595085
46437167.9297398
45787836.9057138
44850392.5765274
43394743.529138
40818887.1947993
50433506.1236658
49859173.3014657
49447862.9388655
49082280.5474021
48668925.2069441
48341217.417262
48113591.4259161
47962496.0440312
47862994.2396455
47787861.8895224
49859173.3014657
49600997.4964727
49302574.6534129
48919719.4211346
48550166.9923682
48255378.5481487
48040695.0454368
47892080.3264707
47790054.3387062
47712328.8725317
49447862.9388655
49302574.6534129
49009448.3333975
48674371.8873373
48362558.4112123
48102677.1965836
47900100.2273556
47750988.036919
47642269.560703
47558033.9486526
49082280.5474021
48919719.4211345
48674371.8873373
48402619.3851412
48138515.2268323
47900930.5588741
47699377.7079611
47539659.3844999
47415596.0753372
47318052.9914051
48668925.2069441
48550166.9923682
48362558.4112123
48138515.2268323
47900602.0988756
47664944.7097259
47445515.9906114
47256653.970335
47101235.3366871
46978193.5561758
48341217.417262
48255378.5481487
48102677.1965836
47900930.5588741
47664944.7097259
47407999.8413983
47145475.7174685
46898186.1241156
46683501.011744
46510590.3533154
48113591.4259161
48040695.0454368
47900100.2273556
47699377.7079611
47445515.9906114
47145475.7174685
46810014.3620039
46460521.6113941
46134896.2839484
45861074.7910089
47962496.0440312
47892080.3264707
47750988.036919
47539659.3844999
47256653.970335
46898186.1241156
46460521.6113941
45947444.8035987
45410360.0527577
44923236.43163
47862994.2396455
47790054.3387062
47642269.560703
47415596.0753372
47101235.3366871
46683501.011744
46134896.2839484
45410360.0527577
44471625.0702102
43465728.561558
47787861.8895224
47712328.8725317
47558033.9486526
47318052.991405
46978193.5561757
46510590.3533153
45861074.7910089
44923236.43163
43465728.561558
40826525.3331196
