50412793.2807004
49826239.1630554
49400088.8765173
49014308.058974
48600001.8233477
48272164.9444007
48045255.0722014
47894873.5182127
47794301.8338397
47716096.278953
49826239.1630554
49556087.5054213
49237196.8949906
48850925.820701
48481370.860259
48186648.348921
47972685.0845354
47824657.4015279
47721310.2526459
47640615.8175939
49400088.8765173
49237196.8949906
48940719.8586948
48605795.2204139
48293752.1905431
48034312.1093583
47832403.7401122
47683854.204484
47573687.416656
47486604.7392286
49014308.058974
48850925.820701
48605795.2204139
48333837.4831318
48069971.8667459
47833043.3227976
47632073.5640773
47473022.0212465
47347522.3444465
47247227.5113801
48600001.8233477
48481370.860259
48293752.1905431
48069971.8667459
47832639.5380798
47597619.7325055
47378775.7792329
47190853.8816641
47034184.4098786
46908423.3195585
48272164.9444007
48186648.348921
48034312.1093583
47833043.3227976
47597619.7325055
47341305.9343496
47079548.8977858
46833744.9565635
46618095.006538
46442562.3777702
48045255.0722014
47972685.0845354
47832403.7401122
47632073.5640773
47378775.779233
47079548.8977858
46745153.7384905
46397381.6357302
46071800.2870278
45796195.6405024
47894873.5182127
47824657.401528
47683854.204484
47473022.0212465
47190853.8816641
46833744.9565635
46397381.6357302
45883919.4016736
45349063.735961
44865631.3194348
47794301.8338397
47721310.2526459
47573687.416656
47347522.3444465
47034184.4098786
46618095.006538
46071800.2870278
45349063.735961
44419314.7702902
43423220.0583709
47716096.278953
47640615.8175939
47486604.7392286
47247227.5113801
46908423.3195585
46442562.3777702
45796195.6405024
44865631.3194348
43423220.0583709
40900129.0548831
50437836.8237796
49854371.7016954
49429866.6469061
49055724.2704928
48642500.9078707
48314741.068386
48086996.5499171
47936093.7978122
47837167.5524608
47761726.9646384
49854371.7016954
49584910.259211
49275972.1293155
48892866.8541342
48523732.8514933
48228843.1127239
48014116.7608209
47865733.6528998
47764316.1743051
47686338.8806963
49429866.6469061
49275972.1293155
48982402.9717336
48647834.1354804
48336081.2420253
48076115.3629354
47873596.7830357
47724785.1258725
47616782.3897103
47532369.455295
49055724.2704928
48892866.8541342
48647834.1354804
48376155.1827601
48112000.5808511
47874451.5211668
47673087.5045808
47513784.4573511
47390646.1752938
47292982.5136643
48642500.9078707
48523732.8514933
48336081.2420253
48112000.5808511
47874151.4088423
47638712.7854727
47419652.5726153
47231419.9176944
47077251.539212
46954106.6827872
48314741.068386
48228843.1127239
48076115.3629354
47874451.5211668
47638712.7854727
47382202.5730791
47120302.5218806
46874077.2759706
46660941.9875654
46488079.0250147
48086996.5499171
48014116.7608209
47873596.7830357
47673087.5045808
47419652.5726153
47120302.5218806
46785723.6176049
46437571.6162302
46114069.9566473
45841381.8251317
47936093.7978122
47865733.6528998
47724785.1258725
47513784.4573511
47231419.9176944
46874077.2759706
46437571.6162302
45925098.5437419
45390657.8636013
44910226.7418009
47837167.5524608
47764316.1743051
47616782.3897103
47390646.1752938
47077251.539212
46660941.9875654
46114069.9566473
45390657.8636013
44461937.9622513
43467107.8089224
47761726.9646384
47686338.8806963
47532369.455295
47292982.5136643
46954106.6827872
46488079.0250147
45841381.8251317
44910226.7418009
43467107.8089224
40915948.2397698
50477501.3212086
49903659.0667012
49492798.929162
49128401.0769392
48716219.9112207
48388458.0328141
48160537.2395065
48009425.2585281
47910307.9734365
47835464.6822001
49903659.0667012
49645673.3534727
49348025.2149815
48966508.2752562
48597459.2523163
48302496.0420102
48087598.7345504
47939013.9951934
47837442.5255511
47760059.7138301
49492798.929162
49348025.2149815
49056009.7312082
48721538.9474623
48409777.4982723
48149693.2501601
47947015.3168664
47798001.0700299
47689860.4982022
47606061.0930225
49128401.0769392
48966508.2752562
48721538.9474623
48449857.9848573
48185623.3474492
47947942.8944765
47746438.8205671
47586919.3623193
47463627.7898978
47366624.3048605
48716219.9112207
48597459.2523163
48409777.4982723
48185623.3474492
47947666.6386608
47712113.5915282
47492932.9995639
47304461.3519054
47150079.7493011
47027665.2137411
48388458.0328141
48302496.0420102
48149693.2501601
47947942.8944765
47712113.5915282
47455512.1194587
47193503.6104514
46947013.1252193
46733508.5590555
46561510.4476654
48160537.2395065
48087598.7345504
47947015.3168664
47746438.8205671
47492932.9995639
47193503.6104514
46858810.9408453
46510389.678777
46186185.3606416
45914636.3559126
48009425.2585281
47939013.9951934
47798001.0700299
47586919.3623193
47304461.3519054
46947013.1252193
46510389.678777
45997904.7818266
45462389.1545282
44983049.5152555
47910307.9734365
47837442.5255511
47689860.4982022
47463627.7898978
47150079.7493011
46733508.5590555
46186185.3606416
45462389.1545282
44533604.1200597
43538088.7770495
47835464.6822001
47760059.7138301
47606061.0930225
47366624.3048605
47027665.2137411
46561510.4476654
45914636.3559126
44983049.5152555
43538088.7770495
40923170.7832015
