50455785.6353431
49880012.2434338
49462194.6511185
49090729.4200217
48667557.8376885
48329208.5754068
48094525.9010595
47941061.1441739
47840151.8935934
47763919.5383718
49880012.2434338
49615857.0862981
49309283.5334313
48921247.3379904
48544263.9276865
48240572.8958417
48020562.0213594
47870132.4371776
47766699.9651621
47688362.1851597
49462194.6511185
49309283.5334313
49010216.6996984
48670307.616509
48350980.4899739
48084407.9425981
47878347.4437228
47728235.4002528
47618457.8740817
47534368.7887654
49090729.4200217
48921247.3379904
48670307.616509
48392056.4064502
48121507.4682492
47879657.9185186
47676211.3046309
47516419.8910105
47392055.0587598
47295541.2167742
48667557.8376885
48544263.9276865
48350980.4899739
48121507.4682492
47879556.7345234
47641712.4876709
47421714.2671057
47233859.419002
47079470.5897478
46958288.9869745
48329208.5754068
48240572.8958417
48084407.9425981
47879657.9185186
47641712.4876709
47384096.0525204
47122198.7202239
46877312.9416265
46665377.1932389
46495407.123979
48094525.9010595
48020562.0213594
47878347.4437228
47676211.3046309
47421714.2671057
47122198.7202239
46788576.8853356
46442956.4671284
46121978.3230125
45854296.0022613
47941061.1441739
47870132.4371776
47728235.4002528
47516419.8910105
47233859.419002
46877312.9416265
46442956.4671284
45931512.8405456
45401985.8874983
44936367.4201121
47840151.8935934
47766699.9651621
47618457.8740817
47392055.0587598
47079470.5897479
46665377.1932389
46121978.3230125
45401985.8874983
44498810.591154
43531651.8120202
47763919.5383718
47688362.1851597
47534368.7887654
47295541.2167742
46958288.9869745
46495407.1239791
45854296.0022613
44936367.4201121
43531651.8120202
41074880.9634941
50480851.8759485
49908151.7558287
49492075.3421169
49132689.7544683
48709938.9465633
48371845.3475089
48136574.6875953
47982500.5241343
47883048.384221
47809525.8216535
49908151.7558287
49644710.2784713
49349164.9290754
48963291.2895559
48586582.5314802
48282998.9100634
48062311.7789054
47911423.0474292
47809730.0352002
47734059.8531475
49492075.3421169
49349164.9290753
49052125.7074215
48712310.1015703
48393423.7081188
48126544.0502899
47919845.1364183
47769381.4609987
47661574.1832821
47580106.9810685
49132689.7544683
48963291.2895559
48712310.1015703
48434442.8600417
48163830.364265
47921428.0572692
47717505.9615261
47557406.078981
47435197.8605171
47341266.3092657
48709938.9465633
48586582.5314802
48393423.7081188
48163830.364265
47921442.9628179
47683136.5891158
47462844.5182396
47274664.5215223
47122551.908228
47003934.0563518
48371845.3475089
48282998.9100634
48126544.0502899
47921428.0572692
47683136.5891158
47425268.2326713
47163183.2900337
46917902.341622
46708225.6463261
46540867.1105503
48136574.6875953
48062311.7789054
47919845.1364183
47717505.9615261
47462844.5182396
47163183.2900337
46829357.8495784
46483247.4033755
46164212.7746015
45899393.0662924
47982500.5241343
47911423.0474292
47769381.4609987
47557406.078981
47274664.5215223
46917902.341622
46483247.4033755
45972818.1025081
45443843.5327431
44980781.8577185
47883048.384221
47809730.0352002
47661574.1832821
47435197.8605171
47122551.908228
46708225.6463261
46164212.7746015
45443843.5327431
44541159.390054
43575249.2847367
47809525.8216535
47734059.8531475
47580106.9810685
47341266.3092657
47003934.0563518
46540867.1105503
45899393.0662924
44980781.8577185
43575249.2847367
41089655.2274599
50520622.6845252
49957333.8745814
49555086.7003393
49205406.8510801
48783630.8057654
48445569.0924598
48210150.3560247
48055854.8435621
47956209.549031
47883246.0720381
49957333.8745814
49705603.4850063
49421280.9707621
49036938.0369749
48660292.7643579
48356678.2847794
48135826.8927327
47984724.7295641
47882880.656158
47807761.0040095
49555086.7003393
49421280.9707621
49125755.1384441
48785993.4245495
48467130.1256987
48200157.3811536
47993293.0547242
47842618.7173227
47734682.2118934
47653776.3779707
49205406.8510801
49036938.0369749
48785993.4245495
48508148.3979144
48237484.727793
47994955.0744895
47790883.296253
47630564.258039
47508213.1363961
47414881.4836096
48783630.8057654
48660292.7643578
48467130.1256987
48237484.727793
47994995.088015
47756567.2584355
47536146.136891
47347732.079093
47195408.9064434
47077459.8291681
48445569.0924599
48356678.2847794
48200157.3811537
47994955.0744895
47756567.2584355
47498600.9218803
47236403.7471074
46990868.6527073
46780808.3024566
46614260.2215117
48210150.3560247
48135826.8927327
47993293.0547242
47790883.296253
47536146.136891
47236403.7471074
46902463.0216248
46556078.659243
46236343.182835
45972628.9808308
48055854.8435621
47984724.7295641
47842618.7173227
47630564.258039
47347732.079093
46990868.6527074
46556078.659243
46045671.9662892
45515866.0014277
45053656.6920007
47956209.549031
47882880.656158
47734682.2118934
47508213.1363961
47195408.9064434
46780808.3024567
46236343.182835
45515866.0014277
44612836.2321131
43646142.1390113
47883246.0720381
47807761.0040095
47653776.3779707
47414881.4836096
47077459.8291681
46614260.2215117
45972628.9808308
45053656.6920007
43646142.1390113
41094111.7383223
