50500136.8002668
49914634.3810989
49489516.2938283
49106212.7136038
48694157.6100707
48366229.236246
48138691.3827083
47988283.7603852
47888524.9289846
47810859.4857392
49914634.3810989
49645117.8789997
49327809.5963084
48944010.4893519
48575538.0701127
48280458.9490027
48066067.4819828
47918119.3275961
47815732.581847
47735694.8384901
49489516.2938283
49327809.5963084
49033333.8915264
48699702.0449728
48387801.0928767
48127953.3051806
47925885.7268818
47777572.4430058
47668645.7001725
47582435.420662
49106212.7136038
48944010.4893519
48699702.0449728
48427939.2832194
48163828.8318465
47926761.0566487
47725981.3842341
47567405.5417907
47443630.9096062
47344488.5231887
48694157.6100707
48575538.0701127
48387801.0928767
48163828.8318465
47926480.2607982
47691796.1796571
47473606.2515844
47286587.1541772
47132461.1893482
47008165.1534588
48366229.236246
48280458.9490027
48127953.3051806
47926761.0566487
47691796.1796571
47436389.3298851
47175952.8617828
46931839.0725113
46719875.3043439
46546463.7179121
48138691.3827083
48066067.4819828
47925885.7268818
47725981.3842341
47473606.2515844
47175952.8617828
46843916.4576601
46499506.8152325
46178204.8984485
45907445.5330298
47988283.7603852
47918119.3275961
47777572.4430058
47567405.5417907
47286587.1541773
46931839.0725113
46499506.8152325
45989932.5514172
45459823.197238
44992350.2082577
47888524.9289846
47815732.5818469
47668645.7001725
47443630.9096062
47132461.1893482
46719875.3043439
46178204.8984485
45459823.197238
44553310.9179883
43579223.7880162
47810859.4857392
47735694.8384901
47582435.420662
47344488.5231887
47008165.1534588
46546463.7179121
45907445.5330298
44992350.2082577
43579223.7880161
41115054.0302476
50525218.2203519
49942805.2617751
49519317.2699917
49147404.166967
48736564.9949636
48408775.3891628
48180463.9927469
48029526.212158
47931355.2227681
47856479.7126186
49942805.2617751
49673934.5503162
49366348.6234857
48985880.7595249
48617831.5484413
48322659.97624
48107532.4275275
47959219.8488885
47858707.5129328
47781410.4276864
49519317.2699917
49366348.6234857
49074962.7861714
48741663.38347
48430101.1388271
48169787.9728535
47967109.5943402
47818532.7082275
47711711.8389416
47628194.633509
49147404.166967
48985880.7595249
48741663.38347
48470213.6599719
48205877.5375536
47968208.1910981
47767021.4115739
47608206.9599688
47486724.5769072
47390238.1733542
48736564.9949636
48617831.5484413
48430101.1388271
48205877.5375536
47968032.9937952
47732920.9478402
47514505.0677297
47327206.4486753
47175489.9394803
47053839.7547054
48408775.3891629
48322659.97624
48169787.9728535
47968208.1910981
47732920.9478402
47477306.9275359
47216727.3734237
46972238.8973052
46762657.9109146
46591961.0563824
48180463.9927469
48107532.4275275
47967109.5943402
47767021.4115739
47514505.0677298
47216727.3734237
46884503.9302612
46539557.51959
46220346.6181514
45952585.0580709
48029526.212158
47959219.8488885
47818532.7082275
47608206.9599688
47327206.4486753
46972238.8973052
46539557.51959
46030977.1782499
45501553.658767
45036783.6260324
47931355.2227681
47858707.5129328
47711711.8389416
47486724.5769072
47175489.9394802
46762657.9109146
46220346.6181514
45501553.658767
44595655.3556376
43622963.2295395
47856479.7126186
47781410.4276864
47628194.633509
47390238.1733542
47053839.7547054
46591961.0563824
45952585.0580709
45036783.6260324
43622963.2295395
41130653.4136548
50564949.3736914
49992092.476015
49582122.2573692
49220045.6690818
48810281.1220405
48482501.4256443
48254023.0159432
48102878.3522317
48004507.781467
47930230.0588121
49992092.476015
49734484.1252173
49438358.046565
49059521.4816098
48691561.4218617
48396327.0124537
48181033.6200714
48032522.3812489
47931846.7430636
47855143.8086023
49582122.2573692
49438358.046565
49148570.8148063
48815370.5064047
48503806.7928336
48243383.4915994
48040547.8406178
47891773.3303904
47784804.4340088
47701898.7106559
49220045.6690818
49059521.4816098
48815370.5064047
48543923.972144
48279516.1792063
48041718.930056
47840392.7815957
47681370.485897
47559721.7841943
47463892.4064447
48810281.1220405
48691561.4218617
48503806.7928336
48279516.1792063
48041567.4458028
47806341.415344
47587806.1717407
47400281.8915802
47248330.5221977
47127411.9442732
48482501.4256443
48396327.0124537
48243383.4915995
48041718.930056
47806341.4153441
47550636.2129035
47289950.6156994
47045214.4068387
46835227.4218338
46665410.955179
48254023.0159432
48181033.6200714
48040547.8406178
47840392.7815957
47587806.1717407
47289950.6156994
46957615.7788615
46612392.1532403
46292470.2460945
46025873.0331378
48102878.3522317
48032522.3812489
47891773.3303904
47681370.485897
47400281.8915802
47045214.4068387
46612392.1532403
46103806.0464521
45573544.5012065
45109592.071367
48004507.781467
47931846.7430636
47784804.4340088
47559721.7841943
47248330.5221977
46835227.4218338
46292470.2460945
45573544.5012065
44667306.5939097
43694003.8396747
47930230.0588121
47855143.8086022
47701898.7106559
47463892.4064447
47127411.9442732
46665410.955179
46025873.0331378
45109592.071367
43694003.8396747
41136961.1819816
