50543455.5492853
49968785.469557
49552051.7113494
49182890.4981784
48762294.0104773
48424280.414628
48189019.4635527
48035458.0121202
47935302.720138
47859537.5627209
49968785.469557
49705283.4897983
49400186.8538452
49014811.0706639
48639274.8668821
48335533.0550813
48115113.2870855
47964739.7904952
47862236.855193
47784486.9241889
49552051.7113494
49400186.8538452
49103328.68993
48764993.6891846
48446211.2370556
48179423.8983047
47973265.6607793
47823453.4219089
47714935.2291542
47631661.8125978
49182890.4981784
49014811.0706639
48764993.6891846
48487346.70121
48216867.5594894
47975072.0931646
47772012.5497907
47612907.2043041
47490370.0351297
47394987.8199167
48762294.0104773
48639274.8668821
48446211.2370556
48216867.5594894
47975199.5282033
47738041.7363135
47519128.4579014
47332627.1735703
47181035.3429486
47061373.5757322
48424280.414628
48335533.0550813
48179423.8983047
47975072.0931646
47738041.7363135
47481953.1225411
47222144.9170238
46979782.849149
46772182.6419331
46604388.4585798
48189019.4635527
48115113.2870855
47973265.6607793
47772012.5497907
47519128.4579014
47222144.9170238
46892082.3788097
46551097.6014384
46236550.724935
45972981.4809944
48035458.0121202
47964739.7904952
47823453.4219089
47612907.2043041
47332627.1735703
46979782.849149
46551097.6014384
46048286.4717396
45526189.5685951
45073150.6332648
47935302.720138
47862236.855193
47714935.2291542
47490370.0351297
47181035.3429486
46772182.6419331
46236550.724935
45526189.5685951
44650206.846938
43707558.1590521
47859537.5627209
47784486.9241889
47631661.8125978
47394987.8199167
47061373.5757322
46604388.4585798
45972981.4809944
45073150.6332648
43707558.1590521
41344325.6989913
50568559.0392953
49996963.8095317
49581942.0356859
49224668.4078263
48804600.178161
48466860.5515699
48231077.6426604
48076911.0833677
47978163.2642258
47905132.5447736
49996963.8095317
49734128.0276194
49439870.6640438
49056804.8061516
48681514.8856401
48377933.1783096
48156879.3755747
48006046.1187451
47905235.3187707
47830176.1161451
49581942.0356859
49439870.6640438
49145202.5327106
48806918.3969113
48488595.3119756
48221562.2061046
48014779.6746084
47864619.0465853
47758022.1445042
47677393.4039896
49224668.4078263
49056804.8061516
48806918.3969113
48529662.882029
48259174.4110797
48016858.253819
47813319.0162383
47653920.222975
47533482.3031371
47440706.4013835
48804600.178161
48681514.8856401
48488595.3119756
48259174.4110797
48017099.6554533
47779479.0772351
47560265.2208741
47373469.7141994
47224078.597416
47107008.6943655
48466860.5515699
48377933.1783096
48221562.2061046
48016858.253819
47779479.0772351
47523129.3351613
47263134.1226714
47020423.8805455
46814969.2212796
46649828.0217903
48231077.6426604
48156879.3755747
48014779.6746084
47813319.0162383
47560265.2208741
47263134.1226714
46932879.0409938
46591426.9203903
46278647.9570239
46018032.18378
48076911.0833676
48006046.1187451
47864619.0465853
47653920.222975
47373469.7141994
47020423.8805455
46591426.9203903
46089346.3871339
45568139.6065273
45117432.0092856
47978163.2642258
47905235.3187707
47758022.1445042
47533482.3031371
47224078.597416
46814969.2212796
46278647.9570239
45568139.6065273
44692241.2224855
43751052.6829956
47905132.5447736
47830176.1161451
47677393.4039896
47440706.4013835
47107008.6943655
46649828.0217903
46018032.18378
45117432.0092856
43751052.6829956
41358758.5882126
50608395.7357907
50046148.1279168
49644827.192658
49297352.2643612
48878291.1526856
48540589.2133785
48304669.4480872
48150285.2707495
48051335.6671681
47978865.3717652
50046148.1279168
49794804.9224246
49511943.2451905
49130454.092036
48755226.3219728
48451622.8774336
48230412.2573082
48079369.197236
47978397.796873
47903889.8633895
49644827.192658
49511943.2451906
49218836.4584733
48880603.3674681
48562306.9631541
48295190.4664767
48088246.2304923
47937880.0498712
47831143.5352887
47751075.5977534
49297352.2643612
49130454.092036
48880603.3674681
48603371.9456038
48332841.0280655
48090402.9510631
47886715.4222786
47727105.7900503
47606512.2006546
47514334.861953
48878291.1526856
48755226.3219728
48562306.9631541
48332841.0280655
48090668.981157
47852928.2507786
47633586.4608605
47446569.5322663
47296948.3884659
47180549.4670712
48540589.2133785
48451622.8774336
48295190.4664767
48090402.9510631
47852928.2507786
47596480.7306229
47336375.6978153
47093428.5735232
46887558.5591668
46723241.8288971
48304669.4480872
48230412.2573082
48088246.2304923
47886715.4222785
47633586.4608605
47336375.6978153
47006010.2727809
46664301.0208144
46350778.2118559
46091310.4625376
48150285.2707495
48079369.197236
47937880.0498712
47727105.7900503
47446569.5322663
47093428.5735232
46664301.0208144
46162187.963943
45640354.7452399
45190397.3018138
48051335.6671681
47978397.796873
47831143.5352887
47606512.2006546
47296948.3884659
46887558.5591668
46350778.2118559
45640354.7452399
44763885.2552101
43822221.3316854
47978865.3717652
47903889.8633895
47751075.5977534
47514334.861953
47180549.4670712
46723241.8288971
46091310.4625376
45190397.3018138
43822221.3316854
41361759.2932222
