50587223.5746729
50002785.3476514
49578720.4924706
49197847.4250957
48788194.9097371
48460369.2004477
48232298.1730571
48081887.8196898
47982910.412723
47905760.5806349
50002785.3476514
49733919.7766702
49418185.4339598
49036909.5549176
48669703.8280869
48374456.4589738
48159738.3129973
48011918.8477868
47910474.7302517
47831077.6159905
49578720.4924706
49418185.4339598
49125762.0265579
48793579.6102241
48482051.2933808
48221988.9831337
48019904.5702782
47871936.4573195
47764267.2793785
47678940.698574
49197847.4250957
49036909.5549176
48793579.6102241
48522248.0591956
48258146.1284674
48021176.8038034
47820823.1029625
47662946.1152916
47540989.7096423
47443079.7566811
48788194.9097371
48669703.8280869
48482051.2933808
48258146.1284674
48021080.5490416
47787078.7306436
47569938.5896884
47384242.8234116
47232921.7977894
47110314.6342266
48460369.2004477
48374456.4589738
48221988.9831337
48021176.8038034
47787078.7306436
47533098.1338731
47274606.6668295
47032906.2093705
46825356.6902421
46654469.5669114
48232298.1730571
48159738.3129973
48019904.5702782
47820823.1029625
47569938.5896884
47274606.6668295
46945815.0098312
46605693.6124009
46291109.430595
46025263.768098
48081887.8196898
48011918.8477868
47871936.4573195
47662946.1152916
47384242.8234116
47032906.2093705
46605693.6124009
46104555.3688689
45581178.4776578
45128217.0824417
47982910.412723
47910474.7302517
47764267.2793785
47540989.7096423
47232921.7977894
46825356.6902421
46291109.430595
45581178.4776578
44699203.7015584
43747639.8308045
47905760.5806349
47831077.6159905
47678940.698574
47443079.7566811
47110314.6342265
46654469.5669114
46025263.768098
45128217.0824417
43747639.8308045
41350788.728528
50612342.585546
50030994.4580223
49608540.149385
49238820.5996836
48830503.0745592
48502868.9094921
48274087.0853337
48123143.3686785
48025702.4983348
47951369.1545126
50030994.4580223
49762737.3628641
49456479.3796007
49078703.0124666
48711916.2146064
48416644.7467122
48201222.0368039
48053034.2381081
47953416.4167848
47876784.4896368
49608540.149385
49456479.3796007
49167330.0165435
48835453.2965055
48524302.9587917
48263834.8362608
48061144.2569722
47912915.5637439
47807302.6527742
47724693.066
49238820.5996836
49078703.0124666
48835453.2965055
48564460.2646918
48300191.4592044
48062642.3943611
47861872.7640308
47703773.8865567
47584051.4595118
47488822.5871543
48830503.0745592
48711916.2146064
48524302.9587916
48300191.4592044
48062651.402258
47828214.3226085
47610840.6653588
47424899.2326114
47275910.657487
47155978.8828772
48502868.9094921
48416644.7467122
48263834.8362608
48062642.3943611
47828214.3226085
47574015.2585397
47315381.5447833
47073357.9599493
46868074.1894273
46699945.5983118
48274087.0853337
48201222.0368039
48061144.2569722
47861872.7640308
47610840.6653588
47315381.5447833
46986415.6967452
46645824.1420585
46333102.03361
46070352.1393666
48123143.3686785
48053034.2381081
47912915.5637439
47703773.8865567
47424899.2326114
47073357.9599493
46645824.1420585
46145315.3965098
45623009.9520068
45172484.658389
48025702.4983349
47953416.4167848
47807302.6527742
47584051.4595118
47275910.657487
46868074.1894273
46333102.03361
45623009.9520068
44741227.327739
43791205.1576828
47951369.1545126
47876784.4896368
47724693.066
47488822.5871543
47155978.8828772
46699945.5983118
46070352.1393666
45172484.658389
43791205.1576828
41366221.8280732
50652139.9055484
50080283.4577705
49671220.1607812
49311428.8178376
48904215.7505415
48576602.3051448
48347662.9538628
48196514.9910562
48098866.594902
48025131.8062499
50080283.4577705
49823064.2649299
49528445.2604356
49152342.8272879
48785648.4305854
48490324.0950761
48274741.0429031
48126357.6790675
48026567.945253
47950530.2198092
49671220.1607812
49528445.2604356
49240939.0348778
48909162.05679
48598016.2198846
48337446.2091191
48134600.8171633
47986179.3861973
47880409.2683863
47798409.5798305
49311428.8178377
49152342.8272879
48909162.05679
48638176.3778702
48373843.9602143
48136170.8052282
47935262.7151493
47776964.1788856
47657064.2597626
47562489.5819209
48904215.7505416
48785648.4305854
48598016.2198846
48373843.9602143
48136203.2437571
47901652.7958029
47684160.8106592
47498006.2255919
47348765.2903143
47229565.4513584
48576602.3051448
48490324.0950761
48337446.2091191
48136170.8052282
47901652.7958029
47647362.5906285
47388625.2050948
47146371.2443852
46940652.2653916
46773414.9097717
48347662.9538628
48274741.0429031
48134600.8171633
47935262.7151493
47684160.8106592
47388625.2050948
47059553.2056915
46718707.4051103
46405224.8309272
46143673.0266708
48196514.9910562
48126357.6790675
47986179.3861973
47776964.1788856
47498006.2255919
47146371.2443852
46718707.4051103
46218128.033113
45695202.8233392
45245300.6456283
48098866.594902
48026567.945253
47880409.2683863
47657064.2597626
47348765.2903143
46940652.2653916
46405224.8309272
45695202.8233392
44812854.1689437
43862357.957458
48025131.8062499
47950530.2198092
47798409.5798305
47562489.5819209
47229565.4513584
46773414.9097717
46143673.0266708
45245300.6456283
43862357.957458
41371581.477083
