50631925.3076477
50058365.0529635
49642747.3324614
49275873.4021448
48858017.4462978
48520565.9553123
48284875.7671745
48131265.1279519
48031838.6027464
47956518.7745969
50058365.0529635
49795538.1120257
49491926.2733445
49109287.6988656
48735403.0203222
48431852.1410148
48211171.9154474
48060923.4283944
47959337.0929998
47882162.4522541
49642747.3324614
49491926.2733445
49197348.9189946
48860767.4261522
48542805.6383623
48276057.7390228
48069979.2754336
47920586.6647563
47813342.2975407
47730899.0276012
49275873.4021448
49109287.6988656
48860767.4261522
48584004.2438363
48313913.8614454
48072459.826608
47870040.5947207
47711831.9154783
47591181.6261071
47497010.8607062
48858017.4462978
48735403.0203222
48542805.6383623
48313913.8614454
48072884.3258565
47836788.2958854
47619344.5712183
47434546.107221
47285867.8242299
47167969.6184646
48520565.9553122
48431852.1410148
48276057.7390227
48072459.826608
47836788.2958854
47582750.7426699
47325608.1358823
47086313.7987437
46883183.1511252
46718266.0208244
48284875.7671745
48211171.9154474
48069979.2754336
47870040.5947207
47619344.5712183
47325608.1358823
46999942.9314838
46664436.0483943
46355911.8533767
46098879.2876298
48131265.1279519
48060923.4283944
47920586.6647563
47711831.9154783
47434546.1072209
47086313.7987437
46664436.0483943
46173114.4292276
45661277.855974
45219467.2300531
48031838.6027463
47959337.0929998
47813342.2975407
47591181.6261071
47285867.8242299
46883183.1511252
46355911.8533767
45661277.8559739
44812992.2568333
43897005.7655976
47956518.7745969
47882162.4522541
47730899.0276012
47497010.8607062
47167969.6184646
46718266.0208244
46098879.2876298
45219467.2300531
43897005.7655976
41643318.7810535
50657066.2647075
50086582.4787166
49672644.7728844
49317471.721304
48900240.4210891
48563075.4291905
48326928.0666193
48172722.3849355
48074660.2782919
48002101.314373
50086582.4787166
49824381.4033403
49531401.8310424
49151223.0522178
48777553.9373041
48474209.1232023
48252940.0277531
48102236.4421822
48002301.670614
47927842.0581261
49672644.7728845
49531401.8310424
49239178.6651047
48902605.4158771
48585114.9310953
48318180.1584632
48111496.7861589
47961763.2371159
47856398.0585048
47776622.9639731
49317471.721304
49151223.0522178
48902605.4158771
48626235.6278591
48356185.3086215
48114245.7718051
47911347.657639
47752863.3044999
47634262.0261331
47542721.9893168
48900240.4210891
48777553.9373041
48585114.9310953
48356185.3086215
48114780.7661434
47878225.5522768
47660478.0867168
47475417.3564232
47328872.1776069
47213594.0668216
48563075.4291905
48474209.1232023
48318180.1584632
48114245.7718051
47878225.5522768
47623920.2716798
47366593.1937304
47126997.456421
46925908.3734268
46763684.6125017
48326928.0666193
48252940.0277531
48111496.7861589
47911347.657639
47660478.0867168
47366593.1937304
47040748.2571758
46704835.5776396
46397975.3634979
46143868.8403562
48172722.3849355
48102236.4421822
47961763.2371159
47752863.3044999
47475417.3564232
47126997.4564209
46704835.5776396
46213918.4233639
45703228.2561823
45263609.5666401
48074660.2782919
48002301.670614
47856398.0585048
47634262.0261331
47328872.1776069
46925908.3734268
46397975.3634979
45703228.2561823
44854719.422823
43940374.1086613
48002101.314373
47927842.0581261
47776622.9639731
47542721.9893168
47213594.0668216
46763684.6125017
46143868.8403562
45263609.5666401
43940374.1086613
41657455.3255845
50696969.1637727
50135771.5954437
49735406.018523
49390124.2069125
48973930.0168604
48636807.5546184
48400534.4428956
48246115.2682794
48147843.4625688
48075846.5332085
50135771.5954437
49884832.3990396
49603431.0553958
49224874.5304764
48851265.7966452
48547907.417827
48326489.2774757
48175579.7644302
48075475.6510555
48001568.371607
49735406.018523
49603431.0553958
49312816.6447989
48976291.6292661
48658830.3354813
48391821.6450429
48184980.8026349
48035046.8269472
47929532.7183273
47850318.1636349
49390124.2069125
49224874.5304764
48976291.6292661
48699946.919944
48429862.3486977
48187806.7541455
47984762.2014669
47826074.9885157
47707307.0386393
47616364.327589
48973930.0168604
48851265.7966452
48658830.3354813
48429862.3486977
48188365.7895604
47951692.2252727
47733818.2335775
47548547.888927
47401756.6446136
47287151.0182151
48636807.5546184
48547907.417827
48391821.6450429
48187806.7541455
47951692.2252727
47697289.6868257
47439855.2961928
47200038.6646811
46998509.5938783
46837121.2411832
48400534.4428956
48326489.2774757
48184980.8026349
47984762.2014668
47733818.2335774
47439855.2961928
47113905.1688504
46777756.7197603
46470186.1234737
46217168.5916767
48246115.2682794
48175579.7644302
48035046.8269472
47826074.9885157
47548547.8889269
47200038.6646811
46777756.7197603
46286749.213122
45775551.530639
45336692.699314
48147843.4625688
48075475.6510555
47929532.7183273
47707307.0386393
47401756.6446136
46998509.5938783
46470186.1234737
45775551.530639
44926362.2127995
44011912.6491091
48075846.5332085
48001568.3716069
47850318.1636349
47616364.327589
47287151.0182151
46837121.2411831
46217168.5916767
45336692.699314
44011912.6491091
41658870.2582867
