50676746.5820437
50103738.9615
49688688.4513915
49322950.6275393
48906518.7662328
48569430.29377
48333581.9458002
48179965.7850586
48080895.885747
48005792.8534448
50103738.9615
49841255.8480642
49538386.6526106
49157140.0881813
48784151.3532886
48480782.7129894
48260026.8088354
48109866.0192018
48008733.5528652
47931843.7221224
49688688.4513915
49538386.6526106
49244971.5187294
48909326.9540307
48591870.8300583
48325232.0643537
48119254.5332633
47970111.6629733
47863507.2567738
47781485.5749721
49322950.6275393
49157140.0881813
48909326.9540307
48633100.6245198
48363313.7300613
48122126.4285681
47920108.4873316
47762413.7724216
47642721.8879213
47549188.7039638
48906518.7662328
48784151.3532886
48591870.8300583
48363313.7300613
48122720.2152708
47887273.3715731
47670681.2185183
47486836.9279315
47339644.2095059
47222733.3513506
48569430.29377
48480782.7129894
48325232.0643537
48122126.4285681
47887273.3715731
47634419.6852455
47378778.3462967
47141168.9458312
46940294.250629
46777154.0620012
48333581.9458002
48260026.8088354
48119254.5332633
47920108.4873316
47670681.2185183
47378778.3462967
47055550.8120594
46723011.736474
46417289.3387445
46164718.7684944
48179965.7850586
48109866.0192018
47970111.6629733
47762413.7724216
47486836.9279315
47141168.9458312
46723011.736474
46237982.3038437
45731940.3271508
45297105.577105
48080895.885747
48008733.5528652
47863507.2567738
47642721.8879213
47339644.2095059
46940294.250629
46417289.3387445
45731940.3271508
44894995.6056873
44000668.6914385
48005792.8534448
47931843.7221224
47781485.5749721
47549188.7039638
47222733.3513506
46777154.0620012
46164718.7684944
45297105.5771049
44000668.6914385
41808200.8543685
50701906.5121655
50131976.1602141
49718588.8684388
49364460.2956015
48948697.6615911
48611899.9696343
48375626.2656049
48221422.0126744
48123697.0565382
48051368.8116537
50131976.1602141
49870100.9446004
49577754.6124071
49199043.6296825
48826254.4583426
48523112.5862005
48301791.282517
48151179.4450294
48051680.360462
47977518.1915617
49718588.8684388
49577754.6124071
49286776.2558228
48951118.8204808
48634137.9217142
48367340.8054234
48160769.8083939
48011290.9762048
47906546.8121611
47827205.3679045
49364460.2956015
49199043.6296825
48951118.8204808
48675285.2395608
48405561.5027046
48163907.3672723
47961412.6145318
47803451.6760023
47685785.8699314
47594895.8296332
48948697.6615911
48826254.4583426
48634137.9217142
48405561.5027046
48164609.5720462
47928706.9479167
47711810.5454457
47527719.6266315
47382628.7105604
47268352.2563437
48611899.9696343
48523112.5862005
48367340.8054234
48163907.3672723
47928706.9479167
47675583.3075023
47419759.2460936
47181870.308186
46982988.3164928
46822562.0743454
48375626.2656049
48301791.282517
48160769.8083939
47961412.6145318
47711810.5454457
47419759.2460936
47096358.3953217
46763442.6454625
46459368.7574921
46209674.2521515
48221422.0126744
48151179.4450293
48011290.9762048
47803451.6760023
47527719.6266315
47181870.308186
46763442.6454625
46278669.2154592
45773872.4190867
45341176.3459961
48123697.0565382
48051680.360462
47906546.8121611
47685785.8699314
47382628.7105604
46982988.3164928
46459368.7574921
45773872.4190867
44936848.8204855
44043918.7906954
48051368.8116537
47977518.1915617
47827205.3679045
47594895.8296332
47268352.2563437
46822562.0743454
46209674.2521515
45341176.3459961
44043918.7906954
41822200.9340584
50741842.8632424
50181168.8643442
49781288.8044882
49437097.8153507
49022386.5058815
48685633.4048871
48449239.4419691
48294823.8968114
48196885.5524141
48125120.2131643
50181168.8643442
49930435.2650463
49649762.2792288
49272696.1647512
48899966.3511842
48596814.6557028
48375348.2958932
48224532.5519546
48124860.0505625
48051250.8291807
49781288.8044882
49649762.2792288
49360416.1776277
49024805.6016333
48707854.7913451
48440988.3939707
48234262.2269869
48084585.5206464
47979688.1520973
47900907.1950344
49437097.8153507
49272696.1647512
49024805.6016333
48748997.3070603
48479243.2161666
48237476.1027139
48034835.9980773
47876676.0310675
47758838.6586201
47668545.364454
49022386.5058815
48899966.3511842
48707854.7913451
48479243.2161666
48238202.0246654
48002182.1376279
47785160.0019792
47600865.0048622
47455521.1020327
47341917.7811251
48685633.4048871
48596814.6557028
48440988.3939707
48237476.1027139
48002182.1376279
47748961.6248537
47493031.5140899
47254929.0192743
47055596.8094158
46896011.0621852
48449239.4419691
48375348.2958932
48234262.2269869
48034835.9980773
47785160.0019792
47493031.5140899
47169527.9397215
46836386.3148325
46531641.50292
46282980.6152747
48294823.8968114
48224532.5519546
48084585.5206464
47876676.0310675
47600865.0048622
47254929.0192743
46836386.3148325
46351498.6018384
45846231.9047838
45414329.917075
48196885.5524141
48124860.0505625
47979688.1520973
47758838.6586201
47455521.1020327
47055596.8094158
46531641.50292
45846231.9047838
45008695.7142005
44115575.7720691
48125120.2131643
48051250.8291807
47900907.1950344
47668545.364454
47341917.7811251
46896011.0621852
46282980.6152747
45414329.917075
44115575.7720691
41822762.7075757
