50721879.4092573
50149406.8128766
49734896.9344458
49370256.3803261
48955218.4276881
48618475.8628886
48382450.3985754
48228807.6500981
48130052.4267349
48055311.169237
50149406.8128766
49887251.6127756
49585091.8044625
49205187.4295136
48833048.0793749
48529820.9179656
48308946.8982434
48158852.8898188
48058195.963833
47981603.5992012
49734896.9344458
49585091.8044625
49292787.5359888
48958007.6089367
48640971.528273
48374337.535588
48168352.4359746
48019385.2112177
47913383.626494
47831775.5959832
49370256.3803261
49205187.4295136
48958007.6089367
48682201.536116
48412546.4843584
48171397.1059359
47969528.7804212
47812135.0170443
47693243.3713679
47600255.9820503
48955218.4276881
48833048.0793749
48640971.5282729
48412546.4843584
48172067.6665197
47936819.5518578
47720528.7808335
47537086.421433
47390902.5840793
47274617.2704166
48618475.8628886
48529820.9179656
48374337.535588
48171397.1059359
47936819.5518578
47684320.3238513
47429035.7391307
47191766.0332245
46991833.415787
46829267.9519315
48382450.3985754
48308946.8982434
48168352.4359745
47969528.7804212
47720528.7808335
47429035.7391307
47106010.0060864
46773341.0383683
46466897.7629543
46215061.4955965
48228807.6500981
48158852.8898188
48019385.2112177
47812135.0170443
47537086.421433
47191766.0332245
46773341.0383683
46287934.1034456
45778385.1890714
45339602.6365406
48130052.4267349
48058195.963833
47913383.626494
47693243.3713679
47390902.5840793
46991833.415787
46466897.7629543
45778385.1890714
44931301.0083047
44025292.0297374
48055311.169237
47981603.5992012
47831775.5959832
47600255.9820503
47274617.2704166
46829267.9519315
46215061.4955965
45339602.6365406
44025292.0297374
41843045.5687651
50747058.5417373
50177664.0899775
49764799.7884077
49411686.0000933
48997360.8493517
48660914.1221468
48424495.6723904
48270270.246383
48172839.2837718
48100879.9790751
50177664.0899775
49916100.1914938
49624359.3987427
49247067.5205517
48875113.2304064
48572135.0187782
48350720.0558929
48200175.8028902
48101125.1057375
48027273.5122404
49764799.7884077
49624359.3987427
49334576.0235034
48999764.3690825
48683210.5705828
48416450.5921367
48209884.9503118
48060581.3361832
47956408.8289217
47877492.3919192
49411686.0000933
49247067.5205517
48999764.3690825
48724354.7258068
48454792.4144106
48213202.218755
48010861.5163018
47853202.804405
47736294.0529176
47645961.3424215
48997360.8493517
48875113.2304064
48683210.5705828
48454792.4144106
48213983.1022729
47978294.2008813
47761704.5517464
47578021.0528147
47433872.9580272
47320235.042926
48660914.1221468
48572135.0187782
48416450.5921367
48213202.218755
47978294.2008813
47725541.3189118
47470091.5525987
47232557.266634
47034507.6966768
46874674.2728159
48424495.6723904
48350720.0558929
48209884.9503118
48010861.5163018
47761704.5517464
47470091.5525987
47146933.8405034
46813928.6385164
46509022.3625644
46260001.6710496
48270270.246383
48200175.8028902
48060581.3361832
47853202.804405
47578021.0528147
47232557.266634
46813928.6385164
46328678.4866936
45820385.2797525
45383640.826146
48172839.2837718
48101125.1057375
47956408.8289217
47736294.0529176
47433872.9580272
47034507.6966768
46509022.3625644
45820385.2797525
44973383.0138467
44068830.3444782
48100879.9790751
48027273.5122404
47877492.3919192
47645961.3424215
47320235.042926
46874674.2728159
46260001.6710496
45383640.826146
44068830.3444782
41857872.6628816
50787028.6071509
50226861.4742202
49827438.4682817
49484309.540565
49071049.8545408
48734649.7124167
48498116.5210615
48343682.0293505
48246036.5392983
48174636.1898718
50226861.4742202
49976314.9437757
49696345.9413062
49320722.0231908
48948826.2083505
48645841.9117941
48424286.0236198
48273539.7514395
48174310.0989405
48101012.7773212
49827438.4682817
49696345.9413062
49408218.7693816
49073452.8882378
48756930.2293443
48490105.8783751
48283387.6386743
48133888.41327
48029558.1308876
47951201.301866
49484309.540565
49320722.0231908
49073452.8882378
48798069.014179
48528480.7001988
48286781.2594104
48084296.7530589
47926442.3244344
47809356.464382
47719618.7163046
49071049.8545408
48948826.2083505
48756930.2293443
48528480.7001988
48287585.8210265
48051781.8424594
47835068.1466419
47651185.400706
47506775.7326978
47393810.1150907
48734649.7124167
48645841.9117941
48490105.8783751
48286781.2594104
48051781.8424594
47798934.2608339
47543381.5527913
47305640.5540234
47107125.688691
46948137.7536737
48498116.5210615
48424286.0236198
48283387.6386743
48084296.7530589
47835068.1466419
47543381.5527913
47220127.0537092
46886906.4940296
46581356.1988688
46333324.1155283
48343682.0293505
48273539.7514395
48133888.41327
47926442.3244344
47651185.400706
47305640.5540234
46886906.4940296
46401525.3679276
45892792.4763022
45456915.2157793
48246036.5392983
48174310.0989404
48029558.1308876
47809356.464382
47506775.7326978
47107125.688691
46581356.1988688
45892792.4763022
45045420.727606
44141235.554098
48174636.1898718
48101012.7773212
47951201.301866
47719618.7163046
47393810.1150907
46948137.7536737
46333324.1155283
45456915.2157793
44141235.554098
41859213.2884585
