50767190.0585359
50195236.1715643
49781240.1702188
49417657.3575437
49003979.1434098
48667563.9143823
48431340.191206
48277639.5473817
48179137.0544486
48104913.085472
50195236.1715643
49933394.086179
49631913.106921
49253306.2497776
48881980.3279092
48578871.0565003
48357852.8166186
48207808.2230904
48107640.1500787
48031342.7352125
49781240.1702188
49631913.106921
49340679.1773986
49006716.5328256
48690060.5950413
48423393.1417593
48217362.2219755
48068542.3398667
47963115.838945
47881897.7059
49417657.3575437
49253306.2497776
49006716.5328256
48731280.6168152
48461705.2027997
48220542.3760515
48018785.0853191
47861665.3164967
47743527.8487116
47651039.7114403
49003979.1434098
48881980.3279092
48690060.5950413
48461705.2027997
48221278.0042254
47986192.9782991
47770219.848287
47587232.4365265
47442073.7701445
47326418.2286787
48667563.9143823
48578871.0565003
48423393.1417592
48220542.3760515
47986192.9782991
47734098.9638722
47479397.2308049
47242872.9125947
47044305.3806512
46882740.524925
48431340.191206
48357852.8166186
48217362.2219755
48018785.0853191
47770219.848287
47479397.2308049
47157350.8725388
46826067.237583
46521014.547707
46272186.6629144
48277639.5473817
48207808.2230904
48068542.3398667
47861665.3164967
47587232.4365265
47242872.9125947
46826067.237583
46344533.3097337
45839058.737324
45406039.4142827
48179137.0544486
48107640.1500787
47963115.838945
47743527.8487116
47442073.7701445
47044305.3806512
46521014.547707
45839058.737324
45003948.9773615
44123757.4539301
48104913.085472
48031342.7352125
47881897.7059
47651039.7114403
47326418.2286787
46882740.524925
46272186.6629144
45406039.4142828
44123757.4539301
41930521.9849504
50792388.5558018
50223513.76901
49811145.1499131
49459013.3497961
49046089.6748456
48709974.2718398
48473389.2829209
48319111.0727199
48221915.6149546
48150473.8476346
50223513.76901
49962247.6435248
49671085.2031062
49295167.7851657
48924011.3683778
48621171.4742098
48399636.1898471
48249141.5336717
48150550.3110326
48077008.0557151
49811145.1499131
49671085.2031062
49382456.3310045
49048441.9216814
48732272.9472621
48465509.3312253
48258909.5544388
48109752.466334
48006126.0247941
47927611.1090786
49459013.3497961
49295167.7851657
49048441.9216814
48773403.4212184
48503945.9687031
48262363.8164823
48060134.9414445
47902751.5513201
47786563.2040871
47696741.8722126
49046089.6748455
48924011.3683778
48732272.9472621
48503945.9687031
48263209.0469187
48027688.3694467
47811412.1161137
47628188.4706526
47485024.4825606
47372030.7429478
48709974.2718398
48621171.4742098
48465509.3312253
48262363.8164823
48027688.3694467
47775337.1737951
47520464.2235427
47283681.9284581
47086944.2227489
46928134.1655795
48473389.2829209
48399636.1898471
48258909.5544388
48060134.9414445
47811412.1161137
47520464.2235427
47198275.8133261
46866656.4781865
46563135.8500767
46317083.7953846
48319111.0727199
48249141.5336717
48109752.466334
47902751.5513201
47628188.4706526
47283681.9284581
46866656.4781865
46385086.7338955
45880976.7828343
45449971.2577322
48221915.6149546
48150550.3110326
48006126.0247941
47786563.2040871
47485024.4825606
47086944.2227489
46563135.8500767
45880976.7828343
45045977.0152717
44166866.9694583
48150473.8476345
48077008.0557151
47927611.1090786
47696741.8722126
47372030.7429478
46928134.1655795
46317083.7953846
45449971.2577322
44166866.9694583
41945738.7444633
50832392.4949746
50272716.7778142
49873722.5482699
49531623.6560146
49119779.4180508
48783712.3541085
48547018.04158
48392533.0235449
48295124.7646444
48224233.2044449
50272716.7778142
50022339.77436
49743050.8709106
49368824.8094765
48997725.8688271
48694883.3413829
48473211.2097156
48322516.3415663
48223739.279233
48150753.9522752
49873722.5482699
49743050.8709106
49456102.4092151
49122132.628968
48805995.500037
48539172.1380734
48332422.1966282
48183071.5619168
48079282.8571681
48001326.9475073
49531623.6560146
49368824.8094765
49122132.628968
48847120.0207762
48577640.4487487
48335952.364755
48133580.7582603
47976004.5378842
47859633.6784989
47770406.5174338
49119779.4180508
48997725.8688271
48805995.500037
48577640.4487487
48336821.0102666
48101186.4770655
47884786.6191922
47701367.6523749
47557934.0515271
47445613.8565073
48783712.3541085
48694883.3413829
48539172.1380733
48335952.3647549
48101186.4770655
47848740.7253283
47593765.0931425
47356780.7258844
47159565.0685117
47001607.9876273
48547018.04158
48473211.2097156
48332422.1966282
48133580.7582603
47884786.6191922
47593765.0931425
47271479.9961186
46939650.1509166
46635514.7635809
46390409.3462401
48392533.0235449
48322516.3415663
48183071.5619168
47976004.5378842
47701367.6523749
47356780.7258845
46939650.1509166
46457921.4896389
45953395.578606
45523297.777213
48295124.7646444
48223739.279233
48079282.8571681
47859633.6784989
47557934.0515271
47159565.0685117
46635514.7635809
45953395.578606
45118098.7542349
44238325.1072358
48224233.2044449
48150753.9522752
48001326.9475073
47770406.5174338
47445613.8565073
47001607.9876273
46390409.3462401
45523297.777213
44238325.1072358
41947413.3775932
