50809454.034412
50227670.0874987
49806336.7917596
49431385.7238164
49028348.0000488
48701688.6707713
48472781.0494727
48322476.5211812
48225180.4029036
48149757.0599242
50227670.0874987
49960500.255461
49648668.4469267
49273919.6816141
48910683.0793518
48615890.5414329
48400851.6458408
48253602.6779565
48154556.1780065
48076736.4359007
49806336.7917596
49648668.4469267
49361581.6367729
49033689.4349329
48724083.8903019
48464317.8944674
48262749.2382899
48116029.1589063
48011527.6849922
47928453.4465205
49431385.7238164
49273919.6816141
49033689.4349329
48764416.6355357
48501355.004275
48265476.4755992
48066889.6699525
47911323.7233391
47793940.1030959
47699288.1500053
49028348.0000488
48910683.0793518
48724083.8903019
48501355.004275
48266012.6815099
48034681.3278698
47821040.5774551
47639339.0200202
47494859.685763
47376970.859131
48701688.6707713
48615890.5414329
48464317.8944674
48265476.4755992
48034681.3278698
47785391.5228837
47532710.6712193
47297543.1723513
47099823.6691133
46936626.4582884
48472781.0494728
48400851.6458408
48262749.2382899
48066889.6699525
47821040.5774551
47532710.6712193
47212782.3276226
46883101.3794229
46579059.0008705
46330881.4420464
48322476.5211812
48253602.6779565
48116029.1589063
47911323.7233391
47639339.0200202
47297543.1723513
46883101.3794229
46403161.235886
45895610.6157624
45466877.0922853
48225180.4029037
48154556.1780065
48011527.6849923
47793940.103096
47494859.685763
47099823.6691134
46579059.0008705
45895610.6157624
45043453.0318392
44130880.570259
48149757.0599242
48076736.4359007
47928453.4465205
47699288.1500054
47376970.859131
46936626.4582884
46330881.4420464
45466877.0922853
44130880.570259
41929583.1854694
50834668.6759466
50255976.539488
49836192.687735
49471831.4187164
49070382.4370746
48744013.7152125
48514557.9723348
48363735.1379756
48267886.2609144
48195328.9545827
50255976.539488
49989344.0505496
49686308.2270443
49315496.0841307
48952650.8855642
48657984.0900435
48442338.7672692
48294728.7732996
48197402.002192
48122417.7719208
49836192.687735
49686308.2270443
49402967.9390855
49075312.3352037
48766158.2067708
48506138.9971832
48304000.4179244
48157037.0483112
48054480.7510583
47974185.8656506
49471831.4187164
49315496.0841307
49075312.3352037
48806422.2609073
48543337.2021621
48306960.0544707
48107957.7858416
47952211.5666756
47836919.8846724
47745012.6909415
49070382.4370746
48952650.8855642
48766158.2067708
48543337.2021621
48307600.8678503
48075848.6996088
47861976.6377699
47680103.0575636
47537751.245414
47422611.0688317
48744013.7152125
48657984.0900435
48506138.9971832
48306960.0544707
48075848.6996088
47826347.6278876
47573554.9379797
47338175.501882
47142389.913869
46982056.4233154
48514557.9723348
48442338.7672692
48304000.4179244
48107957.7858416
47861976.6377699
47573554.9379797
47253530.1790419
46923547.2531755
46621096.2855097
46375813.8633479
48363735.1379756
48294728.7732996
48157037.0483112
47952211.5666756
47680103.0575637
47338175.501882
46923547.2531755
46443483.5179947
45937490.3058491
45510735.4696011
48267886.2609145
48197402.002192
48054480.7510583
47836919.8846724
47537751.2454141
47142389.913869
46621096.2855098
45937490.3058491
45085488.0904306
44174496.8498563
48195328.9545827
48122417.7719208
47974185.8656506
47745012.6909415
47422611.0688317
46982056.4233154
46375813.8633479
45510735.4696011
44174496.8498563
41945150.3245832
50874633.7121195
50305282.0794608
49898566.6202549
49544364.7835804
49144085.9410622
48817760.0944309
48588171.3108974
48437152.3227132
48341088.2813533
48269115.9087903
50305282.0794608
50049072.5723694
49758166.7297067
49389133.8587326
49026386.2023239
48731688.8103501
48515898.7154851
48368101.4560193
48270579.4577163
48196194.6528462
49898566.6202549
49758166.7297067
49476579.1454364
49149024.2919131
48839885.8503478
48579785.8124834
48377500.7713977
48230356.4221176
48127623.5939218
48047934.9460542
49544364.7835804
49389133.8587326
49149024.2919131
48880148.896674
48617019.9423651
48380530.8331067
48181394.4409039
48025466.9579704
47909975.3475861
47818714.6931116
49144085.9410622
49026386.2023239
48839885.8503478
48617019.9423651
48381194.3779719
48149333.4431736
47935347.6703561
47753287.9446826
47610649.8862252
47496239.0662066
48817760.0944309
48731688.8103501
48579785.8124834
48380530.8331067
48149333.4431736
47899744.6944523
47646856.7947639
47411283.5283111
47215008.0916607
47055583.8410069
48588171.3108975
48515898.7154851
48377500.7713977
48181394.4409039
47935347.6703561
47646856.7947639
47326742.1343941
46996555.1122608
46693481.4691912
46449159.7712122
48437152.3227132
48368101.4560194
48230356.4221176
48025466.9579705
47753287.9446826
47411283.5283111
46996555.1122608
46516312.0464724
46009920.1366447
45583653.4381407
48341088.2813534
48270579.4577163
48127623.5939218
47909975.3475861
47610649.8862252
47215008.0916607
46693481.4691912
46009920.1366447
45157582.5660632
44247129.4391884
48269115.9087904
48196194.6528462
48047934.9460542
47818714.6931116
47496239.0662066
47055583.8410069
46449159.7712122
45583653.4381407
44247129.4391884
41948750.224901
