50854847.087574
50273554.6534218
49852715.5723346
49478852.9179749
49077101.7828847
48750693.779964
48521605.5269469
48371289.5679583
48274263.8259119
48199386.1024095
50273554.6534218
50006694.2849947
49695569.9533523
49322037.900801
48959558.4534236
48664838.4854782
48449691.8599868
48302529.9016407
48203975.659349
48126481.2077047
49852715.5723346
49695569.9533523
49409465.1729899
49082349.4859296
48773058.4088309
48513254.6272919
48311676.9771136
48165127.1362828
48061192.1235054
47978531.8611903
49478852.9179749
49322037.900801
49082349.4859296
48813378.6468744
48550361.8773757
48314481.8140867
48116018.6320026
47960725.5974944
47844068.4922076
47749938.8813351
49077101.7828847
48959558.4534236
48773058.4088309
48550361.8773757
48315057.8695918
48083873.1574592
47870515.1258692
47689229.403663
47545725.1117691
47428503.7231807
48750693.779964
48664838.4854782
48513254.6272919
48314481.8140867
48083873.1574592
47834912.8328083
47582710.1008626
47348188.1204251
47151768.8873982
46989697.271893
48521605.5269469
48449691.8599868
48311676.9771136
48116018.6320026
47870515.1258692
47582710.1008626
47263562.4202683
46935061.7327601
46632383.0179172
46387666.5080532
48371289.5679583
48302529.9016407
48165127.1362828
47960725.5974944
47689229.403663
47348188.1204251
46935061.7327601
46458541.7295197
45954926.4534419
45533649.5205907
48274263.8259119
48203975.659349
48061192.1235054
47844068.4922077
47545725.1117691
47151768.8873982
46632383.0179172
45954926.4534419
45113676.262906
44227231.4809179
48199386.1024096
48126481.2077048
47978531.8611903
47749938.8813352
47428503.7231807
46989697.2718931
46387666.5080532
45533649.5205907
44227231.4809179
42020032.6164609
50880081.4651792
50301881.3266327
49882577.4563533
49519210.887972
49119094.1992292
48792993.2354385
48563389.5065823
48412556.6641704
48316960.5438041
48244949.8244933
50301881.3266327
50035547.1490315
49733091.165417
49363584.9175427
49001489.7428224
48706923.6676292
48491191.3364357
48343666.4185839
48246801.2901197
48172157.7959246
49882577.4563533
49733091.165417
49450829.3116577
49123936.3802768
48815109.8771085
48555084.3107134
48352944.4598973
48206149.3484559
48104129.2636415
48024260.7075152
49519210.887972
49363584.9175426
49123936.3802768
48855356.5707842
48592345.8491087
48355985.5675166
48157104.9546492
48001632.1914876
47887031.9747066
47795659.9523894
49119094.1992292
49001489.7428224
48815109.8771085
48592345.8491087
48356666.6405606
48125063.1375289
47911467.9053636
47730014.076973
47588595.4281385
47474138.1174594
48792993.2354385
48706923.6676292
48555084.3107134
48355985.5675166
48125063.1375289
47875886.0997425
47623563.23463
47388833.6572587
47194295.6978067
47035112.910405
48563389.5065823
48491191.3364357
48352944.4598973
48157104.9546492
47911467.9053636
47623563.23463
47304303.6982134
46975494.5797995
46674410.7423292
46432549.9619566
48412556.6641705
48343666.4185839
48206149.3484559
48001632.1914876
47730014.0769731
47388833.6572587
46975494.5797995
46498631.834755
45996701.6170984
45577369.7269686
48316960.5438042
48246801.2901198
48104129.2636415
47887031.9747066
47588595.4281385
47194295.6978068
46674410.7423292
45996701.6170984
45155620.9067665
44270386.2828213
48244949.8244933
48172157.7959247
48024260.7075152
47795659.9523894
47474138.1174594
47035112.910405
46432549.9619567
45577369.7269686
44270386.2828213
42035874.0242096
50920080.7742627
50351193.0474342
49944890.1848839
49591731.4234852
49192797.391226
48866742.9965769
48637011.1438889
48485983.8224796
48390174.2392922
48318740.0639069
50351193.0474342
50095147.9052864
49804928.9659343
49437223.8249654
49075226.915534
48780634.2731818
48564760.4662685
48417049.7564902
48319983.2595708
48245941.2879174
49944890.1848839
49804928.9659343
49524442.3763271
49197650.4621668
48888841.3970809
48628739.2107297
48426454.7293601
48279480.4784908
48177279.9740014
48098016.6413321
49591731.4234852
49437223.8249654
49197650.4621668
48929086.4224008
48666035.6386431
48429566.0145379
48230552.0512504
48074900.6583152
47960095.8276038
47869369.0593074
49192797.391226
49075226.915534
48888841.3970809
48666035.6386431
48430269.664882
48198558.2366088
47984849.5926607
47803213.1544947
47661501.1101931
47547773.8061958
48866742.9965769
48780634.2731818
48628739.2107297
48429566.0145379
48198558.2366088
47949293.4974109
47696875.4524199
47461956.0224625
47266916.8677342
47108649.2937698
48637011.1438889
48564760.4662685
48426454.7293601
48230552.0512504
47984849.5926607
47696875.4524199
47377525.5262381
47048515.8610714
46746837.2158028
46505891.4350976
48485983.8224796
48417049.7564902
48279480.4784908
48074900.6583152
47803213.1544947
47461956.0224625
47048515.8610714
46571447.6691596
46069139.2113461
45650267.2704792
48390174.2392922
48319983.2595708
48177279.9740014
47960095.8276038
47661501.1101931
47266916.8677342
46746837.2158029
46069139.2113461
45227787.410023
44342065.0398026
48318740.0639069
48245941.2879174
48098016.6413321
47869369.0593074
47547773.8061958
47108649.2937699
46505891.4350976
45650267.2704792
44342065.0398026
42039771.9503247
