50903960.6259913
50333522.4796851
49921010.9049707
49560473.3355492
49150835.9106177
48815483.5769388
48578710.2143533
48424798.4470585
48326989.3213208
48254258.1019323
50333522.4796851
50072595.9981705
49773071.0006111
49398270.2048045
49029408.8800825
48726757.4965037
48505341.5097121
48355414.6546747
48256619.5610329
48181149.1231457
49921010.9049707
49773071.0006111
49484988.707505
49153487.4800086
48838088.6668919
48571447.992466
48365336.27408
48216964.3231169
48113166.5116475
48033024.4022789
49560473.3355492
49398270.2048045
49153487.4800086
48879290.2607717
48610145.6722945
48369122.5352899
48167855.3886186
48011669.9975769
47895730.5371132
47804650.3135586
49150835.9106177
49029408.8800825
48838088.6668919
48610145.6722945
48370138.1816675
48135875.7353162
47921246.2811486
47739978.3765939
47597958.1379462
47484180.7093348
48815483.5769388
48726757.4965037
48571447.992466
48369122.5352899
48135875.7353162
47885623.3605979
47633469.407189
47399970.8486992
47205840.5254267
47047253.9994798
48578710.2143533
48505341.5097121
48365336.27408
48167855.3886186
47921246.2811486
47633469.407189
47315713.1642887
46989883.0161374
46689738.7124864
46448424.9674834
48424798.4470585
48355414.6546747
48216964.3231169
48011669.9975769
47739978.3765939
47399970.8486992
46989883.0161374
46520855.7110392
46026574.9482295
45602876.3844685
48326989.3213208
48256619.5610329
48113166.5116475
47895730.5371131
47597958.1379462
47205840.5254267
46689738.7124864
46026574.9482295
45218782.9812479
44379982.0595672
48254258.1019323
48181149.1231457
48033024.4022789
47804650.3135586
47484180.7093348
47047253.9994798
46448424.9674834
45602876.3844685
44379982.0595672
42212187.992409
50929217.7333743
50361861.7989419
49950922.8211898
49601620.7744721
49192853.8107091
48857803.3937957
48620757.8474098
48466287.4051822
48369740.0374822
48299793.9895443
50361861.7989419
50101471.8780987
49811956.058069
49440079.8019378
49071334.9931964
48769002.2292846
48547139.5709817
48396767.8869705
48299469.1618175
48226799.1913719
49950922.8211898
49811956.058069
49526734.9018279
49195117.0137835
48880206.7565851
48613549.0226791
48406905.4584533
48258199.0342436
48156127.6002746
48078725.306075
49601620.7744721
49440079.8019378
49195117.0137835
48921308.1022909
48652342.0907137
48410959.046715
48209225.661506
48052786.8747617
47938715.1022156
47850339.6265836
49192853.8107091
49071334.9931964
48880206.7565851
48652342.0907137
48412077.7237006
48177393.0548234
47962452.0653777
47780971.4244424
47640844.9921797
47529774.1991732
48857803.3937957
48769002.2292846
48613549.0226791
48410959.046715
48177393.0548234
47926873.4665106
47674542.1478228
47440822.949223
47248372.6702189
47092610.4186443
48620757.8474098
48547139.5709817
48406905.4584533
48209225.661506
47962452.0653777
47674542.1478228
47356647.5757357
47030532.7960446
46731880.8466454
46493213.7437252
48466287.4051822
48396767.8869704
48258199.0342436
48052786.8747617
47780971.4244424
47440822.949223
47030532.7960446
46561043.4327055
46068411.4959463
45646561.9481863
48369740.0374821
48299469.1618174
48156127.6002746
47938715.1022156
47640844.9921796
47248372.6702189
46731880.8466454
46068411.4959463
45260942.8233812
44422769.9520218
48299793.9895443
48226799.1913719
48078725.306075
47850339.6265836
47529774.1991732
47092610.4186443
46493213.7437252
45646561.9481863
44422769.9520218
42229079.5210627
50969323.782132
50411085.7993292
50013316.3448742
49674193.6417327
49266546.6800867
48931548.2108284
48694408.8135098
48539738.4767686
48442982.8304403
48373563.3717116
50411085.7993292
50161177.6685894
49883859.1658814
49513745.2337423
49145054.1885101
48842727.4085042
48620739.9684347
48470173.5574897
48372669.6659753
48300564.663249
50013316.3448742
49883859.1658814
49600391.591936
49268814.7015494
48953936.6313845
48687231.8782416
48480445.5681188
48331551.5873346
48229305.2904876
48152461.366757
49674193.6417327
49513745.2337422
49268814.7015494
48995030.438504
48726052.2666194
48484572.8725648
48282700.045324
48126076.6389754
48011807.6080364
47924025.4123651
49266546.6800867
49145054.1885101
48953936.6313845
48726052.2666194
48485713.8247586
48250918.8427453
48035855.7030702
47854191.1846742
47713774.3916248
47603381.1592561
48931548.2108284
48842727.4085042
48687231.8782416
48484572.8725648
48250918.8427453
48000305.2100493
47747873.0345419
47513966.5601393
47321007.8324873
47166117.2369022
48694408.8135098
48620739.9684347
48480445.5681188
48282700.045324
48035855.7030702
47747873.0345419
47429885.7671567
47103579.6149612
46804395.1554717
46566571.67121
48539738.4767686
48470173.5574897
48331551.5873346
48126076.6389754
47854191.1846742
47513966.5601393
47103579.6149612
46633876.7478575
46140907.2532067
45720200.2411326
48442982.8304403
48372669.6659753
48229305.2904876
48011807.6080364
47713774.3916247
47321007.8324873
46804395.1554717
46140907.2532067
45333334.0517613
44493635.3977716
48373563.3717116
48300564.663249
48152461.366757
47924025.4123651
47603381.1592561
47166117.2369022
46566571.67121
45720200.2411326
44493635.3977716
42231733.3955988
