50949508.5984388
50379542.8904784
49967462.19146
49607851.0379672
49199454.4768196
48864377.8684242
48627357.0618595
48473336.0827208
48375763.8994074
48303534.1871588
50379542.8904784
50118885.4401729
49819936.5549525
49446277.7106046
49078099.3140578
48775472.9932268
48553801.3485936
48403833.0638415
48305467.3998654
48230274.3209797
49967462.19146
49819936.5549525
49532781.7695601
49201919.8900529
48886722.7134616
48619837.669513
48413436.8188584
48265015.9023109
48161642.6062516
48081794.1042526
49607851.0379672
49446277.7106046
49201919.8900529
48927863.3669105
48658479.1569288
48417005.0454658
48215350.5218863
48058985.538806
47943398.2798099
47852487.7273092
49199454.4768196
49078099.3140578
48886722.7134616
48658479.1569288
48417939.6535246
48183025.3961834
47967711.3150912
47785834.8279501
47643771.7258337
47529545.1492461
48864377.8684242
48775472.9932268
48619837.669513
48417005.0454658
48183025.3961834
47931742.2760391
47678186.228745
47442978.3085562
47247409.2767339
47086204.6583966
48627357.0618595
48553801.3485936
48413436.8188584
48215350.5218863
47967711.3150912
47678186.228745
47357625.8072427
47027757.5778878
46721872.945987
46471176.4228756
48473336.0827208
48403833.0638415
48265015.9023109
48058985.538806
47785834.8279501
47442978.3085562
47027757.5778878
46551363.3116639
46045865.0171354
45583369.0609799
48375763.8994074
48305467.3998654
48161642.6062516
47943398.2798098
47643771.7258337
47247409.2767339
46721872.945987
46045865.0171354
45234566.6586151
44384786.0973684
48303534.1871588
48230274.3209796
48081794.1042525
47852487.7273092
47529545.1492461
47086204.6583966
46471176.4228756
45583369.0609799
44384786.0973684
42212354.6116464
50974785.4003392
50407903.1566098
49997376.5467816
49648946.1351813
49241458.6828506
48906685.7265738
48669422.8864625
48514845.6815013
48418508.1248017
48349062.6440621
50407903.1566098
50147771.2943852
49858741.4828501
49488089.0852443
49120011.8356957
48817723.1540475
48595629.9284546
48445212.2378708
48348299.3937955
48275920.4943901
49997376.5467816
49858741.4828501
49574537.7813877
49243541.2584105
48928838.8933244
48661970.3265458
48455053.1740913
48306288.4421092
48204591.372117
48127493.0398166
49648946.1351813
49488089.0852443
49243541.2584105
48969878.0107173
48700704.745545
48458905.0559212
48256791.8144033
48100161.8072078
47986372.5936816
47898177.0621737
49241458.6828506
49120011.8356957
48928838.8933243
48700704.745545
48459947.9722902
48224639.7021178
48009024.6003939
47826925.7220939
47686649.3419834
47575140.8573964
48906685.7265738
48817723.1540475
48661970.3265458
48458905.0559212
48224639.7021178
47973123.8187717
47719421.696254
47483996.8938596
47289929.2163162
47131565.9659775
48669422.8864625
48595629.9284546
48455053.1740913
48256791.8144033
48009024.6003939
47719421.696254
47398795.606931
47068693.4116476
46764093.9501272
46515966.4392855
48514845.6815013
48445212.2378708
48306288.4421092
48100161.8072078
47826925.7220939
47483996.8938596
47068693.4116476
46591923.9563476
46087852.1801396
45627703.9634018
48418508.1248017
48348299.3937955
48204591.372117
47986372.5936816
47686649.3419834
47289929.2163162
46764093.9501272
46087852.1801396
45276981.3847364
44427677.8983145
48349062.6440621
48275920.4943901
48127493.0398166
47898177.0621737
47575140.8573964
47131565.9659775
46515966.4392855
45627703.9634018
44427677.8983145
42230366.0038373
51014925.5150698
50457135.735576
50059708.0859658
49721508.0281456
49315154.5286044
48980434.5939739
48743083.0037146
48588308.11834
48491763.1358752
48422836.095873
50457135.735576
50207341.2644287
49930624.2206456
49561759.1948812
49193734.7958487
48891454.9534889
48669241.1705222
48518630.3276712
48421505.4177182
48349693.0340569
50059708.0859658
49930624.2206456
49648199.8165865
49317243.6708032
49002573.9371859
48735663.0732364
48528606.1606218
48379655.3617756
48277778.2190618
48201236.5365491
49721508.0281456
49561759.1948812
49317243.6708032
49043605.2140095
48774423.9579859
48532532.3720927
48330281.7447875
48173469.0481745
48059475.5494025
47971870.8274621
49315154.5286044
49193734.7958487
49002573.9371859
48774423.9579859
48533597.7360707
48298182.5409243
48082447.675201
47900167.8451724
47759589.1039622
47648757.043821
48980434.5939739
48891454.9534889
48735663.0732364
48532532.3720927
48298182.5409243
48046576.4079638
47792777.9215657
47557170.8078827
47362571.1668942
47205086.8329866
48743083.0037146
48669241.1705222
48528606.1606218
48330281.7447875
48082447.675201
47792777.9215657
47472067.784885
47141784.5528974
46836659.8930368
46589358.455126
48588308.11834
48518630.3276712
48379655.3617756
48173469.0481745
47900167.8451724
47557170.8078827
47141784.5528974
46664813.7171328
46160398.9801876
45702739.3762131
48491763.1358752
48421505.4177182
48277778.2190618
48059475.5494024
47759589.1039622
47362571.1668942
46836659.8930368
46160398.9801876
45349493.8853422
44498790.185178
48422836.095873
48349693.0340569
48201236.5365491
47971870.8274621
47648757.043821
47205086.8329866
46589358.455126
45702739.3762131
44498790.185178
42234038.3675881
