50991755.1215383
50411899.342048
49992488.0131079
49621751.2797403
49223820.0269978
48898260.0365901
48668661.1411152
48518268.5250306
48421980.1489348
48348618.9485688
50411899.342048
50145945.7024392
49836859.5785118
49466888.0789592
49106724.0789982
48812328.5912973
48596888.7027098
48449955.2035623
48352770.0432233
48276164.7883464
49992488.0131078
49836859.5785118
49553642.936675
49228890.5712484
48920683.6761249
48660906.7375101
48459381.9046748
48313369.4286272
48211046.954227
48129534.5923885
49621751.2797403
49466888.0789592
49228890.5712484
48960990.1847285
48698336.6600717
48462687.9139594
48264828.0319619
48110539.6358585
47996064.7178332
47903467.7543867
49223820.0269978
49106724.0789982
48920683.6761249
48698336.6600717
48463496.3557843
48233212.5231426
48021253.1634758
47841743.7024991
47701419.754867
47586368.7401282
48898260.0365901
48812328.5912973
48660906.7375101
48462687.9139594
48233212.5231426
47986089.5562685
47736397.5627193
47504924.6915871
47313194.7831578
47154888.4318759
48668661.1411152
48596888.7027098
48459381.9046748
48264828.0319619
48021253.1634758
47736397.5627193
47421338.3226518
47098066.2482378
46801151.3475887
46565987.6004707
48518268.5250307
48449955.2035623
48313369.4286272
48110539.6358585
47841743.7024992
47504924.6915871
47098066.2482378
46632277.771533
46141562.997474
45734657.8581284
48421980.1489348
48352770.0432233
48211046.954227
47996064.7178332
47701419.754867
47313194.7831578
46801151.3475887
46141562.997474
45320562.2552726
44467773.7503054
48348618.9485688
48276164.7883464
48129534.5923885
47903467.7543867
47586368.7401282
47154888.4318759
46565987.6004707
45734657.8581284
44467773.7503054
42280622.9097831
51017049.17189
50440287.3765809
50022368.3577358
49661855.9133411
49265687.7375761
48940470.1340627
48710449.5580812
48559549.8380027
48464646.449222
48394156.8463321
50440287.3765809
50174831.5573241
49874021.472126
49508348.6928101
49148537.6096169
48854366.9324106
48638403.6117109
48491107.3219509
48395530.15995
48321825.2048967
50022368.3577358
49874021.472126
49594941.1606434
49270362.3749722
48962643.2164057
48702728.3632728
48500667.1315615
48354410.9157756
48253931.0652302
48175249.9122166
49661855.9133411
49508348.6928101
49270362.3749722
49002861.4242836
48740285.3466622
48504206.1218302
48305926.6153101
48151470.02519
48038973.3115602
47949174.6232513
49265687.7375761
49148537.6096169
48962643.2164057
48740285.3466622
48505114.9718302
48274415.676936
48062207.8299057
47882556.1149418
47744220.7704008
47631982.1233654
48940470.1340627
48854366.9324106
48702728.3632728
48504206.1218302
48274415.676936
48027061.1477592
47777241.7478913
47545600.7983319
47355605.1285091
47200262.9840714
48710449.5580812
48638403.6117109
48500667.1315615
48305926.6153101
48062207.8299057
47777241.7478913
47462072.9056033
47138551.7808926
46843195.8936433
46610750.4142044
48559549.8380027
48491107.3219509
48354410.9157757
48151470.02519
47882556.1149418
47545600.7983319
47138551.7808926
46672271.6791145
46183189.9869666
45778050.9364884
48464646.449222
48395530.15995
48253931.0652302
48038973.3115602
47744220.7704008
47355605.1285091
46843195.8936433
46183189.9869666
45362635.5185486
44510684.3366989
48394156.8463321
48321825.2048967
48175249.9122166
47949174.6232513
47631982.1233654
47200262.9840714
46610750.4142044
45778050.9364884
44510684.3366989
42297676.643479
51057151.6930168
50489621.4183977
50084496.6923963
49734339.8328627
49339390.6892921
49014228.7655376
48784094.3706875
48633005.410791
48537893.1794665
48467957.0875904
50489621.4183977
50234031.6149059
49945797.1004341
49581991.6525958
49222279.8883214
48928093.1514772
48711998.1876705
48564520.5410047
48468724.7199181
48395627.9414852
50084496.6923963
49945797.1004341
49668560.2077638
49344082.7269498
49036384.3537176
48776404.5801061
48574204.2522417
48427774.2406976
48327103.203729
48249025.6515556
49734339.8328627
49581991.6525958
49344082.7269498
49076599.0023377
48813992.8569264
48577811.773762
48379401.1997197
48224773.6363722
48112059.9979659
48022904.277677
49339390.6892921
49222279.8883214
49036384.3537176
48813992.8569264
48578742.370022
48347937.4287528
48135617.2390611
47955793.6717028
47817147.6408551
47705640.7518235
49014228.7655376
48928093.1514772
48776404.5801061
48577811.773762
48347937.4287528
48100495.2609122
47850582.2443872
47618765.3354175
47428243.611994
47273829.0877464
48784094.3706876
48711998.1876705
48574204.2522418
48379401.1997197
48135617.2390611
47850582.2443872
47535326.5951999
47211624.4088273
46915753.1433429
46684102.7000221
48633005.410791
48564520.5410047
48427774.2406976
48224773.6363722
47955793.6717028
47618765.3354175
47211624.4088273
46745136.8486804
46255674.6300841
45850995.5175771
48537893.1794665
48468724.7199181
48327103.203729
48112059.9979659
47817147.6408551
47428243.611994
46915753.1433429
46255674.6300841
45435061.1894151
44581983.7174837
48467957.0875904
48395627.9414852
48249025.6515556
48022904.277677
47705640.7518235
47273829.0877464
46684102.7000221
45850995.5175771
44581983.7174837
42302658.8585481
