51037279.8579474
50457868.0860985
50038874.3971317
49669090.9050574
49272319.04128
48946958.8594933
48717114.583201
48566653.2782462
48470617.1356855
48397763.088133
50457868.0860985
50192167.5485503
49883705.0474841
49514785.1618752
49155248.13408
48860820.3075351
48645145.6755789
48498200.217853
48401442.1952606
48325125.9984599
50038874.3971317
49883705.0474841
49601319.990064
49277165.1351177
48969086.1652737
48709040.7604382
48507248.590948
48361197.5402114
48259281.7256437
48178059.566711
49669090.9050574
49514785.1618751
49277165.1351177
49009330.6310252
48746383.1647527
48510274.7296925
48312020.2058891
48157525.2699731
48043349.3301898
47950876.2464597
49272319.0412799
49155248.13408
48969086.1652737
48746383.1647527
48510975.8359493
48279999.1295828
48067282.6779609
47887064.3681138
47746562.3318695
47630881.4515409
48946958.8594933
48860820.3075351
48709040.7604382
48510274.7296925
48279999.1295829
48031727.2598656
47780452.9493871
47547033.5912575
47353541.7242549
47191983.1429371
48717114.583201
48645145.6755789
48507248.590948
48312020.2058891
48067282.677961
47780452.9493871
47462250.4910905
47134482.6342803
46831177.9413721
46584280.6210987
48566653.2782462
48498200.217853
48361197.5402114
48157525.2699731
47887064.3681138
47547033.5912575
47134482.6342803
46660555.7840865
46158428.0861038
45701784.6215783
48470617.1356855
48401442.1952606
48259281.7256437
48043349.3301898
47746562.3318695
47353541.7242549
46831177.9413721
46158428.0861038
45342582.4155103
44489607.0955898
48397763.088133
48325125.9984599
48178059.566711
47950876.2464597
47630881.4515409
47191983.1429371
46584280.6210987
45701784.6215783
44489607.0955898
42296266.7265753
51062593.9410985
50486276.9302937
50068744.0097513
49709135.459833
49314166.5002899
48989161.1152909
48758927.279415
48607956.8253384
48513276.5242521
48443293.285385
50486276.9302937
50221055.5914217
49920792.8401499
49556242.3195325
49197048.3946129
48902872.3579007
48686696.6685258
48539380.139379
48444183.4175085
48370782.3141996
50068744.0097513
49920792.8401499
49642624.3037514
49318627.8316877
49011051.0476587
48750904.6229786
48548587.2723167
48402280.0784629
48302152.7801851
48223772.8040247
49709135.459833
49556242.3195325
49318627.8316877
49051205.0706797
48788374.1325121
48551868.3891987
48353198.5801141
48198520.9806328
48086247.2014915
47996583.1938844
49314166.5002899
49197048.3946129
49011051.0476587
48788374.1325121
48552677.7333813
48321313.0315208
48108358.1645044
47927985.1953859
47789353.742118
47676497.4886168
48989161.1152909
48902872.3579007
48750904.6229786
48551868.3891987
48321313.0315208
48072847.0838693
47821479.5414254
47587894.3406452
47395938.8345804
47237363.5173145
48758927.279415
48686696.6685258
48548587.2723167
48353198.5801141
48108358.1645044
47821479.5414254
47503246.965289
47175283.8952791
46873309.1572463
46629043.839813
48607956.8253384
48539380.139379
48402280.0784629
48198520.9806328
47927985.195386
47587894.3406452
47175283.8952791
46701024.2318403
46200213.8309406
45746072.8640532
48513276.5242521
48444183.4175085
48302152.7801851
48086247.2014915
47789353.742118
47395938.8345804
46873309.1572464
46200213.8309406
45384881.0438001
44532390.6145087
48443293.285385
48370782.3141997
48223772.8040247
47996583.1938844
47676497.4886168
47237363.5173145
46629043.839813
45746072.8640532
44532390.6145087
42314076.2988479
51102730.864876
50535619.9210294
50130810.25994
49781608.057824
49387871.4648677
49062924.5616958
48832581.7084283
48681423.6506801
48586535.3274002
48517097.5974756
50535619.9210294
50280137.4754132
49992546.1548879
49629888.8523679
49270794.6613843
48976606.0947057
48760302.2901144
48612805.6007646
48517383.8215053
48444592.0425636
50130810.25994
49992546.1548879
49716247.6386755
49392352.8231772
49084798.2453352
48824591.3795579
48622137.3021807
48475657.5688279
48375334.2096792
48297555.9140499
49781608.057824
49629888.8523679
49392352.8231772
49124948.3108382
48862091.6034236
48625487.8113997
48426688.6841783
48271841.8562126
48159344.3555363
48070320.7766682
49387871.4648676
49270794.6613843
49084798.2453352
48862091.6034236
48626319.2027674
48394851.8768754
48181787.0167739
48001244.9151464
47862290.6129141
47750165.3607077
49062924.5616958
48976606.0947057
48824591.3795579
48625487.8113997
48394851.8768754
48146302.0552534
47894845.4570719
47661088.9860901
47468582.9087908
47310943.0461444
48832581.7084283
48760302.2901144
48622137.3021807
48426688.6841783
48181787.0167739
47894845.4570719
47576534.7215123
47248400.7649163
46945914.9377902
46702420.480105
48681423.6506802
48612805.6007646
48475657.5688279
48271841.8562126
48001244.9151464
47661088.9860901
47248400.7649163
46773955.4546979
46272746.569865
45820927.5112426
48586535.3274002
48517383.8215053
48375334.2096792
48159344.3555363
47862290.6129141
47468582.9087908
46945914.9377902
46272746.569865
45457412.9283721
44603439.1438791
48517097.5974756
48444592.0425636
48297555.9140499
48070320.7766682
47750165.3607077
47310943.0461444
46702420.480105
45820927.5112426
44603439.1438791
42319935.3707507
