51083882.7527848
50515316.346997
50104483.602145
49747557.1815815
49342735.7000442
49008471.6015732
48770702.7484991
48616283.0227382
48519322.4239522
48448467.6823264
50515316.346997
50255415.9887976
49958187.3984914
49587826.5550083
49221646.8773551
48919155.9398216
48696752.4112042
48546628.0732419
48449438.1996948
48374974.987528
50104483.602145
49958187.3984914
49673728.8981453
49344758.7516016
49030286.0115474
48762887.4090539
48555835.3351862
48407424.4633346
48305332.1999298
48226335.8384657
49747557.1815814
49587826.5550083
49344758.7516016
49071296.7250503
48801579.7493303
48559333.5374695
48357260.7944965
48201120.499995
48087138.172892
47997239.1424282
49342735.7000442
49221646.877355
49030286.0115474
48801579.7493303
48560277.9529314
48324799.0489228
48109453.6438964
47928180.9604298
47788380.5467192
47675604.6961732
49008471.6015732
48919155.9398216
48762887.4090539
48559333.5374695
48324799.0489228
48073407.8925048
47820388.1783099
47586531.1684172
47394457.1903511
47236744.4155667
48770702.7484991
48696752.4112042
48555835.3351862
48357260.7944965
48109453.6438964
47820388.1783099
47501280.369971
47174328.0372154
46873827.0535701
46635736.292484
48616283.0227382
48546628.0732419
48407424.4633346
48201120.499995
47928180.9604298
47586531.1684172
47174328.0372154
46704769.2212762
46212899.299567
45790935.988231
48519322.4239522
48449438.1996948
48305332.1999298
48087138.172892
47788380.5467192
47394457.1903511
46873827.0535701
46212899.299567
45400741.8174752
44564403.883197
48448467.6823264
48374974.987528
48226335.8384657
47997239.1424282
47675604.6961732
47236744.4155667
46635736.292484
45790935.988231
44564403.883197
42318535.4476143
51109217.6522423
50543738.8140078
50134300.4594915
49788522.0835793
49384700.5051544
49050729.7587903
48812798.8309531
48657836.2578943
48562043.190925
48493971.7426692
50543738.8140078
50284306.8584625
49996811.146163
49629647.997627
49263505.1895262
48961386.7627554
48738627.8670031
48588050.2212344
48492208.8657315
48420605.6752201
50134300.4594915
49996811.146163
49715520.2522271
49386339.2618402
49072350.348086
48805036.2140154
48597502.7829386
48448737.5013129
48348230.4936056
48272021.1175307
49788522.0835793
49629647.997627
49386339.2618402
49113251.2620822
48843792.0013163
48601274.837091
48398741.947691
48242329.3651547
48130057.2415122
48042912.3807191
49384700.5051544
49263505.1895262
49072350.348086
48843792.0013163
48602318.7184029
48366450.719092
48150778.4270247
47969284.6248445
47831182.3310529
47721173.6132473
49050729.7587903
48961386.7627554
48805036.2140154
48601274.837091
48366450.719092
48114794.0701069
47861588.4260005
47627519.3313456
47436843.4325387
47282049.6821934
48812798.8309531
48738627.8670031
48597502.7829386
48398741.947691
48150778.4270247
47861588.4260005
47542358.8293265
47215169.7323516
46915997.4458455
46680374.9381897
48657836.2578943
48588050.2212344
48448737.5013129
48242329.3651547
47969284.6248445
47627519.3313456
47215169.7323516
46745227.8945238
46254515.2992069
45834687.6151131
48562043.190925
48492208.8657315
48348230.4936056
48130057.2415122
47831182.3310529
47436843.4325387
46915997.4458455
46254515.2992069
45442973.2815099
44606652.3162143
48493971.7426692
48420605.6752201
48272021.1175307
48042912.3807191
47721173.6132473
47282049.6821934
46680374.9381898
45834687.6151131
44606652.3162143
42337174.7919025
51149458.1123684
50592997.9392816
50196444.7756122
49861047.3097939
49458405.6154279
49124488.968027
48886483.2685202
48731329.8102191
48635331.8042795
48567756.7181048
50592997.9392816
50343508.3452966
50068624.2764466
49703332.6891318
49337238.1091144
49035134.4024179
48812266.5416579
48661500.5116361
48565427.8874854
48494397.6657658
50196444.7756122
50068624.2764466
49789198.8951231
49460054.4384354
49146096.1421507
48878750.6508168
48671084.811193
48522137.7558876
48421437.2684354
48345784.0411345
49861047.3097939
49703332.6891318
49460054.4384354
49186988.0344072
48917528.4188053
48674928.3704292
48472260.7007413
48315670.5659461
48203178.360814
48116625.4668955
49458405.6154279
49337238.1091144
49146096.1421507
48917528.4188053
48675993.2326637
48440020.9280359
48224228.1513316
48042560.03014
47904134.1026176
47794810.4182312
49124488.968027
49035134.4024179
48878750.6508168
48674928.3704292
48440020.9280359
48188271.9209736
47934967.2859664
47700723.4095814
47509492.6206169
47355597.0675942
48886483.2685202
48812266.5416579
48671084.811193
48472260.7007413
48224228.1513316
47934967.2859664
47615649.6351316
47288288.9114756
46988653.4070118
46753794.7810771
48731329.8102191
48661500.5116361
48522137.7558876
48315670.5659461
48042560.03014
47700723.4095814
47288288.9114756
46818164.9205652
46327020.2928247
45908321.2964885
48635331.8042795
48565427.8874854
48421437.2684354
48203178.360814
47904134.1026175
47509492.6206169
46988653.4070118
46327020.2928247
45515550.4218176
44676961.0251129
48567756.7181048
48494397.6657658
48345784.0411345
48116625.4668955
47794810.4182312
47355597.0675942
46753794.7810771
45908321.2964885
44676961.0251129
42343670.8865366
