51128071.3507644
50559984.4913237
50149593.0646932
49793584.2217093
49389963.1579473
49056028.2743497
48818056.9333601
48663510.1592721
48566735.4402454
48496303.8391973
50559984.4913237
50300339.5697957
50003728.8796736
49634475.0837379
49269009.7605276
48966639.3655375
48744039.80198
48593874.0782257
48497056.5781888
48422818.9150419
50149593.0646932
50003728.8796736
49720179.7751051
49391891.564242
49077751.5919685
48810276.8257986
48603067.047413
48454685.8966772
48353013.6832797
48274298.6334056
49793584.2217093
49634475.0837379
49391891.564242
49118729.2487541
48849031.1595574
48606645.2762743
48404518.6687235
48248498.9593842
48135045.7157011
48045516.0373091
49389963.1579473
49269009.7605276
49077751.5919685
48849031.1595574
48607634.9569371
48372124.6134149
48156895.814177
47975865.967913
47836714.6219331
47724540.4134439
49056028.2743497
48966639.3655375
48810276.8257986
48606645.2762743
48372124.6134149
48120915.9596958
47868264.3151919
47634830.9682879
47443135.6832437
47287092.6089177
48818056.9333601
48744039.80198
48603067.047413
48404518.6687235
48156895.814177
47868264.3151919
47549966.4112188
47224114.1424611
46925322.6335776
46688627.6629519
48663510.1592721
48593874.0782257
48454685.8966772
48248498.9593842
47975865.967913
47634830.9682879
47224114.1424611
46756625.1552328
46268032.7295831
45848899.8405766
48566735.4402454
48497056.5781887
48353013.6832797
48135045.7157011
47836714.6219331
47443135.6832437
46925322.6335776
46268032.7295831
45459683.4441215
44629036.240426
48496303.8391972
48422818.9150419
48274298.6334056
48045516.0373091
47724540.4134439
47287092.6089177
46688627.6629519
45848899.8405765
44629036.240426
42367915.0509776
51153425.233348
50588427.3494657
50179345.9117862
49834511.6827688
49431913.0658818
49098264.8220205
48860156.1067995
48705073.1084079
48609447.2041215
48541799.1011942
50588427.3494657
50329221.8599701
50042315.3181355
49676299.7686047
49310846.6415854
49008857.0786758
48785924.1382539
48635306.1673344
48539805.171997
48468443.7604018
50179345.9117862
50042315.3181355
49761983.8653631
49433455.8807985
49119793.3235318
48852423.6878384
48644746.1722559
48496009.3660316
48395894.1097882
48319978.8141057
49834511.6827688
49676299.7686047
49433455.8807985
49160659.0381069
48891232.0207453
48648594.7624358
48446011.3193751
48289718.9991413
48177946.0045461
48091183.8169104
49431913.0658818
49310846.6415854
49119793.3235318
48891232.0207453
48649681.0173161
48413788.2461524
48198229.9108895
48016982.053663
47879492.3769792
47770101.5522105
49098264.8220205
49008857.0786758
48852423.6878384
48648594.7624358
48413788.2461524
48162311.5181476
47909470.8914292
47675834.8400405
47485531.4941774
47332377.5767538
48860156.1067995
48785924.1382539
48644746.1722559
48446011.3193751
48198229.9108895
47909470.8914292
47591049.2089258
47264970.7560082
46967457.6490793
46733224.5031484
48705073.1084079
48635306.1673343
48496009.3660316
48289718.9991413
48016982.053663
47675834.8400405
47264970.7560082
46797125.3652603
46309582.5075025
45892641.9573684
48609447.2041215
48539805.171997
48395894.1097882
48177946.0045461
47879492.3769792
47485531.4941774
46967457.6490793
46309582.5075025
45501910.9510327
44671076.7608347
48541799.1011941
48468443.7604018
48319978.8141057
48091183.8169104
47770101.5522105
47332377.5767538
46733224.5031484
45892641.9573684
44671076.7608347
42385755.8524051
51193698.5378155
50637695.394881
50241427.4658127
49907022.7127139
49505621.1825038
49172026.8890747
48933847.7846043
48778576.2909547
48682746.2290533
48615587.7599769
50637695.394881
50388323.8152034
50114101.4789815
49749989.4199824
49384582.6012794
49082609.2179924
48859571.1403447
48708766.4976556
48613028.1876258
48542241.9935676
50241427.4658127
50114101.4789815
49835668.2392846
49507175.1710731
49193542.1350251
48926144.5178063
48718337.237831
48569420.2105177
48469107.2715258
48393748.1235541
49907022.7127139
49749989.4199824
49507175.1710731
49234398.5373155
48964973.3882248
48722256.4099838
48519539.4486561
48363071.4360934
48251073.4452495
48164903.5850046
49505621.1825038
49384582.6012794
49193542.1350251
48964973.3882248
48723363.1657495
48487367.497756
48271689.1028851
48090269.4356297
47952449.7087584
47843746.2054927
49172026.8890747
49082609.2179924
48926144.5178063
48722256.4099838
48487367.497756
48235798.5974391
47982859.2921207
47749052.1631911
47558221.7382313
47405926.1470965
48933847.7846043
48859571.1403447
48718337.237831
48519539.4486561
48271689.1028851
47982859.2921207
47664350.1634759
47338104.3651322
47040120.7867661
46806661.0701164
48778576.2909547
48708766.4976556
48569420.2105177
48363071.4360934
48090269.4356297
47749052.1631911
47338104.3651322
46870085.492986
46382091.467002
45966268.7816881
48682746.2290533
48613028.1876258
48469107.2715258
48251073.4452495
47952449.7087584
47558221.7382313
47040120.786766
46382091.467002
45574522.4089865
44741151.9667884
48615587.7599768
48542241.9935676
48393748.1235541
48164903.5850046
47843746.2054927
47405926.1470965
46806661.0701164
45966268.7816881
44741151.9667884
42393205.8309407
