51172117.0589606
50604515.4768353
50194533.2411314
49839431.5315816
49437005.3311329
49103417.8644572
48865254.670915
48710566.635855
48613951.9085095
48543991.1903236
50604515.4768353
50345170.4320567
50049068.4902556
49680930.3948088
49316196.1051393
49013971.0771212
48791182.5966749
48640946.3417606
48544356.6146812
48470600.9461953
50194533.2411314
50049068.4902556
49766431.6172171
49438842.6395456
49125064.1856977
48857540.6215557
48650187.6415108
48501857.1337119
48400703.3509032
48322213.5136696
49839431.5315816
49680930.3948088
49438842.6395456
49166006.7555088
48896358.2260691
48653851.6685103
48451678.1707477
48295786.4547426
48182873.5557125
48093708.3695478
49437005.3311329
49316196.1051393
49125064.1856977
48896358.2260691
48654887.9824372
48419350.8324158
48204228.8315969
48023423.1658252
47884893.8232342
47773317.8959353
49103417.8644572
49013971.0771212
48857540.6215557
48653851.6685103
48419350.8324158
48168310.2147492
47915985.5573727
47682906.7665024
47491518.7817652
47337104.2829912
48865254.670915
48791182.5966749
48650187.6415108
48451678.1707477
48204228.8315969
47915985.5573727
47598394.6385433
47273452.8261877
46976135.6148922
46740778.0170181
48710566.635855
48640946.3417606
48501857.1337119
48295786.4547426
48023423.1658252
47682906.7665024
47273452.8261877
46807519.5838383
46321331.5748404
45905371.7265439
48613951.9085095
48544356.6146812
48400703.3509032
48182873.5557125
47884893.8232342
47491518.7817652
46976135.6148922
46321331.5748404
45517198.3288211
44689761.0557752
48543991.1903236
48470600.9461953
48322213.5136696
48093708.3695478
47773317.8959353
47337104.2829912
46740778.0170181
45905371.7265439
44689761.0557752
42420458.2505984
51197489.8116944
50632978.6491054
50224231.413307
49880321.0938069
49478940.9941429
49145632.7601371
48907356.4498293
48752139.496641
48656654.7268865
48589477.5922441
50632978.6491054
50374044.22738
50087634.6617646
49722760.4798316
49358012.2461006
49056175.3867642
48833075.7490396
48682389.4575762
48587095.9111919
48516217.9064879
50224231.413307
50087634.6617646
49808251.9422122
49480392.0194832
49167083.7733995
48899685.4523696
48691878.9259206
48543191.1797831
48443560.9028134
48367888.2636182
49880321.0938069
49722760.4798316
49480392.0194832
49207912.649902
48938548.1515916
48695810.4880391
48493184.2660749
48337018.8411894
48225754.8545435
48139370.6044753
49478940.9941429
49358012.2461006
49167083.7733995
48938548.1515916
48696940.8432472
48461029.7397487
48245576.4153612
48064554.154283
47927647.1824138
47818871.3549915
49145632.7601371
49056175.3867642
48899685.4523696
48695810.4880391
48461029.7397487
48209720.9934454
47957206.0755293
47723931.363227
47533922.8246642
47382369.7453564
48907356.4498293
48833075.7490396
48691878.9259206
48493184.2660749
48245576.4153612
47957206.0755293
47639494.9488791
47314339.716508
47018242.6444224
46785333.7823511
48752139.496641
48682389.4575762
48543191.1797831
48337018.8411894
48064554.154283
47723931.363227
47314339.716508
46848085.0463034
46362897.5502045
45949101.3017953
48656654.7268864
48587095.9111919
48443560.9028134
48225754.8545435
47927647.1824138
47533922.8246642
47018242.6444224
46362897.5502045
45559360.884128
44731637.6683109
48589477.5922441
48516217.9064879
48367888.2636182
48139370.6044753
47818871.3549915
47382369.7453564
46785333.7823511
45949101.3017953
44731637.6683109
42436283.349449
51237795.7879654
50682255.8699541
50286249.7962128
49952817.8735195
49552652.2648921
49219397.6863256
48981055.2668215
48825652.2704394
48729964.0970834
48663270.1356739
50682255.8699541
50433040.4578172
50159395.0624681
49796455.4036826
49431751.3887089
49129931.9674299
48906731.0235832
48755859.9390839
48660330.9792319
48590019.0911454
50286249.7962128
50159395.0624681
49881942.495984
49554115.6469765
49240835.6632162
48973412.6203276
48765479.0395908
48616612.5665453
48516775.1443818
48441663.6972469
49952817.8735195
49796455.4036826
49554115.6469765
49281654.9956697
49012294.4715835
48769480.3126583
48566721.9385848
48410382.5888185
48298888.7139897
48213097.0885766
49552652.2648921
49431751.3887089
49240835.6632162
49012294.4715835
48770630.7159617
48534618.31115
48319045.4718595
48137853.7001449
48000610.1250136
47892524.0177054
49219397.6863256
49129931.9674299
48973412.6203276
48769480.3126583
48534618.31115
48283217.8382891
48030604.7650087
47797162.3450034
47606651.7869691
47455920.7165035
48981055.2668215
48906731.0235832
48765479.0395909
48566721.9385848
48319045.4718595
48030604.7650087
47712807.3730078
47387489.2133026
47090915.6964237
46858789.7934887
48825652.2704394
48755859.9390839
48616612.5665453
48410382.5888185
48137853.7001449
47797162.3450034
47387489.2133026
46921070.5269105
46435442.5549631
46022710.229176
48729964.0970834
48660330.9792319
48516775.1443818
48298888.7139897
48000610.1250137
47606651.7869691
47090915.6964237
46435442.5549632
45631965.5508078
44801581.2733855
48663270.1356739
48590019.0911454
48441663.6972469
48213097.0885766
47892524.0177054
47455920.7165035
46858789.7934887
46022710.229176
44801581.2733855
42444653.0836864
