51215264.7341227
50637635.6876137
50220287.7400032
49854285.2294398
49461937.7034663
49137433.8927132
48906615.0169376
48755754.4490376
48660538.9499977
48589561.894141
50637635.6876137
50372914.9512537
50067014.1820567
49702131.8420213
49345122.1653233
49050735.1528155
48834199.754418
48687138.8895205
48591768.6441023
48516731.0454502
50220287.7400032
50067014.1820567
49787842.6396361
49466145.5361857
49158890.5198316
48898194.36548
48695722.2073924
48549804.0820398
48449643.2493312
48369545.6803587
49854285.2294398
49702131.8420213
49466145.5361857
49198988.3682908
48935595.1793786
48698648.3058554
48500029.5728277
48345902.1281604
48233773.4450756
48142770.8862315
49461937.7034663
49345122.1653233
49158890.5198316
48935595.1793786
48699359.2563951
48467879.1268797
48255285.4328473
48075841.4390091
47938031.889571
47824749.0221318
49137433.8927132
49050735.1528155
48898194.36548
48698648.3058554
48467879.1268797
48219717.9960588
47969341.2198766
47737530.6844261
47547154.8059087
47392271.2806211
48906615.0169376
48834199.754418
48695722.2073924
48500029.5728277
48255285.4328473
47969341.2198766
47653509.2549485
47329884.2891311
47034333.8913842
46802153.6863129
48755754.4490376
48687138.8895205
48549804.0820398
48345902.1281604
48075841.4390091
47737530.6844261
47329884.2891311
46864762.2610819
46379178.491536
45966388.6177082
48660538.9499977
48591768.6441023
48449643.2493312
48233773.4450756
47938031.889571
47547154.8059087
47034333.8913842
46379178.491536
45570492.349334
44736859.2109942
48589561.894141
48516731.0454502
48369545.6803587
48142770.8862315
47824749.0221318
47392271.2806211
46802153.6863129
45966388.6177082
44736859.2109942
42457373.8297663
51240656.9280148
50666126.2335386
50249925.5828667
49894150.8860887
49503704.0156351
49179571.0874412
48948476.689276
48797112.1189528
48703163.0055594
48635057.5196114
50666126.2335386
50401781.2328385
50103926.7063621
49743584.1793517
49386838.5829712
49092772.4919388
48875815.6339052
48728370.7885954
48634433.8696115
48562362.70428
50249925.5828667
50103926.7063621
49829184.0812288
49507538.4937672
49200789.184178
48940089.786175
48737124.636034
48590932.5524184
48492434.6694039
48415238.4412873
49894150.8860887
49743584.1793517
49507538.4937672
49240780.9880358
48977580.0063817
48740298.5084845
48541252.4591335
48386933.1750133
48276590.2718835
48188454.211961
49503704.0156351
49386838.5829712
49200789.184178
48977580.0063817
48741108.6906485
48509235.6049501
48296367.074583
48116773.3349113
47980712.976302
47870327.255249
49179571.0874412
49092772.4919388
48940089.786175
48740298.5084845
48509235.6049501
48260834.3678485
48010316.0215149
47778355.5775878
47589467.0294449
47437562.3914565
48948476.689276
48875815.6339052
48737124.636034
48541252.4591335
48296367.074583
48010316.0215149
47694387.5239509
47370569.3034502
47076322.4990745
46846694.8893542
48797112.1189528
48728370.7885954
48590932.5524184
48386933.1750133
48116773.3349113
47778355.5775878
47370569.3034502
46905121.654423
46420585.4187972
46010043.922348
48703163.0055594
48634433.8696115
48492434.6694039
48276590.2718836
47980712.976302
47589467.0294449
47076322.4990745
46420585.4187972
45612526.4674712
44778775.4389449
48635057.5196114
48562362.70428
48415238.4412873
48188454.211961
47870327.255249
47437562.3914565
46846694.8893542
46010043.922348
44778775.4389449
42474936.7887017
51280927.9110728
50715505.2435133
50311740.1524478
49966567.9187362
49577417.3606323
49253349.9740341
49022164.1572734
48870618.8635527
48776464.9830328
48708876.8977282
50715505.2435133
50460476.4234933
50175574.1034045
49817246.0823264
49460598.0035508
49166529.4318648
48949457.3376863
48801837.3646372
48707660.3175279
48636194.0897767
50311740.1524478
50175574.1034046
49902825.7608542
49581279.4792301
49274552.6465884
49013806.4944686
48810712.0336279
48664352.2098243
48565637.0989494
48489046.3694745
49966567.9187362
49817246.0823264
49581279.4792301
49314538.5368619
49051322.3542233
48813952.4192857
48614779.3142454
48460297.0373083
48349711.9482232
48262216.7079544
49577417.3606323
49460598.0035508
49274552.6465885
49051322.3542233
48814783.1646243
48582809.5898836
48369830.0893524
48190075.5019625
48053667.5612267
47944021.6343205
49253349.9740341
49166529.4318648
49013806.4944686
48813952.4192857
48582809.5898836
48334321.8288388
48083711.7721082
47851590.5973656
47662195.7203443
47511151.9301187
49022164.1572734
48949457.3376863
48810712.0336279
48614779.3142454
48369830.0893524
48083711.7721082
47767701.2538424
47443723.8902064
47148994.0520176
46920065.0913475
48870618.8635527
48801837.3646372
48664352.2098243
48460297.0373083
48190075.5019625
47851590.5973656
47443723.8902064
46978115.3478618
46493127.5999918
46083494.8279012
48776464.9830328
48707660.3175279
48565637.0989494
48349711.9482232
48053667.5612267
47662195.7203443
47148994.0520176
46493127.5999918
45685115.3774678
44848843.8297805
48708876.8977282
48636194.0897767
48489046.3694745
48262216.7079544
47944021.6343205
47511151.9301187
46920065.0913475
46083494.8279012
44848843.8297805
42484211.2273688
