51259774.6806179
50693140.7730189
50283938.9359865
49930612.3910415
49530535.1052638
49197673.6875551
48959161.3388659
48804187.298725
48707879.239715
48638872.4738997
50693140.7730189
50434409.755399
50139253.3417627
49773290.921905
49410015.8899922
49108123.1853365
48884979.0052721
48734590.3743747
48638405.2646715
48565704.7827102
50283938.9359865
50139253.3417627
49858388.0866596
49532180.8623346
49219150.493444
48951563.7279699
48743931.8241538
48595707.6931928
48495614.3828694
48417571.7731445
49930612.3910415
49773290.921905
49532180.8623346
49260011.0933311
48990485.3739556
48747735.8525572
48545445.0492217
48389795.8502425
48277949.3496103
48189505.3753487
49530535.1052638
49410015.8899922
49219150.493444
48990485.3739556
48748849.6459607
48513202.5931915
48298220.4837102
48117807.1009427
47980475.1842279
47870063.6713353
49197673.6875551
49108123.1853365
48951563.7279699
48747735.8525572
48513202.5931915
48262374.5948528
48010544.0495061
47778033.1002891
47587224.3380637
47435974.6865971
48959161.3388659
48884979.0052721
48743931.8241538
48545445.0492217
48298220.4837102
48010544.0495061
47694050.5115013
47370555.499121
47075876.3730336
46843704.8732963
48804187.298725
48734590.3743747
48595707.6931928
48389795.8502425
48117807.1009427
47778033.1002891
47370555.499121
46906934.0727127
46424566.166779
46018226.1788067
48707879.2397149
48638405.2646715
48495614.3828694
48277949.3496103
47980475.1842279
47587224.3380637
47075876.3730336
46424566.166779
45623458.4711039
44796086.8324979
48638872.4738997
48565704.7827101
48417571.7731445
48189505.3753487
47870063.6713353
47435974.6865971
46843704.8732963
46018226.1788067
44796086.8324979
42544310.0267003
51285184.9491606
50721644.5565028
50313549.1556497
49971427.0057073
49572445.7908102
49239846.4767801
49001267.0096368
48845779.2117871
48750563.6694715
48684340.9088146
50721644.5565028
50463271.8102236
50177782.023414
49815136.5072569
49451793.839599
49150300.9786797
48926889.287635
48776055.0613903
48681128.4403946
48611305.4137519
50313549.1556497
50177782.023414
49900246.1350955
49573704.5481402
49261128.2261631
48993704.9804875
48785649.2347442
48637065.0146403
48538424.4949252
48463235.4456973
49971427.0057073
49815136.5072569
49573704.5481402
49301872.4280622
49032654.8492473
48789715.4592759
48586981.8462183
48431055.5716596
48320792.1814115
48235156.2498616
49572445.7908102
49451793.839599
49261128.2261631
49032654.8492473
48790918.3782818
48554916.6851771
48339600.3184098
48158970.4128411
48023178.4812709
47915601.2977233
49239846.4767801
49150300.9786797
48993704.9804875
48789715.4592759
48554916.6851771
48303822.1498613
48051798.1380559
47819100.3507081
47629643.2366191
47481200.8234926
49001267.0096367
48926889.2876349
48785649.2347442
48586981.8462183
48339600.3184098
48051798.1380559
47735189.7257056
47411500.1010127
47117926.4235741
46888175.3246547
48845779.2117871
48776055.0613903
48637065.0146403
48431055.5716596
48158970.4128411
47819100.3507081
47411500.1010127
46947609.8933569
46466157.3754327
46061850.4696694
48750563.6694715
48681128.4403946
48538424.4949251
48320792.1814115
48023178.4812709
47629643.2366191
47117926.4235741
46466157.3754327
45665498.4893271
44837929.3892638
48684340.9088145
48611305.4137518
48463235.4456973
48235156.2498616
47915601.2977233
47481200.8234926
46888175.3246547
46061850.4696694
44837929.3892638
42555893.5551576
51325555.8261994
50770941.3239752
50375439.0747074
50043895.1408323
49646163.8634981
49313617.1999433
49074979.7711068
48919310.8736028
48823893.2504201
48758141.5190265
50770941.3239752
50522049.23661
50249490.3671786
49888842.4838671
49525539.8026599
49224066.3228695
49000560.8594134
48849545.5816575
48754388.8488488
48685112.0688593
50375439.0747074
50249490.3671786
49973949.5345738
49647437.4286337
49334886.4728579
49067444.6560025
48859267.4301947
48710507.4806371
48611640.3572729
48537023.1804183
50043895.1408322
49888842.4838671
49647437.4286337
49375620.7945579
49106411.0020988
48863401.611313
48660538.7905299
48504441.9276416
48393939.1621475
48308896.266508
49646163.8634981
49525539.8026599
49334886.4728579
49106411.0020988
48864623.667296
48628524.1162665
48413089.413637
48232294.1264681
48096152.8083184
47989270.0781128
49313617.1999433
49224066.3228695
49067444.6560025
48863401.611313
48628524.1162665
48377338.9104444
48125217.6864377
47892358.0908592
47702444.491111
47554758.7663956
49074979.7711068
49000560.8594134
48859267.4301947
48660538.7905299
48413089.413637
48125217.6864377
47808524.9962251
47484679.9068665
47190619.5825958
46961674.0785747
48919310.8736028
48849545.5816575
48710507.4806371
48504441.9276416
48232294.1264681
47892358.0908592
47484679.9068665
47020640.8312088
46538768.243931
46135230.8672003
48823893.2504201
48754388.8488487
48611640.3572729
48393939.1621475
48096152.8083184
47702444.491111
47190619.5825958
46538768.243931
45738094.1260132
44908122.9899485
48758141.5190265
48685112.0688592
48537023.1804182
48308896.2665079
47989270.0781128
47554758.7663956
46961674.0785747
46135230.8672003
44908122.9899485
42566367.558623
