51303373.3169184
50737221.2487846
50328399.9156385
49975941.3076045
49577015.6546167
49244528.9944684
49005859.9401373
48850745.7579927
48754588.6789426
48686045.7307955
50737221.2487846
50478793.8884687
50184101.8286193
49819193.6062447
49456639.9256754
49154929.6979183
48931619.1865013
48781154.9399809
48685170.0730144
48612981.4542761
50328399.9156385
50184101.8286193
49904092.9841681
49578560.917656
49265910.2903534
48998305.5750847
48790536.0271386
48642360.8382606
48542783.0042973
48464960.4730832
49975941.3076045
49819193.6062447
49578560.917656
49306724.9459992
49037269.6720578
48794399.7604738
48592042.1359987
48436506.8627789
48325177.0823604
48237081.1745587
49577015.6546167
49456639.9256754
49265910.2903534
49037269.6720578
48795547.5778977
48559830.9420862
48344901.6379074
48164673.9043987
48027921.3111411
47918064.727543
49244528.9944684
49154929.6979183
48998305.5750847
48794399.7604738
48559830.9420862
48309082.2438741
48057472.3308939
47825233.3752414
47634721.3920457
47484975.1347647
49005859.9401373
48931619.1865013
48790536.0271387
48592042.1359987
48344901.6379074
48057472.3308939
47741485.7995883
47418682.9847191
47125275.3048835
46894729.1615801
48850745.7579927
48781154.9399809
48642360.8382606
48436506.8627789
48164673.9043987
47825233.3752414
47418682.9847191
46956185.3756812
46475674.7449492
46074546.1145104
48754588.6789426
48685170.0730144
48542783.0042973
48325177.0823604
48027921.3111411
47634721.3920457
47125275.3048835
46475674.7449492
45675548.8370933
44848160.1173339
48686045.7307955
48612981.4542761
48464960.4730833
48237081.1745587
47918064.727543
47484975.1347647
46894729.1615801
46074546.1145104
44848160.1173339
42604330.9447178
51328802.2306802
50765745.322741
50357974.8171519
50016719.0950523
49618915.7026733
49286681.3918058
49047966.9381334
48892347.0295347
48797263.791728
48731505.0154605
50765745.322741
50507652.8633236
50222608.8929749
49861049.2003093
49498400.3902017
49197094.1755742
48973537.494757
48822630.2751498
48727884.9751697
48658573.7740553
50357974.8171519
50222608.8929749
49945972.2351794
49620073.7511671
49307867.8464064
49040444.3591617
48832266.186531
48683729.7314396
48585568.7211093
48510618.3747775
50016719.0950523
49861049.2003093
49620073.7511671
49348565.0542681
49079428.4000754
48836388.8549517
48633593.9780502
48477779.8357772
48368000.0604383
48282726.0700786
49618915.7026733
49498400.3902017
49307867.8464064
49079428.4000754
48837623.0976684
48601561.746869
48386296.8168914
48205852.134445
48070598.4824337
47963593.9861944
49286681.3918058
49197094.1755742
49040444.3591617
48836388.8549517
48601561.746869
48350547.0224692
48098741.2490886
47866319.0173657
47677146.512904
47530181.1796928
49047966.9381334
48973537.494757
48832266.186531
48633593.9780502
48386296.8168915
48098741.2490886
47782640.5322879
47459650.2380328
47167295.1676826
46939155.5362167
48892347.0295347
48822630.2751498
48683729.7314396
48477779.8357772
48205852.134445
47866319.0173657
47459650.2380328
46996903.1662944
46517270.3899375
46118107.2687503
48797263.7917281
48727884.9751697
48585568.7211093
48368000.0604383
48070598.4824338
47677146.512904
47167295.1676826
46517270.3899375
45717513.8617273
44889991.9494654
48731505.0154604
48658573.7740553
48510618.3747775
48282726.0700787
47963593.9861944
47530181.1796928
46939155.5362167
46118107.2687503
44889991.9494654
42614738.3322677
51369205.3357552
50815052.4431764
50419799.3240862
50089172.842712
49692637.4372323
49360455.0747605
49121686.5172702
48965888.0225699
48870603.3049351
48805309.7309324
50815052.4431764
50566318.5582908
50294290.5608747
49934760.9222663
49572149.9981511
49270863.8360559
49047217.068203
48896130.6930625
48801157.6711429
48732383.3197659
50419799.3240862
50294290.5608747
50019682.2297477
49693811.5439821
49381629.3438283
49114190.1277743
48905893.2979475
48757182.5998415
48658785.6165474
48584412.2283893
50089172.842712
49934760.9222663
49693811.5439822
49422316.5582017
49153189.3331149
48910082.9824516
48707160.4335447
48551177.2820152
48441153.5099803
48356472.8072657
49692637.4372323
49572149.9981511
49381629.3438283
49153189.3331149
48911335.8795298
48675178.4293268
48459795.7525326
48279187.5742636
48143578.3796332
48037270.7454589
49360455.0747605
49270863.8360559
49114190.1277743
48910082.9824516
48675178.4293268
48424073.534185
48172170.9048541
47939589.5045774
47749981.5168189
47603743.3717823
49121686.5172702
49047217.068203
48905893.2979475
48707160.4335448
48459795.7525326
48172170.9048541
47855986.6236489
47532844.0568925
47239998.1316434
47012677.6931675
48965888.0225699
48896130.6930625
48757182.5998415
48551177.2820152
48279187.5742636
47939589.5045774
47532844.0568925
47069954.192997
46589909.9102569
46191357.3328884
48870603.3049351
48801157.6711429
48658785.6165474
48441153.5099803
48143578.3796332
47749981.5168189
47239998.1316434
46589909.9102569
45790103.0265735
44960306.7725964
48805309.7309324
48732383.3197659
48584412.2283893
48356472.8072657
48037270.745459
47603743.3717823
47012677.6931675
46191357.3328884
44960306.7725964
42626900.6622815
