51389587.7222038
50813809.4349256
50398121.9214265
50035803.6674038
49647846.1916911
49324580.8931553
49093056.0050513
48941782.3247781
48847239.5466256
48778149.4078887
50813809.4349256
50550129.262961
50246752.6379993
49885783.0248287
49531531.2849513
49237626.627067
49020466.6891014
48873250.394912
48778728.719869
48705774.0520824
50398121.9214265
50246752.6379993
49970707.1823795
49651659.4515367
49345700.0956161
49084830.7903634
48881960.7365337
48736380.205753
48638308.9821661
48559158.2516926
50035803.6674038
49885783.0248287
49651659.4515367
49385662.8372684
49122410.8436151
48885086.5120062
48686414.7744801
48532887.8802546
48422885.5797824
48333392.3968086
49647846.1916911
49531531.2849513
49345700.0956161
49122410.8436151
48885916.0759335
48654382.815399
48442219.0949338
48263668.4791415
48128294.9337935
48017469.3823627
49324580.8931553
49237626.627067
49084830.7903634
48885086.5120062
48654382.815399
48406769.7880166
48157463.3426574
47926881.2255994
47737875.8231977
47589475.4500633
49093056.0050513
49020466.6891014
48881960.7365337
48686414.7744801
48442219.0949338
48157463.3426574
47843786.9361837
47522970.5173886
47232613.2460431
47007498.4783716
48941782.3247781
48873250.394912
48736380.205753
48532887.8802546
48263668.4791415
47926881.2255994
47522970.5173886
47062057.0348444
46583399.2789624
46186228.1075916
48847239.5466256
48778728.719869
48638308.9821661
48422885.5797824
48128294.9337935
47737875.8231977
47232613.2460431
46583399.2789624
45781881.5485394
44950471.0633693
48778149.4078887
48705774.0520824
48559158.2516926
48333392.3968086
48017469.3823627
47589475.4500633
47007498.4783716
46186228.1075916
44950471.0633693
42693489.9073174
51415055.7199379
50842380.4008095
50427634.7056953
50075464.3082284
49689530.0375325
49366629.7929815
49134933.3876063
48983173.954247
48889822.3643057
48823607.5514232
50842380.4008095
50579001.0585342
50283419.9885597
49927227.072203
49573154.6362063
49279618.5986512
49062120.3035681
48914519.8519638
48821357.6970296
48751371.9039102
50427634.7056953
50283419.9885597
50012079.4094287
49692980.1659987
49387513.3582026
49126729.8825648
48923413.6688551
48777548.9277423
48680997.400416
48604827.487372
50075464.3082284
49927227.072203
49692980.1659987
49427360.0119053
49164365.8933688
48926783.7012152
48727692.7447173
48573966.6707896
48465618.2498396
48379051.326069
49689530.0375325
49573154.6362063
49387513.3582026
49164365.8933688
48927705.7424673
48695805.9697563
48483355.9480914
48304657.5258502
48170866.128088
48063013.6110112
49366629.7929815
49279618.5986512
49126729.8825648
48926783.7012152
48695805.9697563
48447950.025922
48198494.8459493
47967783.9068722
47780214.0019159
47634684.2588528
49134933.3876063
49062120.3035681
48923413.6688551
48727692.7447173
48483355.9480914
48198494.8459493
47884733.1231862
47563762.9251742
47274477.8446876
47051848.0652871
48983173.954247
48914519.8519639
48777548.9277423
48573966.6707897
48304657.5258502
47967783.9068722
47563762.9251742
47102624.564107
46624851.6364909
46229722.8517686
48889822.3643057
48821357.6970296
48680997.400416
48465618.2498396
48170866.128088
47780214.0019159
47274477.8446876
46624851.6364909
45823647.5320936
44992215.2814756
48823607.5514232
48751371.9039102
48604827.487372
48379051.3260691
48063013.6110112
47634684.2588528
47051848.0652871
46229722.8517686
44992215.2814756
42703756.6983185
51455456.9761162
50891799.8098093
50489188.0253926
50147822.9921037
49763252.4111834
49440421.5581387
49208649.8468306
49056717.3090748
48963163.4518823
48897443.0069483
50891799.8098093
50637293.5498357
50354955.16925
50000903.9959351
49646926.8958923
49353395.2699522
49135794.7046161
48988024.9811219
48894632.9612753
48825214.6436243
50489188.0253926
50354955.16925
50085738.3018674
49766737.790383
49461291.1453932
49200473.248783
48997036.441399
48851008.9923168
48754204.621672
48678659.8420337
50147822.9921037
50000903.9959351
49766737.790383
49501130.6904669
49238130.2403889
49000470.4572828
48801256.7030673
48647373.7506979
48538766.2609575
48452840.4023049
49763252.4111834
49646926.8958923
49461291.1453932
49238130.2403889
49001411.724785
48769416.4949552
48556857.227027
48378005.8265316
48243844.1182954
48136738.88898
49440421.5581387
49353395.2699522
49200473.248783
49000470.4572828
48769416.4949552
48521475.4655786
48271930.320019
48041069.9541971
47853079.1145209
47708284.1906513
49208649.8468306
49135794.7046161
48997036.441399
48801256.7030673
48556857.227027
48271930.320019
47958090.3526473
47636975.0634657
47347191.1926525
47125250.9842911
49056717.3090748
48988024.9811219
48851008.9923168
48647373.750698
48378005.8265316
48041069.9541971
47636975.0634657
47175702.8012562
46697520.7362265
46302877.083241
48963163.4518823
48894632.9612753
48754204.621672
48538766.2609575
48243844.1182954
47853079.1145209
47347191.1926525
46697520.7362265
45896226.8776262
45062583.874128
48897443.0069483
48825214.6436243
48678659.8420337
48452840.4023049
48136738.88898
47708284.1906513
47125250.9842911
46302877.083241
45062583.874128
42716722.5942079
