0.00920065364166667
0
0
-0
-0.0027601960925
-0
-0
-0.0027601960925
-0
-0
-0.0027601960925
-0
-0
-0.0027601960925
-0
-0
-0.0027601960925
-0
-0
-0.0027601960925
-0
-0
-0.0027601960925
-0
-0
-0.0027601960925
-0
-0
-0.0027601960925
-0
-0
-0.0027601960925
-0
-0
-0.0027601960925
-0
-0
-0.0027601960925
-0
-0
-0.0027601960925
-0
-0
-0.0027601960925
-0
-0
-0.0027601960925
-0
-0
-0.0027601960925
-0
-0
-0.0027601960925
-0
-0
-0.0027601960925
-0
-0
-0.0027601960925
-0
-0
-0.0027601960925
-0
-0
-0.0027601960925
-0
-0
-0.0027601960925
-0
-0
-0.0027601960925
-0
-0
-0.0027601960925
-0
-0
-0.0027601960925
-0
