0.00230724985565513
0
0
-0
-0.0027601960925
-0.673188256422174
-1.45934065891854e-08
-0.0027601960925
-0.674093784134788
-7.36354091848815e-08
-0.0027601960925
-0.683338805577145
-4.54963999545339e-08
-0.0027601960925
-0.677274641569655
-2.14035685435026e-07
-0.0027601960925
-0.675291304338398
-0
-0.0027601960925
-0.677094489829686
-1.47920245155059e-08
-0.0027601960925
-0.678961964580178
-6.0451560199329e-06
-0.0027601960925
-0.680345264236077
-6.89252282424109e-08
-0.0027601960925
-0.680419266305317
-3.01186788815856e-07
-0.0027601960925
-0.671537344853917
-4.03386175444619e-08
-0.0027601960925
-0.66566514126918
-0
-0.0027601960925
-0.671482677426874
-1.15758760022026e-08
-0.0027601960925
-0.681205930912501
-7.04054579470257e-08
-0.0027601960925
-0.68120023827328
-9.1296411736253e-07
-0.0027601960925
-0.674048968099097
-1.10245724379708e-05
-0.0027601960925
-0.6833405688
-7.65942169946113e-08
-0.0027601960925
-0.677463298702937
-1.51964180259441e-07
-0.0027601960925
-0.678783698969682
-0
-0.0027601960925
-0.670405256270205
-1.49012276860414e-08
-0.0027601960925
-0.663700547444815
-7.32526618426048e-08
-0.0027601960925
-0.666011416445266
-1.40568838300323e-05
-0.0027601960925
-0.669378355102478
-2.33378775881798e-07
-0.0027601960925
-0.682704606750807
-4.08532084251628e-08
-0.0027601960925
-0.674849092959663
-3.09182365190537e-05
-0.00237428221312451
-0.575516207239357
