0.00168662357063291
0
0
-0
-0.0027601960925
-0.667774333313558
-1.52394444601463e-08
-0.0027601960925
-0.669540519866109
-7.47027784953327e-08
-0.0027601960925
-0.681074672307507
-4.69470205064576e-08
-0.0027601960925
-0.673282615852832
-2.22059905033157e-07
-0.0027601960925
-0.669288698390857
-0
-0.0027601960925
-0.674471005093872
-1.51724998795019e-08
-0.0027601960925
-0.676338127393563
-6.6360118920866e-06
-0.0027601960925
-0.675031642782784
-7.05575927012423e-08
-0.0027601960925
-0.67698466259358
-3.16173070715073e-07
-0.0027601960925
-0.664222051611264
-4.3662223257674e-08
-0.0027601960925
-0.657727249904293
-0
-0.0027601960925
-0.666652795198781
-1.18131689702176e-08
-0.0027601960925
-0.678478058031877
-7.19909200655549e-08
-0.0027601960925
-0.678029338717316
-9.47505585143809e-07
-0.0027601960925
-0.667384280781722
-1.13967102839079e-05
-0.0027601960925
-0.68332458118499
-7.85623756150967e-08
-0.0027601960925
-0.673927268172836
-1.507070214393e-07
-0.0027601960925
-0.675434705487112
-0
-0.0027601960925
-0.665824196838616
-1.52715803329936e-08
-0.002559992468621
-0.606563762095613
-7.8794669664225e-08
-0.0027601960925
-0.657277323243714
-1.6599361515624e-05
-0.0027601960925
-0.661833921116881
-2.20399966658618e-07
-0.0027601960925
-0.680011139737896
-4.25765701579277e-08
-0.0027601960925
-0.669939044612608
-2.86545423891251e-05
-0.0019381532281667
-0.465941835000343
