0.00144317800457002
0
0
-0
-0.0027601960925
-0.661691771525389
-1.60262765398033e-08
-0.0027601960925
-0.664546945718455
-7.69375789722405e-08
-0.0027601960925
-0.676912719587135
-4.88966261095054e-08
-0.0027601960925
-0.668423172419394
-2.32106446640773e-07
-0.0027601960925
-0.663137306576102
-0
-0.0027601960925
-0.671724055038563
-1.56342774526942e-08
-0.0027601960925
-0.673438267432309
-7.3461745845304e-06
-0.0027601960925
-0.669367186027188
-7.27728283803814e-08
-0.0027601960925
-0.672974803782805
-3.33031907056187e-07
-0.0027601960925
-0.657524551040006
-4.73098274798849e-08
-0.0027601960925
-0.665007103785626
-0
-0.0027601960925
-0.662301504383735
-1.22109962829239e-08
-0.0027601960925
-0.675164096559602
-7.41440035310448e-08
-0.0027601960925
-0.674151147236909
-1.04809061398577e-06
-0.0027601960925
-0.661074454368697
-1.26590315696397e-05
-0.0027601960925
-0.678803006169676
-8.14605486612053e-08
-0.0027601960925
-0.669237402648164
-1.58250067947286e-07
-0.0027601960925
-0.671134470326637
-0
-0.0027601960925
-0.66080266914575
-1.47621663773688e-08
-0.00229905726558153
-0.604084685292515
-8.57670071791294e-08
-0.0027601960925
-0.649689843474876
-1.81478342183895e-05
-0.00261610899411996
-0.621492483552354
-2.33490512947892e-07
-0.0027601960925
-0.676177328094632
-4.48257017686535e-08
-0.0027601960925
-0.664124689790057
-2.70828009633493e-05
-0.00164410251467941
-0.392368478655271
