0.00135953908971585
0
0
-0
-0.0027601960925
-0.653935357858935
-1.72317918763414e-08
-0.0027601960925
-0.65771923919767
-8.03346725519718e-08
-0.0027601960925
-0.671109186830476
-5.18714747241437e-08
-0.0027601960925
-0.661878382221862
-2.45800809938103e-07
-0.0027601960925
-0.656215243741187
-0
-0.0027601960925
-0.667720981840775
-1.63705916602486e-08
-0.0027601960925
-0.669095984035112
-8.19629959310074e-06
-0.0027601960925
-0.663116150777169
-7.60552109892509e-08
-0.0027601960925
-0.667513631372871
-3.56461228766857e-07
-0.0027601960925
-0.650309510762515
-4.90464601824434e-08
-0.0027601960925
-0.69323394395472
-0
-0.0027601960925
-0.657047724820456
-1.2812364900002e-08
-0.0027601960925
-0.670137690872734
-7.75880762104287e-08
-0.0027601960925
-0.668503128153564
-1.27768904350074e-06
-0.0027601960925
-0.653550753549164
-1.52684770607806e-05
-0.0027601960925
-0.672475408836704
-8.59973296638933e-08
-0.0027601960925
-0.662571951485215
-1.68833715310639e-07
-0.0027601960925
-0.664537682238613
-0
-0.0027601960925
-0.653903184837742
-1.42883880633225e-08
-0.00212577211477227
-0.553284940478063
-8.89986706623124e-08
-0.0027601960925
-0.687695084209497
-1.53851032926351e-05
-0.00207647852920344
-0.490761568890258
-2.45847152164785e-07
-0.0027601960925
-0.670338395273198
-4.82173730796744e-08
-0.0027601960925
-0.656925711589959
-2.48609659494207e-05
-0.00138221882520757
-0.327740482641918
