0.00140035138952864
0
0
-0
-0.0027601960925
-0.668008167839114
-1.93881935457069e-08
-0.0027601960925
-0.648315660552145
-8.59675360168762e-08
-0.0027601960925
-0.66244840475273
-5.70378343519211e-08
-0.0027601960925
-0.652319167615031
-2.68988505714484e-07
-0.0027601960925
-0.646682512309341
-0
-0.0027601960925
-0.660924295655149
-1.77452834493995e-08
-0.0027601960925
-0.661743739665322
-9.61545786153397e-06
-0.0027601960925
-0.654062271684933
-8.17199453798374e-08
-0.0027601960925
-0.659099284081641
-3.7448085918077e-07
-0.0027601960925
-0.672991384346734
-5.03050865007011e-08
-0.0027601960925
-0.675711449965155
-0
-0.0027601960925
-0.658415471849614
-1.38248571222345e-08
-0.0027601960925
-0.662156404635212
-8.36364036442717e-08
-0.0027601960925
-0.65971574546159
-1.77305731100115e-06
-0.0027601960925
-0.652012051101229
-2.51672172813767e-05
-0.0027601960925
-0.663819462335962
-9.39330799353865e-08
-0.0027601960925
-0.652439337876609
-1.87740243481489e-07
-0.0027601960925
-0.65453130254769
-0
-0.0027601960925
-0.672691125653247
-1.36501596786766e-08
-0.00195710360814736
-0.528263987201325
-9.07853161264104e-08
-0.0027601960925
-0.691851106050783
-1.32850817036552e-05
-0.00170488433988877
-0.411927375141951
-2.69690101509379e-07
-0.0027601960925
-0.661859084922687
-5.26900320797913e-08
-0.0027601960925
-0.656616095215207
-2.19981767387888e-05
-0.00112040453400908
-0.26419754924463
