0.00150144646410842
0
0
-0
-0.0027601960925
-0.703654443641662
-1.99811506741334e-08
-0.0027601960925
-0.683880192118603
-9.39895861808214e-08
-0.0027601960925
-0.651754363614447
-6.13386768055573e-08
-0.0027601960925
-0.658363963919242
-2.7598138286417e-07
-0.0027601960925
-0.681666408685023
-0
-0.0027601960925
-0.65188984685667
-1.9805663083359e-08
-0.0027601960925
-0.652265952858573
-1.09568305636838e-05
-0.0027601960925
-0.657984058321163
-8.96904101759084e-08
-0.0027601960925
-0.648754818599803
-3.79385933346303e-07
-0.0027601960925
-0.67556683240142
-5.15851799440223e-08
-0.0027601960925
-0.695542593754406
-0
-0.0027601960925
-0.676421895249742
-1.52302316128823e-08
-0.0027601960925
-0.652212780149579
-9.22348199532688e-08
-0.0027601960925
-0.648761736654609
-1.86772714630779e-06
-0.0027601960925
-0.674545311874173
-7.81237643678428e-05
-0.0027601960925
-0.652365340962979
-1.0086861701389e-07
-0.0027601960925
-0.654224615556097
-2.03923347464509e-07
-0.0027601960925
-0.654001665200473
-0
-0.0027601960925
-0.6724604049511
-1.29694309276624e-08
-0.00181524660064945
-0.508340523502477
-9.2712730642709e-08
-0.0027601960925
-0.724504381641454
-1.70493640198083e-05
-0.00151533689283932
-0.370678659628552
-3.06903595861018e-07
-0.0027601960925
-0.651724809148063
-5.4884332508191e-08
-0.0027601960925
-0.67436833370167
-2.03606052145453e-05
-0.00096524073313012
-0.234941647434414
