0.0015850597652163
0
0
-0
-0.0027601960925
-0.754413420749388
-2.04579235823418e-08
-0.0027601960925
-0.717719535849862
-1.00639472291368e-07
-0.0027601960925
-0.646473814047691
-6.24506073129428e-08
-0.0027601960925
-0.688030668163217
-2.78344070735524e-07
-0.0027601960925
-0.680458454275079
-0
-0.0027601960925
-0.665722184006789
-2.07979589261771e-08
-0.0027601960925
-0.65810090632287
-1.03821541396663e-05
-0.0027601960925
-0.685611249974447
-9.31187895571349e-08
-0.0027601960925
-0.658043848462935
-3.83280896105258e-07
-0.0027601960925
-0.677362127716876
-5.25796805074465e-08
-0.0027601960925
-0.729035329759629
-0
-0.0027601960925
-0.671263697423272
-1.65676847430265e-08
-0.0027601960925
-0.6481318103536
-9.56969510759552e-08
-0.0027601960925
-0.662946571274486
-1.95900283528376e-06
-0.0027601960925
-0.684110602288209
-0.000188382294200464
-0.0027601960925
-0.649082518749626
-1.03241266540461e-07
-0.0027601960925
-0.703252245978404
-2.15778953244709e-07
-0.0027601960925
-0.676430611367975
-0
-0.0027601960925
-0.735724437483487
-1.25173247417201e-08
-0.00169752701064178
-0.514989812972545
-9.51243053537506e-08
-0.0027601960925
-0.777966908226393
-2.83857256828639e-05
-0.00130240278452329
-0.31718452460141
-3.42556083466885e-07
-0.0027601960925
-0.646747853512242
-5.59487095627631e-08
-0.0027601960925
-0.706606830454071
-2.07732931911864e-05
-0.00088096857665129
-0.216392324655972
