0.001681959277246
0
0
-0
-0.0027601960925
-0.940376044726763
-2.220580116155e-08
-0.0027601960925
-0.922346871615807
-1.02885429472866e-07
-0.0027601960925
-0.679238482507239
-6.53929780361094e-08
-0.0027601960925
-0.808978054100951
-2.85184945075269e-07
-0.0027601960925
-0.725059653225313
-0
-0.0027601960925
-0.691367193674015
-2.1499639164315e-08
-0.0027601960925
-0.712712013886752
-1.24618472921007e-05
-0.00275624215741747
-0.682719903760919
-9.63848366736241e-08
-0.0027601960925
-0.734944476719464
-3.93117919832439e-07
-0.0027601960925
-0.716472605071146
-5.41761998133603e-08
-0.0027601960925
-0.787986674126821
-0
-0.0027601960925
-0.727169059604801
-1.78315264480791e-08
-0.0027601960925
-0.813323953418593
-9.85368429324947e-08
-0.0027601960925
-0.723412489055172
-2.33034181012804e-06
-0.0027601960925
-0.800030965555699
-0.00039753730108908
-0.0027601960925
-0.671065395860641
-1.08524891880534e-07
-0.0027601960925
-0.838657065893456
-2.36612360067055e-07
-0.0027601960925
-0.803143189448382
-0
-0.0027601960925
-0.842398618221428
-1.19349129658241e-08
-0.00152318090278688
-0.541774808901379
-1.01222184455275e-07
-0.0027601960925
-0.939408118964026
-4.94578059078785e-05
-0.00100623377608576
-0.250180861571714
-3.78200636320385e-07
-0.0027601960925
-0.684206501674123
-5.83162539051319e-08
-0.0027601960925
-0.799172944233078
-2.4558552180664e-05
-0.000751107294566304
-0.185586076063728
