0.00175410550412422
0
0
-0
-0.0027601960925
-1.16503120257473
-2.41788538121523e-08
-0.0027601960925
-1.15809651287482
-1.05874979482206e-07
-0.0027601960925
-0.744883731083685
-6.89126328795035e-08
-0.0027601960925
-0.964705962827716
-2.9898173140858e-07
-0.0027601960925
-0.856567307573565
-0
-0.0027601960925
-0.866577084283602
-2.31120436266785e-08
-0.0027601960925
-0.896420162243127
-1.39685094150229e-05
-0.00241913045202662
-0.644256762976229
-1.01969452464624e-07
-0.0027601960925
-0.909850651282904
-4.09518145030459e-07
-0.0027601960925
-0.819902026954701
-5.71983445336082e-08
-0.0027601960925
-0.92781383472992
-0
-0.0027601960925
-0.855330397786051
-2.00207380748713e-08
-0.0027601960925
-1.15088777978605
-1.02972704646528e-07
-0.0027601960925
-0.844768869491777
-3.04274010745019e-06
-0.0027601960925
-0.971074696868504
-0.000712191289342736
-0.0027601960925
-0.775411836527357
-1.14713166253071e-07
-0.0027601960925
-1.00737914616505
-2.55450813938075e-07
-0.0027601960925
-0.985442353087496
-0
-0.0027601960925
-1.02198608966723
-1.14277785387376e-08
-0.00137451846301872
-0.565049598326499
-1.07842242431304e-07
-0.0027601960925
-1.08885079072422
-7.59352825358711e-05
-0.000872780434739493
-0.239319280859599
-4.02893164993377e-07
-0.0027601960925
-0.738800175583064
-6.09663628092555e-08
-0.0027601960925
-0.921064892300548
-3.05503397440371e-05
-0.000621258952052279
-0.16219764722874
