0.00181398741675878
0
0
-0
-0.0027601960925
-1.39954861643103
-2.58551856698366e-08
-0.0027601960925
-1.37823096912501
-1.09417823130664e-07
-0.0027601960925
-0.82611758772555
-7.24745693980849e-08
-0.0027601960925
-1.11937386037677
-3.14758318361641e-07
-0.0027601960925
-1.00414302098974
-0
-0.0027601960925
-1.07320360527755
-2.48194736507791e-08
-0.0027601960925
-1.09215465731109
-1.59584701439308e-05
-0.00212738553537289
-0.631814647468935
-1.07445027795422e-07
-0.0027601960925
-1.07822269767869
-4.27827143237789e-07
-0.0027601960925
-0.92553750898052
-6.06271964531737e-08
-0.0027601960925
-1.0794060807661
-0
-0.0027601960925
-1.01197479141895
-2.21497006799179e-08
-0.0027601960925
-1.51514799109934
-1.07115929099581e-07
-0.0027601960925
-0.951358436005248
-4.4902986112184e-06
-0.00274625258763217
-1.16019502773668
-0.00108720680452828
-0.0027601960925
-0.955413673002203
-1.21402630223822e-07
-0.0027601960925
-1.18499423343423
-2.76086209558481e-07
-0.0027601960925
-1.19230608525322
-0
-0.0027601960925
-1.23476087216794
-1.08696402728791e-08
-0.00124093471775422
-0.579132962870344
-1.83340974376602e-07
-0.0027601960925
-1.30498613085989
-0.000104935022771355
-0.0007921665103217
-0.235254827539821
-4.30380507549959e-07
-0.0027601960925
-0.792235732603579
-6.36876254527546e-08
-0.0027601960925
-1.04713647969793
-3.75560669939364e-05
-0.000514361825765356
-0.143018481248813
