0.00185484653256754
0
0
-0
-0.0027601960925
-1.57871161986733
-2.70978019865449e-08
-0.0027601960925
-1.53095450802036
-1.12232652221481e-07
-0.0027601960925
-0.889095559432156
-7.51286554363722e-08
-0.0027601960925
-1.22863257673708
-3.28838430851616e-07
-0.0027601960925
-1.12648264035658
-0
-0.0027601960925
-1.24259801494463
-2.60076284765366e-08
-0.0027601960925
-1.22724855991973
-1.79091345757804e-05
-0.00189170686449896
-0.633950875268272
-1.11426587363006e-07
-0.0027601960925
-1.1966555494405
-4.4238735189717e-07
-0.0027601960925
-0.99883952767408
-6.29420784504702e-08
-0.0027601960925
-1.17204579430254
-0
-0.0027601960925
-1.12848202411448
-2.35301879701674e-08
-0.0027601960925
-1.76828039743516
-1.09663682512848e-07
-0.0027601960925
-1.0093128087824
-1.51486885920651e-05
-0.0022846622793137
-1.02142775642179
-0.0013596426004118
-0.0027601960925
-1.14028475369409
-1.26329411447667e-07
-0.0027601960925
-1.30062065886846
-2.92330984721642e-07
-0.0027601960925
-1.35664767747754
-0
-0.0027601960925
-1.4020451518926
-1.04672677449284e-08
-0.00115349628639804
-0.581103987917757
-1.26434736259913e-06
-0.0027601960925
-1.39217537821811
-0.000122089244245023
-0.000734865146698092
-0.239114410955117
-4.5129074394286e-07
-0.0027601960925
-0.837861231194814
-6.57213758213177e-08
-0.0027601960925
-1.13774918693757
-4.39986320343731e-05
-0.000473713751011528
-0.143744944456023
