0.0019222822967882
0
0
-0
-0.0027601960925
-1.87818111033807
-2.91503273330426e-08
-0.0027601960925
-1.76261822876987
-1.17372340022668e-07
-0.0027601960925
-0.994362745384296
-7.9953578901294e-08
-0.0027601960925
-1.4081859857736
-3.5379457961668e-07
-0.0027601960925
-1.32691272625258
-0
-0.0027601960925
-1.54350455893594
-2.77884678945621e-08
-0.0027601960925
-1.44865363673647
-2.36273039565014e-05
-0.00154754226218848
-0.60342226025101
-1.17934355749859e-07
-0.0027601960925
-1.37205109860682
-4.76302189840326e-07
-0.0027601960925
-1.09051360356993
-6.75131193400409e-08
-0.0027601960925
-1.33609609917527
-0
-0.0027601960925
-1.33301588616019
-2.57406478565301e-08
-0.0027601960925
-2.15565171253643
-1.14379235263379e-07
-0.0027601960925
-1.1044498928076
-3.51036886133671e-05
-0.00187784191169494
-0.950918408000494
-0.00184744524467036
-0.0027601960925
-1.43382225824516
-1.34076110107175e-07
-0.0027601960925
-1.46890544582533
-3.2211301990998e-07
-0.0027601960925
-1.5988218871834
-0
-0.0027601960925
-1.65718491041279
-9.869395265725e-09
-0.00103849621902706
-0.571063230353245
-0.000105274123101994
-0.00193391402367425
-0.938219190212457
-0.000151475654060624
-0.000651398490198486
-0.232519909671415
-4.83671405792423e-07
-0.0027601960925
-0.929269510154101
-6.86721055235937e-08
-0.0027601960925
-1.25903001616037
-5.62710407443644e-05
-0.000434521782980307
-0.142751606639423
