0.00200380582598501
0
0
-0
-0.0027601960925
-2.30276546048662
-3.17057998094531e-08
-0.0027601960925
-2.04973990891537
-1.24837992898122e-07
-0.0027601960925
-1.1406042122033
-8.64962517203308e-08
-0.0027601960925
-1.65290527831062
-3.95604217935903e-07
-0.0027601960925
-1.60277505148739
-0
-0.0027601960925
-1.94237387879153
-3.0188831472078e-08
-0.0027601960925
-1.73262960240196
-3.48784446963669e-05
-0.00122943279991545
-0.590751002859053
-1.26732226250832e-07
-0.0027601960925
-1.59089633622955
-7.24487083032255e-07
-0.0027601960925
-1.20176855219378
-7.34957654100825e-08
-0.0027601960925
-1.50390283308779
-0
-0.0027601960925
-1.60519056141151
-2.80875027380652e-08
-0.0027601960925
-2.57974378698908
-1.20378488953584e-07
-0.0027601960925
-1.21429804874364
-4.23553345980548e-05
-0.0015643007250876
-0.919433609388574
-0.00246010982225637
-0.0027601960925
-1.74980599904781
-1.43065033798361e-07
-0.0027601960925
-1.64544634176033
-3.62575543275395e-07
-0.0027601960925
-1.86106895489257
-0
-0.0027601960925
-1.93261325053925
-9.15824841550214e-09
-0.000913626014973302
-0.548733621864684
-0.000213441704809973
-0.00167172045065959
-0.896729385368859
-0.000183559819806389
-0.000563520782094335
-0.227783733252064
-5.42906681012633e-07
-0.0027601960925
-1.03839301847347
-7.21299985154455e-08
-0.0027601960925
-1.38792414708326
-7.31585865879404e-05
-0.000392197050540504
-0.148282037002033
