0.00208489727888196
0
0
-0
-0.0027601960925
-2.75121997997396
-3.4390776009435e-08
-0.0027601960925
-2.34035126685214
-1.32921824902511e-07
-0.0027601960925
-1.29604287037031
-9.35010688402584e-08
-0.0027601960925
-1.88178652914745
-4.30790162594365e-07
-0.00259376684291357
-1.7573539446265
-0
-0.0027601960925
-2.36660144694629
-3.25518557953367e-08
-0.0027601960925
-1.99180308634797
-5.31679791007085e-05
-0.00106165672342869
-0.616207826508705
-1.3470755056595e-07
-0.0027601960925
-1.76387863456805
-1.24999871010112e-06
-0.00230248019072562
-1.09051293504441
-9.24026983829365e-08
-0.00228205593987049
-1.40462503020964
-0
-0.0027601960925
-1.89970828914978
-2.96304205021417e-08
-0.0027601960925
-2.85685945031701
-1.2520437873655e-07
-0.0027601960925
-1.27773173870881
-4.16124395049518e-05
-0.00130676534724879
-0.854940375996307
-0.00305775409468139
-0.0027601960925
-2.02986944748752
-1.51811620140609e-07
-0.0027601960925
-1.78507263882201
-4.10247938999127e-07
-0.0027601960925
-2.10404679624445
-0
-0.0027601960925
-2.19971067932829
-8.46264836179181e-09
-0.000803673624692194
-0.516158324716361
-0.000246495088143145
-0.00147882055371973
-0.853040510272128
-0.000211451222239247
-0.000495074004606098
-0.225996487037463
-6.06155685016237e-07
-0.0027601960925
-1.12715209609947
-7.56938690484091e-08
-0.0027601960925
-1.51209273990566
-9.18028197751317e-05
-0.000357189881675492
-0.143933746917785
