0.00222740324654181
0
0
-0
-0.00234219942630704
-2.82014589710686
-3.44171238404e-08
-0.00252986874260591
-2.45137385079972
-1.467261465855e-07
-0.0027601960925
-1.53489603604494
-1.02976861521537e-07
-0.0027601960925
-2.18205453631807
-3.7024698089042e-07
-0.00189201092995454
-1.48651312758463
-0
-0.0027601960925
-2.96498302028008
-3.5018581833325e-08
-0.0027601960925
-2.1620613248483
-9.26956472824082e-05
-0.000845710208613862
-0.614815979061
-1.39759320673325e-07
-0.0027601960925
-1.83509404653421
-6.9694537568626e-06
-0.000957451974033822
-0.501035918239667
-1.0304486530991e-06
-0.00138710457215386
-0.915194337258888
-0
-0.0027601960925
-2.33897944884416
-3.09876422472265e-08
-0.0027601960925
-2.93360377352107
-1.31301997328557e-07
-0.0027601960925
-1.32771059427767
-2.9467476728081e-05
-0.000998223721531499
-0.700934705666762
-0.00391472733386616
-0.0027601960925
-2.35681358323909
-1.64660285132045e-07
-0.0027601960925
-1.93340049716694
-4.66840674041519e-07
-0.0027601960925
-2.33248571726595
-0
-0.00233973277215275
-2.09704708879617
-7.4428300120651e-09
-0.00066742267311996
-0.463783036450139
-0.000283486867987379
-0.0012173459051601
-0.75739472580832
-0.000246434526767868
-0.000404021054214455
-0.218460299132673
-7.34200603789943e-07
-0.0027601960925
-1.28226233553011
-8.23187039763881e-08
-0.0027601960925
-1.7615927852687
-0.000119545824755921
-0.000302825235113727
-0.133618932773529
