0.00236933698398481
0
0
-0
-0.001837286060409
-2.51989416838928
-2.81735589080975e-08
-0.00195930292633147
-2.08590304929585
-1.64786065095199e-07
-0.0027601960925
-1.80557082571199
-1.10971876575584e-07
-0.0027601960925
-2.5123400437949
-3.61187087886734e-07
-0.00138323947666329
-1.22540772495461
-0
-0.0027601960925
-3.53834933771611
-3.75282367176337e-08
-0.0027601960925
-2.31047803205724
-0.000129477681579229
-0.000677880087568321
-0.595774675329728
-1.48217014517268e-07
-0.0027601960925
-2.01523508971034
-8.56972383324308e-05
-0.000692899514045279
-0.468187413328214
-5.57870938367242e-05
-0.000873250236739679
-0.658945831321126
-0
-0.0027601960925
-2.74686231897891
-3.23256776990574e-08
-0.0027601960925
-3.00529456089245
-1.39079266124035e-07
-0.0027601960925
-1.41656837858922
-2.03420106222648e-05
-0.000750659165939972
-0.567632260279593
-0.00466258360773347
-0.0027601960925
-2.63676635111079
-1.74965574432866e-07
-0.0027601960925
-2.09558263210891
-5.24133736224944e-07
-0.0027601960925
-2.50426686575956
-0
-0.00192200474584656
-1.86823085354471
-6.57742295130089e-09
-0.000560892086574489
-0.417152749968529
-0.000311715206930368
-0.00101195008803159
-0.654927966595934
-0.000255316286250002
-0.000315999224706422
-0.195169968741891
-1.13686870853821e-06
-0.0027601960925
-1.52396686642809
-8.91468259693925e-08
-0.0027601960925
-2.08530272716862
-0.000140314377523798
-0.000257949281301534
-0.12939783460401
