0.00241904209300399
0
0
-0
-0.000184013072833333
-0.15345939894293
-2.17683613899865e-09
-0.000184013072833333
-0.120636474956465
-8.24815897777656e-09
-0.000184013072833333
-0.0458348412965768
-5.11285115452367e-09
-0.000184013072833333
-0.0549307268309617
-2.9532090381739e-08
-0.000184013072833333
-0.0681078665695446
-0
-0.000184013072833333
-0.154975315717334
-2.24422889604318e-09
-0.000184013072833333
-0.117038048977729
-3.78920932049167e-05
-0.000184013072833333
-0.0905368712367854
-7.63172595191646e-09
-0.000184013072833333
-0.0489953633323189
-2.92652574964606e-05
-0.000184013072833333
-0.055330816244352
-1.59691099376789e-05
-0.000184013072833333
-0.0534490788742917
-0
-0.000184013072833333
-0.111354791690993
-2.56521556417878e-09
-0.000184013072833333
-0.347549799457673
-6.72253512236301e-09
-0.000184013072833333
-0.0335145025337774
-2.82815853114958e-06
-0.000184013072833333
-0.0286063130665582
-0.000613544012830374
-0.000184013072833333
-0.0232246133205924
-8.53920429953416e-09
-0.000184013072833333
-0.0584436763084002
-5.9148415316311e-08
-0.000184013072833333
-0.0573826255483443
-0
-0.000184013072833333
-0.0858767053353975
-1.95995719623128e-09
-0.000184013072833333
-0.0940196671965561
-7.4655545720347e-05
-0.000184013072833333
-0.0354581157908984
-0.000156494782356711
-0.000184013072833333
-0.065019535046854
-7.24188270115351e-08
-0.000184013072833333
-0.0486065703969253
-5.45523449252061e-09
-0.000184013072833333
-0.0476225174721781
-0.000109262927075217
-0.000184013072833333
-0.0646685300527036
