0.00246407710606017
0
0
-0
-0.000184013072833333
-0.132634008578065
-1.98637688501032e-09
-0.000184013072833333
-0.0971880846279385
-8.11047966814606e-09
-0.000184013072833333
-0.0374481294597922
-4.71940706579728e-09
-0.000184013072833333
-0.0401219793208965
-2.72082843698944e-08
-0.000184013072833333
-0.0474812832393881
-0
-0.000184013072833333
-0.144937152990842
-2.102806303829e-09
-0.000184013072833333
-0.102273700732683
-4.0880571935089e-05
-0.000184013072833333
-0.0851399208426299
-7.08611551006791e-09
-0.000184013072833333
-0.0373936040592392
-3.28593835724266e-05
-0.000184013072833333
-0.0485306401753025
-1.61256403475772e-05
-0.000184013072833333
-0.0405873675143816
-0
-0.000184013072833333
-0.10617794234312
-2.01278246478355e-09
-0.000184013072833333
-0.179913614656932
-5.86457203780947e-09
-0.000184013072833333
-0.0315820271625542
-2.10664166214425e-06
-0.000184013072833333
-0.0297928177489376
-0.000756771325998884
-0.000184013072833333
-0.023748710009082
-7.6286577796994e-09
-0.000184013072833333
-0.0394969249352712
-5.51944373149501e-08
-0.000184013072833333
-0.0533468064711293
-0
-0.000184013072833333
-0.0807507472514003
-1.83213340253428e-09
-0.000184013072833333
-0.082081125969695
-7.35534324211396e-05
-0.000184013072833333
-0.031743105338829
-0.000165971966876995
-0.000184013072833333
-0.0644092016851427
-7.26288156241239e-08
-0.000184013072833333
-0.0485046286903645
-5.19868880507745e-09
-0.000184013072833333
-0.0482570682696741
-0.000117259677528952
-0.000184013072833333
-0.0596920599517531
