0.00250370751256084
0
0
-0
-0.000184013072833333
-0.125178310067841
-1.80769985945335e-09
-0.000184013072833333
-0.0747647500856431
-8.35132310028715e-09
-0.000184013072833333
-0.0359577745513453
-4.60798173045376e-09
-0.000184013072833333
-0.0382049835991
-2.57733360548199e-08
-0.000184013072833333
-0.0353658202658388
-0
-0.000184013072833333
-0.136250324899407
-1.94947808060062e-09
-0.000184013072833333
-0.08340146967151
-4.35604619865668e-05
-0.000184013072833333
-0.0783744273933131
-6.72492115194867e-09
-0.000184013072833333
-0.0354694985609147
-3.39482956123441e-05
-0.000184013072833333
-0.0424703863267087
-1.49267017291679e-05
-0.000184013072833333
-0.0366008657678033
-0
-0.000184013072833333
-0.101322771308751
-1.69142626754236e-09
-0.000184013072833333
-0.0808011251435156
-5.45422761657725e-09
-0.000184013072833333
-0.031911402249885
-3.03517674343869e-06
-0.000184013072833333
-0.0296192856626479
-0.000834188630106863
-0.000184013072833333
-0.0241765902798598
-6.70657062520477e-09
-0.000184013072833333
-0.0316776662571273
-5.31490671951067e-08
-0.000184013072833333
-0.0517314834748694
-0
-0.000184013072833333
-0.0757123550330065
-1.73697745806487e-09
-0.000184013072833333
-0.0730364756936946
-7.41374718927839e-05
-0.000184013072833333
-0.0319947302302793
-0.00016900552772565
-0.000184013072833333
-0.0591734673543901
-7.46255759050503e-08
-0.000184013072833333
-0.0500588966998972
-5.21648552499945e-09
-0.000184013072833333
-0.0503521133719619
-0.000124031450229739
-0.000184013072833333
-0.0546260107970995
