0.00251313873914425
0
0
-0
-0.0027601960925
-2.9294714598535
-3.05900963232995e-08
-0.0027601960925
-1.58605618064237
-1.40673544994407e-07
-0.0027601960925
-0.838616980202815
-7.92404084169366e-08
-0.0027601960925
-1.0738310820505
-4.65282872352788e-07
-0.0027601960925
-1.03687173939924
-0
-0.0027601960925
-2.49999396305876
-2.99877453357838e-08
-0.0027601960925
-1.38756934875306
-0.0001967810620309
-0.000796464878252495
-0.540672778778243
-1.09387773568494e-07
-0.0027601960925
-0.819552845019697
-0.000148426923471419
-0.000897660513522857
-0.380523156792575
-0.000117425277939195
-0.00131751962512179
-0.462496931880028
-0
-0.0027601960925
-2.01261485190238
-2.41834017493683e-08
-0.0027601960925
-1.40712932902406
-9.92479923885662e-08
-0.0027601960925
-0.514338045139693
-9.43429302591857e-05
-0.00214698304887916
-0.329489150752427
-0.00578427977243037
-0.0027601960925
-0.372052562093373
-1.18822299872367e-07
-0.0027601960925
-0.77168406586888
-2.87878872934037e-07
-0.0027601960925
-0.725118761636391
-0
-0.0027601960925
-1.97905478799888
-8.10640203597336e-09
-0.000825984164053375
-0.420620489640448
-0.00055761243716314
-0.00147604531945619
-0.382308990746385
-0.000292674904893102
-0.000310319218944303
-0.156488235143607
-8.40871548145694e-07
-0.0027601960925
-0.770232290892898
-6.55161192564337e-08
-0.0027601960925
-0.874401404782734
-0.000167003198412565
-0.0002435417442416
-0.0959883012158594
