0.00253147727929178
0
0
-0
-0.00233477815901494
-2.90906274321029
-3.30829745334398e-08
-0.0027601960925
-1.86853883578311
-2.02714700362491e-07
-0.0027601960925
-1.13433231395367
-8.95383319479687e-08
-0.0027601960925
-1.49041517758186
-4.84767365551632e-07
-0.00235945059801685
-1.14220188022601
-0
-0.0027601960925
-2.80021230553964
-3.09438171714909e-08
-0.0027601960925
-1.49181819222557
-0.000197499716786573
-0.000759200521761302
-0.521770846847307
-1.20556497250715e-07
-0.0027601960925
-1.13710245312126
-0.000132228429473091
-0.000858124941893003
-0.403210514357333
-0.000109998351301823
-0.00116293384406423
-0.541470831100067
-0
-0.0027601960925
-2.01876266438361
-2.56833198236719e-08
-0.0027601960925
-1.63922722195776
-1.11110447752563e-07
-0.0027601960925
-0.741671831330163
-7.93165913214202e-05
-0.00130760479053078
-0.266698303101126
-0.0039942181797313
-0.0027601960925
-0.385908253211505
-1.29014542643146e-07
-0.0027601960925
-1.00673586824206
-3.19220367875168e-07
-0.0027601960925
-0.960683604874282
-0
-0.00241508802475729
-2.10063313333169
-7.68320691689407e-09
-0.000736223783480191
-0.430330175769897
-0.000356276435501589
-0.0013198036896248
-0.55829957811732
-0.000288240569418606
-0.000309413030077118
-0.163682509413884
-9.39928501326017e-07
-0.0027601960925
-0.929714093285996
-7.48687947467023e-08
-0.0027601960925
-1.33061106981512
-0.000169505255697533
-0.000240530217789363
-0.0999085753631786
