0.00254942950669617
0
0
-0
-0.00209795660862348
-2.79075958455473
-3.34673080486296e-08
-0.00263913549546136
-1.98443623395467
-3.58345764219385e-07
-0.0027601960925
-1.3624447361883
-9.75287397149413e-08
-0.0027601960925
-1.80418623282726
-4.83038879911707e-07
-0.00201520249501427
-1.15126239294763
-0
-0.0027601960925
-3.14888000796688
-3.22469884801529e-08
-0.0027601960925
-1.6437475116349
-0.000198773530661791
-0.000719569092730575
-0.529297337662341
-1.28665966499389e-07
-0.0027601960925
-1.36337224487838
-0.000128414118124767
-0.000794570024229198
-0.426809979474598
-0.00010525681518297
-0.00107307826788968
-0.58697905121449
-0
-0.0027601960925
-2.07193255070136
-2.71532229260362e-08
-0.0027601960925
-1.87448370004574
-1.1863756586526e-07
-0.0027601960925
-0.927711553617204
-7.37410976780544e-05
-0.00120973655445145
-0.360286464680909
-0.00422674749084617
-0.0027601960925
-0.392824056325302
-1.36687400022191e-07
-0.0027601960925
-1.18276599128686
-3.46031776965733e-07
-0.0027601960925
-1.18893062556016
-0
-0.00225139341535848
-2.12826961828135
-7.40343127169121e-09
-0.000683259374367143
-0.432014909773613
-0.000313931091788074
-0.00126704641608607
-0.583519012438327
-0.000283806358142018
-0.000300935126197586
-0.169443729949198
-1.08875471936225e-06
-0.0027601960925
-1.14191009423376
-8.14918072653445e-08
-0.0027601960925
-1.65102161474439
-0.000170629160582975
-0.000235850576033242
-0.100146372409022
