0.00257655783253857
0
0
-0
-0.00186642803230635
-2.67227399438096
-3.022945248152e-08
-0.00226239143194113
-1.90087593455351
-8.79948798374869e-07
-0.0027601960925
-1.68334479736319
-1.05392476057381e-07
-0.0027601960925
-2.15028385749741
-4.81395013604511e-07
-0.00161370285556987
-1.11194946814717
-0
-0.0027601960925
-3.5653403222059
-3.41095951817334e-08
-0.0027601960925
-1.84745880805723
-0.00020104259167156
-0.000660607512253608
-0.550123570412218
-1.38445699073751e-07
-0.0027601960925
-1.61961522985276
-0.000133783840358391
-0.000702766672388551
-0.443369945986785
-0.000102442328164704
-0.000976291419316582
-0.602232301975121
-0
-0.0027601960925
-2.24594733163519
-2.86981003098838e-08
-0.0027601960925
-2.15840809639787
-1.28784157695081e-07
-0.0027601960925
-1.14658575746386
-7.4252348684718e-05
-0.00107879263549235
-0.445056976618637
-0.00450590820386865
-0.0027601960925
-0.750810400828201
-1.46562083779593e-07
-0.0027601960925
-1.40756365719334
-3.82138882826962e-07
-0.0027601960925
-1.4920382181193
-0
-0.00209313177553153
-2.08289829616629
-7.06120327761758e-09
-0.000626064449647433
-0.426892086109694
-0.000314411103532947
-0.0011627704417442
-0.585633287581326
-0.000281995176311912
-0.000281721926981008
-0.173877263582403
-1.46467212097034e-06
-0.0027601960925
-1.42657798558439
-8.67345624588054e-08
-0.0027601960925
-1.89193128266236
-0.000171254930235288
-0.000227060396043444
-0.10076992779796
