0.00261481534337386
0
0
-0
-0.00162983885034132
-2.51949138187691
-2.66244151367666e-08
-0.00189924147954463
-1.80083161854467
-2.94590418881678e-06
-0.0027601960925
-2.01889138664401
-1.117625261676e-07
-0.0027601960925
-2.48367472444398
-4.80497034735808e-07
-0.00123796802715373
-1.02643742633757
-0
-0.0027601960925
-3.98912582630847
-3.63903392016647e-08
-0.0027601960925
-2.07808121971192
-0.000203054864851991
-0.000591825829105749
-0.560422899610871
-1.48200409091529e-07
-0.0027601960925
-1.92616015856804
-0.000146626705610411
-0.000595168633660081
-0.442742026701474
-0.000103116435283985
-0.000859565150593184
-0.600031594252115
-0
-0.0027601960925
-2.55810840642391
-3.04362716526308e-08
-0.0027601960925
-2.53171171560024
-1.47784658105344e-07
-0.0027601960925
-1.35562845333906
-6.16208355700699e-05
-0.00084980127966259
-0.533484110108335
-0.00479138695897981
-0.0027601960925
-1.9401439367933
-1.61869990129383e-07
-0.0027601960925
-1.74217335546942
-4.58970713612548e-07
-0.0027601960925
-1.98757482042719
-0
-0.0019021064690768
-1.98736276212952
-6.62988825625847e-09
-0.000564870737886453
-0.418456496980073
-0.000329942217471356
-0.00104067616428974
-0.579654671171131
-0.00028295408889766
-0.000253891097075492
-0.17242320091812
-2.28615239724041e-06
-0.0027601960925
-1.68708556924282
-9.08280329326186e-08
-0.0027601960925
-2.09712151298057
-0.000171434365688829
-0.000214026253182124
-0.101164834907961
