0.00268040905794989
0
0
-0
-0.00135622124912178
-2.27183115571771
-2.23809000793689e-08
-0.00149773665892637
-1.63740475568901
-0.000135209700324951
-0.0027601960925
-2.37127455083161
-1.14144769542211e-07
-0.00264787871097745
-2.66786510704439
-4.84684752072497e-07
-0.000878710559437653
-0.869172076175977
-0
-0.00259458914136838
-4.20108027808282
-3.89641208082919e-08
-0.0027601960925
-2.39065812244962
-0.000202881888889657
-0.000504821570528185
-0.548925501128865
-1.63390992307021e-07
-0.0027601960925
-2.31597506367342
-0.000163273644062235
-0.000473117176347868
-0.415711303548033
-0.000107135931121194
-0.000692582181936095
-0.583929414422994
-0
-0.00238825610520329
-2.53075757621561
-3.27631567166292e-08
-0.0027601960925
-2.98679125462849
-3.27943664728407e-07
-0.0027601960925
-1.60965824175835
-5.47212186540095e-05
-0.000634872719096459
-0.509690820341719
-0.00480842711581397
-0.00240291057826957
-2.35022878713441
-1.77816187790238e-07
-0.0027601960925
-2.13967180265394
-5.4925371654504e-07
-0.0027601960925
-2.49755602900292
-0
-0.00163857796540262
-1.83129343741597
-6.02260366850541e-09
-0.00048855965033563
-0.398143354307404
-0.000347119824256718
-0.000886356956672514
-0.55628852452723
-0.000283739889220678
-0.000217175416454055
-0.166129354235061
-1.24692728700111e-05
-0.0027601960925
-1.94241868379956
-8.80750567270235e-08
-0.00254514940297075
-2.14009154287687
-0.00017211853565535
-0.000194217012079296
-0.100588187552375
