0.00275343516815744
0
0
-0
-0.00115661410157237
-2.04122201856302
-1.93501309974654e-08
-0.00123431637215822
-1.477711406723
-0.000259959937885095
-0.0027601960925
-2.58462911116379
-9.74318279734637e-08
-0.00218917906005621
-2.30701226742007
-5.02453088483495e-07
-0.000666408263823613
-0.718337106041143
-0
-0.00221225846185079
-3.827851704887
-4.11085828721674e-08
-0.0027601960925
-2.68297721600041
-0.000199084692290464
-0.000435000155452456
-0.520791708719896
-1.83939030210829e-07
-0.0027601960925
-2.63954649763508
-0.000179171993609666
-0.000377207970763077
-0.376594541390943
-0.000109250342004317
-0.000571583552829043
-0.550566557786518
-0
-0.00203553387252028
-2.34057520000984
-3.47736172584113e-08
-0.0027601960925
-3.30708900380951
-9.47351213137722e-07
-0.0027601960925
-1.77498505239373
-5.98622164492072e-05
-0.00048670846425542
-0.451946876417493
-0.00458604636626935
-0.00192868353925044
-1.9651000689808
-1.92376051572597e-07
-0.0027601960925
-2.39415193905203
-6.24211049642182e-07
-0.0027601960925
-2.81439526703903
-0
-0.00141353404098901
-1.67849999839031
-5.47678923209313e-09
-0.00042532039649952
-0.374891531548851
-0.000354470279964327
-0.000753483411031076
-0.51886798716952
-0.00028209191481566
-0.000188161840851333
-0.159439230108627
-7.16808226133619e-05
-0.0027601960925
-2.18197642212179
-7.99508564156291e-08
-0.00222810604485541
-1.99947426016592
-0.000173075368780201
-0.000176130301651147
-0.0978891730508367
