0.00283290841176062
0
0
-0
-0.0010054954412902
-1.8385968073953
-1.69587509627158e-08
-0.00104158593426999
-1.32990231238802
-0.000313578903086869
-0.0027601960925
-2.69201522041269
-8.42166455278924e-08
-0.00184679766666164
-2.00331315272424
-5.1500709753541e-07
-0.000556655976743548
-0.601599504070874
-0
-0.00191532085647711
-3.47527645400423
-4.30673362612714e-08
-0.0027601960925
-2.90701394492351
-0.000193784039716768
-0.000377752468333774
-0.482970667537426
-2.71520824659312e-07
-0.0027601960925
-2.88561340777717
-0.000192392578209282
-0.000302036849513957
-0.326269824479435
-0.000109498686014734
-0.000487018641587132
-0.499061935433515
-0
-0.00176957350581657
-2.1397593976746
-3.54550378884072e-08
-0.0027601960925
-3.33067237147542
-1.48699992908637e-05
-0.00237337450719014
-1.57247996918129
-6.88516709229587e-05
-0.00040555087706607
-0.397631967237713
-0.00440822203744856
-0.00161884069646753
-1.6214267890186
-2.0471293077411e-07
-0.0027601960925
-2.52348597505914
-5.7945859606518e-07
-0.00238551777156407
-2.4988872779796
-0
-0.00124980719116603
-1.56391020698826
-5.04385701603765e-09
-0.000378470096818468
-0.354026866618092
-0.00034889953801467
-0.000648253205397068
-0.468152401432636
-0.000278934654821787
-0.000163877752857241
-0.150593686353197
-9.44360333990403e-05
-0.0027601960925
-2.36588090820272
-7.30341327878291e-08
-0.001976237216087
-1.85156920249431
-0.000173740225601367
-0.000159620192558828
-0.094265251551911
