0.00291676935523011
0
0
-0
-0.000886156086635208
-1.66152796637201
-1.4968124380523e-08
-0.000890891020507946
-1.19435530755997
-0.0003531408839048
-0.0027601960925
-2.75148789040993
-7.30965096205297e-08
-0.00157199571992759
-1.73593658734906
-5.24577123356285e-07
-0.000464655016171498
-0.500138242172091
-0
-0.00167643301744725
-3.15040556560528
-4.48614434465346e-08
-0.0027601960925
-3.07423981265685
-0.000189035682316788
-0.000330556443365563
-0.440711899662361
-5.1877569459186e-07
-0.0027601960925
-3.08908929915986
-0.000200668383368508
-0.000241758030470992
-0.280855213248663
-0.000110471597077273
-0.000421666716524463
-0.446559058767575
-0
-0.00157111503068505
-1.95531164327851
-3.5575940580629e-08
-0.0027601960925
-3.2301140038706
-4.61725666686267e-05
-0.00188748176410708
-1.32138009563905
-7.63354481407956e-05
-0.000365016102631139
-0.356302268018209
-0.0042584831594292
-0.00142573746305003
-1.39153101930397
-2.01968988331659e-07
-0.0026563123458912
-2.46054978556706
-6.69074290676729e-07
-0.00208546391082745
-2.19855007081803
-0
-0.00112924288382143
-1.47562683102022
-4.69978570876645e-09
-0.000343178115018272
-0.335365117391326
-0.000344556253545185
-0.000566289474896862
-0.423547445758002
-0.000275297358283872
-0.000144090997929231
-0.140735224054231
-0.000117605135204945
-0.0027601960925
-2.52607478991135
-6.69884891761136e-08
-0.00176790484436977
-1.70041085628472
-0.00017412950007973
-0.0001444241262196
-0.0890039144901744
