0.00308990218790982
0
0
-0
-0.000722138100739548
-1.3933297459289
-1.21339480950993e-08
-0.000691085980218277
-0.98375823139155
-0.00042183860987994
-0.0027601960925
-2.71399945969156
-5.75807662580278e-08
-0.00121744204274807
-1.33507704124697
-1.441552340096e-05
-0.000332324693007302
-0.350879161120167
-0
-0.00135932109278003
-2.66802121757717
-4.62301685282421e-08
-0.0027601960925
-3.0814484787744
-0.000191043710530046
-0.000274506810407024
-0.366833858626285
-1.12977920518538e-06
-0.00214281990249009
-2.43809497165456
-0.000202558478733521
-0.00018981605745933
-0.221113214789577
-0.000116615992162915
-0.000341822403356567
-0.371550051010244
-0
-0.00132836287389614
-1.67975485625767
-3.59353472981664e-08
-0.0027601960925
-3.06074488690708
-6.67520280663244e-05
-0.00117765467430048
-0.878172801500899
-8.45214158758636e-05
-0.000326549019320961
-0.312074302675155
-0.00402237308775812
-0.00122694167739348
-1.16451324516303
-1.83440234856148e-07
-0.00238593197078918
-2.21593905455075
-1.03914871862057e-06
-0.00167377072006188
-1.74706132381679
-0
-0.000974522076626952
-1.36164537170682
-4.21140357607664e-09
-0.00029708231175601
-0.308762707004109
-0.000333432420489827
-0.000457754817295497
-0.354326245701599
-0.00026444211902946
-0.000117482542962546
-0.123634436802873
-0.000192687934213629
-0.0027601960925
-2.7328714499274
-5.71693201166487e-08
-0.00145301594537782
-1.43670029588375
-0.000174545964634517
-0.000118995657728535
-0.0752719300069206
