0.00325883328716042
0
0
-0
-0.00061697342408483
-1.20961425423847
-1.05319818192048e-08
-0.000585997127607514
-0.850065940926124
-0.000487503896267953
-0.00243681052824113
-2.2386806201972
-5.012741330401e-08
-0.00106577859158347
-1.11985875427423
-2.71812391842033e-05
-0.00026238703736798
-0.259356710152073
-0
-0.00115759203821252
-2.33265416128071
-4.61386537571647e-08
-0.00274779892607991
-2.93812914628878
-0.000197421780773224
-0.000242701187409789
-0.31160022642122
-2.41160171948678e-05
-0.00155965825052766
-1.69140586746508
-0.000200891002151592
-0.000165268006646007
-0.18710000106
-0.000123143368850858
-0.000289665696746619
-0.326080928133532
-0
-0.00116690101312235
-1.46956984145176
-4.10185051854111e-08
-0.0027601960925
-3.0015991652974
-8.6369781305562e-05
-0.000833500036086914
-0.630233359577956
-8.98984441015477e-05
-0.000298589196171768
-0.281522374681423
-0.00380449182599547
-0.00108920129959098
-1.01525648977914
-1.71654321218795e-07
-0.00219813432691425
-2.0764080139421
-1.45984992813807e-06
-0.00135605403247491
-1.38707444693339
-0
-0.000865167555798262
-1.27835546080948
-3.85124803188417e-09
-0.000264774549502515
-0.287298186771726
-0.000320151132280313
-0.000385609522924192
-0.301874851998035
-0.000253321098082709
-9.78320682960235e-05
-0.107153225748949
-0.000268074695039777
-0.0027601960925
-2.87561767806545
-4.9052049304802e-08
-0.0012136328062543
-1.2113278399395
-0.00017419881440928
-9.94375177085192e-05
-0.0627064653509475
