0.00342128819344803
0
0
-0
-0.000547501225097274
-1.08448219843219
-9.51778034283853e-09
-0.000525387573962658
-0.758917756726386
-0.000510897441072767
-0.00222282539794242
-1.87252611201251
-4.56746495707463e-08
-0.000986697292028142
-0.975729520161701
-3.61912984963091e-05
-0.000203135712536718
-0.183676091359544
-0
-0.00102969018527559
-2.10907946782857
-4.29180470749226e-08
-0.00260047713437721
-2.58339195914586
-0.000198763561114437
-0.000220352806969287
-0.268272397430032
-5.98105203385788e-05
-0.00118287510534589
-1.23946399509434
-0.000198620999759673
-0.000148529636237297
-0.165531606016558
-0.000126201006451147
-0.000259677317940751
-0.294724880275945
-0
-0.00105132616125597
-1.3060605747896
-1.9429536937468e-07
-0.0027601960925
-2.97957851846031
-0.000122313648549329
-0.000725637525291306
-0.549241284151635
-9.38791504576808e-05
-0.000271441564749098
-0.252852738706964
-0.00361361817185384
-0.000980184306504376
-0.89498458961468
-1.61933905844133e-07
-0.00203840063011848
-1.96701647605015
-1.85265951787017e-06
-0.00111587834019826
-1.10740061217859
-0
-0.00078081739318054
-1.20938175621824
-3.55847635456146e-09
-0.000239772750340484
-0.26803648588844
-0.000304316418055374
-0.000334240787673799
-0.262624907862913
-0.000241854119087007
-8.26253791454258e-05
-0.0918296978182588
-0.000333735299300149
-0.0027601960925
-2.94063898163736
-4.23646569600956e-08
-0.00102866298570705
-1.02065913286999
-0.000171773678489427
-8.43339902517985e-05
-0.0516490161912854
