0.00353825375657408
0
0
-0
-0.000508140182339999
-1.0124130170321
-8.94108965486273e-09
-0.000492946883212078
-0.704820447827002
-0.000523547504295654
-0.00209671997800257
-1.65715177730568
-4.30890013922845e-08
-0.000943734985448176
-0.887289917495605
-4.48575060887328e-05
-0.000182689675598203
-0.153955355081322
-0
-0.000956020371675095
-1.98105586518506
-4.05315437510154e-08
-0.00246353179192605
-2.36856299684017
-0.00019898772122274
-0.000204928689141153
-0.241823320958285
-8.28082384109503e-05
-0.00105653248783295
-1.10106737824913
-0.000194511837963535
-0.000136457014707885
-0.15266417509918
-0.000124141712147167
-0.000238281437353259
-0.273608809920593
-0
-0.000974406970682953
-1.19810820711983
-1.83382023982221e-06
-0.0027601960925
-3.07160346057604
-0.000131523864432979
-0.000654389696835216
-0.500610042182732
-9.58054360327696e-05
-0.000251761592260271
-0.231976817190816
-0.00347861156521617
-0.000904165126502812
-0.80609217404373
-1.54282848633082e-07
-0.00191988550210089
-1.87674964715072
-2.07361491654003e-06
-0.0010120126364329
-0.992718162345643
-0
-0.000725020602103699
-1.1567503757803
-3.36149235146416e-09
-0.0002235096790021
-0.254160277251959
-0.000291840885436578
-0.000303267683335962
-0.237424926228792
-0.000233016590785088
-7.33205192706569e-05
-0.0813612383468383
-0.000375270332942632
-0.0027601960925
-2.95451254001703
-3.80733802995026e-08
-0.000914204399361864
-0.896380147578571
-0.000168779101742567
-7.5007545236194e-05
-0.044123995806706
