0.00365130730615648
0
0
-0
-0.000477121069451924
-0.953503660440065
-8.47023253286078e-09
-0.000467710050675037
-0.659279420859744
-0.000529528309435168
-0.00199232675504466
-1.48739969136901
-4.09279918468735e-08
-0.000909546317482132
-0.810949609023187
-5.89240803590518e-05
-0.000165092617724263
-0.137070630615752
-0
-0.000895560573184905
-1.87859471212088
-3.84113089490781e-08
-0.00231234993559347
-2.18539492957469
-0.000198833952524188
-0.000191130708894578
-0.219775157839942
-0.0001051477307029
-0.000986799258876043
-1.03175112024822
-0.000189867156855404
-0.000125743219227612
-0.141091717792631
-0.000120619304082866
-0.000219516974348222
-0.25403328389152
-0
-0.000906115055812202
-1.10609579476063
-1.87027032685959e-05
-0.0027601960925
-3.1261164216229
-0.000135836662745038
-0.000599434892905474
-0.456263266090489
-9.7634254494672e-05
-0.000234414554754964
-0.212106686469201
-0.00335472378137619
-0.000836846657961368
-0.725759120280127
-1.47131767234029e-07
-0.00181533639924796
-1.78868834674423
-3.12046531369028e-06
-0.000919642208078856
-0.889904266205981
-0
-0.000676289015337787
-1.10619898486774
-3.18368026050031e-09
-0.000209302205814747
-0.240951046109888
-0.000279711232871232
-0.000277357685088493
-0.214686890322548
-0.00022436805355715
-6.55852787706632e-05
-0.0722493917359876
-0.000411922408386113
-0.0027601960925
-2.95079424516556
-3.42898026945812e-08
-0.00081658866484183
-0.785635824097787
-0.000165756759195418
-6.76039094752543e-05
-0.038001768152688
