0.0037595287003852
0
0
-0
-0.000452330517670416
-0.904468790557651
-8.08204168640626e-09
-0.000447811861056924
-0.620663879222112
-0.000530049789910701
-0.0019023537054493
-1.35103947439156
-3.91127896367885e-08
-0.000881468564685793
-0.746192018171194
-6.75450954124753e-05
-0.000152364576557334
-0.124528978444052
-0
-0.000845119796963794
-1.79351922300171
-3.67821716346707e-08
-0.00217205969144997
-2.02871736394394
-0.00019821806552587
-0.000179199960933739
-0.200832733143222
-0.000111766638834255
-0.000939499377687334
-0.970737235772022
-0.000185371765282829
-0.000116815623313235
-0.130283321922501
-0.000117274339017915
-0.000203264487304327
-0.236397280851533
-0
-0.000842892411093508
-1.02718628598246
-9.77690193956441e-05
-0.0027601960925
-3.20791204225565
-0.000138097572899076
-0.000554723089240212
-0.410702181792612
-9.9805701581861e-05
-0.000218514170287456
-0.19307494854813
-0.00324000418091265
-0.00077483898033637
-0.650654198627859
-1.40023080746533e-07
-0.00171690391902204
-1.69794085971
-1.39113126373112e-05
-0.000863804192982568
-0.836373288738846
-0
-0.000633249809835472
-1.05739780569891
-3.03058994164917e-09
-0.000197398644539127
-0.229224846598371
-0.000270583046644421
-0.00025805454230359
-0.194987012899287
-0.000218348783068328
-5.98576739327548e-05
-0.064493796013634
-0.000437594059460691
-0.0026115637785243
-2.71278072837514
-3.21413617249785e-08
-0.000763454805246712
-0.724488155403123
-0.000163273457893725
-6.1498198436406e-05
-0.0327873302320701
