0.00386373155278044
0
0
-0
-0.000432413777868757
-0.863330169679797
-7.75981048288975e-09
-0.000431996279097424
-0.587738664150612
-0.000530091250090703
-0.00182354046298926
-1.23955430553817
-3.75869596513204e-08
-0.000858423345759541
-0.690977195782816
-7.29467924090052e-05
-0.000143556273415473
-0.114510715020816
-0
-0.000802850779232353
-1.72344053342789
-3.56258289122074e-08
-0.00204459519460536
-1.89117275254887
-0.000197521434665349
-0.000169115630010763
-0.184329107841553
-0.000114981415921681
-0.000906908049004776
-0.914871551107014
-0.000181374794061982
-0.00010981518426936
-0.120500090763288
-0.000114067420398409
-0.000189630738720117
-0.221490995645022
-0
-0.000789465916360778
-0.9652506519063
-0.000131326262299031
-0.0027601960925
-3.22520538376983
-0.000138168110193267
-0.000514591650276259
-0.37346497994792
-0.000102360605221946
-0.000204947623177405
-0.175205714396704
-0.00313320269579703
-0.000718848114734409
-0.58102500745082
-1.33670053318161e-07
-0.00163159402406995
-1.61551062571374
-1.57046761142202e-05
-0.00082211392379759
-0.789519434903649
-0
-0.000596884037321493
-1.01324640738658
-2.90091820628121e-09
-0.000187560278510535
-0.21907739838357
-0.000263071808062944
-0.000243218518986475
-0.17830474460546
-0.000213000623799957
-5.54401893334397e-05
-0.0576175556710753
-0.00045694070763899
-0.00247998569837887
-2.50868546720128
-3.06509907051152e-08
-0.000728040181411822
-0.681766545739952
-0.00016108467403953
-5.62889859034929e-05
-0.0283748989705873
