0.119792565512298
0.880207434487702
0
0.119951527036628
0.880048472963372
0
0.119988451604353
0.880011548395647
0
0.119997178910134
0.880002821089866
0
0.119999301136592
0.880000698863408
0
0.119999827348421
0.880000172651579
0
0.119999959859814
0.880000040140186
0
0.119999993726568
0.880000006273432
0
0.120000002539748
0.879999997460252
0
0.120000004765424
0.879999995234576
0
0.119951527036628
0.880048472963372
0
0.119981751201976
0.880018248798024
0
0.119994325297044
0.880005674702956
0
0.119998366772986
0.880001633227014
0
0.119999549490451
0.880000450509549
0
0.11999988099704
0.88000011900296
0
0.119999972112663
0.880000027887337
0
0.119999997213
0.880000002787
0
0.120000004429206
0.879999995570794
0
0.120000006553153
0.879999993446847
0
0.119988451604353
0.880011548395647
0
0.119994325297044
0.880005674702956
0
0.119997838147315
0.880002161852685
0
0.119999275917563
0.880000724082437
0
0.119999777046068
0.880000222953932
0
0.119999937687101
0.880000062312899
0
0.119999987442539
0.880000012557461
0
0.120000003689713
0.879999996310287
0
0.120000010329415
0.879999989670585
0
0.120000013448706
0.879999986551294
0
0.119997178910134
0.880002821089866
0
0.119998366772986
0.880001633227014
0
0.119999275917563
0.880000724082437
0
0.119999725897218
0.880000274102782
0
0.119999908750582
0.880000091249418
0
0.11999997642964
0.88000002357036
0
0.120000002685347
0.879999997314653
0
0.120000017276926
0.879999982723074
0
0.120000029961901
0.879999970038099
0
0.120000039645934
0.879999960354066
0
0.119999301136592
0.880000698863408
0
0.119999549490451
0.880000450509549
0
0.119999777046068
0.880000222953932
0
0.119999908750582
0.880000091249418
0
0.119999971407507
0.880000028592493
0
0.120000001920475
0.879999998079525
0
0.120000025172847
0.879999974827153
0
0.120000056280521
0.879999943719479
0
0.120000100384877
0.879999899615123
0
0.120000141852512
0.879999858147488
0
0.119999827348421
0.880000172651579
0
0.11999988099704
0.88000011900296
0
0.119999937687101
0.880000062312899
0
0.11999997642964
0.88000002357036
0
0.120000001920475
0.879999998079525
0
0.120000028788413
0.879999971211587
0
0.120000078428023
0.879999921571977
0
0.120000180452028
0.879999819547972
0
0.120000356026416
0.879999643973584
0
0.120000547478591
0.879999452521409
0
0.119999959859814
0.880000040140186
0
0.119999972112663
0.880000027887337
0
0.119999987442539
0.880000012557461
0
0.120000002685347
0.879999997314653
0
0.120000025172847
0.879999974827153
0
0.120000078428023
0.879999921571977
0
0.120000219854449
0.879999780145551
0
0.120000566903933
0.879999433096067
0
0.120001267663562
0.879998732336438
0
0.120002182851463
0.879997817148537
0
0.119999993726568
0.880000006273432
0
0.119999997213
0.880000002787
0
0.120000003689713
0.879999996310287
0
0.120000017276926
0.879999982723074
0
0.120000056280521
0.879999943719479
0
0.120000180452028
0.879999819547972
0
0.120000566903933
0.879999433096067
0
0.120001675110855
0.879998324889145
0
0.120004381377918
0.879995618622082
0
0.120008900882425
0.879991099117575
0
0.120000002539748
0.879999997460252
0
0.120000004429206
0.879999995570794
0
0.120000010329415
0.879999989670585
0
0.120000029961901
0.879999970038099
0
0.120000100384877
0.879999899615123
0
0.120000356026416
0.879999643973584
0
0.120001267663562
0.879998732336438
0
0.120004381377918
0.879995618622082
0
0.120014053924162
0.879985946075838
0
0.120037119917784
0.879962880082216
0
0.120000004765424
0.879999995234576
0
0.120000006553153
0.879999993446847
0
0.120000013448706
0.879999986551294
0
0.120000039645934
0.879999960354066
0
0.120000141852512
0.879999858147488
0
0.120000547478591
0.879999452521409
0
0.120002182851463
0.879997817148537
0
0.120008900882425
0.879991099117575
0
0.120037119917784
0.879962880082216
0
0.120155005361926
0.879844994638074
0
0.119797442955024
0.880202557044976
0
0.119951873106309
0.88004812689369
0
0.119988515074745
0.880011484925255
0
0.119997191843185
0.880002808156816
0
0.119999301917837
0.880000698082163
0
0.119999825118212
0.880000174881788
0
0.119999956871306
0.880000043128695
0
0.119999990544258
0.880000009455742
0
0.119999999307007
0.880000000692994
0
0.120000001519947
0.879999998480053
0
0.119951873106309
0.88004812689369
0
0.119981853625156
0.880018146374844
0
0.119994354579002
0.880005645420998
0
0.11999837290218
0.88000162709782
0
0.119999548850344
0.880000451149656
0
0.119999878459825
0.880000121540175
0
0.119999969054038
0.880000030945962
0
0.11999999401074
0.880000005989261
0
0.120000001185653
0.879999998814347
0
0.120000003297446
0.879999996702554
0
0.119988515074745
0.880011484925255
0
0.119994354579002
0.880005645420998
0
0.119997847302547
0.880002152697453
0
0.119999276843108
0.880000723156892
0
0.119999775103722
0.880000224896277
0
0.119999934825477
0.880000065174523
0
0.11999998429619
0.88000001570381
0
0.120000000450391
0.879999999549609
0
0.120000007052096
0.879999992947904
0
0.120000010153531
0.879999989846469
0
0.119997191843185
0.880002808156816
0
0.11999837290218
0.88000162709782
0
0.119999276843108
0.880000723156892
0
0.11999972424758
0.88000027575242
0
0.119999906054547
0.880000093945453
0
0.119999973346313
0.880000026653687
0
0.119999999451773
0.880000000548227
0
0.120000013959838
0.879999986040162
0
0.1200000265722
0.8799999734278
0
0.120000036200798
0.879999963799202
0
0.119999301917837
0.880000698082163
0
0.119999548850344
0.880000451149656
0
0.119999775103722
0.880000224896277
0
0.119999906054547
0.880000093945453
0
0.11999996835292
0.88000003164708
0
0.119999998691278
0.880000001308722
0
0.120000021810561
0.879999978189439
0
0.120000052740165
0.879999947259835
0
0.120000096592055
0.879999903407945
0
0.120000137822321
0.879999862177679
0
0.119999825118212
0.880000174881788
0
0.119999878459825
0.880000121540175
0
0.119999934825477
0.880000065174523
0
0.119999973346313
0.880000026653687
0
0.119999998691278
0.880000001308722
0
0.12000002540543
0.87999997459457
0
0.120000074760888
0.879999925239112
0
0.120000176200887
0.879999823799113
0
0.120000350770274
0.879999649229726
0
0.120000541126608
0.879999458873392
0
0.119999956871306
0.880000043128695
0
0.119999969054038
0.880000030945962
0
0.11999998429619
0.88000001570381
0
0.119999999451773
0.880000000548227
0
0.120000021810561
0.879999978189439
0
0.120000074760888
0.879999925239112
0
0.120000215377762
0.879999784622238
0
0.120000560440752
0.879999439559248
0
0.120001257189664
0.879998742810336
0
0.120002167141505
0.879997832858495
0
0.119999990544258
0.880000009455742
0
0.11999999401074
0.880000005989261
0
0.120000000450391
0.879999999549609
0
0.120000013959838
0.879999986040162
0
0.120000052740165
0.879999947259835
0
0.120000176200887
0.879999823799113
0
0.120000560440752
0.879999439559248
0
0.120001662305191
0.879998337694809
0
0.120004353092311
0.879995646907689
0
0.120008846918671
0.879991153081329
0
0.119999999307007
0.880000000692994
0
0.120000001185653
0.879999998814347
0
0.120000007052096
0.879999992947904
0
0.1200000265722
0.8799999734278
0
0.120000096592055
0.879999903407945
0
0.120000350770274
0.879999649229726
0
0.120001257189664
0.879998742810336
0
0.120004353092311
0.879995646907689
0
0.120013970683945
0.879986029316055
0
0.120036927163447
0.879963072836553
0
0.120000001519947
0.879999998480053
0
0.120000003297446
0.879999996702554
0
0.120000010153531
0.879999989846469
0
0.120000036200798
0.879999963799202
0
0.120000137822321
0.879999862177679
0
0.120000541126608
0.879999458873392
0
0.120002167141505
0.879997832858495
0
0.120008846918671
0.879991153081329
0
0.120036927163447
0.879963072836553
0
0.120156935136338
0.879843064863663
0
0.119804460140908
0.880195539859092
0
0.119952056874591
0.880047943125409
0
0.119988526605584
0.880011473394416
0
0.119997190793408
0.880002809206592
0
0.119999298054751
0.880000701945249
0
0.119999820559607
0.880000179440393
0
0.119999952137581
0.880000047862419
0
0.119999985765777
0.880000014234223
0
0.119999994516878
0.880000005483122
0
0.119999996726877
0.880000003273123
0
0.119952056874591
0.880047943125409
0
0.11998187503153
0.88001812496847
0
0.119994357318599
0.880005642681401
0
0.119998370274327
0.880001629725673
0
0.119999544658955
0.880000455341045
0
0.119999873830321
0.880000126169679
0
0.119999964304121
0.880000035695879
0
0.119999989227651
0.880000010772349
0
0.119999996393028
0.880000003606972
0
0.119999998502014
0.880000001497986
0
0.119988526605584
0.880011473394416
0
0.119994357318599
0.880005642681401
0
0.119997845373653
0.880002154626347
0
0.119999273013293
0.880000726986707
0
0.119999770611597
0.880000229388403
0
0.119999930121053
0.880000069878947
0
0.119999979526014
0.880000020473986
0
0.119999995658743
0.880000004341257
0
0.120000002251674
0.879999997748326
0
0.120000005348987
0.879999994651013
0
0.119997190793408
0.880002809206592
0
0.119998370274327
0.880001629725673
0
0.119999273013293
0.880000726986707
0
0.119999719823052
0.880000280176948
0
0.119999901388364
0.880000098611636
0
0.11999996859069
0.88000003140931
0
0.119999994661452
0.880000005338548
0
0.120000009150235
0.879999990849765
0
0.120000021745834
0.879999978254166
0
0.120000031361636
0.879999968638364
0
0.119999298054751
0.880000701945249
0
0.119999544658955
0.880000455341045
0
0.119999770611597
0.880000229388403
0
0.119999901388364
0.880000098611636
0
0.119999963603934
0.880000036396066
0
0.119999993901968
0.880000006098032
0
0.120000016990524
0.879999983009476
0
0.120000047879012
0.879999952120988
0
0.120000091672582
0.879999908327418
0
0.120000132848014
0.879999867151986
0
0.119999820559607
0.880000179440393
0
0.119999873830321
0.880000126169679
0
0.119999930121053
0.880000069878947
0
0.11999996859069
0.88000003140931
0
0.119999993901968
0.880000006098032
0
0.120000020580615
0.879999979419385
0
0.120000069870449
0.879999930129551
0
0.120000171175538
0.879999828824462
0
0.120000345512765
0.879999654487235
0
0.120000535615973
0.879999464384027
0
0.119999952137581
0.880000047862419
0
0.119999964304121
0.880000035695879
0
0.119999979526014
0.880000020473986
0
0.119999994661452
0.880000005338548
0
0.120000016990524
0.879999983009476
0
0.120000069870449
0.879999930129551
0
0.120000210300311
0.879999789699689
0
0.120000554904412
0.879999445095588
0
0.120001250726918
0.879998749273082
0
0.120002159471432
0.879997840528568
0
0.119999985765777
0.880000014234223
0
0.119999989227651
0.880000010772349
0
0.119999995658743
0.880000004341257
0
0.120000009150235
0.879999990849765
0
0.120000047879012
0.879999952120988
0
0.120000171175538
0.879999828824462
0
0.120000554904412
0.879999445095588
0
0.120001655303846
0.879998344696154
0
0.120004342521807
0.879995657478193
0
0.120008830703191
0.879991169296809
0
0.119999994516878
0.880000005483122
0
0.119999996393028
0.880000003606972
0
0.120000002251674
0.879999997748326
0
0.120000021745834
0.879999978254166
0
0.120000091672582
0.879999908327418
0
0.120000345512765
0.879999654487235
0
0.120001250726918
0.879998749273082
0
0.120004342521807
0.879995657478193
0
0.120013947994175
0.879986052005826
0
0.120036917684079
0.879963082315921
0
0.119999996726877
0.880000003273123
0
0.119999998502014
0.880000001497986
0
0.120000005348987
0.879999994651013
0
0.120000031361636
0.879999968638364
0
0.120000132848014
0.879999867151986
0
0.120000535615973
0.879999464384027
0
0.120002159471432
0.879997840528568
0
0.120008830703191
0.879991169296809
0
0.120036917684079
0.879963082315921
0
0.120162824467558
0.879837175532442
0
