0.119261627227492
0.691287227441742
0.189451145330766
0.119575080498499
0.880424919501501
0
0.119746360307908
0.880253639692091
0
0.119849774410827
0.880150225589173
0
0.119909781674533
0.880090218325467
0
0.119946058030039
0.880053941969961
0
0.119968546135612
0.880031453864388
0
0.119982465887817
0.880017534112183
0
0.119990599359989
0.880009400640011
0
0.119994368315098
0.880005631684902
0
0.119575080498499
0.880424919501501
0
0.119690669593528
0.880309330406472
0
0.119798177312575
0.880201822687425
0
0.119872427512541
0.880127572487459
0
0.119920911491434
0.880079088508566
0
0.119952352025216
0.880047647974784
0
0.119972762601203
0.880027237398797
0
0.119985832962905
0.880014167037095
0
0.119993669601033
0.880006330398967
0
0.119997363557835
0.880002636442165
0
0.119746360307908
0.880253639692091
0
0.119798177312575
0.880201822687425
0
0.119855624581859
0.880144375418141
0
0.119902958928408
0.880097041071592
0
0.119938065057683
0.880061934942317
0
0.119963064766348
0.880036935233652
0
0.11998055151666
0.88001944848334
0
0.119992477584918
0.880007522415082
0
0.120000008989499
0.879999991010501
0
0.120003688980193
0.879996311019807
0
0.119849774410827
0.880150225589173
0
0.119872427512541
0.880127572487459
0
0.119902958928408
0.880097041071592
0
0.119932194892566
0.880067805107434
0
0.119956718593846
0.880043281406154
0
0.119976170237046
0.880023829762954
0
0.119991207586315
0.880008792413685
0
0.120002471731105
0.879997528268895
0
0.120010192801046
0.879989807198954
0
0.120014194337448
0.879985805662552
0
0.119909781674533
0.880090218325467
0
0.119920911491434
0.880079088508566
0
0.119938065057683
0.880061934942317
0
0.119956718593846
0.880043281406154
0
0.119974438215788
0.880025561784212
0
0.119990382660793
0.880009617339207
0
0.12000440678046
0.87999559321954
0
0.120016329268047
0.879983670731953
0
0.120025476445213
0.879974523554787
0
0.120030630305262
0.879969369694738
0
0.119946058030039
0.880053941969961
0
0.119952352025216
0.880047647974784
0
0.119963064766348
0.880036935233652
0
0.119976170237046
0.880023829762954
0
0.119990382660793
0.880009617339207
0
0.120005164023704
0.879994835976296
0
0.12002028168619
0.87997971831381
0
0.120035165937535
0.879964834062466
0
0.120048202146516
0.879951797853484
0
0.120056368326061
0.879943631673939
0
0.119968546135612
0.880031453864388
0
0.119972762601203
0.880027237398797
0
0.11998055151666
0.88001944848334
0
0.119991207586315
0.880008792413685
0
0.12000440678046
0.87999559321954
0
0.12002028168619
0.87997971831381
0
0.120039120454729
0.879960879545271
0
0.120060591559622
0.879939408440378
0
0.120082282827625
0.879917717172375
0
0.12009783996534
0.87990216003466
0
0.119982465887817
0.880017534112183
0
0.119985832962905
0.880014167037095
0
0.119992477584918
0.880007522415082
0
0.120002471731105
0.879997528268895
0
0.120016329268047
0.879983670731953
0
0.120035165937535
0.879964834062466
0
0.120060591559622
0.879939408440378
0
0.120093906194248
0.879906093805752
0
0.120133416064947
0.879866583935053
0
0.120167747660393
0.879832252339607
0
0.119990599359989
0.880009400640011
0
0.119993669601033
0.880006330398967
0
0.120000008989499
0.879999991010501
0
0.120010192801046
0.879989807198954
0
0.120025476445213
0.879974523554787
0
0.120048202146516
0.879951797853484
0
0.120082282827625
0.879917717172375
0
0.120133416064947
0.879866583935053
0
0.120206933991956
0.879793066008044
0
0.120293039203575
0.879706960796424
0
0.119994368315098
0.880005631684902
0
0.119997363557835
0.880002636442165
0
0.120003688980193
0.879996311019807
0
0.120014194337448
0.879985805662552
0
0.120030630305262
0.879969369694738
0
0.120056368326061
0.879943631673939
0
0.12009783996534
0.87990216003466
0
0.120167747660393
0.879832252339607
0
0.120293039203575
0.879706960796424
0
0.120532989921128
0.879467010078872
0
0.119266278505017
0.880733721494984
0
0.119575406411571
0.880424593588429
0
0.119746562826147
0.880253437173853
0
0.119849825148716
0.880150174851284
0
0.119909807815948
0.880090192184052
0
0.119946072294251
0.880053927705749
0
0.119968553090389
0.880031446909611
0
0.119982468316596
0.880017531683404
0
0.1199905991456
0.8800094008544
0
0.119994366876621
0.880005633123379
0
0.119575406411571
0.880424593588429
0
0.119690928916402
0.880309071083598
0
0.119798249559959
0.880201750440041
0
0.119872465957089
0.880127534042911
0
0.119920933919407
0.880079066080593
0
0.119952364245384
0.880047635754616
0
0.119972768184448
0.880027231815552
0
0.119985834296865
0.880014165703135
0
0.119993668389439
0.880006331610561
0
0.119997361147232
0.880002638852768
0
0.119746562826147
0.880253437173853
0
0.119798249559959
0.880201750440041
0
0.119855668564368
0.880144331435632
0
0.119902987181114
0.880097012818886
0
0.119938081923383
0.880061918076617
0
0.119963073503214
0.880036926496786
0
0.119980554566442
0.880019445433558
0
0.119992476760397
0.880007523239603
0
0.120000005721754
0.879999994278246
0
0.120003684537616
0.879996315462384
0
0.119849825148716
0.880150174851284
0
0.119872465957089
0.880127534042911
0
0.119902987181114
0.880097012818886
0
0.119932213667433
0.880067786332567
0
0.119956729395136
0.880043270604864
0
0.119976174710406
0.880023825289594
0
0.119991207174199
0.880008792825801
0
0.120002467679205
0.879997532320795
0
0.120010186289278
0.879989813710722
0
0.120014186553065
0.879985813446935
0
0.119909807815948
0.880090192184052
0
0.119920933919407
0.880079066080593
0
0.119938081923383
0.880061918076617
0
0.119956729395136
0.880043270604864
0
0.119974443251996
0.880025556748004
0
0.119990382516563
0.880009617483437
0
0.120004402113888
0.879995597886112
0
0.12001632081133
0.879983679188671
0
0.120025465094264
0.879974534905736
0
0.120030617332883
0.879969382667117
0
0.119946072294251
0.880053927705749
0
0.119952364245384
0.880047635754616
0
0.119963073503214
0.880036926496786
0
0.119976174710406
0.880023825289594
0
0.119990382516563
0.880009617483437
0
0.120005159116918
0.879994840883082
0
0.120020271980471
0.879979728019529
0
0.120035151542422
0.879964848457578
0
0.12004818369227
0.87995181630773
0
0.120056347368425
0.879943652631575
0
0.119968553090389
0.880031446909611
0
0.119972768184448
0.880027231815552
0
0.119980554566442
0.880019445433558
0
0.119991207174199
0.880008792825801
0
0.120004402113888
0.879995597886112
0
0.120020271980471
0.879979728019529
0
0.120039104821971
0.879960895178029
0
0.120060569278252
0.879939430721748
0
0.120082254006028
0.879917745993972
0
0.120097806643397
0.879902193356603
0
0.119982468316596
0.880017531683404
0
0.119985834296865
0.880014165703135
0
0.119992476760397
0.880007523239603
0
0.120002467679205
0.879997532320795
0
0.12001632081133
0.879983679188671
0
0.120035151542422
0.879964848457578
0
0.120060569278252
0.879939430721748
0
0.120093873895712
0.879906126104288
0
0.120133372561448
0.879866627438552
0
0.120167695554836
0.879832304445164
0
0.1199905991456
0.8800094008544
0
0.119993668389439
0.880006331610561
0
0.120000005721754
0.879999994278246
0
0.120010186289278
0.879989813710722
0
0.120025465094264
0.879974534905736
0
0.12004818369227
0.87995181630773
0
0.120082254006028
0.879917745993972
0
0.120133372561448
0.879866627438552
0
0.120206872144257
0.879793127855743
0
0.120292982607232
0.879707017392768
0
0.119994366876621
0.880005633123379
0
0.119997361147232
0.880002638852768
0
0.120003684537616
0.879996315462384
0
0.120014186553065
0.879985813446935
0
0.120030617332883
0.879969382667117
0
0.120056347368425
0.879943652631575
0
0.120097806643397
0.879902193356603
0
0.120167695554836
0.879832304445164
0
0.120292982607232
0.879707017392768
0
0.120535664761889
0.879464335238111
0
0.119271918751366
0.880728081248634
0
0.119575774186495
0.880424225813505
0
0.119746748395974
0.880253251604026
0
0.119849822851887
0.880150177148113
0
0.119909799251282
0.880090200748718
0
0.119946065082745
0.880053934917255
0
0.119968546858115
0.880031453141885
0
0.119982462692556
0.880017537307444
0
0.1199905938774
0.8800094061226
0
0.119994361773512
0.880005638226488
0
0.119575774186495
0.880424225813505
0
0.119691178124918
0.880308821875082
0
0.119798253178648
0.880201746821352
0
0.119872456242281
0.880127543757719
0
0.119920925617698
0.880079074382302
0
0.119952357305771
0.880047642694229
0
0.119972762136227
0.880027237863773
0
0.119985828819968
0.880014171180032
0
0.1199936632557
0.8800063367443
0
0.119997356175486
0.880002643824514
0
0.119746748395974
0.880253251604026
0
0.119798253178648
0.880201746821352
0
0.119855658362177
0.880144341637823
0
0.119902978104021
0.880097021895979
0
0.119938074360117
0.880061925639883
0
0.119963067031352
0.880036932968648
0
0.119980548858343
0.880019451141657
0
0.119992471574398
0.880007528425601
0
0.120000000866359
0.879999999133641
0
0.120003679847811
0.879996320152189
0
0.119849822851887
0.880150177148113
0
0.119872456242281
0.880127543757719
0
0.119902978104021
0.880097021895979
0
0.119932205848128
0.880067794151872
0
0.119956722646277
0.880043277353723
0
0.119976168810574
0.880023831189426
0
0.119991201932519
0.880008798067481
0
0.120002462934994
0.879997537065006
0
0.120010181893659
0.879989818106341
0
0.120014182339053
0.879985817660947
0
0.119909799251282
0.880090200748718
0
0.119920925617698
0.880079074382302
0
0.119938074360117
0.880061925639883
0
0.119956722646277
0.880043277353724
0
0.119974437276391
0.880025562723609
0
0.119990377238715
0.880009622761285
0
0.120004397457298
0.879995602542702
0
0.120016316694957
0.879983683305044
0
0.120025461396571
0.879974538603429
0
0.120030613873524
0.879969386126476
0
0.119946065082745
0.880053934917255
0
0.119952357305771
0.880047642694229
0
0.119963067031352
0.880036932968648
0
0.119976168810574
0.880023831189426
0
0.119990377238715
0.880009622761285
0
0.120005154494673
0.879994845505327
0
0.120020268044761
0.879979731955239
0
0.120035148292634
0.879964851707366
0
0.120048181055448
0.879951818944552
0
0.120056345125761
0.879943654874239
0
0.119968546858115
0.880031453141885
0
0.119972762136227
0.880027237863773
0
0.119980548858343
0.880019451141657
0
0.119991201932519
0.880008798067481
0
0.120004397457298
0.879995602542702
0
0.120020268044761
0.879979731955239
0
0.120039101756089
0.879960898243911
0
0.120060567230505
0.879939432769495
0
0.120082253031514
0.879917746968486
0
0.120097806489405
0.879902193510595
0
0.119982462692556
0.880017537307444
0
0.119985828819968
0.880014171180032
0
0.119992471574398
0.880007528425601
0
0.120002462934994
0.879997537065006
0
0.120016316694957
0.879983683305044
0
0.120035148292634
0.879964851707366
0
0.120060567230505
0.879939432769495
0
0.12009387350208
0.87990612649792
0
0.120133374305166
0.879866625694834
0
0.120167699719663
0.879832300280337
0
0.1199905938774
0.8800094061226
0
0.1199936632557
0.8800063367443
0
0.120000000866359
0.879999999133641
0
0.120010181893659
0.879989818106341
0
0.120025461396571
0.879974538603429
0
0.120048181055448
0.879951818944552
0
0.120082253031514
0.879917746968486
0
0.120133374305166
0.879866625694834
0
0.12020687904321
0.87979312095679
0
0.120293039345954
0.879706960654046
0
0.119994361773512
0.880005638226488
0
0.119997356175486
0.880002643824514
0
0.120003679847811
0.879996320152189
0
0.120014182339053
0.879985817660947
0
0.120030613873524
0.879969386126476
0
0.120056345125761
0.879943654874239
0
0.120097806489405
0.879902193510595
0
0.120167699719663
0.879832300280337
0
0.120293039345954
0.879706960654046
0
0.120541697731883
0.879458302268117
0
