0.119085814057723
0.593864539446457
0.28704964649582
0.11932070173766
0.70769611053891
0.172983187723429
0.119531007588101
0.880468992411899
0
0.119671717625697
0.880328282374303
0
0.11977596936393
0.88022403063607
0
0.119848364972044
0.880151635027956
0
0.11989875709184
0.88010124290816
0
0.11993302611013
0.88006697388987
0
0.119954469132185
0.880045530867815
0
0.119964819956591
0.88003518004341
0
0.11932070173766
0.70769611053891
0.172983187723429
0.119458510760448
0.858073407781269
0.0224680814582829
0.119593431226779
0.880406568773222
0
0.119709678578611
0.880290321421389
0
0.119797751917175
0.880202248082826
0
0.119862477957794
0.880137522042206
0
0.119909290108495
0.880090709891505
0
0.119941950001582
0.880058049998418
0
0.119962745265983
0.880037254734017
0
0.119972890492622
0.880027109507378
0
0.119531007588101
0.880468992411899
0
0.119593431226779
0.880406568773222
0
0.11968182129318
0.88031817870682
0
0.119764202549599
0.880235797450401
0
0.119832809165776
0.880167190834224
0
0.119887228740483
0.880112771259517
0
0.119928896192373
0.880071103807627
0
0.119959270547179
0.880040729452821
0
0.119979255387794
0.880020744612206
0
0.11998921361902
0.88001078638098
0
0.119671717625697
0.880328282374303
0
0.119709678578611
0.880290321421389
0
0.119764202549599
0.880235797450401
0
0.119821111900541
0.880178888099459
0
0.119873479038124
0.880126520961876
0
0.119918593257043
0.880081406742957
0
0.119955651223297
0.880044348776703
0
0.119984334419985
0.880015665580015
0
0.120004148629083
0.879995851370917
0
0.120014358202453
0.879985641797547
0
0.11977596936393
0.88022403063607
0
0.119797751917175
0.880202248082826
0
0.119832809165776
0.880167190834224
0
0.119873479038124
0.880126520961876
0
0.119914628898019
0.880085371101982
0
0.119953342314757
0.880046657685243
0
0.119987888795601
0.880012111204399
0
0.120016767419052
0.879983232580948
0
0.12003810944746
0.87996189055254
0
0.120049672827266
0.879950327172734
0
0.119848364972044
0.880151635027956
0
0.119862477957794
0.880137522042206
0
0.119887228740483
0.880112771259517
0
0.119918593257043
0.880081406742957
0
0.119953342314757
0.880046657685243
0
0.119989205488037
0.880010794511963
0
0.120024360899617
0.879975639100383
0
0.120056632246752
0.879943367753248
0
0.120082698470612
0.879917301529388
0
0.120097907487139
0.879902092512861
0
0.11989875709184
0.88010124290816
0
0.119909290108495
0.880090709891505
0
0.119928896192373
0.880071103807627
0
0.119955651223297
0.880044348776703
0
0.119987888795601
0.880012111204399
0
0.120024360899617
0.879975639100383
0
0.120063840454932
0.879936159545068
0
0.120104148691242
0.879895851308758
0
0.12014058002656
0.87985941997344
0
0.120164330942805
0.879835669057195
0
0.11993302611013
0.88006697388987
0
0.119941950001582
0.880058049998418
0
0.119959270547179
0.880040729452821
0
0.119984334419985
0.880015665580015
0
0.120016767419052
0.879983232580948
0
0.120056632246752
0.879943367753248
0
0.120104148691242
0.879895851308758
0
0.120158570852444
0.879841429147556
0
0.120215225184873
0.879784774815128
0
0.120259188979633
0.879740811020367
0
0.119954469132185
0.880045530867815
0
0.119962745265983
0.880037254734017
0
0.119979255387794
0.880020744612206
0
0.120004148629083
0.879995851370917
0
0.12003810944746
0.87996189055254
0
0.120082698470612
0.879917301529388
0
0.12014058002656
0.87985941997344
0
0.120215225184873
0.879784774815128
0
0.120308093787652
0.879691906212348
0
0.120404096003044
0.879595903996956
0
0.119964819956591
0.88003518004341
0
0.119972890492622
0.880027109507378
0
0.11998921361902
0.88001078638098
0
0.120014358202453
0.879985641797547
0
0.120049672827266
0.879950327172734
0
0.120097907487139
0.879902092512861
0
0.120164330942805
0.879835669057195
0
0.120259188979633
0.879740811020367
0
0.120404096003044
0.879595903996956
0
0.120647075276556
0.857268250519207
0.0220846742042374
0.119089109187766
0.764752231066827
0.116158659745407
0.119321989915714
0.880678010084286
0
0.119531169473197
0.880468830526803
0
0.119671834103648
0.880328165896352
0
0.119775986588576
0.880224013411424
0
0.119848371281178
0.880151628718822
0
0.119898760928072
0.880101239071928
0
0.119933028263762
0.880066971736238
0
0.11995447012383
0.88004552987617
0
0.119964820355108
0.880035179644892
0
0.119321989915714
0.880678010084286
0
0.119458699218024
0.880541300781976
0
0.119593595533954
0.880406404466046
0
0.119709706168225
0.880290293831775
0
0.119797760700343
0.880202239299657
0
0.11986248327274
0.88013751672726
0
0.1199092933994
0.8800907066006
0
0.119941951665901
0.880058048334099
0
0.119962745796557
0.880037254203443
0
0.119972890443984
0.880027109556015
0
0.119531169473197
0.880468830526803
0
0.119593595533954
0.880406404466046
0
0.119681853323004
0.880318146676996
0
0.119764212836053
0.880235787163947
0
0.119832815563967
0.880167184436033
0
0.119887232930942
0.880112767069058
0
0.119928898489538
0.880071101510462
0
0.119959271294116
0.880040728705884
0
0.119979255054042
0.880020744945958
0
0.119989212751872
0.880010787248128
0
0.119671834103648
0.880328165896352
0
0.119709706168225
0.880290293831775
0
0.119764212836053
0.880235787163947
0
0.119821118706366
0.880178881293634
0
0.119873483719768
0.880126516280232
0
0.119918596006841
0.880081403993159
0
0.119955652189363
0.880044347810637
0
0.119984333953976
0.880015666046023
0
0.120004147240278
0.879995852759722
0
0.120014356419549
0.879985643580451
0
0.119775986588576
0.880224013411424
0
0.119797760700343
0.880202239299657
0
0.119832815563967
0.880167184436033
0
0.119873483719768
0.880126516280232
0
0.119914631811847
0.880085368188153
0
0.11995334341738
0.88004665658262
0
0.119987888288045
0.880012111711955
0
0.120016765834061
0.879983234165939
0
0.120038107232936
0.879961892767064
0
0.120049670316659
0.879950329683341
0
0.119848371281178
0.880151628718822
0
0.11986248327274
0.88013751672726
0
0.119887232930942
0.880112767069058
0
0.119918596006841
0.880081403993159
0
0.11995334341738
0.88004665658262
0
0.119989204974844
0.880010795025156
0
0.120024359262385
0.879975640737615
0
0.120056629917661
0.879943370082339
0
0.120082695831802
0.879917304168198
0
0.120097904804667
0.879902095195333
0
0.119898760928072
0.880101239071928
0
0.1199092933994
0.8800907066006
0
0.119928898489538
0.880071101510462
0
0.119955652189363
0.880044347810637
0
0.119987888288045
0.880012111711955
0
0.120024359262385
0.879975640737615
0
0.120063838127919
0.879936161872081
0
0.120104146216683
0.879895853783317
0
0.12014057798595
0.87985942201405
0
0.120164329528226
0.879835670471774
0
0.119933028263762
0.880066971736238
0
0.119941951665901
0.880058048334099
0
0.119959271294116
0.880040728705884
0
0.119984333953976
0.880015666046023
0
0.120016765834061
0.879983234165939
0
0.120056629917661
0.879943370082339
0
0.120104146216683
0.879895853783317
0
0.120158569260907
0.879841430739093
0
0.120215225710279
0.879784774289721
0
0.120259192194231
0.879740807805769
0
0.11995447012383
0.88004552987617
0
0.119962745796557
0.880037254203443
0
0.119979255054042
0.880020744945958
0
0.120004147240278
0.879995852759722
0
0.120038107232936
0.879961892767064
0
0.120082695831802
0.879917304168198
0
0.12014057798595
0.87985942201405
0
0.120215225710279
0.879784774289721
0
0.12030810029206
0.87969189970794
0
0.120404132597293
0.879595867402707
0
0.119964820355108
0.880035179644892
0
0.119972890443984
0.880027109556015
0
0.119989212751872
0.880010787248128
0
0.120014356419549
0.879985643580451
0
0.120049670316659
0.879950329683341
0
0.120097904804667
0.879902095195333
0
0.120164329528226
0.879835670471774
0
0.120259192194231
0.879740807805769
0
0.120404132597293
0.879595867402707
0
0.120649836414753
0.863243251089368
0.0161069124958786
0.119093842695654
0.880906157304346
0
0.11932310321664
0.88067689678336
0
0.119531251647268
0.880468748352732
0
0.119671957421479
0.88032804257852
0
0.119775970717443
0.880224029282557
0
0.119848350530018
0.880151649469982
0
0.119898745252687
0.880101254747313
0
0.119933016412974
0.880066983587027
0
0.119954460654035
0.880045539345965
0
0.119964812027122
0.880035187972877
0
0.11932310321664
0.88067689678336
0
0.119458812340272
0.880541187659728
0
0.119593786530147
0.880406213469853
0
0.119709696639759
0.880290303360241
0
0.119797735328164
0.880202264671836
0
0.119862463478984
0.880137536521016
0
0.119909278878439
0.880090721121561
0
0.119941940804347
0.880058059195653
0
0.119962737243143
0.880037262756857
0
0.119972883010359
0.880027116989641
0
0.119531251647268
0.880468748352732
0
0.119593786530147
0.880406213469853
0
0.119681846898711
0.880318153101289
0
0.119764184487787
0.880235815512213
0
0.11983279250143
0.88016720749857
0
0.119887215869827
0.880112784130173
0
0.119928886160035
0.880071113839965
0
0.119959262362008
0.880040737637992
0
0.119979248342847
0.880020751657153
0
0.119989207148141
0.880010792851859
0
0.119671957421479
0.88032804257852
0
0.119709696639759
0.880290303360241
0
0.119764184487787
0.880235815512213
0
0.119821094307302
0.880178905692698
0
0.119873465052182
0.880126534947818
0
0.119918582507222
0.880081417492778
0
0.119955642861334
0.880044357138666
0
0.119984327842701
0.880015672157299
0
0.120004143364901
0.879995856635099
0
0.120014353713882
0.879985646286118
0
0.119775970717443
0.880224029282557
0
0.119797735328164
0.880202264671836
0
0.11983279250143
0.88016720749857
0
0.119873465052182
0.880126534947818
0
0.119914617859511
0.880085382140489
0
0.119953333836021
0.880046666163979
0
0.119987882609299
0.880012117390701
0
0.120016763473122
0.879983236526878
0
0.120038107365675
0.879961892634325
0
0.120049671815608
0.879950328184392
0
0.119848350530018
0.880151649469982
0
0.119862463478984
0.880137536521016
0
0.119887215869827
0.880112784130173
0
0.119918582507222
0.880081417492778
0
0.119953333836021
0.880046666163979
0
0.119989199458749
0.880010800541251
0
0.120024357827673
0.879975642172327
0
0.120056632318508
0.879943367681492
0
0.120082701397962
0.879917298602038
0
0.120097912253061
0.879902087746939
0
0.119898745252687
0.880101254747313
0
0.119909278878439
0.880090721121561
0
0.119928886160035
0.880071113839965
0
0.119955642861334
0.880044357138666
0
0.119987882609299
0.880012117390701
0
0.120024357827673
0.879975642172327
0
0.120063841422432
0.879936158577568
0
0.120104154483708
0.879895845516292
0
0.120140590888608
0.879859409111392
0
0.120164345542595
0.879835654457405
0
0.119933016412974
0.880066983587027
0
0.119941940804347
0.880058059195653
0
0.119959262362008
0.880040737637992
0
0.119984327842701
0.880015672157299
0
0.120016763473122
0.879983236526878
0
0.120056632318508
0.879943367681492
0
0.120104154483708
0.879895845516292
0
0.120158584505122
0.879841415494878
0
0.120215248517772
0.879784751482228
0
0.120259221408029
0.879740778591971
0
0.119954460654035
0.880045539345965
0
0.119962737243143
0.880037262756857
0
0.119979248342847
0.880020751657153
0
0.120004143364901
0.879995856635099
0
0.120038107365675
0.879961892634324
0
0.120082701397962
0.879917298602038
0
0.120140590888608
0.879859409111392
0
0.120215248517772
0.879784751482228
0
0.120308136645606
0.879691863354394
0
0.120404225876318
0.879595774123682
0
0.119964812027122
0.880035187972877
0
0.119972883010359
0.880027116989641
0
0.119989207148141
0.880010792851859
0
0.120014353713882
0.879985646286118
0
0.120049671815608
0.879950328184392
0
0.120097912253061
0.879902087746939
0
0.120164345542595
0.879835654457405
0
0.120259221408029
0.879740778591971
0
0.120404225876318
0.879595774123682
0
0.120655921955264
0.861726609014101
0.0176174690306353
