0.119069768850963
0.545059942681633
0.335870288467404
0.119241094000771
0.621494275313862
0.259264630685366
0.119408750786501
0.743141724032951
0.137449525180549
0.119565589880015
0.880434410119985
0
0.119682800491366
0.880317199508634
0
0.119772116311811
0.880227883688189
0
0.119836743867453
0.880163256132547
0
0.119882049916582
0.880117950083418
0
0.119911052716406
0.880088947283594
0
0.119925244125007
0.880074755874993
0
0.119241094000771
0.621494275313862
0.259264630685367
0.119345234226774
0.71810792889524
0.162546836877986
0.119483710614042
0.880516289385958
0
0.11960558154446
0.88039441845554
0
0.119709890025312
0.880290109974688
0
0.119790476668243
0.880209523331757
0
0.119850882629557
0.880149117370443
0
0.119894256004707
0.880105743995293
0
0.119922448232041
0.88007755176796
0
0.119936366271278
0.880063633728722
0
0.119408750786501
0.743141724032951
0.137449525180549
0.119483710614042
0.880516289385958
0
0.119574220979382
0.880425779020618
0
0.119670041146443
0.880329958853557
0
0.119753824811207
0.880246175188793
0
0.119822767828493
0.880177232171507
0
0.119877192441658
0.880122807558342
0
0.119917808854644
0.880082191145356
0
0.119944941476491
0.880055058523509
0
0.119958568378438
0.880041431621562
0
0.119565589880015
0.880434410119985
0
0.11960558154446
0.88039441845554
0
0.119670041146443
0.880329958853557
0
0.119739633668067
0.880260366331933
0
0.119805613573914
0.880194386426086
0
0.119864017224229
0.880135982775771
0
0.119913033612129
0.880086966387871
0
0.119951488734374
0.880048511265626
0
0.119978209761789
0.880021790238211
0
0.119991992862169
0.880008007137831
0
0.119682800491366
0.880317199508634
0
0.119709890025312
0.880290109974688
0
0.119753824811207
0.880246175188793
0
0.119805613573914
0.880194386426086
0
0.119859010068199
0.880140989931801
0
0.119910017362368
0.880089982637632
0
0.119955885935876
0.880044114064124
0
0.119994190450939
0.880005809549061
0
0.120022296169175
0.879977703830825
0
0.120037394870511
0.879962605129489
0
0.119772116311811
0.880227883688189
0
0.119790476668243
0.880209523331757
0
0.119822767828493
0.880177232171507
0
0.119864017224229
0.880135982775771
0
0.119910017362368
0.880089982637632
0
0.119957479461891
0.880042520538108
0
0.120003562770133
0.879996437229867
0
0.120045127483894
0.879954872516106
0
0.120077988818802
0.879922011181198
0
0.12009680025359
0.87990319974641
0
0.119836743867453
0.880163256132547
0
0.119850882629557
0.880149117370443
0
0.119877192441658
0.880122807558342
0
0.119913033612129
0.880086966387871
0
0.119955885935876
0.880044114064124
0
0.120003562770133
0.879996437229867
0
0.120053853705797
0.879946146294203
0
0.12010358452064
0.87989641547936
0
0.120147079479532
0.879852920520468
0
0.120174665089929
0.879825334910071
0
0.119882049916582
0.880117950083418
0
0.119894256004707
0.880105743995293
0
0.119917808854644
0.880082191145356
0
0.119951488734374
0.880048511265626
0
0.119994190450939
0.880005809549061
0
0.120045127483894
0.879954872516106
0
0.12010358452064
0.87989641547936
0
0.12016781537463
0.87983218462537
0
0.120232098931879
0.879767901068121
0
0.120280422400696
0.879719577599304
0
0.119911052716406
0.880088947283594
0
0.119922448232041
0.88007755176796
0
0.119944941476491
0.880055058523509
0
0.119978209761789
0.880021790238211
0
0.120022296169175
0.879977703830825
0
0.120077988818802
0.879922011181198
0
0.120147079479532
0.879852920520468
0
0.120232098931879
0.879767901068121
0
0.120333527459497
0.879666472540503
0
0.120435117769334
0.879564882230666
0
0.119925244125007
0.880074755874993
0
0.119936366271278
0.880063633728722
0
0.119958568378438
0.880041431621562
0
0.119991992862169
0.880008007137831
0
0.120037394870511
0.879962605129489
0
0.12009680025359
0.87990319974641
0
0.120174665089929
0.879825334910071
0
0.120280422400696
0.879719577599304
0
0.120435117769334
0.879564882230666
0
0.120687028211843
0.838946561467799
0.0403664103203579
0.119072593040043
0.67802683065777
0.202900576302188
0.11924314129707
0.88075685870293
0
0.119409380133514
0.880590619866486
0
0.119565685873306
0.880434314126694
0
0.119682841898541
0.880317158101459
0
0.119772114211333
0.880227885788667
0
0.119836740472335
0.880163259527665
0
0.119882047809483
0.880117952190517
0
0.119911051455064
0.880088948544936
0
0.119925243257308
0.880074756742692
0
0.11924314129707
0.88075685870293
0
0.119346000103595
0.880653999896405
0
0.119483833016303
0.880516166983697
0
0.119605672867382
0.880394327132618
0
0.119709891155568
0.880290108844432
0
0.119790472055673
0.880209527944327
0
0.119850879497687
0.880149120502313
0
0.119894254218172
0.880105745781828
0
0.119922447277708
0.880077552722293
0
0.119936365703616
0.880063634296384
0
0.119409380133514
0.880590619866486
0
0.119483833016303
0.880516166983697
0
0.11957433429022
0.88042566570978
0
0.119670045262114
0.880329954737886
0
0.119753819212058
0.880246180787942
0
0.119822763668107
0.880177236331893
0
0.119877190083518
0.880122809916482
0
0.119917807749614
0.880082192250386
0
0.119944941173977
0.880055058826023
0
0.119958568482221
0.880041431517779
0
0.119565685873306
0.880434314126694
0
0.119605672867382
0.880394327132619
0
0.119670045262114
0.880329954737886
0
0.119739627638646
0.880260372361355
0
0.119805608759444
0.880194391240556
0
0.119864014377615
0.880135985622385
0
0.119913032342541
0.880086967657459
0
0.119951488698209
0.880048511301791
0
0.119978210634256
0.880021789365744
0
0.119991994276293
0.880008005723707
0
0.119682841898541
0.880317158101459
0
0.119709891155568
0.880290108844432
0
0.119753819212058
0.880246180787942
0
0.119805608759444
0.880194391240556
0
0.119859007018573
0.880140992981427
0
0.119910015983642
0.880089984016358
0
0.119955886113807
0.880044113886193
0
0.119994192154287
0.880005807845713
0
0.120022299329398
0.879977700670602
0
0.120037398856599
0.879962601143401
0
0.119772114211333
0.880227885788667
0
0.119790472055673
0.880209527944327
0
0.119822763668107
0.880177236331893
0
0.119864014377615
0.880135985622385
0
0.119910015983642
0.880089984016358
0
0.119957479724452
0.880042520275548
0
0.120003565048171
0.879996434951829
0
0.120045132192531
0.879954867807469
0
0.12007799556186
0.87992200443814
0
0.120096808232723
0.879903191767277
0
0.119836740472335
0.880163259527665
0
0.119850879497687
0.880149120502313
0
0.119877190083518
0.880122809916482
0
0.119913032342541
0.880086967657459
0
0.119955886113807
0.880044113886193
0
0.120003565048171
0.879996434951829
0
0.120053859042365
0.879946140957635
0
0.120103593175849
0.879896406824151
0
0.120147091355405
0.879852908644595
0
0.120174679174909
0.879825320825091
0
0.119882047809483
0.880117952190517
0
0.119894254218172
0.880105745781828
0
0.119917807749614
0.880082192250386
0
0.119951488698209
0.880048511301791
0
0.119994192154287
0.880005807845713
0
0.120045132192531
0.879954867807469
0
0.120103593175849
0.879896406824151
0
0.120167828972308
0.879832171027692
0
0.12023211808678
0.87976788191322
0
0.120280446265671
0.879719553734329
0
0.119911051455064
0.880088948544936
0
0.119922447277708
0.880077552722293
0
0.119944941173977
0.880055058826023
0
0.119978210634256
0.880021789365744
0
0.120022299329398
0.879977700670602
0
0.12007799556186
0.87992200443814
0
0.120147091355405
0.879852908644595
0
0.12023211808678
0.87976788191322
0
0.120333556760429
0.879666443239571
0
0.120435180201112
0.879564819798888
0
0.119925243257308
0.880074756742692
0
0.119936365703616
0.880063634296384
0
0.119958568482221
0.880041431517779
0
0.119991994276293
0.880008005723707
0
0.120037398856599
0.879962601143401
0
0.120096808232723
0.879903191767277
0
0.120174679174909
0.879825320825091
0
0.120280446265671
0.879719553734329
0
0.120435180201112
0.879564819798888
0
0.120689931383015
0.855171697219431
0.0241383713975541
0.119077579166704
0.880922420833296
0
0.119243870545244
0.880756129454756
0
0.119410027697031
0.880589972302969
0
0.119565743188677
0.880434256811323
0
0.11968287329454
0.88031712670546
0
0.119772085957893
0.880227914042107
0
0.119836715583077
0.880163284416923
0
0.119882028583275
0.880117971416725
0
0.119911036016911
0.880088963983089
0
0.11992522968418
0.88007477031582
0
0.119243870545244
0.880756129454756
0
0.119346673092808
0.880653326907192
0
0.119483880659592
0.880516119340408
0
0.119605777837089
0.880394222162911
0
0.119709863617998
0.880290136382001
0
0.11979044155471
0.88020955844529
0
0.119850856222683
0.880149143777317
0
0.119894236559492
0.880105763440509
0
0.119922433334607
0.880077566665393
0
0.119936353590292
0.880063646409708
0
0.119410027697031
0.880589972302969
0
0.119483880659592
0.880516119340408
0
0.119574472715556
0.880425527284444
0
0.11967002003761
0.88032997996239
0
0.119753784480942
0.880246215519059
0
0.119822736652384
0.880177263347616
0
0.119877170222951
0.880122829777049
0
0.119917793191418
0.880082206808582
0
0.119944930194344
0.880055069805657
0
0.119958559300724
0.880041440699276
0
0.119565743188677
0.880434256811323
0
0.119605777837089
0.880394222162911
0
0.11967002003761
0.88032997996239
0
0.119739591342606
0.880260408657395
0
0.119805579439721
0.880194420560279
0
0.119863992810547
0.880136007189454
0
0.119913017149373
0.880086982850627
0
0.11995147859935
0.88004852140065
0
0.119978204086996
0.880021795913004
0
0.119991989576735
0.880008010423265
0
0.11968287329454
0.88031712670546
0
0.119709863617998
0.880290136382001
0
0.119753784480942
0.880246215519059
0
0.119805579439721
0.880194420560279
0
0.1198589847878
0.8801410152122
0
0.119910000388094
0.880089999611906
0
0.119955876614964
0.880044123385036
0
0.119994187794276
0.880005812205724
0
0.120022298808621
0.879977701191379
0
0.1200374004161
0.879962599583901
0
0.119772085957893
0.880227914042107
0
0.11979044155471
0.88020955844529
0
0.119822736652384
0.880177263347616
0
0.119863992810547
0.880136007189454
0
0.119910000388094
0.880089999611906
0
0.119957470444741
0.880042529555259
0
0.120003561987852
0.879996438012148
0
0.120045134867158
0.879954865132842
0
0.120078002822825
0.879921997177175
0
0.120096818140958
0.879903181859042
0
0.119836715583077
0.880163284416923
0
0.119850856222683
0.880149143777317
0
0.119877170222952
0.880122829777049
0
0.119913017149373
0.880086982850627
0
0.119955876614964
0.880044123385036
0
0.120003561987852
0.879996438012148
0
0.120053862945808
0.879946137054192
0
0.120103604070128
0.879896395929872
0
0.120147108442792
0.879852891557208
0
0.120174700238097
0.879825299761903
0
0.119882028583275
0.880117971416725
0
0.119894236559492
0.880105763440509
0
0.119917793191418
0.880082206808582
0
0.11995147859935
0.88004852140065
0
0.119994187794276
0.880005812205724
0
0.120045134867158
0.879954865132842
0
0.120103604070128
0.879896395929872
0
0.12016784904326
0.87983215095674
0
0.12023214748975
0.87976785251025
0
0.120280483101359
0.879719516898641
0
0.119911036016911
0.880088963983089
0
0.119922433334607
0.880077566665393
0
0.119944930194344
0.880055069805657
0
0.119978204086996
0.880021795913004
0
0.120022298808621
0.879977701191379
0
0.120078002822825
0.879921997177175
0
0.120147108442792
0.879852891557208
0
0.12023214748975
0.87976785251025
0
0.120333601736715
0.879666398263285
0
0.120435284431199
0.879564715568802
0
0.11992522968418
0.88007477031582
0
0.119936353590292
0.880063646409708
0
0.119958559300724
0.880041440699276
0
0.119991989576735
0.880008010423265
0
0.1200374004161
0.879962599583901
0
0.120096818140958
0.879903181859042
0
0.120174700238097
0.879825299761903
0
0.120280483101359
0.879719516898641
0
0.120435284431199
0.879564715568802
0
0.120696153089374
0.854356914885468
0.024946932025158
