0.119065863376786
0.51551529512699
0.365418841496224
0.119208197649711
0.581047965250061
0.299743837100228
0.11935003373183
0.663686712966447
0.216963253301723
0.119491794438748
0.824195801010971
0.0563124045502809
0.119610627442625
0.880389372557375
0
0.119707884094972
0.880292115905028
0
0.119780281205934
0.880219718794066
0
0.119831606938428
0.880168393061572
0
0.119864722943717
0.880135277056283
0
0.119881003204107
0.880118996795893
0
0.119208197649711
0.581047965250061
0.299743837100229
0.119294861194929
0.646115892255449
0.234589246549622
0.119410066752788
0.772127439632066
0.108462493615146
0.119534240559544
0.880465759440456
0
0.119641165109269
0.880358834890731
0
0.119729130149255
0.880270869850745
0
0.119796620808574
0.880203379191426
0
0.11984570652532
0.88015429347468
0
0.119877878755634
0.880122121244367
0
0.119893833728821
0.880106166271179
0
0.11935003373183
0.663686712966447
0.216963253301723
0.119410066752788
0.772127439632066
0.108462493615146
0.119504115036179
0.880495884963821
0
0.119600328180634
0.880399671819366
0
0.119689937128386
0.880310062871614
0
0.11976580614963
0.88023419385037
0
0.119826761161662
0.880173238838338
0
0.119872765898579
0.880127234101421
0
0.119903704353867
0.880096295646133
0
0.119919295726945
0.880080704273055
0
0.119491794438748
0.824195801010971
0.056312404550281
0.119534240559544
0.880465759440456
0
0.119600328180634
0.880399671819366
0
0.119675113058144
0.880324886941856
0
0.119747416299188
0.880252583700812
0
0.119812426674813
0.880187573325187
0
0.119867604421418
0.880132395578582
0
0.119911186540999
0.880088813459001
0
0.119941566138535
0.880058433861465
0
0.119957251495728
0.880042748504272
0
0.119610627442625
0.880389372557375
0
0.119641165109269
0.880358834890731
0
0.119689937128386
0.880310062871614
0
0.119747416299188
0.880252583700812
0
0.119807049357785
0.880192950642215
0
0.11986440042529
0.88013559957471
0
0.119916179439041
0.880083820560959
0
0.119959441973183
0.880040558026817
0
0.119991123821201
0.880008876178799
0
0.120008097412246
0.879991902587754
0
0.119707884094972
0.880292115905028
0
0.119729130149255
0.880270869850745
0
0.11976580614963
0.88023419385037
0
0.119812426674813
0.880187573325187
0
0.11986440042529
0.88013559957471
0
0.119917983367988
0.880082016632012
0
0.119969825811458
0.880030174188542
0
0.120016292327136
0.879983707672864
0
0.120052745544291
0.879947254455709
0
0.120073467859154
0.879926532140846
0
0.119780281205934
0.880219718794066
0
0.119796620808574
0.880203379191426
0
0.119826761161662
0.880173238838338
0
0.119867604421419
0.880132395578582
0
0.119916179439041
0.880083820560959
0
0.119969825811458
0.880030174188542
0
0.120025840404353
0.879974159595647
0
0.12008055309614
0.87991944690386
0
0.120127803402501
0.879872196597499
0
0.120157453736367
0.879842546263633
0
0.119831606938428
0.880168393061572
0
0.11984570652532
0.88015429347468
0
0.119872765898579
0.880127234101421
0
0.119911186540999
0.880088813459001
0
0.119959441973183
0.880040558026817
0
0.120016292327136
0.879983707672864
0
0.12008055309614
0.87991944690386
0
0.120150006679456
0.879849993320544
0
0.12021843992586
0.87978156007414
0
0.120269240799572
0.879730759200428
0
0.119864722943717
0.880135277056283
0
0.119877878755634
0.880122121244367
0
0.119903704353867
0.880096295646133
0
0.119941566138535
0.880058433861465
0
0.119991123821201
0.880008876178799
0
0.120052745544291
0.87994725445571
0
0.120127803402501
0.879872196597499
0
0.12021843992586
0.87978156007414
0
0.120324767156512
0.879675232843488
0
0.120429936939423
0.879570063060577
0
0.119881003204107
0.880118996795893
0
0.119893833728821
0.880106166271179
0
0.119919295726945
0.880080704273055
0
0.119957251495728
0.880042748504272
0
0.120008097412246
0.879991902587754
0
0.120073467859154
0.879926532140846
0
0.120157453736367
0.879842546263633
0
0.120269240799572
0.879730759200428
0
0.120429936939423
0.879570063060577
0
0.120688671031975
0.828357126244793
0.0509542027232318
0.119068578939586
0.629932395002823
0.250999026057591
0.119210387879226
0.880789612120774
0
0.119351051427107
0.880648948572893
0
0.119492005655655
0.880507994344345
0
0.11961071250378
0.88038928749622
0
0.119707884841073
0.880292115158927
0
0.119780272345807
0.880219727654193
0
0.119831600201798
0.880168399798202
0
0.119864718142191
0.880135281857809
0
0.119880999401592
0.880119000598408
0
0.119210387879226
0.880789612120774
0
0.119295993475021
0.880704006524978
0
0.119410457157559
0.880589542842441
0
0.119534323928426
0.880465676071574
0
0.119641183779488
0.880358816220512
0
0.119729120118696
0.880270879881304
0
0.11979661206313
0.88020338793687
0
0.119845700514968
0.880154299485032
0
0.119877874746269
0.880122125253731
0
0.119893830691735
0.880106169308265
0
0.119351051427107
0.880648948572893
0
0.119410457157559
0.880589542842441
0
0.119504194617885
0.880495805382115
0
0.119600361844204
0.880399638155796
0
0.119689927065889
0.880310072934111
0
0.119765795523557
0.880234204476444
0
0.119826753984045
0.880173246015955
0
0.119872761522827
0.880127238477173
0
0.119903701912417
0.880096298087583
0
0.11991929426516
0.88008070573484
0
0.119492005655655
0.880507994344345
0
0.119534323928426
0.880465676071574
0
0.119600361844204
0.880399638155796
0
0.119675103162962
0.880324896837038
0
0.119747404517115
0.880252595482885
0
0.119812418533227
0.880187581466773
0
0.119867599654792
0.880132400345208
0
0.11991118457509
0.88008881542491
0
0.119941566163931
0.880058433836069
0
0.11995725261816
0.88004274738184
0
0.11961071250378
0.88038928749622
0
0.119641183779488
0.880358816220512
0
0.119689927065889
0.880310072934111
0
0.119747404517115
0.880252595482885
0
0.119807040842702
0.880192959157298
0
0.119864395409935
0.880135604590065
0
0.119916177798953
0.880083822201047
0
0.119959443339515
0.880040556660485
0
0.119991127696422
0.880008872303578
0
0.120008102739706
0.879991897260293
0
0.119707884841073
0.880292115158927
0
0.119729120118696
0.880270879881304
0
0.119765795523557
0.880234204476444
0
0.119812418533227
0.880187581466773
0
0.119864395409935
0.880135604590065
0
0.119917981847161
0.880082018152839
0
0.11996982802083
0.88003017197917
0
0.120016298573136
0.879983701426864
0
0.120052755227322
0.879947244772678
0
0.120073479513476
0.879926520486524
0
0.119780272345807
0.880219727654193
0
0.11979661206313
0.88020338793687
0
0.119826753984045
0.880173246015955
0
0.119867599654792
0.880132400345208
0
0.119916177798953
0.880083822201047
0
0.11996982802083
0.88003017197917
0
0.120025847607705
0.879974152392295
0
0.120080565597069
0.879919434402931
0
0.120127820619925
0.879872179380075
0
0.120157473996146
0.879842526003854
0
0.119831600201798
0.880168399798202
0
0.119845700514968
0.880154299485032
0
0.119872761522827
0.880127238477173
0
0.11991118457509
0.88008881542491
0
0.119959443339515
0.880040556660485
0
0.120016298573136
0.879983701426864
0
0.120080565597069
0.879919434402931
0
0.120150026245752
0.879849973754249
0
0.120218466808305
0.879781533191695
0
0.120269273476204
0.879730726523796
0
0.119864718142191
0.880135281857809
0
0.119877874746269
0.880122125253731
0
0.119903701912417
0.880096298087583
0
0.119941566163931
0.880058433836069
0
0.119991127696422
0.880008872303578
0
0.120052755227322
0.879947244772678
0
0.120127820619925
0.879872179380075
0
0.120218466808305
0.879781533191695
0
0.120324806419338
0.879675193580662
0
0.120430011270902
0.879569988729098
0
0.119880999401592
0.880119000598408
0
0.119893830691735
0.880106169308265
0
0.11991929426516
0.88008070573484
0
0.11995725261816
0.88004274738184
0
0.120008102739707
0.879991897260293
0
0.120073479513476
0.879926520486524
0
0.120157473996146
0.879842526003854
0
0.120269273476204
0.879730726523796
0
0.120430011270902
0.879569988729098
0
0.120691654956835
0.854921489114573
0.0243868559285918
0.119073459203147
0.880926540796853
0
0.119210806275856
0.880789193724144
0
0.119351566530353
0.880648433469647
0
0.119492202855927
0.880507797144073
0
0.119610810164043
0.880389189835957
0
0.119707863760495
0.880292136239505
0
0.119780239912013
0.880219760087987
0
0.119831573619349
0.880168426380651
0
0.119864696044333
0.880135303955667
0
0.119880979590584
0.880119020409416
0
0.119210806275856
0.880789193724145
0
0.119296465514827
0.880703534485173
0
0.119410867380973
0.880589132619027
0
0.119534394624537
0.880465605375463
0
0.11964118770182
0.88035881229818
0
0.119729083923819
0.880270916076181
0
0.119796580728759
0.880203419271241
0
0.119845675743715
0.880154324256285
0
0.119877854495454
0.880122145504546
0
0.119893812669043
0.880106187330957
0
0.119351566530353
0.880648433469647
0
0.119410867380973
0.880589132619027
0
0.119504244846962
0.880495755153038
0
0.119600387721268
0.880399612278732
0
0.119689889683411
0.880310110316589
0
0.119765760084752
0.880234239915248
0
0.119826726658602
0.880173273341398
0
0.119872740522008
0.880127259477992
0
0.119903685267121
0.880096314732879
0
0.119919279803337
0.880080720196663
0
0.119492202855927
0.880507797144073
0
0.119534394624537
0.880465605375463
0
0.119600387721268
0.880399612278732
0
0.119675065706184
0.880324934293816
0
0.119747366769168
0.880252633230832
0
0.119812389169069
0.880187610830931
0
0.119867577891006
0.880132422108994
0
0.119911168979662
0.880088831020339
0
0.119941554842386
0.880058445157614
0
0.119957243518562
0.880042756481438
0
0.119610810164043
0.880389189835957
0
0.11964118770182
0.88035881229818
0
0.119689889683411
0.880310110316589
0
0.119747366769168
0.880252633230832
0
0.119807010714875
0.880192989285125
0
0.119864373181062
0.880135626818938
0
0.119916162906586
0.880083837093414
0
0.119959434568505
0.880040565431495
0
0.119991123470468
0.880008876529532
0
0.120008100976483
0.879991899023517
0
0.119707863760495
0.880292136239505
0
0.119729083923819
0.880270916076181
0
0.119765760084752
0.880234239915248
0
0.119812389169069
0.880187610830931
0
0.119864373181062
0.880135626818938
0
0.119917967209315
0.880082032790685
0
0.119969820742644
0.880030179257356
0
0.120016298023677
0.879983701976323
0
0.120052760031011
0.879947239968989
0
0.120073487378812
0.879926512621188
0
0.119780239912013
0.880219760087987
0
0.119796580728759
0.880203419271241
0
0.119826726658602
0.880173273341398
0
0.119867577891006
0.880132422108994
0
0.119916162906586
0.880083837093414
0
0.119969820742644
0.880030179257356
0
0.120025848461382
0.879974151538618
0
0.120080574512186
0.879919425487815
0
0.120127836552004
0.879872163447996
0
0.120157494361264
0.879842505638736
0
0.119831573619349
0.880168426380651
0
0.119845675743715
0.880154324256285
0
0.119872740522008
0.880127259477992
0
0.119911168979662
0.880088831020339
0
0.119959434568505
0.880040565431495
0
0.120016298023677
0.879983701976323
0
0.120080574512186
0.879919425487815
0
0.120150045484371
0.879849954515629
0
0.120218496298687
0.879781503701313
0
0.120269310954951
0.879730689045049
0
0.119864696044333
0.880135303955667
0
0.119877854495454
0.880122145504546
0
0.119903685267121
0.880096314732879
0
0.119941554842386
0.880058445157614
0
0.119991123470468
0.880008876529532
0
0.120052760031011
0.879947239968989
0
0.120127836552004
0.879872163447996
0
0.120218496298687
0.879781503701313
0
0.120324852572534
0.879675147427466
0
0.120430117734858
0.879569882265142
0
0.119880979590584
0.880119020409416
0
0.119893812669043
0.880106187330957
0
0.119919279803337
0.880080720196663
0
0.119957243518562
0.880042756481438
0
0.120008100976483
0.879991899023517
0
0.120073487378812
0.879926512621188
0
0.120157494361264
0.879842505638736
0
0.120269310954951
0.879730689045049
0
0.120430117734858
0.879569882265142
0
0.120697875440589
0.854519025652195
0.0247830989072167
