0.119067418726578
0.49554808659681
0.385384494676612
0.119195169148485
0.560304704833106
0.320500126018409
0.119317498839384
0.617494689915577
0.263187811245038
0.119436769615646
0.729011381121451
0.151551849262902
0.119557554598901
0.880442445401099
0
0.119653320673943
0.880346679326057
0
0.119728984077908
0.880271015922092
0
0.119783192295394
0.880216807704606
0
0.119818285942041
0.880181714057959
0
0.119835575701707
0.880164424298293
0
0.119195169148485
0.560304704833106
0.320500126018409
0.119269907047184
0.604873406722101
0.275856686230715
0.11936745573031
0.6879679409109
0.19266460335879
0.11948211699843
0.868209681589246
0.0123082014123242
0.119585118943214
0.880414881056786
0
0.119675682003526
0.880324317996474
0
0.119746429072108
0.880253570927892
0
0.11979826344388
0.88020173655612
0
0.119832355042412
0.880167644957588
0
0.119849304306872
0.880150695693128
0
0.119317498839384
0.617494689915577
0.263187811245038
0.11936745573031
0.6879679409109
0.19266460335879
0.119453404682833
0.841732414223441
0.0388141810937263
0.119544080769321
0.880455919230679
0
0.119635396475435
0.880364603524565
0
0.119714423188671
0.880285576811329
0
0.119778506288719
0.880221493711281
0
0.119827116373013
0.880172883626987
0
0.119859923318198
0.880140076681802
0
0.119876487874227
0.880123512125773
0
0.119436769615646
0.729011381121451
0.151551849262902
0.11948211699843
0.868209681589246
0.0123082014123241
0.119544080769321
0.880455919230679
0
0.11962028225649
0.88037971774351
0
0.119695498109114
0.880304501890886
0
0.119763695448203
0.880236304551797
0
0.119821875207936
0.880178124792064
0
0.119867991295874
0.880132008704126
0
0.119900201383192
0.880099798616808
0
0.119916843963692
0.880083156036308
0
0.119557554598901
0.880442445401099
0
0.119585118943214
0.880414881056786
0
0.119635396475435
0.880364603524565
0
0.119695498109114
0.880304501890886
0
0.119758171862672
0.880241828137328
0
0.11981864887858
0.88018135112142
0
0.119873376419748
0.880126623580252
0
0.119919145983934
0.880080854016066
0
0.11995264982523
0.88004735017477
0
0.119970583265994
0.880029416734006
0
0.119653320673943
0.880346679326057
0
0.119675682003526
0.880324317996474
0
0.119714423188671
0.880285576811329
0
0.119763695448203
0.880236304551797
0
0.11981864887858
0.88018135112142
0
0.119875321576656
0.880124678423344
0
0.119930109072451
0.880069890927549
0
0.119979103060171
0.880020896939829
0
0.12001742106222
0.87998257893778
0
0.120039140251309
0.879960859748691
0
0.119728984077908
0.880271015922092
0
0.119746429072108
0.880253570927892
0
0.119778506288719
0.880221493711281
0
0.119821875207936
0.880178124792064
0
0.119873376419748
0.880126623580252
0
0.119930109072451
0.880069890927549
0
0.119989106157856
0.880010893842144
0
0.120046435168243
0.879953564831757
0
0.120095673362451
0.879904326637549
0
0.120126423849738
0.879873576150262
0
0.119783192295394
0.880216807704606
0
0.11979826344388
0.88020173655612
0
0.119827116373013
0.880172883626987
0
0.119867991295874
0.880132008704126
0
0.119919145983934
0.880080854016066
0
0.119979103060171
0.880020896939829
0
0.120046435168243
0.879953564831757
0
0.120118678127112
0.879881321872888
0
0.12018935134701
0.87981064865299
0
0.120241500910427
0.879758499089573
0
0.119818285942041
0.880181714057959
0
0.119832355042412
0.880167644957588
0
0.119859923318198
0.880140076681802
0
0.119900201383192
0.880099798616808
0
0.11995264982523
0.88004735017477
0
0.12001742106222
0.87998257893778
0
0.120095673362451
0.879904326637549
0
0.12018935134701
0.87981064865299
0
0.120298365551467
0.879701634448533
0
0.120405508325733
0.879594491674267
0
0.119835575701707
0.880164424298293
0
0.119849304306872
0.880150695693128
0
0.119876487874227
0.880123512125773
0
0.119916843963692
0.880083156036308
0
0.119970583265994
0.880029416734006
0
0.120039140251309
0.879960859748691
0
0.120126423849738
0.879873576150262
0
0.120241500910427
0.879758499089573
0
0.120405508325733
0.879594491674267
0
0.120667969066822
0.824372610847839
0.0549594200853396
0.119070076933355
0.600761905451747
0.280168017614898
0.119196251107142
0.880803748892858
0
0.119318720398344
0.880681279601656
0
0.119437271093201
0.880562728906799
0
0.119557625850933
0.880442374149067
0
0.119653346279778
0.880346653720222
0
0.119728971949757
0.880271028050243
0
0.119783180901086
0.880216819098914
0
0.119818277040749
0.880181722959251
0
0.119835568064549
0.880164431935451
0
0.119196251107142
0.880803748892858
0
0.119271212544257
0.880728787455743
0
0.119368201236826
0.880631798763174
0
0.119482245139014
0.880517754860986
0
0.119585191296228
0.880414808703772
0
0.119675672864694
0.880324327135306
0
0.11974641528788
0.88025358471212
0
0.119798253046046
0.880201746953954
0
0.119832347152937
0.880167652847063
0
0.119849297672057
0.880150702327943
0
0.119318720398344
0.880681279601656
0
0.119368201236826
0.880631798763174
0
0.119453554819633
0.880546445180367
0
0.119544179980842
0.880455820019158
0
0.119635392663084
0.880364607336916
0
0.119714407772632
0.880285592227368
0
0.119778494340605
0.880221505659395
0
0.119827108067322
0.880172891932678
0
0.119859917463772
0.880140082536229
0
0.119876483336176
0.880123516663824
0
0.119437271093201
0.880562728906799
0
0.119482245139014
0.880517754860986
0
0.119544179980842
0.880455820019158
0
0.119620281112206
0.880379718887794
0
0.119695481956623
0.880304518043377
0
0.119763682344618
0.880236317655382
0
0.119821866467626
0.880178133532374
0
0.119867986040976
0.880132013959024
0
0.119900198738956
0.880099801261044
0
0.119916842723432
0.880083157276568
0
0.119557625850933
0.880442374149067
0
0.119585191296228
0.880414808703772
0
0.119635392663084
0.880364607336916
0
0.119695481956623
0.880304518043377
0
0.119758158333059
0.880241841666941
0
0.119818639867579
0.880181360132422
0
0.119873371567603
0.880126628432397
0
0.119919144968733
0.880080855031267
0
0.119952651891603
0.880047348108397
0
0.119970587083682
0.880029412916318
0
0.119653346279778
0.880346653720222
0
0.119675672864694
0.880324327135306
0
0.119714407772632
0.880285592227368
0
0.119763682344618
0.880236317655382
0
0.119818639867579
0.880181360132422
0
0.119875316870503
0.880124683129497
0
0.11993010905252
0.88006989094748
0
0.119979107856195
0.880020892143805
0
0.120017430036073
0.879982569963927
0
0.120039151702311
0.879960848297689
0
0.119728971949757
0.880271028050243
0
0.11974641528788
0.88025358471212
0
0.119778494340605
0.880221505659395
0
0.119821866467626
0.880178133532374
0
0.119873371567603
0.880126628432398
0
0.11993010905252
0.88006989094748
0
0.119989112036814
0.880010887963186
0
0.120046447599496
0.879953552400504
0
0.120095691557018
0.879904308442982
0
0.120126445675129
0.879873554324871
0
0.119783180901086
0.880216819098914
0
0.119798253046046
0.880201746953954
0
0.119827108067322
0.880172891932678
0
0.119867986040976
0.880132013959024
0
0.119919144968733
0.880080855031267
0
0.119979107856195
0.880020892143805
0
0.120046447599496
0.879953552400504
0
0.120118699117682
0.879881300882319
0
0.120189380946233
0.879810619053767
0
0.12024153716057
0.87975846283943
0
0.119818277040749
0.880181722959251
0
0.119832347152937
0.880167652847063
0
0.119859917463772
0.880140082536228
0
0.119900198738956
0.880099801261044
0
0.119952651891603
0.880047348108397
0
0.120017430036073
0.879982569963928
0
0.120095691557018
0.879904308442982
0
0.120189380946233
0.879810619053767
0
0.120298409337882
0.879701590662118
0
0.120405588784888
0.879594411215112
0
0.119835568064549
0.880164431935451
0
0.119849297672057
0.880150702327943
0
0.119876483336176
0.880123516663824
0
0.119916842723432
0.880083157276568
0
0.119970587083682
0.880029412916318
0
0.120039151702311
0.879960848297689
0
0.120126445675129
0.879873554324871
0
0.12024153716057
0.87975846283943
0
0.120405588784888
0.879594411215112
0
0.120671003317343
0.85861717001863
0.0207118266640274
0.119074756698978
0.850850506927303
0.0300747363737194
0.119196501335132
0.880803498664869
0
0.119319060350938
0.880680939649062
0
0.119437693393712
0.880562306606288
0
0.119557645023343
0.880442354976657
0
0.119653364347258
0.880346635652742
0
0.11972893564485
0.88027106435515
0
0.119783147093855
0.880216852906145
0
0.119818248171355
0.880181751828645
0
0.119835541686467
0.880164458313533
0
0.119196501335132
0.880803498664868
0
0.11927151259468
0.88072848740532
0
0.119368658216972
0.880631341783028
0
0.119482286587472
0.880517713412528
0
0.11958527894017
0.88041472105983
0
0.119675639938598
0.880324360061402
0
0.119746376978226
0.880253623021774
0
0.119798221287588
0.880201778712412
0
0.119832320316222
0.880167679683778
0
0.119849273201272
0.880150726798728
0
0.119319060350938
0.880680939649062
0
0.119368658216972
0.880631341783028
0
0.119453636185212
0.880546363814788
0
0.119544307118622
0.880455692881378
0
0.119635367074786
0.880364632925214
0
0.119714366331137
0.880285633668863
0
0.119778459703893
0.880221540296107
0
0.119827080473714
0.880172919526287
0
0.119859894491181
0.880140105508819
0
0.119876462779558
0.880123537220442
0
0.119437693393712
0.880562306606288
0
0.119482286587472
0.880517713412528
0
0.119544307118622
0.880455692881378
0
0.119620259326724
0.880379740673276
0
0.119695439062039
0.880304560937962
0
0.119763645675836
0.880236354324164
0
0.119821838107463
0.880178161892537
0
0.119867964205407
0.880132035794593
0
0.119900181601871
0.880099818398129
0
0.11991682800369
0.88008317199631
0
0.119557645023343
0.880442354976657
0
0.11958527894017
0.88041472105983
0
0.119635367074786
0.880364632925214
0
0.119695439062039
0.880304560937962
0
0.119758120923471
0.880241879076529
0
0.119818611039083
0.880181388960917
0
0.119873350493462
0.880126649506538
0
0.119919130585856
0.880080869414144
0
0.119952642422338
0.880047357577662
0
0.119970580270287
0.880029419729713
0
0.119653364347258
0.880346635652742
0
0.119675639938598
0.880324360061402
0
0.119714366331137
0.880285633668863
0
0.119763645675836
0.880236354324164
0
0.119818611039083
0.880181388960917
0
0.119875296071677
0.880124703928323
0
0.119930096271906
0.880069903728094
0
0.119979102311588
0.880020897688412
0
0.120017430243327
0.879982569756673
0
0.120039155206249
0.879960844793751
0
0.11972893564485
0.88027106435515
0
0.119746376978226
0.880253623021774
0
0.119778459703893
0.880221540296107
0
0.119821838107463
0.880178161892537
0
0.119873350493462
0.880126649506538
0
0.119930096271906
0.880069903728094
0
0.119989107982834
0.880010892017166
0
0.120046452192731
0.879953547807269
0
0.120095703643604
0.879904296356396
0
0.120126462470042
0.879873537529958
0
0.119783147093855
0.880216852906145
0
0.119798221287588
0.880201778712412
0
0.119827080473714
0.880172919526287
0
0.119867964205407
0.880132035794593
0
0.119919130585856
0.880080869414144
0
0.119979102311588
0.880020897688412
0
0.120046452192731
0.879953547807269
0
0.12011871470318
0.87988128529682
0
0.120189407343531
0.879810592656469
0
0.120241571898875
0.879758428101125
0
0.119818248171355
0.880181751828645
0
0.119832320316222
0.880167679683778
0
0.119859894491181
0.880140105508819
0
0.119900181601871
0.880099818398129
0
0.119952642422338
0.880047357577662
0
0.120017430243327
0.879982569756672
0
0.120095703643604
0.879904296356396
0
0.120189407343531
0.879810592656469
0
0.12029845308715
0.87970154691285
0
0.120405693248485
0.879594306751515
0
0.119835541686467
0.880164458313533
0
0.119849273201272
0.880150726798728
0
0.119876462779558
0.880123537220442
0
0.11991682800369
0.88008317199631
0
0.119970580270287
0.880029419729713
0
0.120039155206249
0.879960844793751
0
0.120126462470042
0.879873537529958
0
0.120241571898875
0.879758428101125
0
0.120405693248485
0.879594306751515
0
0.120677164585858
0.85742585191378
0.0218969835003618
