0.119061139300503
0.482308456220104
0.398630404479393
0.119181426250362
0.545028705087262
0.335789868662376
0.119291291310588
0.588860518097155
0.291848190592257
0.119395662152735
0.669210255656568
0.211394082190697
0.119506144032424
0.8423623199792
0.0381315359883762
0.119600488624577
0.880399511375423
0
0.119678572924302
0.880321427075698
0
0.119734908293063
0.880265091706937
0
0.119771391634283
0.880228608365717
0
0.119789365490421
0.880210634509579
0
0.119181426250362
0.545028705087262
0.335789868662376
0.119248390573937
0.579531859938437
0.301219749487625
0.119334931885866
0.639159356236096
0.241505711878037
0.119431265043847
0.764967803078885
0.115600931877268
0.119535547481343
0.880464452518657
0
0.119624659574997
0.880375340425003
0
0.119697187450816
0.880302812549184
0
0.119750744288097
0.880249255711903
0
0.119786061823977
0.880213938176023
0
0.119803629142374
0.880196370857626
0
0.119291291310588
0.588860518097155
0.291848190592257
0.119334931885866
0.639159356236096
0.241505711878038
0.119405836230797
0.742563808972692
0.13803035479651
0.119497434832433
0.880502565167567
0
0.119585221046156
0.880414778953844
0
0.119665111230654
0.880334888769346
0
0.119730748411898
0.880269251588102
0
0.119780819907442
0.880219180092558
0
0.119814688131223
0.880185311868777
0
0.119831804766279
0.880168195233721
0
0.119395662152735
0.669210255656568
0.211394082190697
0.119431265043847
0.764967803078885
0.115600931877268
0.119497434832433
0.880502565167567
0
0.119570564473734
0.880429435526266
0
0.119646486111847
0.880353513888153
0
0.119716058122619
0.880283941877381
0
0.119775735588793
0.880224264411207
0
0.119823176631806
0.880176823368194
0
0.119856372597737
0.880143627402263
0
0.119873539942883
0.880126460057117
0
0.119506144032424
0.8423623199792
0.038131535988376
0.119535547481343
0.880464452518657
0
0.119585221046156
0.880414778953844
0
0.119646486111847
0.880353513888153
0
0.119710644160057
0.880289355839943
0
0.119772684226812
0.880227315773188
0
0.119828910838153
0.880171089161847
0
0.119875999841219
0.880124000158781
0
0.119910483074708
0.880089516925292
0
0.119928937986331
0.880071062013668
0
0.119600488624577
0.880399511375423
0
0.119624659574997
0.880375340425003
0
0.119665111230654
0.880334888769346
0
0.119716058122619
0.880283941877381
0
0.119772684226812
0.880227315773188
0
0.119830997087029
0.880169002912971
0
0.119887357545475
0.880112642454525
0
0.119937718367979
0.880062281632021
0
0.119977058255087
0.880022941744913
0
0.119999329914258
0.880000670085742
0
0.119678572924302
0.880321427075698
0
0.119697187450816
0.880302812549184
0
0.119730748411898
0.880269251588102
0
0.119775735588793
0.880224264411207
0
0.119828910838153
0.880171089161847
0
0.119887357545475
0.880112642454525
0
0.119948004821246
0.880051995178754
0
0.120006794748145
0.879993205251855
0
0.120057161378877
0.879942838621123
0
0.120088548481841
0.87991145151816
0
0.119734908293063
0.880265091706937
0
0.119750744288097
0.880249255711903
0
0.119780819907442
0.880219180092558
0
0.119823176631806
0.880176823368194
0
0.119875999841219
0.880124000158781
0
0.119937718367979
0.880062281632021
0
0.120006794748145
0.879993205251855
0
0.120080648392077
0.879919351607923
0
0.120152654499714
0.879847345500286
0
0.120205638760047
0.879794361239953
0
0.119771391634283
0.880228608365717
0
0.119786061823977
0.880213938176023
0
0.119814688131223
0.880185311868777
0
0.119856372597737
0.880143627402263
0
0.119910483074708
0.880089516925292
0
0.119977058255087
0.880022941744913
0
0.120057161378877
0.879942838621123
0
0.120152654499714
0.879847345500286
0
0.120263356883902
0.879736643116098
0
0.120371832844627
0.879628167155373
0
0.119789365490421
0.880210634509579
0
0.119803629142374
0.880196370857626
0
0.119831804766279
0.880168195233721
0
0.119873539942883
0.880126460057117
0
0.119928937986331
0.880071062013668
0
0.119999329914258
0.880000670085742
0
0.120088548481841
0.87991145151816
0
0.120205638760047
0.879794361239953
0
0.120371832844627
0.879628167155373
0
0.120637075251328
0.825048411523138
0.054314513225534
0.119063754936136
0.582008601791426
0.298927643272438
0.119182342904415
0.880817657095585
0
0.119292672386793
0.880707327613207
0
0.119396397117724
0.880603602882276
0
0.119506305483649
0.880493694516351
0
0.119600547805939
0.880399452194061
0
0.119678561954506
0.880321438045494
0
0.119734892750856
0.880265107249144
0
0.119771378580708
0.880228621419292
0
0.119789353943386
0.880210646056614
0
0.119182342904415
0.880817657095585
0
0.119249907645638
0.880750092354362
0
0.119335817793729
0.880664182206271
0
0.119431618899844
0.880568381100156
0
0.119535605114689
0.880464394885311
0
0.119624664139899
0.880375335860101
0
0.119697170565058
0.880302829434942
0
0.119750729575809
0.880249270424191
0
0.119786049988666
0.880213950011334
0
0.119803618757471
0.880196381242529
0
0.119292672386793
0.880707327613207
0
0.119335817793729
0.880664182206271
0
0.119406250149645
0.880593749850355
0
0.119497499831177
0.880502500168823
0
0.119585247091992
0.880414752908008
0
0.119665094803639
0.880334905196361
0
0.119730732198523
0.880269267801477
0
0.119780807597554
0.880219192402446
0
0.11981467862061
0.88018532137939
0
0.119831796649133
0.880168203350867
0
0.119396397117724
0.880603602882276
0
0.119431618899844
0.880568381100156
0
0.119497499831177
0.880502500168823
0
0.119570600792615
0.880429399207385
0
0.119646470800517
0.880353529199483
0
0.119716040910009
0.880283959089991
0
0.119775722805447
0.880224277194553
0
0.119823167787822
0.880176832212178
0
0.119856366515989
0.880143633484011
0
0.119873535424539
0.880126464575461
0
0.119506305483649
0.880493694516351
0
0.119535605114689
0.880464394885311
0
0.119585247091992
0.880414752908008
0
0.119646470800517
0.880353529199483
0
0.119710626608397
0.880289373391603
0
0.119772671151745
0.880227328848255
0
0.119828902433449
0.880171097566551
0
0.119875995532197
0.880124004467803
0
0.119910482159207
0.880089517840793
0
0.119928938969415
0.880071061030585
0
0.119600547805939
0.880399452194061
0
0.119624664139899
0.880375335860101
0
0.119665094803639
0.880334905196361
0
0.119716040910009
0.880283959089991
0
0.119772671151745
0.880227328848255
0
0.119830988831362
0.880169011168638
0
0.119887354307561
0.880112645692439
0
0.119937720367273
0.880062279632728
0
0.119977064715048
0.880022935284952
0
0.119999339000843
0.880000660999157
0
0.119678561954506
0.880321438045494
0
0.119697170565058
0.880302829434942
0
0.119730732198523
0.880269267801477
0
0.119775722805447
0.880224277194553
0
0.119828902433449
0.880171097566551
0
0.119887354307561
0.880112645692439
0
0.119948007967821
0.880051992032179
0
0.120006804908462
0.879993195091538
0
0.120057178107711
0.879942821892289
0
0.120088569295704
0.879911430704296
0
0.119734892750856
0.880265107249144
0
0.119750729575809
0.880249270424191
0
0.119780807597554
0.880219192402446
0
0.119823167787822
0.880176832212178
0
0.119875995532197
0.880124004467803
0
0.119937720367273
0.880062279632728
0
0.120006804908462
0.879993195091538
0
0.12008066827994
0.87991933172006
0
0.120152683982101
0.879847316017899
0
0.120205675565613
0.879794324434387
0
0.119771378580708
0.880228621419292
0
0.119786049988666
0.880213950011334
0
0.11981467862061
0.88018532137939
0
0.119856366515989
0.880143633484011
0
0.119910482159207
0.880089517840793
0
0.119977064715048
0.880022935284952
0
0.120057178107711
0.879942821892289
0
0.120152683982101
0.879847316017899
0
0.120263401999837
0.879736598000163
0
0.120371915829896
0.879628084170104
0
0.119789353943386
0.880210646056614
0
0.119803618757471
0.880196381242529
0
0.119831796649133
0.880168203350867
0
0.119873535424539
0.880126464575461
0
0.119928938969415
0.880071061030585
0
0.119999339000843
0.880000660999157
0
0.120088569295704
0.879911430704296
0
0.120205675565613
0.879794324434387
0
0.120371915829896
0.879628084170104
0
0.120640096763593
0.864446905095931
0.0149129981404754
0.119068295524485
0.795699865146376
0.0852318393291393
0.119182628221097
0.880817371778903
0
0.119292897308666
0.880707102691334
0
0.11939675052913
0.88060324947087
0
0.119506417622875
0.880493582377125
0
0.119600612731597
0.880399387268403
0
0.119678526982183
0.880321473017817
0
0.119734852246995
0.880265147753005
0
0.119771342618337
0.880228657381663
0
0.119789320646937
0.880210679353063
0
0.119182628221097
0.880817371778903
0
0.119250108614069
0.880749891385931
0
0.119336114367156
0.880663885632844
0
0.119431961008968
0.880568038991032
0
0.119535639499071
0.880464360500929
0
0.119624651440816
0.880375348559184
0
0.119697127376014
0.880302872623986
0
0.119750690718242
0.880249309281757
0
0.119786016189014
0.880213983810986
0
0.119803587634225
0.880196412365776
0
0.119292897308666
0.880707102691334
0
0.119336114367156
0.880663885632844
0
0.119406611247038
0.880593388752962
0
0.119497513641963
0.880502486358037
0
0.119585266300875
0.880414733699125
0
0.119665051978641
0.880334948021359
0
0.119730690809747
0.880269309190253
0
0.119780773027843
0.880219226972157
0
0.119814649130275
0.880185350869725
0
0.119831769686247
0.880168230313753
0
0.11939675052913
0.88060324947087
0
0.119431961008968
0.880568038991032
0
0.119497513641963
0.880502486358037
0
0.119570635502449
0.880429364497551
0
0.119646429582739
0.880353570417261
0
0.119715997910403
0.880284002089597
0
0.119775687518609
0.880224312481391
0
0.119823139551993
0.880176860448007
0
0.119856343029579
0.880143656970421
0
0.119873514479415
0.880126485520585
0
0.119506417622875
0.880493582377125
0
0.119535639499071
0.880464360500929
0
0.119585266300875
0.880414733699125
0
0.119646429582739
0.880353570417261
0
0.119710583079769
0.880289416920231
0
0.119772635448894
0.880227364551106
0
0.119828875045947
0.880171124954053
0
0.119875974906908
0.880124025093093
0
0.119910466696794
0.880089533303206
0
0.119928926263955
0.880071073736045
0
0.119600612731597
0.880399387268403
0
0.119624651440816
0.880375348559184
0
0.119665051978641
0.880334948021359
0
0.119715997910403
0.880284002089597
0
0.119772635448894
0.880227364551106
0
0.119830961742277
0.880169038257723
0
0.11988733534706
0.88011266465294
0
0.119937708971537
0.880062291028463
0
0.11997705926773
0.88002294073227
0
0.119999336955177
0.880000663044823
0
0.119678526982183
0.880321473017817
0
0.119697127376014
0.880302872623986
0
0.119730690809747
0.880269309190253
0
0.119775687518609
0.880224312481391
0
0.119828875045947
0.880171124954053
0
0.11988733534706
0.88011266465294
0
0.119947998113566
0.880052001886434
0
0.120006803988843
0.879993196011157
0
0.120057184966191
0.879942815033809
0
0.120088581034235
0.879911418965765
0
0.119734852246995
0.880265147753005
0
0.119750690718242
0.880249309281757
0
0.119780773027843
0.880219226972157
0
0.119823139551993
0.880176860448007
0
0.119875974906908
0.880124025093093
0
0.119937708971537
0.880062291028463
0
0.120006803988843
0.879993196011157
0
0.120080678755682
0.879919321244318
0
0.120152705638863
0.879847294361137
0
0.120205705803548
0.879794294196452
0
0.119771342618337
0.880228657381663
0
0.119786016189014
0.880213983810986
0
0.119814649130275
0.880185350869725
0
0.119856343029579
0.880143656970421
0
0.119910466696794
0.880089533303206
0
0.11997705926773
0.88002294073227
0
0.120057184966191
0.879942815033809
0
0.120152705638863
0.879847294361137
0
0.120263441477256
0.879736558522744
0
0.120372016055791
0.879627983944209
0
0.119789320646937
0.880210679353063
0
0.119803587634225
0.880196412365776
0
0.119831769686247
0.880168230313753
0
0.119873514479415
0.880126485520585
0
0.119928926263955
0.880071073736045
0
0.119999336955177
0.880000663044823
0
0.120088581034235
0.879911418965765
0
0.120205705803548
0.879794294196452
0
0.120372016055791
0.879627983944209
0
0.120646205284409
0.86153389277263
0.0178199019429609
