0.119060386447027
0.471139781132256
0.409799832420718
0.119171592541878
0.531570126436807
0.349258281021316
0.119272045210551
0.570029457130775
0.310698497658674
0.119364389219869
0.630499666645458
0.250135944134673
0.119458803397555
0.7582235939383
0.122317602664145
0.119555224741825
0.880444775258175
0
0.119631499081968
0.880368500918032
0
0.119688383779904
0.880311616220096
0
0.11972539370673
0.88027460629327
0
0.119743654082556
0.880256345917445
0
0.119171592541878
0.531570126436806
0.349258281021316
0.119233741309725
0.562949015470027
0.317817243220248
0.119310915598629
0.607257674132243
0.273431410269128
0.11939538963224
0.696425126607193
0.184179483760567
0.119491559050521
0.880508440949479
0
0.119577117268611
0.880422882731389
0
0.119650182304913
0.880349817695087
0
0.119704490344265
0.880295509655735
0
0.119740363339593
0.880259636660407
0
0.119758226964654
0.880241773035346
0
0.119272045210551
0.570029457130775
0.310698497658674
0.119310915598629
0.607257674132243
0.273431410269128
0.119372261833367
0.678986591050769
0.201641147115864
0.119454905494751
0.8451111662539
0.035433928251349
0.119537883099751
0.880462116900249
0
0.119617807585095
0.880382192414905
0
0.119684299567274
0.880315700432726
0
0.119735144446057
0.880264855553943
0
0.119769578571756
0.880230421428244
0
0.119786993903581
0.880213006096419
0
0.119364389219869
0.630499666645459
0.250135944134673
0.11939538963224
0.696425126607193
0.184179483760567
0.119454905494751
0.8451111662539
0.035433928251349
0.119523557857056
0.880476442142944
0
0.119599165049201
0.880400834950799
0
0.119669536043648
0.880330463956352
0
0.119730105133993
0.880269894866007
0
0.119778320560234
0.880221679439766
0
0.119812070862581
0.880187929137419
0
0.11982952582694
0.88017047417306
0
0.119458803397555
0.7582235939383
0.122317602664145
0.119491559050521
0.880508440949479
0
0.119537883099751
0.880462116900249
0
0.119599165049201
0.880400834950799
0
0.11966412170791
0.88033587829209
0
0.119727102497152
0.880272897502848
0
0.11978424533335
0.88021575466665
0
0.119832103046878
0.880167896953122
0
0.119867169926485
0.880132830073515
0
0.119885939057793
0.880114060942207
0
0.119555224741825
0.880444775258175
0
0.119577117268611
0.880422882731389
0
0.119617807585095
0.880382192414905
0
0.119669536043648
0.880330463956352
0
0.119727102497152
0.880272897502848
0
0.11978640541784
0.88021359458216
0
0.119843699111924
0.880156300888076
0
0.119894911609475
0.880105088390525
0
0.1199349036674
0.8800650963326
0
0.119957536168828
0.880042463831172
0
0.119631499081968
0.880368500918032
0
0.119650182304913
0.880349817695087
0
0.119684299567274
0.880315700432726
0
0.119730105133993
0.880269894866007
0
0.11978424533335
0.88021575466665
0
0.119843699111924
0.880156300888076
0
0.119905385631958
0.880094614368042
0
0.119965139277667
0.880034860722333
0
0.120016289291118
0.879983710708882
0
0.120048140794474
0.879951859205526
0
0.119688383779904
0.880311616220096
0
0.119704490344265
0.880295509655735
0
0.119735144446057
0.880264855553943
0
0.119778320560234
0.880221679439766
0
0.119832103046878
0.880167896953122
0
0.119894911609475
0.880105088390525
0
0.119965139277667
0.880034860722333
0
0.120040134578141
0.879959865421859
0
0.120113167677055
0.879886832322945
0
0.120166854718389
0.879833145281611
0
0.11972539370673
0.88027460629327
0
0.119740363339593
0.880259636660407
0
0.119769578571756
0.880230421428244
0
0.119812070862581
0.880187929137419
0
0.119867169926486
0.880132830073515
0
0.1199349036674
0.8800650963326
0
0.120016289291118
0.879983710708882
0
0.120113167677055
0.879886832322945
0
0.120225323659369
0.879774676340631
0
0.120335108487274
0.879664891512726
0
0.119743654082556
0.880256345917445
0
0.119758226964654
0.880241773035346
0
0.119786993903581
0.880213006096419
0
0.11982952582694
0.88017047417306
0
0.119885939057793
0.880114060942207
0
0.119957536168828
0.880042463831172
0
0.120048140794474
0.879951859205526
0
0.120166854718389
0.879833145281611
0
0.120335108487274
0.879664891512726
0
0.120603437242327
0.82894104356315
0.0504555191945233
0.119062954477914
0.566394105290897
0.31454294023119
0.119172614416285
0.880827385583715
0
0.119273283509671
0.880726716490329
0
0.119365278433364
0.880634721566636
0
0.119459140450602
0.880540859549398
0
0.119555260909985
0.880444739090015
0
0.119631496635126
0.880368503364874
0
0.11968836447299
0.88031163552701
0
0.119725376170464
0.880274623829536
0
0.119743638121845
0.880256361878155
0
0.119172614416285
0.880827385583715
0
0.119234855354671
0.880765144645329
0
0.119311942305451
0.880688057694549
0
0.119395938393332
0.880604061606668
0
0.119491654742832
0.880508345257168
0
0.119577156570721
0.880422843429279
0
0.119650164721747
0.880349835278253
0
0.11970447127045
0.88029552872955
0
0.119740347083767
0.880259652916233
0
0.119758212291191
0.880241787708809
0
0.119273283509671
0.880726716490329
0
0.119311942305451
0.880688057694549
0
0.119372933326737
0.880627066673263
0
0.119455048078233
0.880544951921767
0
0.119537956585022
0.880462043414978
0
0.11961779537933
0.88038220462067
0
0.119684279526069
0.880315720473931
0
0.119735127759971
0.880264872240029
0
0.119769564894891
0.880230435105109
0
0.119786981807179
0.88021301819282
0
0.119365278433364
0.880634721566636
0
0.119395938393332
0.880604061606668
0
0.119455048078233
0.880544951921767
0
0.119523643785658
0.880476356214342
0
0.119599157778076
0.880400842221924
0
0.119669515741025
0.880330484258975
0
0.119730088087566
0.880269911912434
0
0.119778307663714
0.880221692336286
0
0.119812060990571
0.880187939009429
0
0.119829517541493
0.880170482458507
0
0.119459140450602
0.880540859549398
0
0.119491654742832
0.880508345257168
0
0.119537956585022
0.880462043414978
0
0.119599157778076
0.880400842221924
0
0.119664101420694
0.880335898579306
0
0.119727085268266
0.880272914731734
0
0.119784232969779
0.880215767030221
0
0.119832094990261
0.880167905009739
0
0.119867165306504
0.880132834693496
0
0.119885936419771
0.880114063580229
0
0.119555260909985
0.880444739090015
0
0.119577156570721
0.880422843429279
0
0.11961779537933
0.88038220462067
0
0.119669515741025
0.880330484258975
0
0.119727085268266
0.880272914731734
0
0.119786393252165
0.880213606747835
0
0.119843692108293
0.880156307891707
0
0.119894910023305
0.880105089976695
0
0.119934906699141
0.880065093300859
0
0.119957541902739
0.880042458097261
0
0.119631496635126
0.880368503364874
0
0.119650164721747
0.880349835278253
0
0.119684279526069
0.880315720473931
0
0.119730088087566
0.880269911912434
0
0.119784232969779
0.880215767030221
0
0.119843692108293
0.880156307891707
0
0.119905385247384
0.880094614752616
0
0.119965146104637
0.880034853895363
0
0.120016302999934
0.879983697000066
0
0.120048158983014
0.879951841016986
0
0.11968836447299
0.88031163552701
0
0.11970447127045
0.88029552872955
0
0.119735127759971
0.880264872240029
0
0.119778307663714
0.880221692336286
0
0.119832094990261
0.880167905009739
0
0.119894910023305
0.880105089976695
0
0.119965146104637
0.880034853895363
0
0.120040151758159
0.879959848241841
0
0.120113195348169
0.879886804651831
0
0.120166890297117
0.879833109702883
0
0.119725376170464
0.880274623829536
0
0.119740347083767
0.880259652916233
0
0.119769564894891
0.880230435105109
0
0.119812060990571
0.880187939009429
0
0.119867165306504
0.880132834693496
0
0.119934906699141
0.880065093300859
0
0.120016302999934
0.879983697000066
0
0.120113195348169
0.879886804651831
0
0.120225368240288
0.879774631759712
0
0.120335192030636
0.879664807969364
0
0.119743638121845
0.880256361878155
0
0.119758212291191
0.880241787708809
0
0.11978698180718
0.880213018192821
0
0.119829517541493
0.880170482458507
0
0.119885936419771
0.880114063580229
0
0.119957541902739
0.880042458097261
0
0.120048158983014
0.879951841016986
0
0.120166890297117
0.879833109702883
0
0.120335192030636
0.879664807969364
0
0.120606416151832
0.870998949803249
0.00839463404491848
0.119067297229655
0.755370492819302
0.125562209951043
0.119172998801813
0.880827001198187
0
0.119273416227969
0.880726583772032
0
0.119365533657539
0.880634466342461
0
0.119459442962534
0.880540557037466
0
0.119555258869936
0.880444741130064
0
0.119631474261681
0.880368525738319
0
0.119688318357425
0.880311681642575
0
0.119725333268327
0.880274666731673
0
0.119743597859104
0.880256402140896
0
0.119172998801813
0.880827001198187
0
0.119234958144011
0.880765041855989
0
0.119312149711262
0.880687850288738
0
0.119396273181515
0.880603726818485
0
0.119491662724936
0.880508337275064
0
0.119577195273474
0.880422804726526
0
0.119650120641884
0.880349879358116
0
0.119704425767171
0.880295574232829
0
0.11974030634777
0.88025969365223
0
0.119758174212039
0.880241825787962
0
0.119273416227969
0.880726583772032
0
0.119312149711262
0.880687850288738
0
0.119373282247583
0.880626717752417
0
0.119455115287103
0.880544884712897
0
0.119538044772891
0.880461955227109
0
0.119617758883675
0.880382241116325
0
0.119684232303109
0.880315767696891
0
0.119735086329921
0.88026491367008
0
0.119769528519892
0.880230471480108
0
0.119786948052948
0.880213051947052
0
0.119365533657539
0.880634466342461
0
0.119396273181515
0.880603726818485
0
0.119455115287103
0.880544884712897
0
0.119523749846301
0.880476250153699
0
0.119599128426583
0.880400871573417
0
0.11966946794907
0.88033053205093
0
0.119730046076989
0.880269953923011
0
0.119778272612565
0.880221727387435
0
0.119812031070292
0.880187968929708
0
0.119829490245984
0.880170509754016
0
0.119459442962534
0.880540557037466
0
0.119491662724936
0.880508337275064
0
0.119538044772891
0.880461955227109
0
0.119599128426583
0.880400871573417
0
0.119664053594595
0.880335946405405
0
0.119727042967726
0.880272957032274
0
0.119784198825544
0.880215801174456
0
0.119832068061795
0.880167931938205
0
0.119867143487281
0.880132856512719
0
0.119885917430503
0.880114082569497
0
0.119555258869936
0.880444741130064
0
0.119577195273474
0.880422804726526
0
0.119617758883675
0.880382241116325
0
0.11966946794907
0.88033053205093
0
0.119727042967726
0.880272957032274
0
0.119786359445385
0.880213640554615
0
0.119843666775524
0.880156333224476
0
0.11989489237922
0.880105107620781
0
0.119934895148833
0.880065104851167
0
0.119957533816937
0.880042466183063
0
0.119631474261681
0.880368525738319
0
0.119650120641884
0.880349879358116
0
0.119684232303109
0.880315767696891
0
0.119730046076989
0.880269953923011
0
0.119784198825544
0.880215801174456
0
0.119843666775524
0.880156333224476
0
0.119905369208915
0.880094630791085
0
0.11996513916673
0.88003486083327
0
0.120016303995159
0.879983696004841
0
0.120048164983628
0.879951835016372
0
0.119688318357425
0.880311681642575
0
0.119704425767171
0.880295574232829
0
0.119735086329921
0.88026491367008
0
0.119778272612565
0.880221727387435
0
0.119832068061795
0.880167931938205
0
0.11989489237922
0.880105107620781
0
0.11996513916673
0.88003486083327
0
0.120040156460266
0.879959843539734
0
0.120113211503568
0.879886788496432
0
0.120166915235081
0.879833084764919
0
0.119725333268327
0.880274666731673
0
0.11974030634777
0.88025969365223
0
0.119769528519892
0.880230471480108
0
0.119812031070292
0.880187968929708
0
0.119867143487281
0.880132856512719
0
0.119934895148833
0.880065104851167
0
0.120016303995159
0.879983696004841
0
0.120113211503568
0.879886788496432
0
0.12022540261183
0.87977459738817
0
0.120335287217096
0.879664712782904
0
0.119743597859104
0.880256402140896
0
0.119758174212039
0.880241825787962
0
0.119786948052948
0.880213051947052
0
0.119829490245984
0.880170509754016
0
0.119885917430503
0.880114082569497
0
0.119957533816937
0.880042466183063
0
0.120048164983628
0.879951835016372
0
0.120166915235081
0.879833084764919
0
0.120335287217096
0.879664712782904
0
0.120612507881413
0.867220326538546
0.0121671655800407
