0.119054262926441
0.46122451155481
0.419721225518749
0.119155872192501
0.524638608886499
0.356205518921
0.119251241751075
0.558783278856929
0.321965479391997
0.119336112891512
0.604435604319277
0.27622828278921
0.119419646870118
0.698646818584129
0.181933534545753
0.119510405058205
0.880489594941795
0
0.119584270475424
0.880415729524576
0
0.119642217132284
0.880357782867716
0
0.119679921808839
0.880320078191161
0
0.119698493461368
0.880301506538632
0
0.119155872192501
0.524638608886499
0.356205518921
0.119214860390042
0.553379000983896
0.327406138626062
0.119286487263685
0.585988162418889
0.294725350317426
0.119362543087601
0.651968128791367
0.228669328121032
0.119446397692517
0.806883593010572
0.0736700092969113
0.119531072999308
0.880468927000692
0
0.11960383909123
0.88039616090877
0
0.119658860339866
0.880341139660134
0
0.119695256949485
0.880304743050515
0
0.119713376534132
0.880286623465868
0
0.119251241751075
0.558783278856929
0.321965479391997
0.119286487263685
0.585988162418889
0.294725350317427
0.119341755483027
0.639103317656905
0.241554926860068
0.11941144015443
0.753688455325723
0.126900104519847
0.119494337719864
0.880505662280136
0
0.119572050562534
0.880427949437466
0
0.119638879131747
0.880361120868253
0
0.119690247818177
0.880309752181823
0
0.119725080614597
0.880274919385403
0
0.119742702526769
0.880257297473231
0
0.119336112891512
0.604435604319277
0.27622828278921
0.119362543087601
0.651968128791367
0.228669328121032
0.11941144015443
0.753688455325723
0.126900104519847
0.119481711475971
0.880518288524029
0
0.119554146142908
0.880445853857092
0
0.119624557562962
0.880375442437038
0
0.1196855677875
0.8803144322125
0
0.11973423553638
0.88026576446362
0
0.119768331988244
0.880231668011756
0
0.119785972461956
0.880214027538044
0
0.119419646870118
0.698646818584129
0.181933534545753
0.119446397692517
0.806883593010572
0.0736700092969113
0.119494337719864
0.880505662280136
0
0.119554146142908
0.880445853857092
0
0.119619375287033
0.880380624712967
0
0.119682862031458
0.880317137968542
0
0.119740529428693
0.880259470571307
0
0.119788853746478
0.880211146253522
0
0.119824245465289
0.880175754534711
0
0.119843187651596
0.880156812348404
0
0.119510405058205
0.880489594941795
0
0.119531072999308
0.880468927000692
0
0.119572050562534
0.880427949437466
0
0.119624557562962
0.880375442437038
0
0.119682862031458
0.880317137968542
0
0.11974284144565
0.88025715855435
0
0.119800747115521
0.880199252884479
0
0.119852450997659
0.880147549002341
0
0.119892830524082
0.880107169475918
0
0.119915692283622
0.880084307716378
0
0.119584270475424
0.880415729524576
0
0.11960383909123
0.88039616090877
0
0.119638879131747
0.880361120868253
0
0.1196855677875
0.8803144322125
0
0.119740529428693
0.880259470571307
0
0.119800747115521
0.880199252884479
0
0.11986310134571
0.88013689865429
0
0.119923488843988
0.880076511156012
0
0.119975203415418
0.880024796584582
0
0.120007413324414
0.879992586675586
0
0.119642217132284
0.880357782867716
0
0.119658860339866
0.880341139660134
0
0.119690247818177
0.880309752181823
0
0.11973423553638
0.88026576446362
0
0.119788853746478
0.880211146253522
0
0.119852450997659
0.880147549002341
0
0.119923488843988
0.880076511156012
0
0.119999356382347
0.880000643617653
0
0.120073243484924
0.879926756515076
0
0.1201275566892
0.8798724433108
0
0.119679921808839
0.880320078191161
0
0.119695256949485
0.880304743050515
0
0.119725080614597
0.880274919385403
0
0.119768331988244
0.880231668011756
0
0.119824245465289
0.880175754534711
0
0.119892830524082
0.880107169475918
0
0.119975203415418
0.880024796584582
0
0.120073243484924
0.879926756515076
0
0.12018672802015
0.87981327197985
0
0.120297787363499
0.879702212636501
0
0.119698493461368
0.880301506538632
0
0.119713376534132
0.880286623465868
0
0.119742702526769
0.880257297473231
0
0.119785972461956
0.880214027538044
0
0.119843187651596
0.880156812348404
0
0.119915692283622
0.880084307716378
0
0.120007413324414
0.879992586675586
0
0.1201275566892
0.8798724433108
0
0.120297787363499
0.879702212636501
0
0.120569201066481
0.835323521852021
0.0441072770814978
0.119056802272143
0.55289542892795
0.328047768799907
0.11915661032103
0.88084338967897
0
0.119252109883876
0.880747890116124
0
0.119337039448172
0.880662960551828
0
0.119420120984964
0.880579879015036
0
0.119510493189106
0.880489506810894
0
0.119584293450229
0.880415706549771
0
0.119642195559896
0.880357804440104
0
0.119679900046305
0.880320099953695
0
0.119698473204949
0.880301526795051
0
0.11915661032103
0.88084338967897
0
0.119215620523578
0.880784379476422
0
0.11928763798544
0.88071236201456
0
0.119363193425639
0.880636806574361
0
0.119446609132926
0.880553390867074
0
0.119531131401652
0.880468868598348
0
0.119603825147234
0.880396174852766
0
0.119658837472156
0.880341162527844
0
0.119695236414707
0.880304763585293
0
0.119713357595989
0.880286642404011
0
0.119252109883876
0.880747890116124
0
0.11928763798544
0.88071236201456
0
0.119342472035941
0.880657527964058
0
0.119411775992445
0.880588224007555
0
0.1194944027689
0.8805055972311
0
0.119572053494121
0.880427946505879
0
0.119638856449788
0.880361143550212
0
0.119690226918061
0.880309773081939
0
0.119725062696383
0.880274937303617
0
0.119742686220681
0.880257313779319
0
0.119337039448172
0.880662960551828
0
0.119363193425639
0.880636806574361
0
0.119411775992445
0.880588224007555
0
0.119481773637781
0.880518226362219
0
0.119554164725999
0.880445835274001
0
0.119624536184371
0.880375463815629
0
0.119685546667746
0.880314453332254
0
0.119734218414003
0.880265781585997
0
0.119768318022626
0.880231681977374
0
0.119785960212851
0.880214039787149
0
0.119420120984964
0.880579879015036
0
0.119446609132926
0.880553390867074
0
0.1194944027689
0.8805055972311
0
0.119554164725999
0.880445835274001
0
0.119619354696302
0.880380645303698
0
0.119682840868857
0.880317159131143
0
0.119740512855557
0.880259487144443
0
0.119788841744886
0.880211158255114
0
0.119824237005388
0.880175762994612
0
0.119843181182644
0.880156818817356
0
0.119510493189106
0.880489506810894
0
0.119531131401652
0.880468868598348
0
0.119572053494121
0.880427946505879
0
0.119624536184371
0.880375463815629
0
0.119682840868857
0.880317159131143
0
0.119742825076636
0.880257174923364
0
0.119800736278679
0.880199263721321
0
0.119852445607643
0.880147554392357
0
0.119892829804345
0.880107170195655
0
0.11991569427318
0.88008430572682
0
0.119584293450229
0.880415706549771
0
0.119603825147234
0.880396174852766
0
0.119638856449788
0.880361143550212
0
0.119685546667746
0.880314453332254
0
0.119740512855557
0.880259487144443
0
0.119800736278679
0.880199263721321
0
0.119863097166394
0.880136902833606
0
0.119923491932228
0.880076508067772
0
0.119975213494983
0.880024786505017
0
0.120007428020212
0.879992571979788
0
0.119642195559896
0.880357804440104
0
0.119658837472156
0.880341162527844
0
0.119690226918061
0.880309773081939
0
0.119734218414003
0.880265781585997
0
0.119788841744886
0.880211158255114
0
0.119852445607643
0.880147554392357
0
0.119923491932228
0.880076508067772
0
0.119999369973625
0.880000630026375
0
0.120073268480827
0.879926731519173
0
0.120127590205361
0.879872409794639
0
0.119679900046305
0.880320099953695
0
0.119695236414707
0.880304763585293
0
0.119725062696383
0.880274937303617
0
0.119768318022626
0.880231681977374
0
0.119824237005388
0.880175762994612
0
0.119892829804345
0.880107170195655
0
0.119975213494983
0.880024786505017
0
0.120073268480827
0.879926731519173
0
0.120186771235501
0.879813228764499
0
0.120297870736566
0.879702129263434
0
0.119698473204949
0.880301526795051
0
0.119713357595989
0.880286642404011
0
0.119742686220681
0.880257313779318
0
0.119785960212851
0.880214039787149
0
0.119843181182644
0.880156818817356
0
0.11991569427318
0.88008430572682
0
0.120007428020212
0.879992571979788
0
0.120127590205361
0.879872409794639
0
0.120297870736566
0.879702129263434
0
0.120572161347971
0.877853587087156
0.00157425156487365
0.119061049925593
0.72968853712677
0.151250412947637
0.119157032584148
0.880842967415852
0
0.119252173521589
0.880747826478411
0
0.119337209807985
0.880662790192015
0
0.119420403650054
0.880579596349946
0
0.119510505192621
0.880489494807379
0
0.119584307400468
0.880415692599532
0
0.119642145536695
0.880357854463305
0
0.119679850402305
0.880320149597695
0
0.11969842610608
0.88030157389392
0
0.119157032584148
0.880842967415852
0
0.119215665290624
0.880784334709376
0
0.119287779936404
0.880712220063596
0
0.119363431456143
0.880636568543857
0
0.11944679089141
0.88055320910859
0
0.119531186594682
0.880468813405318
0
0.119603785758693
0.880396214241307
0
0.119658785904248
0.880341214095752
0
0.119695188882854
0.880304811117146
0
0.119713312723734
0.880286687276266
0
0.119252173521589
0.880747826478411
0
0.119287779936404
0.880712220063596
0
0.119342693090108
0.880657306909892
0
0.119412067921225
0.880587932078775
0
0.119494440971594
0.880505559028406
0
0.119572038649394
0.880427961350606
0
0.119638804997645
0.880361195002356
0
0.119690178852477
0.880309821147523
0
0.11972501958312
0.88027498041688
0
0.119742645750953
0.880257354249047
0
0.119337209807985
0.880662790192015
0
0.119363431456143
0.880636568543857
0
0.119412067921225
0.880587932078775
0
0.119481789258543
0.880518210741457
0
0.119554173063653
0.880445826936347
0
0.119624486642965
0.880375513357035
0
0.119685498332403
0.880314501667597
0
0.119734176698885
0.880265823301115
0
0.11976828140965
0.88023171859035
0
0.119785926277555
0.880214073722445
0
0.119420403650054
0.880579596349946
0
0.11944679089141
0.88055320910859
0
0.119494440971594
0.880505559028406
0
0.119554173063653
0.880445826936347
0
0.119619306339431
0.880380693660569
0
0.11968279252803
0.88031720747197
0
0.119740472127972
0.880259527872028
0
0.11978880824558
0.88021119175442
0
0.11982420895906
0.88017579104094
0
0.119843156031692
0.880156843968308
0
0.119510505192621
0.880489494807379
0
0.119531186594682
0.880468813405318
0
0.119572038649394
0.880427961350606
0
0.119624486642966
0.880375513357034
0
0.11968279252803
0.88031720747197
0
0.11974278471983
0.88025721528017
0
0.119800704657506
0.880199295342494
0
0.119852421883217
0.880147578116783
0
0.119892812153784
0.880107187846216
0
0.119915680039683
0.880084319960317
0
0.119584307400468
0.880415692599532
0
0.119603785758693
0.880396214241307
0
0.119638804997645
0.880361195002355
0
0.119685498332403
0.880314501667597
0
0.119740472127972
0.880259527872028
0
0.119800704657506
0.880199295342494
0
0.119863075053555
0.880136924946445
0
0.11992347886951
0.88007652113049
0
0.119975208458036
0.880024791541964
0
0.120007428057562
0.879992571942438
0
0.119642145536695
0.880357854463305
0
0.119658785904248
0.880341214095752
0
0.119690178852477
0.880309821147523
0
0.119734176698885
0.880265823301115
0
0.11978880824558
0.88021119175442
0
0.119852421883217
0.880147578116783
0
0.11992347886951
0.88007652113049
0
0.11999936868862
0.88000063131138
0
0.120073278874361
0.879926721125639
0
0.120127609562144
0.879872390437856
0
0.119679850402305
0.880320149597695
0
0.119695188882854
0.880304811117146
0
0.11972501958312
0.88027498041688
0
0.11976828140965
0.88023171859035
0
0.11982420895906
0.88017579104094
0
0.119892812153784
0.880107187846216
0
0.119975208458036
0.880024791541964
0
0.120073278874361
0.879926721125639
0
0.120186800205956
0.879813199794043
0
0.120297960690488
0.879702039309512
0
0.11969842610608
0.88030157389392
0
0.119713312723734
0.880286687276266
0
0.119742645750953
0.880257354249047
0
0.119785926277555
0.880214073722445
0
0.119843156031692
0.880156843968308
0
0.119915680039683
0.880084319960317
0
0.120007428057562
0.879992571942438
0
0.120127609562144
0.879872390437856
0
0.120297960690488
0.879702039309512
0
0.12057823591811
0.874100718736405
0.00532104534548519
