0.119044492572543
0.453846696942466
0.42710881048499
0.119141205663921
0.515291963592944
0.365566830743135
0.119231501317036
0.549767710821238
0.331000787861727
0.119310703120223
0.585888910462055
0.294800386417722
0.119386722497278
0.660773729460021
0.2198395480427
0.119467638897679
0.839743176115221
0.0407891849870998
0.119539346542555
0.880460653457445
0
0.119597134709277
0.880402865290723
0
0.119635022096953
0.880364977903047
0
0.119653690470689
0.880346309529311
0
0.119141205663921
0.515291963592944
0.365566830743136
0.119197238248818
0.545290452409534
0.335512309341648
0.119265525227294
0.571191243264155
0.309543231508552
0.1193350580427
0.623193515278556
0.257471426678745
0.119409238450457
0.738629572710768
0.141961188838776
0.119490262367314
0.880509737632686
0
0.119559462860625
0.880440537139375
0
0.119614132987363
0.880385867012637
0
0.119650557972535
0.880349442027465
0
0.119668727453274
0.880331272546726
0
0.119231501317036
0.549767710821237
0.331000787861727
0.119265525227294
0.571191243264154
0.309543231508552
0.119316612569658
0.6124797505607
0.268203636869643
0.119379371226782
0.696250755370999
0.184369873402219
0.119456373534595
0.880543626465405
0
0.119528806203
0.880471193797
0
0.119594641240154
0.880405358759846
0
0.119645818374125
0.880354181625875
0
0.11968065450019
0.880319345499811
0
0.119698310892271
0.880301689107729
0
0.119310703120223
0.585888910462056
0.294800386417721
0.1193350580427
0.623193515278556
0.257471426678745
0.119379371226782
0.696250755370999
0.184369873402219
0.119444010516995
0.869785797015292
0.0107701924677131
0.119511358338431
0.880488641661569
0
0.119580706466195
0.880419293533805
0
0.119641453014935
0.880358546985065
0
0.11969008279932
0.88030991720068
0
0.119724231158713
0.880275768841287
0
0.119741923634622
0.880258076365377
0
0.119386722497278
0.660773729460022
0.2198395480427
0.119409238450457
0.738629572710768
0.141961188838776
0.119456373534595
0.880543626465405
0
0.119511358338431
0.880488641661569
0
0.119575623391372
0.880424376608628
0
0.119638922540885
0.880361077459115
0
0.119696594195139
0.880303405804861
0
0.119745019573065
0.880254980426935
0
0.119780548800073
0.880219451199927
0
0.119799583000504
0.880200416999496
0
0.119467638897679
0.839743176115222
0.0407891849870994
0.119490262367314
0.880509737632686
0
0.119528806203
0.880471193797
0
0.119580706466195
0.880419293533805
0
0.119638922540885
0.880361077459115
0
0.119698985128756
0.880301014871244
0
0.119757072713983
0.880242927286017
0
0.11980901813993
0.88019098186007
0
0.119849613186312
0.880150386813688
0
0.119872603667366
0.880127396332634
0
0.119539346542555
0.880460653457445
0
0.119559462860625
0.880440537139375
0
0.119594641240154
0.880405358759846
0
0.119641453014935
0.880358546985065
0
0.119696594195139
0.880303405804861
0
0.119757072713983
0.880242927286017
0
0.119819768290015
0.880180231709985
0
0.119880519703317
0.880119480296683
0
0.119932525198252
0.880067474801748
0
0.119964900536426
0.880035099463574
0
0.119597134709277
0.880402865290723
0
0.119614132987363
0.880385867012637
0
0.119645818374125
0.880354181625875
0
0.11969008279932
0.88030991720068
0
0.119745019573065
0.880254980426935
0
0.11980901813993
0.88019098186007
0
0.119880519703317
0.880119480296683
0
0.119956835686263
0.880043164313737
0
0.120031096142223
0.879968903857777
0
0.120085642986923
0.879914357013077
0
0.119635022096953
0.880364977903047
0
0.119650557972535
0.880349442027465
0
0.11968065450019
0.880319345499811
0
0.119724231158713
0.880275768841287
0
0.119780548800073
0.880219451199927
0
0.119849613186312
0.880150386813688
0
0.119932525198252
0.880067474801748
0
0.120031096142223
0.879968903857777
0
0.120145070936997
0.879854929063003
0
0.120256508894667
0.879743491105333
0
0.119653690470689
0.880346309529311
0
0.119668727453274
0.880331272546726
0
0.119698310892271
0.880301689107729
0
0.119741923634622
0.880258076365378
0
0.119799583000504
0.880200416999496
0
0.119872603667366
0.880127396332634
0
0.119964900536426
0.880035099463574
0
0.120085642986923
0.879914357013077
0
0.120256508894667
0.879743491105333
0
0.120528717377654
0.846929110156824
0.0325421724655221
0.119047016487569
0.54218567470434
0.338767308808091
0.119141886822861
0.880858113177139
0
0.119232121239214
0.880767878760786
0
0.119311759614067
0.880688240385933
0
0.119387286080983
0.880612713919017
0
0.119467794539661
0.880532205460339
0
0.119539383909829
0.880460616090171
0
0.119597112520962
0.880402887479038
0
0.119634996133355
0.880365003866645
0
0.119653665836557
0.880346334163443
0
0.119141886822861
0.880858113177139
0
0.119197747722394
0.880802252277606
0
0.119266564191089
0.880733435808912
0
0.119335817633677
0.880664182366323
0
0.119409579010223
0.880590420989777
0
0.119490314515131
0.880509685484869
0
0.119559460844378
0.880440539155622
0
0.119614107080107
0.880385892919893
0
0.119650533126539
0.880349466873461
0
0.119668704168822
0.880331295831178
0
0.119232121239214
0.880767878760786
0
0.119266564191089
0.880733435808912
0
0.119317424918063
0.880682575081937
0
0.119379854256046
0.880620145743954
0
0.119456468195531
0.880543531804469
0
0.119528841423361
0.880471158576639
0
0.119594618550288
0.880405381449712
0
0.119645793437591
0.880354206562409
0
0.119680632291024
0.880319367708976
0
0.119698290314952
0.880301709685048
0
0.119311759614067
0.880688240385933
0
0.119335817633677
0.880664182366323
0
0.119379854256046
0.880620145743954
0
0.119444130234759
0.880555869765241
0
0.119511421180089
0.880488578819911
0
0.119580688799821
0.880419311200179
0
0.119641428397578
0.880358571602422
0
0.119690061480248
0.880309938519752
0
0.119724212999595
0.880275787000405
0
0.119741907222425
0.880258092777575
0
0.119387286080983
0.880612713919017
0
0.119409579010223
0.880590420989777
0
0.119456468195531
0.880543531804469
0
0.119511421180089
0.88048857881991
0
0.119575608208641
0.880424391791359
0
0.119638898372738
0.880361101627262
0
0.119696573541908
0.880303426458092
0
0.11974500344906
0.88025499655094
0
0.119780536402084
0.880219463597916
0
0.119799572702847
0.880200427297153
0
0.119467794539661
0.880532205460339
0
0.119490314515131
0.880509685484869
0
0.119528841423361
0.880471158576639
0
0.119580688799821
0.880419311200179
0
0.119638898372738
0.880361101627262
0
0.11969896473657
0.880301035263431
0
0.11975705781766
0.88024294218234
0
0.11980900890943
0.88019099109057
0
0.119849608563329
0.880150391436671
0
0.119872601844239
0.880127398155761
0
0.119539383909829
0.880460616090171
0
0.119559460844378
0.880440539155622
0
0.119594618550288
0.880405381449712
0
0.119641428397578
0.880358571602422
0
0.119696573541908
0.880303426458092
0
0.11975705781766
0.88024294218234
0
0.119819760262403
0.880180239737597
0
0.119880518984738
0.880119481015262
0
0.119932531588257
0.880067468411743
0
0.119964911588444
0.880035088411556
0
0.119597112520962
0.880402887479038
0
0.119614107080107
0.880385892919893
0
0.119645793437591
0.880354206562409
0
0.119690061480248
0.880309938519752
0
0.11974500344906
0.88025499655094
0
0.11980900890943
0.88019099109057
0
0.119880518984738
0.880119481015262
0
0.119956845631237
0.880043154368763
0
0.120031117938982
0.879968882061018
0
0.120085673960153
0.879914326039847
0
0.119634996133355
0.880365003866645
0
0.119650533126539
0.880349466873461
0
0.119680632291024
0.880319367708976
0
0.119724212999595
0.880275787000405
0
0.119780536402084
0.880219463597916
0
0.119849608563329
0.880150391436671
0
0.119932531588257
0.880067468411743
0
0.120031117938982
0.879968882061018
0
0.120145112373333
0.879854887626667
0
0.12025659170824
0.87974340829176
0
0.119653665836557
0.880346334163443
0
0.119668704168822
0.880331295831178
0
0.119698290314952
0.880301709685048
0
0.119741907222425
0.880258092777575
0
0.119799572702847
0.880200427297153
0
0.119872601844239
0.880127398155761
0
0.119964911588444
0.880035088411556
0
0.120085673960153
0.879914326039847
0
0.12025659170824
0.87974340829176
0
0.120531626272652
0.879468373727348
0
0.119051215398896
0.705913834114707
0.175034950486397
0.119142407813893
0.880857592186107
0
0.119232130957774
0.880767869042226
0
0.119311876284368
0.880688123715632
0
0.11938749692953
0.88061250307047
0
0.119467889186001
0.880532110813999
0
0.119539414793824
0.880460585206176
0
0.119597061252889
0.880402938747111
0
0.119634939985282
0.880365060014718
0
0.119653611927389
0.880346388072611
0
0.119142407813893
0.880857592186107
0
0.11919774260411
0.88080225739589
0
0.11926663635655
0.88073336364345
0
0.119335991253831
0.880664008746169
0
0.119409833599717
0.880590166400283
0
0.119490322406826
0.880509677593174
0
0.119559438529001
0.880440561470999
0
0.119614050801246
0.880385949198754
0
0.119650478897581
0.880349521102419
0
0.119668652508449
0.880331347491551
0
0.119232130957774
0.880767869042226
0
0.11926663635655
0.88073336364345
0
0.119317581052313
0.880682418947687
0
0.11938012735945
0.88061987264055
0
0.119456466845055
0.880543533154946
0
0.119528873747263
0.880471126252737
0
0.119594566949265
0.880405433050735
0
0.11964573910277
0.88035426089723
0
0.119680582451032
0.880319417548968
0
0.119698243105059
0.880301756894941
0
0.119311876284368
0.880688123715632
0
0.119335991253831
0.880664008746169
0
0.11938012735945
0.88061987264055
0
0.119444148881275
0.880555851118725
0
0.11951149458557
0.88048850541443
0
0.119580644601148
0.880419355398852
0
0.119641374585147
0.880358625414853
0
0.119690013155189
0.880309986844811
0
0.119724169707112
0.880275830292888
0
0.119741866617035
0.880258133382965
0
0.11938749692953
0.88061250307047
0
0.119409833599717
0.880590166400283
0
0.119456466845055
0.880543533154946
0
0.11951149458557
0.88048850541443
0
0.119575567665374
0.880424432334626
0
0.119638845253723
0.880361154746276
0
0.119696526347575
0.880303473652425
0
0.119744963325165
0.880255036674835
0
0.119780501703765
0.880219498296235
0
0.119799541028658
0.880200458971342
0
0.119467889186001
0.880532110813999
0
0.119490322406826
0.880509677593174
0
0.119528873747263
0.880471126252737
0
0.119580644601148
0.880419355398852
0
0.119638845253723
0.880361154746276
0
0.119698917981801
0.880301082018199
0
0.119757019544893
0.880242980455107
0
0.119808978673058
0.880191021326942
0
0.119849584432771
0.880150415567229
0
0.119872581264644
0.880127418735356
0
0.119539414793824
0.880460585206176
0
0.119559438529001
0.880440561470999
0
0.119594566949265
0.880405433050735
0
0.119641374585147
0.880358625414853
0
0.119696526347575
0.880303473652425
0
0.119757019544893
0.880242980455107
0
0.11981973167724
0.88018026832276
0
0.119880499563522
0.880119500436478
0
0.119932520328001
0.880067479671999
0
0.119964905434351
0.880035094565649
0
0.119597061252889
0.880402938747111
0
0.119614050801246
0.880385949198754
0
0.11964573910277
0.88035426089723
0
0.119690013155189
0.880309986844811
0
0.119744963325165
0.880255036674835
0
0.119808978673058
0.880191021326942
0
0.119880499563522
0.880119500436478
0
0.11995683815439
0.88004316184561
0
0.120031122256399
0.879968877743601
0
0.120085687364503
0.879914312635497
0
0.119634939985282
0.880365060014718
0
0.119650478897581
0.880349521102419
0
0.119680582451032
0.880319417548968
0
0.119724169707112
0.880275830292888
0
0.119780501703765
0.880219498296235
0
0.119849584432771
0.880150415567229
0
0.119932520328001
0.880067479671999
0
0.120031122256399
0.879968877743601
0
0.120145135519072
0.879854864480928
0
0.120256675912861
0.879743324087139
0
0.119653611927389
0.880346388072611
0
0.119668652508449
0.880331347491551
0
0.119698243105059
0.880301756894941
0
0.119741866617035
0.880258133382965
0
0.119799541028658
0.880200458971342
0
0.119872581264644
0.880127418735356
0
0.119964905434351
0.880035094565649
0
0.120085687364503
0.879914312635497
0
0.120256675912861
0.879743324087139
0
0.120537707194529
0.87946229280547
0
