0.119029764640705
0.446511500733089
0.434458734626206
0.119120607139579
0.510123652690061
0.37075574017036
0.119207098761867
0.545745710548115
0.335047190690018
0.119283007680741
0.573612850427434
0.307104141891825
0.119352134213641
0.63256914362063
0.248078722165729
0.119423614418409
0.770467332080625
0.110109053500967
0.119495989137589
0.880504010862411
0
0.119552716913514
0.880447283086486
0
0.119590711469056
0.880409288530944
0
0.119609470107717
0.880390529892283
0
0.119120607139579
0.510123652690061
0.37075574017036
0.119174218184269
0.542220562093278
0.338605219722453
0.11924043027581
0.562009466118
0.31875010360619
0.119305141580631
0.601998362834161
0.278696495585208
0.119371755889777
0.687851987564727
0.192776256545496
0.119447585911688
0.880552414088312
0
0.119514411012191
0.880485588987809
0
0.11956954942524
0.88043045057476
0
0.11960628925164
0.880393710748361
0
0.119624592806297
0.880375407193703
0
0.119207098761867
0.545745710548116
0.335047190690018
0.11924043027581
0.562009466118
0.318750103606191
0.11928769756742
0.593338222685601
0.287374079746979
0.119344494478869
0.656259312224106
0.224396193297024
0.119412388210422
0.811413650471687
0.0691739613178911
0.119483863122912
0.880516136877088
0
0.119549708122505
0.880450291877495
0
0.11960142099549
0.88039857900451
0
0.119636577696397
0.880363422303603
0
0.119654372691494
0.880345627308506
0
0.119283007680741
0.573612850427434
0.307104141891825
0.119305141580631
0.601998362834161
0.278696495585208
0.119344494478869
0.656259312224106
0.224396193297024
0.119399384985811
0.781530471566275
0.0990701434479143
0.11946721802024
0.88053278197976
0
0.11953568834847
0.88046431165153
0
0.119596952900462
0.880403047099538
0
0.119646033482935
0.880353966517065
0
0.119680451838025
0.880319548161975
0
0.119698264135242
0.880301735864758
0
0.119352134213641
0.63256914362063
0.248078722165729
0.119371755889777
0.687851987564727
0.192776256545496
0.119412388210422
0.811413650471687
0.0691739613178909
0.11946721802024
0.88053278197976
0
0.119530645317577
0.880469354682423
0
0.119594406755068
0.880405593244932
0
0.119652573263002
0.880347426736997
0
0.119701355666204
0.880298644333796
0
0.119737095679285
0.880262904320715
0
0.119756221722826
0.880243778277174
0
0.119423614418409
0.770467332080625
0.110109053500966
0.119447585911688
0.880552414088313
0
0.119483863122912
0.880516136877088
0
0.11953568834847
0.88046431165153
0
0.119594406755068
0.880405593244932
0
0.119654981056974
0.880345018943026
0
0.119713474184286
0.880286525815714
0
0.119765690738938
0.880234309261062
0
0.119806429706744
0.880193570293256
0
0.119829464708305
0.880170535291695
0
0.119495989137589
0.880504010862411
0
0.119514411012191
0.880485588987809
0
0.119549708122505
0.880450291877495
0
0.119596952900462
0.880403047099538
0
0.119652573263002
0.880347426736998
0
0.119713474184286
0.880286525815714
0
0.119776481100718
0.880223518899282
0
0.119837380824932
0.880162619175068
0
0.119889428448873
0.880110571551127
0
0.119921812320998
0.880078187679002
0
0.119552716913514
0.880447283086486
0
0.11956954942524
0.88043045057476
0
0.11960142099549
0.88039857900451
0
0.119646033482935
0.880353966517065
0
0.119701355666204
0.880298644333796
0
0.119765690738938
0.880234309261062
0
0.119837380824932
0.880162619175068
0
0.119913738066014
0.880086261933986
0
0.119987999986359
0.880012000013641
0
0.120042518014306
0.879957481985694
0
0.119590711469056
0.880409288530944
0
0.11960628925164
0.880393710748361
0
0.119636577696397
0.880363422303603
0
0.119680451838025
0.880319548161975
0
0.119737095679285
0.880262904320715
0
0.119806429706744
0.880193570293256
0
0.119889428448873
0.880110571551127
0
0.119987999986359
0.880012000013641
0
0.120101900271374
0.879898099728626
0
0.12021318564809
0.87978681435191
0
0.119609470107717
0.880390529892283
0
0.119624592806297
0.880375407193704
0
0.119654372691494
0.880345627308506
0
0.119698264135242
0.880301735864758
0
0.119756221722826
0.880243778277174
0
0.119829464708305
0.880170535291695
0
0.119921812320998
0.880078187679002
0
0.120042518014306
0.879957481985694
0
0.12021318564809
0.87978681435191
0
0.120484871725599
0.861655407238754
0.0178597210356476
0.119032264683794
0.53216822015184
0.348799515164367
0.119121473108489
0.859421417384206
0.0214571095073047
0.119207516778219
0.880792483221781
0
0.119283947658904
0.880716052341096
0
0.119352771633289
0.880647228366711
0
0.11942386628019
0.88057613371981
0
0.119496016619571
0.880503983380429
0
0.119552697048004
0.880447302951996
0
0.119590681645829
0.880409318354171
0
0.119609441293851
0.880390558706149
0
0.119121473108489
0.859421417384206
0.0214571095073046
0.119174539219422
0.880825460780578
0
0.119241243663949
0.880758756336051
0
0.119305937607607
0.880694062392393
0
0.119372228534552
0.880627771465448
0
0.119447681754623
0.880552318245377
0
0.119514435858728
0.880485564141272
0
0.119569521715233
0.880430478284767
0
0.119606260365707
0.880393739634293
0
0.119624565384899
0.880375434615101
0
0.119207516778219
0.880792483221781
0
0.119241243663949
0.880758756336051
0
0.119288582356469
0.880711417643532
0
0.119345059190983
0.880654940809017
0
0.119412575052797
0.880587424947203
0
0.119483923827545
0.880516076172455
0
0.119549688938886
0.880450311061114
0
0.119601392561303
0.880398607438697
0
0.119636551440345
0.880363448559655
0
0.119654348043802
0.880345651956198
0
0.119283947658904
0.880716052341096
0
0.119305937607607
0.880694062392393
0
0.119345059190983
0.880654940809017
0
0.119399634327917
0.880600365672083
0
0.119467285082776
0.880532714917224
0
0.119535681539965
0.880464318460035
0
0.119596925810516
0.880403074189484
0
0.119646008282053
0.880353991717947
0
0.119680429689161
0.880319570310839
0
0.119698243733233
0.880301756266767
0
0.119352771633289
0.880647228366711
0
0.119372228534552
0.880627771465448
0
0.119412575052797
0.880587424947203
0
0.119467285082776
0.880532714917224
0
0.11953064470324
0.88046935529676
0
0.119594381041855
0.880405618958144
0
0.119652548922229
0.880347451077771
0
0.119701335633874
0.880298664366126
0
0.119737079370458
0.880262920629542
0
0.119756207520813
0.880243792479187
0
0.11942386628019
0.88057613371981
0
0.119447681754623
0.880552318245377
0
0.119483923827545
0.880516076172455
0
0.119535681539965
0.880464318460035
0
0.119594381041855
0.880405618958144
0
0.119654957068799
0.880345042931201
0
0.11971345543448
0.88028654456552
0
0.119765677702034
0.880234322297966
0
0.119806421515706
0.880193578484294
0
0.119829459260407
0.880170540739593
0
0.119496016619571
0.880503983380429
0
0.119514435858728
0.880485564141272
0
0.119549688938886
0.880450311061114
0
0.119596925810516
0.880403074189484
0
0.119652548922229
0.880347451077771
0
0.11971345543448
0.88028654456552
0
0.119776469342943
0.880223530657057
0
0.119837376542061
0.880162623457939
0
0.11988943128888
0.88011056871112
0
0.119921819862139
0.880078180137861
0
0.119552697048004
0.880447302951996
0
0.119569521715233
0.880430478284767
0
0.119601392561303
0.880398607438697
0
0.119646008282053
0.880353991717947
0
0.119701335633874
0.880298664366126
0
0.119765677702034
0.880234322297966
0
0.119837376542061
0.880162623457939
0
0.119913744468819
0.880086255531181
0
0.119988018312842
0.880011981687158
0
0.120042546045065
0.879957453954936
0
0.119590681645829
0.880409318354171
0
0.119606260365707
0.880393739634293
0
0.119636551440345
0.880363448559655
0
0.119680429689161
0.880319570310839
0
0.119737079370458
0.880262920629542
0
0.119806421515706
0.880193578484294
0
0.11988943128888
0.88011056871112
0
0.119988018312842
0.880011981687158
0
0.12010193954663
0.87989806045337
0
0.12021326730602
0.87978673269398
0
0.119609441293851
0.880390558706149
0
0.119624565384899
0.880375434615101
0
0.119654348043802
0.880345651956198
0
0.119698243733233
0.880301756266767
0
0.119756207520813
0.880243792479187
0
0.119829459260407
0.880170540739593
0
0.119921819862139
0.880078180137861
0
0.120042546045065
0.879957453954935
0
0.12021326730602
0.87978673269398
0
0.120487711540523
0.879512288459477
0
0.119036400675257
0.691748389722461
0.189215209602282
0.11912200564229
0.88087799435771
0
0.119207494185871
0.880792505814129
0
0.119284008899388
0.880715991100612
0
0.119352927402012
0.880647072597988
0
0.119424063468724
0.880575936531276
0
0.119496009954028
0.880503990045972
0
0.119552648296085
0.880447351703915
0
0.119590619325275
0.880409380674725
0
0.119609380712314
0.880390619287686
0
0.11912200564229
0.88087799435771
0
0.119174506070087
0.880825493929913
0
0.119241264266633
0.880758735733367
0
0.119306054380856
0.880693945619144
0
0.119372464300508
0.880627535699492
0
0.119447679738268
0.880552320261732
0
0.119514451507824
0.880485548492176
0
0.119569462146141
0.880430537853859
0
0.119606199628993
0.880393800371007
0
0.119624507062635
0.880375492937365
0
0.119207494185871
0.880792505814129
0
0.119241264266633
0.880758735733367
0
0.119288690693316
0.880711309306684
0
0.11934525759146
0.88065474240854
0
0.119412708986574
0.880587291013426
0
0.119483983716647
0.880516016283353
0
0.119549641405459
0.880450358594541
0
0.119601332391962
0.880398667608038
0
0.119636494998778
0.880363505001222
0
0.119654294208947
0.880345705791053
0
0.119284008899388
0.880715991100612
0
0.119306054380856
0.880693945619144
0
0.11934525759146
0.88065474240854
0
0.119399842524748
0.880600157475252
0
0.119467340044429
0.880532659955571
0
0.119535651815801
0.880464348184199
0
0.119596867526371
0.880403132473629
0
0.119645953502189
0.880354046497811
0
0.119680379815514
0.880319620184486
0
0.119698196553963
0.880301803446037
0
0.119352927402012
0.880647072597988
0
0.119372464300508
0.880627535699492
0
0.119412708986574
0.880587291013426
0
0.119467340044429
0.880532659955571
0
0.119530623979501
0.880469376020499
0
0.119594324740125
0.880405675259875
0
0.119652495482527
0.880347504517473
0
0.119701288977936
0.880298711022064
0
0.119737038143418
0.880262961856582
0
0.119756169248569
0.880243830751431
0
0.119424063468724
0.880575936531276
0
0.119447679738268
0.880552320261732
0
0.119483983716647
0.880516016283353
0
0.119535651815801
0.880464348184199
0
0.119594324740125
0.880405675259875
0
0.119654904176332
0.880345095823668
0
0.119713410668795
0.880286589331206
0
0.119765640898518
0.880234359101482
0
0.119806391142298
0.880193608857702
0
0.119829432492702
0.880170567507298
0
0.119496009954028
0.880503990045972
0
0.119514451507824
0.880485548492176
0
0.119549641405459
0.880450358594541
0
0.119596867526371
0.880403132473629
0
0.119652495482527
0.880347504517473
0
0.119713410668795
0.880286589331205
0
0.119776434214231
0.880223565785769
0
0.119837351046568
0.880162648953432
0
0.119889413889024
0.880110586110976
0
0.119921807563222
0.880078192436778
0
0.119552648296085
0.880447351703915
0
0.119569462146141
0.880430537853859
0
0.119601332391962
0.880398667608038
0
0.119645953502189
0.880354046497811
0
0.119701288977936
0.880298711022064
0
0.119765640898518
0.880234359101482
0
0.119837351046568
0.880162648953432
0
0.119913730805284
0.880086269194716
0
0.119988016380577
0.880011983619423
0
0.120042553259043
0.879957446740957
0
0.119590619325275
0.880409380674725
0
0.119606199628993
0.880393800371007
0
0.119636494998778
0.880363505001222
0
0.119680379815514
0.880319620184486
0
0.119737038143418
0.880262961856582
0
0.119806391142298
0.880193608857702
0
0.119889413889024
0.880110586110976
0
0.119988016380577
0.880011983619423
0
0.120101956555241
0.879898043444759
0
0.120213344928739
0.879786655071261
0
0.119609380712314
0.880390619287686
0
0.119624507062635
0.880375492937365
0
0.119654294208947
0.880345705791053
0
0.119698196553963
0.880301803446037
0
0.119756169248569
0.880243830751431
0
0.119829432492702
0.880170567507298
0
0.119921807563222
0.880078192436778
0
0.120042553259043
0.879957446740957
0
0.120213344928739
0.879786655071261
0
0.12049373417102
0.87950626582898
0
