0.119011611272862
0.441376523340074
0.439611865387065
0.119099670318327
0.500403621599459
0.380496708082213
0.119182484875226
0.539868759854475
0.340948755270299
0.11925607252974
0.563628099661971
0.317115827808289
0.119320725390178
0.612268359848061
0.26841091476176
0.119385610171424
0.722727614873881
0.157886774954695
0.119454808079806
0.880545191920194
0
0.119509237502436
0.880490762497564
0
0.11954696964078
0.88045303035922
0
0.11956565357537
0.88043434642463
0
0.119099670318327
0.500403621599459
0.380496708082214
0.119150857985293
0.536437668358676
0.34441147365603
0.119215049374709
0.553874401177299
0.326910549447991
0.119276565045984
0.586246244460757
0.294477190493259
0.119338724941034
0.655378356761807
0.225282918297159
0.119406682821099
0.829418715426987
0.0511746017519138
0.119471807243941
0.880528192756059
0
0.119526012730309
0.880473987269691
0
0.119562533216652
0.880437466783348
0
0.119580756492141
0.880419243507859
0
0.119182484875226
0.539868759854475
0.340948755270299
0.11921504937471
0.553874401177299
0.326910549447992
0.119260116740667
0.57885646120069
0.301883422058644
0.119313542616563
0.629591429986241
0.251095027397197
0.119374391310818
0.745941893085261
0.134683715603921
0.119443910636404
0.880556089363596
0
0.119506748612985
0.880493251387015
0
0.11955784934357
0.88044215065643
0
0.119592784083717
0.880407215916283
0
0.11961049575672
0.88038950424328
0
0.11925607252974
0.563628099661971
0.317115827808289
0.119276565045984
0.586246244460757
0.294477190493259
0.119313542616563
0.629591429986241
0.251095027397197
0.119364193639117
0.722425222861384
0.158210583499499
0.119429381225112
0.880570618774888
0
0.119493440763847
0.880506559236153
0
0.119553668546025
0.880446331453975
0
0.119602351740692
0.880397648259308
0
0.119636589902739
0.880363410097261
0
0.119654334789864
0.880345665210136
0
0.119320725390178
0.612268359848061
0.26841091476176
0.119338724941034
0.655378356761807
0.225282918297159
0.119374391310818
0.745941893085261
0.134683715603921
0.119429381225112
0.880570618774888
0
0.119488680351061
0.880511319648939
0
0.119551328287662
0.880448671712338
0
0.119609012212249
0.880390987787751
0
0.119657544776519
0.880342455223481
0
0.119693171513214
0.880306828486786
0
0.119712262019644
0.880287737980356
0
0.119385610171424
0.722727614873882
0.157886774954695
0.119406682821099
0.829418715426987
0.0511746017519141
0.119443910636404
0.880556089363596
0
0.119493440763847
0.880506559236153
0
0.119551328287662
0.880448671712338
0
0.119611469971273
0.880388530028727
0
0.119669705566281
0.880330294433719
0
0.119721797787019
0.880278202212981
0
0.119762507164212
0.880237492835788
0
0.119785556105509
0.880214443894491
0
0.119454808079806
0.880545191920194
0
0.119471807243941
0.880528192756059
0
0.119506748612985
0.880493251387015
0
0.119553668546025
0.880446331453975
0
0.119609012212249
0.880390987787751
0
0.119669705566281
0.880330294433719
0
0.119732605302333
0.880267394697667
0
0.119793512528048
0.880206487471953
0
0.119845624165087
0.880154375834913
0
0.119878072955706
0.880121927044294
0
0.119509237502436
0.880490762497564
0
0.119526012730309
0.880473987269691
0
0.11955784934357
0.88044215065643
0
0.119602351740692
0.880397648259308
0
0.119657544776519
0.880342455223481
0
0.119721797787019
0.880278202212981
0
0.119793512528048
0.880206487471953
0
0.119870004408773
0.880129995591227
0
0.119944420437433
0.880055579562567
0
0.119999050252973
0.880000949747027
0
0.11954696964078
0.88045303035922
0
0.119562533216652
0.880437466783348
0
0.119592784083717
0.880407215916283
0
0.119636589902739
0.880363410097261
0
0.119693171513215
0.880306828486786
0
0.119762507164212
0.880237492835789
0
0.119845624165087
0.880154375834913
0
0.119944420437433
0.880055579562567
0
0.120058564017207
0.879941435982793
0
0.120170094264271
0.879829905735729
0
0.11956565357537
0.88043434642463
0
0.119580756492141
0.880419243507859
0
0.11961049575672
0.88038950424328
0
0.119654334789864
0.880345665210136
0
0.119712262019644
0.880287737980356
0
0.119785556105509
0.880214443894491
0
0.119878072955706
0.880121927044294
0
0.119999050252973
0.880000949747027
0
0.120170094264271
0.879829905735729
0
0.120442484681211
0.879557515318789
0
0.119014099395941
0.524662590541742
0.356323310062317
0.119100894241873
0.839125982157494
0.0417731236006334
0.119182823782662
0.880817176217338
0
0.119256879473566
0.880743120526434
0
0.119321415113251
0.880678584886749
0
0.119385934697021
0.880614065302979
0
0.119454851472558
0.880545148527442
0
0.119509225977348
0.880490774022652
0
0.119546936381714
0.880453063618286
0
0.119565620512318
0.880434379487682
0
0.119100894241873
0.839125982157494
0.0417731236006329
0.119151128133087
0.880848871866913
0
0.119215758631857
0.880784241368143
0
0.119277493657618
0.880722506342382
0
0.119339250911984
0.880660749088016
0
0.119406839510758
0.880593160489242
0
0.119471843246948
0.880528156753052
0
0.119525985035831
0.880474014964169
0
0.119562500314197
0.880437499685803
0
0.119580724796388
0.880419275203612
0
0.119182823782662
0.880817176217338
0
0.119215758631857
0.880784241368143
0
0.119261126601476
0.880738873398524
0
0.119314187347363
0.880685812652637
0
0.119374693397668
0.880625306602333
0
0.119443961673597
0.880556038326403
0
0.119506739130213
0.880493260869787
0
0.119557817886702
0.880442182113298
0
0.119592753602387
0.880407246397613
0
0.119610466831651
0.880389533168349
0
0.119256879473566
0.880743120526434
0
0.119277493657618
0.880722506342382
0
0.119314187347363
0.880685812652637
0
0.119364545894208
0.880635454105792
0
0.119429448161232
0.880570551838768
0
0.119493457780374
0.880506542219626
0
0.119553640578823
0.880446359421177
0
0.119602322498236
0.880397677501765
0
0.119636563484429
0.880363436515571
0
0.119654310121052
0.880345689878948
0
0.119321415113251
0.880678584886749
0
0.119339250911984
0.880660749088016
0
0.119374693397668
0.880625306602333
0
0.119429448161232
0.880570551838768
0
0.119488710727496
0.880511289272504
0
0.119551303806568
0.880448696193432
0
0.119608984139342
0.880391015860658
0
0.119657520499987
0.880342479500013
0
0.119693150945293
0.880306849054707
0
0.119712243572987
0.880287756427013
0
0.119385934697021
0.880614065302979
0
0.119406839510758
0.880593160489242
0
0.119443961673597
0.880556038326403
0
0.119493457780374
0.880506542219626
0
0.119551303806568
0.880448696193432
0
0.11961144242054
0.88038855757946
0
0.119669682605073
0.880330317394927
0
0.119721780496048
0.880278219503952
0
0.119762494777687
0.880237505222313
0
0.119785546593194
0.880214453406806
0
0.119454851472558
0.880545148527442
0
0.119471843246948
0.880528156753052
0
0.119506739130213
0.880493260869787
0
0.119553640578823
0.880446359421177
0
0.119608984139342
0.880391015860658
0
0.119669682605073
0.880330317394927
0
0.119732589293579
0.880267410706421
0
0.119793504186389
0.880206495813611
0
0.119845622775761
0.880154377224239
0
0.119878076271798
0.880121923728202
0
0.119509225977348
0.880490774022652
0
0.119525985035831
0.880474014964169
0
0.119557817886702
0.880442182113298
0
0.119602322498236
0.880397677501765
0
0.119657520499987
0.880342479500013
0
0.119721780496048
0.880278219503952
0
0.119793504186389
0.880206495813611
0
0.119870006596454
0.880129993403546
0
0.119944434585248
0.880055565414752
0
0.119999074054784
0.880000925945216
0
0.119546936381714
0.880453063618286
0
0.119562500314197
0.880437499685803
0
0.119592753602387
0.880407246397613
0
0.119636563484429
0.880363436515571
0
0.119693150945293
0.880306849054707
0
0.119762494777687
0.880237505222313
0
0.119845622775761
0.880154377224239
0
0.119944434585248
0.880055565414752
0
0.120058599669079
0.879941400330921
0
0.120170173367672
0.879829826632328
0
0.119565620512318
0.880434379487682
0
0.119580724796388
0.880419275203612
0
0.119610466831651
0.880389533168349
0
0.119654310121052
0.880345689878948
0
0.119712243572987
0.880287756427013
0
0.119785546593194
0.880214453406806
0
0.119878076271798
0.880121923728202
0
0.119999074054784
0.880000925945216
0
0.120170173367672
0.879829826632328
0
0.12044529809593
0.87955470190407
0
0.119018209364162
0.677682113155292
0.203299677480546
0.119101468225686
0.880898531774314
0
0.119182779920585
0.880817220079415
0
0.119256898174759
0.880743101825241
0
0.119321525339674
0.880678474660326
0
0.119386126243958
0.880613873756042
0
0.119454832311508
0.880545167688492
0
0.119509188566747
0.880490811433253
0
0.119546868646072
0.880453131353928
0
0.119565553309005
0.880434446690995
0
0.119101468225686
0.880898531774314
0
0.119151078517759
0.880848921482241
0
0.119215746971854
0.880784253028146
0
0.1192775783077
0.8807224216923
0
0.11933941695616
0.88066058304384
0
0.119406924001616
0.880593075998384
0
0.119471869478455
0.880528130521545
0
0.119525925076188
0.880474074923812
0
0.119562433325453
0.880437566674547
0
0.119580659822067
0.880419340177933
0
0.119182779920585
0.880817220079415
0
0.119215746971854
0.880784253028146
0
0.119261200844123
0.880738799155877
0
0.119314327937988
0.880685672062012
0
0.119374909059732
0.880625090940268
0
0.119443974969641
0.880556025030359
0
0.119506705315299
0.880493294684701
0
0.119557753017558
0.880442246982442
0
0.119592690608157
0.880407309391843
0
0.119610406329492
0.880389593670508
0
0.119256898174759
0.880743101825241
0
0.1192775783077
0.8807224216923
0
0.119314327937988
0.880685672062012
0
0.119364767405164
0.880635232594835
0
0.119429438603578
0.880570561396422
0
0.119493462666391
0.880506537333609
0
0.119553580889732
0.880446419110268
0
0.119602261494718
0.880397738505282
0
0.119636506965576
0.880363493034424
0
0.119654256267443
0.880345743732557
0
0.119321525339674
0.880678474660326
0
0.11933941695616
0.88066058304384
0
0.119374909059732
0.880625090940268
0
0.119429438603578
0.880570561396422
0
0.119488735389805
0.880511264610195
0
0.119551249309553
0.880448750690447
0
0.119608924990251
0.880391075009749
0
0.119657467259768
0.880342532740232
0
0.119693103050439
0.880306896949561
0
0.11971219862652
0.88028780137348
0
0.119386126243958
0.880613873756042
0
0.119406924001616
0.880593075998384
0
0.119443974969641
0.880556025030359
0
0.119493462666391
0.880506537333609
0
0.119551249309553
0.880448750690447
0
0.119611384091846
0.880388615908155
0
0.119669631321909
0.880330368678091
0
0.119721737039224
0.880278262960776
0
0.119762457666312
0.880237542333688
0
0.119785513117084
0.880214486882916
0
0.119454832311508
0.880545167688492
0
0.119471869478455
0.880528130521545
0
0.119506705315299
0.880493294684701
0
0.119553580889732
0.880446419110268
0
0.119608924990251
0.880391075009749
0
0.119669631321909
0.880330368678091
0
0.119732547520558
0.880267452479442
0
0.119793471981788
0.880206528018212
0
0.119845598693886
0.880154401306114
0
0.119878057336239
0.880121942663761
0
0.119509188566747
0.880490811433253
0
0.119525925076188
0.880474074923812
0
0.119557753017558
0.880442246982442
0
0.119602261494718
0.880397738505282
0
0.119657467259768
0.880342532740232
0
0.119721737039224
0.880278262960776
0
0.119793471981788
0.880206528018212
0
0.119869986302509
0.880130013697491
0
0.119944426207251
0.880055573792749
0
0.119999074825298
0.880000925174702
0
0.119546868646072
0.880453131353928
0
0.119562433325453
0.880437566674547
0
0.119592690608157
0.880407309391843
0
0.119636506965576
0.880363493034424
0
0.119693103050439
0.880306896949561
0
0.119762457666312
0.880237542333688
0
0.119845598693886
0.880154401306114
0
0.119944426207251
0.880055573792749
0
0.120058610305905
0.879941389694095
0
0.120170244537267
0.879829755462733
0
0.119565553309005
0.880434446690995
0
0.119580659822067
0.880419340177933
0
0.119610406329492
0.880389593670508
0
0.119654256267443
0.880345743732557
0
0.11971219862652
0.88028780137348
0
0.119785513117084
0.880214486882916
0
0.119878057336239
0.880121942663761
0
0.119999074825298
0.880000925174702
0
0.120170244537267
0.879829755462733
0
0.120451298864494
0.879548701135506
0
