0.118991187937622
0.436406475372529
0.44460233668985
0.119075735274482
0.493529687231252
0.387394577494267
0.119155596110389
0.536818643661399
0.344025760228212
0.119227584149612
0.556733103319151
0.324039312531237
0.119288637158898
0.596571381627508
0.284139981213595
0.119348320851683
0.685023051792504
0.195628627355813
0.119414121387438
0.880585878612562
0
0.119466208650857
0.880533791349143
0
0.119503763104517
0.880496236895483
0
0.11952240530415
0.88047759469585
0
0.119075735274482
0.493529687231251
0.387394577494267
0.119124986651801
0.533536359798111
0.347338653550088
0.119188022140718
0.548616662467389
0.332195315391893
0.119247401551794
0.574621894791772
0.306130703656433
0.119305179491506
0.630549383635972
0.250145436872522
0.11936627048626
0.765690652924067
0.114943076589672
0.119431119089833
0.880568880910167
0
0.119483228488357
0.880516771511643
0
0.119519377794407
0.880480622205593
0
0.119537498363702
0.880462501636298
0
0.119155596110389
0.536818643661398
0.344025760228213
0.119188022140718
0.548616662467389
0.332195315391894
0.119232147315561
0.568540537763845
0.312227314920594
0.119282126712587
0.609258229411327
0.271459643876086
0.119337968571951
0.696990590868891
0.183671440559158
0.119403776361639
0.880596223638361
0
0.119463978704285
0.880536021295715
0
0.119514694909739
0.880485305090261
0
0.119549496038852
0.880450503961148
0
0.119567149742851
0.880432850257149
0
0.119227584149612
0.556733103319151
0.324039312531237
0.119247401551794
0.574621894791772
0.306130703656433
0.119282126712587
0.609258229411327
0.271459643876087
0.119327994386605
0.678174625614955
0.202497379998439
0.119388326921343
0.853553100603564
0.0270585724750932
0.119450007275804
0.880549992724196
0
0.119510120293538
0.880489879706462
0
0.119558879544461
0.880441120455539
0
0.119593120873662
0.880406879126338
0
0.119610852182493
0.880389147817507
0
0.119288637158898
0.596571381627508
0.284139981213594
0.119305179491506
0.630549383635972
0.250145436872522
0.119337968571951
0.696990590868891
0.183671440559158
0.119388326921343
0.853553100603564
0.0270585724750932
0.119444878004476
0.880555121995524
0
0.119507305016596
0.880492694983404
0
0.119565218694954
0.880434781305046
0
0.119613873415072
0.880386126584928
0
0.119649529976464
0.880350470023536
0
0.11966861793516
0.88033138206484
0
0.119348320851683
0.685023051792504
0.195628627355813
0.11936627048626
0.765690652924067
0.114943076589672
0.119403776361639
0.880596223638361
0
0.119450007275804
0.880549992724196
0
0.119507305016596
0.880492694983404
0
0.119567507839127
0.880432492160873
0
0.119625855119905
0.880374144880095
0
0.119677990877494
0.880322009122506
0
0.119718690751859
0.880281309248141
0
0.119741712893128
0.880258287106872
0
0.119414121387438
0.880585878612562
0
0.119431119089833
0.880568880910167
0
0.119463978704285
0.880536021295715
0
0.119510120293538
0.880489879706462
0
0.119565218694954
0.880434781305046
0
0.119625855119905
0.880374144880095
0
0.119688723501945
0.880311276498055
0
0.119749566164604
0.880250433835396
0
0.119801589907124
0.880198410092876
0
0.119833939677906
0.880166060322094
0
0.119466208650857
0.880533791349143
0
0.119483228488357
0.880516771511643
0
0.119514694909739
0.880485305090261
0
0.119558879544461
0.880441120455539
0
0.119613873415072
0.880386126584928
0
0.119677990877494
0.880322009122506
0
0.119749566164604
0.880250433835396
0
0.119825859714703
0.880174140285296
0
0.119900044287119
0.88009995571288
0
0.119954470197918
0.880045529802082
0
0.119503763104517
0.880496236895483
0
0.119519377794407
0.880480622205593
0
0.119549496038852
0.880450503961148
0
0.119593120873662
0.880406879126338
0
0.119649529976464
0.880350470023536
0
0.119718690751859
0.880281309248141
0
0.119801589907124
0.880198410092876
0
0.119900044287119
0.88009995571288
0
0.120013731428925
0.879986268571075
0
0.120124713457773
0.879875286542228
0
0.11952240530415
0.88047759469585
0
0.119537498363702
0.880462501636299
0
0.119567149742851
0.880432850257149
0
0.119610852182493
0.880389147817507
0
0.11966861793516
0.88033138206484
0
0.119741712893128
0.880258287106872
0
0.119833939677906
0.880166060322094
0
0.119954470197918
0.880045529802082
0
0.120124713457773
0.879875286542228
0
0.120395452631679
0.879604547368321
0
0.118993663477987
0.517633162419953
0.363373174102059
0.119077101160059
0.82335301263676
0.057569886203181
0.1191558178432
0.8808441821568
0
0.119228268043105
0.880771731956895
0
0.119289380032274
0.880710619967726
0
0.119348739605879
0.880651260394121
0
0.119414205147349
0.880585794852651
0
0.11946620957721
0.88053379042279
0
0.119503726942809
0.880496273057191
0
0.119522368112158
0.880477631887842
0
0.119077101160059
0.823353012636761
0.0575698862031802
0.119125148680384
0.880874851319616
0
0.119188609689628
0.880811390310372
0
0.119248292329542
0.880751707670458
0
0.119305784257864
0.880694215742136
0
0.119366517774714
0.880633482225286
0
0.119431142093033
0.880568857906967
0
0.119483203486975
0.880516796513025
0
0.119519341170228
0.880480658829772
0
0.119537462524721
0.880462537475279
0
0.1191558178432
0.8808441821568
0
0.119188609689628
0.880811390310372
0
0.119232991663437
0.880767008336563
0
0.119282813701799
0.880717186298201
0
0.119338377311966
0.880661622688034
0
0.11940385329604
0.88059614670396
0
0.119463988119411
0.880536011880589
0
0.119514661597788
0.880485338402212
0
0.119549461561225
0.880450538438775
0
0.119567116699363
0.880432883300636
0
0.119228268043105
0.880771731956895
0
0.119248292329542
0.880751707670458
0
0.119282813701799
0.880717186298201
0
0.119328494945135
0.880671505054865
0
0.119388457780177
0.880611542219823
0
0.119450055020624
0.880549944979376
0
0.119510094133675
0.880489905866325
0
0.119558846768619
0.880441153231381
0
0.119593090413558
0.880406909586442
0
0.119610823439491
0.880389176560509
0
0.119289380032274
0.880710619967726
0
0.119305784257864
0.880694215742136
0
0.119338377311966
0.880661622688034
0
0.119388457780177
0.880611542219823
0
0.119444941353263
0.880555058646737
0
0.119507285527297
0.880492714472703
0
0.119565187786408
0.880434812213592
0
0.119613845236004
0.880386154763997
0
0.119649505395673
0.880350494604327
0
0.119668595468007
0.880331404531993
0
0.119348739605879
0.880651260394121
0
0.119366517774714
0.880633482225286
0
0.11940385329604
0.88059614670396
0
0.119450055020624
0.880549944979376
0
0.119507285527297
0.880492714472703
0
0.119567477813088
0.880432522186912
0
0.119625828389179
0.880374171610821
0
0.119677969638388
0.880322030361612
0
0.119718674403816
0.880281325596184
0
0.119741699426677
0.880258300573323
0
0.119414205147349
0.880585794852651
0
0.119431142093033
0.880568857906967
0
0.119463988119411
0.880536011880589
0
0.119510094133675
0.880489905866325
0
0.119565187786408
0.880434812213592
0
0.119625828389179
0.880374171610821
0
0.119688703575109
0.880311296424891
0
0.119749553896569
0.880250446103431
0
0.119801584907976
0.880198415092024
0
0.119833939282948
0.880166060717052
0
0.11946620957721
0.88053379042279
0
0.119483203486975
0.880516796513025
0
0.119514661597788
0.880485338402212
0
0.119558846768619
0.880441153231381
0
0.119613845236004
0.880386154763997
0
0.119677969638388
0.880322030361612
0
0.119749553896569
0.880250446103431
0
0.119825858263056
0.880174141736944
0
0.119900054684768
0.880099945315232
0
0.119954490336476
0.880045509663524
0
0.119503726942809
0.880496273057191
0
0.119519341170228
0.880480658829772
0
0.119549461561225
0.880450538438775
0
0.119593090413558
0.880406909586442
0
0.119649505395673
0.880350494604327
0
0.119718674403816
0.880281325596184
0
0.119801584907976
0.880198415092024
0
0.119900054684768
0.880099945315232
0
0.12001376366628
0.87998623633372
0
0.120124790936191
0.879875209063809
0
0.119522368112158
0.880477631887842
0
0.119537462524721
0.880462537475279
0
0.119567116699364
0.880432883300637
0
0.119610823439491
0.880389176560509
0
0.119668595468007
0.880331404531993
0
0.119741699426677
0.880258300573323
0
0.119833939282948
0.880166060717052
0
0.119954490336476
0.880045509663524
0
0.120124790936191
0.879875209063809
0
0.120398332349652
0.879601667650348
0
0.118997752952898
0.667315215538363
0.213687031508739
0.119077687903424
0.880922312096576
0
0.119155752501028
0.880844247498972
0
0.119228255691832
0.880771744308168
0
0.119289455460077
0.880710544539923
0
0.119348912182385
0.880651087817615
0
0.119414188713855
0.880585811286145
0
0.119466188667718
0.880533811332282
0
0.1195036544962
0.8804963455038
0
0.11952229441478
0.88047770558522
0
0.119077687903424
0.880922312096576
0
0.119125079644326
0.880874920355674
0
0.119188571054356
0.880811428945644
0
0.119248336527427
0.880751663472573
0
0.11930590836695
0.88069409163305
0
0.119366688372486
0.880633311627514
0
0.11943112619059
0.88056887380941
0
0.119483146703484
0.880516853296516
0
0.119519268297526
0.880480731702474
0
0.11953739101584
0.88046260898416
0
0.119155752501028
0.880844247498972
0
0.119188571054356
0.880811428945644
0
0.119233018789751
0.88076698121025
0
0.119282909902357
0.880717090097643
0
0.119338579232377
0.880661420767623
0
0.119403839105418
0.880596160894582
0
0.119463980430775
0.880536019569225
0
0.119514593507581
0.880485406492419
0
0.119549392208518
0.880450607791482
0
0.119567049642959
0.880432950357041
0
0.119228255691832
0.880771744308168
0
0.119248336527427
0.880751663472573
0
0.119282909902357
0.880717090097643
0
0.119328706867973
0.880671293132027
0
0.119388487253827
0.880611512746173
0
0.119450101905353
0.880549898094647
0
0.119510036302036
0.880489963697964
0
0.119558779973504
0.880441220026496
0
0.119593027375434
0.880406972624566
0
0.119610763018978
0.880389236981022
0
0.119289455460077
0.880710544539923
0
0.11930590836695
0.88069409163305
0
0.119338579232377
0.880661420767623
0
0.119388487253827
0.880611512746173
0
0.119445010297513
0.880554989702487
0
0.119507237248218
0.880492762751782
0
0.119565123706966
0.880434876293034
0
0.119613785573079
0.880386214426921
0
0.119649450933766
0.880350549066234
0
0.119668543943337
0.880331456056663
0
0.119348912182385
0.880651087817615
0
0.119366688372486
0.880633311627514
0
0.119403839105418
0.880596160894582
0
0.119450101905353
0.880549898094647
0
0.119507237248218
0.880492762751782
0
0.119567415002091
0.880432584997909
0
0.119625770791464
0.880374229208536
0
0.119677919622857
0.880322080377143
0
0.119718630707872
0.880281369292129
0
0.119741659361292
0.880258340638708
0
0.119414188713855
0.880585811286145
0
0.11943112619059
0.88056887380941
0
0.119463980430775
0.880536019569225
0
0.119510036302036
0.880489963697964
0
0.119565123706966
0.880434876293034
0
0.119625770791464
0.880374229208536
0
0.119688655249886
0.880311344750114
0
0.119749515070289
0.88025048492971
0
0.119801554465265
0.880198445534734
0
0.11983391401145
0.880166085988551
0
0.119466188667718
0.880533811332282
0
0.119483146703484
0.880516853296516
0
0.119514593507581
0.880485406492419
0
0.119558779973504
0.880441220026496
0
0.119613785573079
0.880386214426921
0
0.119677919622857
0.880322080377143
0
0.119749515070289
0.88025048492971
0
0.119825831680545
0.880174168319455
0
0.119900039757028
0.880099960242972
0
0.119954484601051
0.880045515398949
0
0.1195036544962
0.8804963455038
0
0.119519268297526
0.880480731702474
0
0.119549392208518
0.880450607791482
0
0.119593027375434
0.880406972624566
0
0.119649450933766
0.880350549066234
0
0.119718630707871
0.880281369292129
0
0.119801554465265
0.880198445534734
0
0.119900039757028
0.880099960242972
0
0.120013767849762
0.879986232150238
0
0.120124856326552
0.879875143673448
0
0.11952229441478
0.88047770558522
0
0.11953739101584
0.88046260898416
0
0.119567049642959
0.880432950357041
0
0.119610763018978
0.880389236981022
0
0.119668543943337
0.880331456056663
0
0.119741659361292
0.880258340638708
0
0.11983391401145
0.880166085988551
0
0.119954484601051
0.880045515398949
0
0.120124856326552
0.879875143673448
0
0.120404390058621
0.879595609941379
0
