0.118971195744157
0.431350584995798
0.449678219260045
0.11905182322428
0.487091470324481
0.393856706451239
0.119127957811564
0.536782776094788
0.344089266093649
0.119198862442433
0.552857610806999
0.327943526750568
0.119257115738394
0.584931637345558
0.295811246916048
0.119312683496737
0.656989799737965
0.223697516765298
0.119371000805092
0.850681361300758
0.0299476378941502
0.119421806435823
0.880578193564177
0
0.119459794285662
0.880540205714338
0
0.119478691352159
0.880521308647841
0
0.11905182322428
0.48709147032448
0.39385670645124
0.119098457915226
0.533630162447226
0.347271379637548
0.119160410597649
0.546338146181657
0.334501443220694
0.119218299626739
0.566750831364521
0.314030869008739
0.119272591449664
0.611948876762039
0.268778531788296
0.119328135460627
0.716290524774492
0.164381339764881
0.119388463295999
0.880611536704001
0
0.119439200266678
0.880560799733322
0
0.119475644222437
0.880524355777563
0
0.119493950686202
0.880506049313798
0
0.119127957811564
0.536782776094788
0.344089266093649
0.119160410597649
0.546338146181657
0.334501443220694
0.119203480312292
0.561761683483232
0.319034836204476
0.119250584092409
0.594060326837962
0.286689089069629
0.119302062715026
0.661956909424336
0.218741027860638
0.11936182457152
0.844460073600898
0.0361781018275818
0.119419989964859
0.880580010035142
0
0.119470935173165
0.880529064826835
0
0.119506056004591
0.880493943995409
0
0.119523865280671
0.880476134719329
0
0.119198862442433
0.552857610806999
0.327943526750567
0.119218299626739
0.566750831364521
0.31403086900874
0.119250584092409
0.594060326837962
0.286689089069629
0.119292966012741
0.647252639333473
0.233454394653786
0.119345593296623
0.776411812205713
0.104242594497664
0.119407190537812
0.880592809462188
0
0.119466470486587
0.880533529513413
0
0.119515542971657
0.880484457028343
0
0.119550042818687
0.880449957181313
0
0.119567898976786
0.880432101023214
0
0.119257115738394
0.584931637345558
0.295811246916047
0.119272591449664
0.611948876762039
0.268778531788296
0.119302062715026
0.661956909424336
0.218741027860638
0.119345593296623
0.776411812205713
0.104242594497664
0.119403075893709
0.880596924106291
0
0.119463928130091
0.880536071869909
0
0.11952201843037
0.88047798156963
0
0.119570972262476
0.880429027737524
0
0.11960684116787
0.88039315883213
0
0.119626032203638
0.880373967796362
0
0.119312683496737
0.656989799737965
0.223697516765298
0.119328135460627
0.716290524774492
0.164381339764881
0.11936182457152
0.844460073600898
0.0361781018275816
0.119407190537812
0.880592809462188
0
0.119463928130091
0.880536071869909
0
0.119524385113872
0.880475614886128
0
0.119583073364608
0.880416926635392
0
0.119635494249981
0.880364505750019
0
0.119676384614311
0.880323615385689
0
0.119699500375393
0.880300499624607
0
0.119371000805092
0.850681361300758
0.0299476378941502
0.119388463295999
0.880611536704001
0
0.119419989964859
0.880580010035141
0
0.119466470486587
0.880533529513413
0
0.11952201843037
0.88047798156963
0
0.119583073364608
0.880416926635392
0
0.119646300667784
0.880353699332216
0
0.119707421683452
0.880292578316548
0
0.119759625592051
0.880240374407949
0
0.119792073964129
0.880207926035871
0
0.119421806435823
0.880578193564177
0
0.119439200266678
0.880560799733322
0
0.119470935173165
0.880529064826835
0
0.119515542971657
0.880484457028343
0
0.119570972262476
0.880429027737524
0
0.119635494249981
0.880364505750019
0
0.119707421683452
0.880292578316548
0
0.11978398726126
0.88021601273874
0
0.119858302388963
0.880141697611037
0
0.119912810624734
0.880087189375266
0
0.119459794285662
0.880540205714338
0
0.119475644222437
0.880524355777563
0
0.11950605600459
0.88049394399541
0
0.119550042818687
0.880449957181313
0
0.11960684116787
0.88039315883213
0
0.119676384614311
0.880323615385689
0
0.119759625592051
0.880240374407949
0
0.119858302388962
0.880141697611038
0
0.119972156296415
0.880027843703585
0
0.120083422543575
0.879916577456425
0
0.119478691352159
0.880521308647841
0
0.119493950686202
0.880506049313798
0
0.119523865280671
0.880476134719329
0
0.119567898976786
0.880432101023214
0
0.119626032203638
0.880373967796362
0
0.119699500375393
0.880300499624607
0
0.119792073964129
0.880207926035871
0
0.119912810624734
0.880087189375266
0
0.120083422543575
0.879916577456425
0
0.120355077785631
0.879644922214369
0
0.11897365468784
0.510673843956021
0.370352501356138
0.119053511090627
0.807596203335015
0.0733502855743582
0.119128103319802
0.880871896680198
0
0.119199428537861
0.880800571462139
0
0.119257893828975
0.880742106171025
0
0.119313114115146
0.880686885884854
0
0.119371139456244
0.880628860543756
0
0.119421821329397
0.880578178670603
0
0.119459755881233
0.880540244118767
0
0.119478650352935
0.880521349647065
0
0.119053511090627
0.807596203335016
0.0733502855743568
0.119098568040468
0.880901431959532
0
0.119160887545049
0.880839112454951
0
0.119219034457699
0.880780965542301
0
0.119273198069371
0.880726801930629
0
0.119328447630186
0.880671552369814
0
0.119388517383201
0.880611482616799
0
0.119439183806988
0.880560816193012
0
0.119475604475324
0.880524395524676
0
0.119493910999114
0.880506089000885
0
0.119128103319802
0.880871896680198
0
0.119160887545049
0.880839112454951
0
0.119204180659249
0.880795819340751
0
0.119251315607049
0.880748684392951
0
0.119302532892609
0.880697467107391
0
0.119361965785197
0.880638034214803
0
0.119420025302245
0.880579974697755
0
0.11947090142435
0.88052909857565
0
0.119506017856005
0.880493982143995
0
0.119523828344262
0.880476171655738
0
0.119199428537861
0.880800571462139
0
0.119219034457699
0.880780965542301
0
0.119251315607049
0.880748684392951
0
0.119293475751709
0.880706524248291
0
0.119345827778621
0.880654172221379
0
0.119407247377576
0.880592752622424
0
0.119466450301319
0.88053354969868
0
0.119515507135126
0.880484492864874
0
0.11955000847759
0.88044999152241
0
0.119567866297531
0.880432133702469
0
0.119257893828975
0.880742106171025
0
0.119273198069371
0.880726801930629
0
0.119302532892609
0.880697467107391
0
0.119345827778621
0.880654172221379
0
0.119403129491249
0.880596870508751
0
0.119463921897412
0.880536078102588
0
0.119521985487026
0.880478014512974
0
0.119570940273175
0.880429059726825
0
0.119606812615857
0.880393187384143
0
0.119626005750927
0.880373994249073
0
0.119313114115146
0.880686885884854
0
0.119328447630186
0.880671552369814
0
0.119361965785198
0.880638034214802
0
0.119407247377576
0.880592752622424
0
0.119463921897412
0.880536078102588
0
0.119524353626125
0.880475646373875
0
0.119583042918585
0.880416957081415
0
0.119635469015285
0.880364530984715
0
0.119676364231481
0.880323635768519
0
0.119699482860182
0.880300517139818
0
0.119371139456244
0.880628860543756
0
0.119388517383201
0.880611482616799
0
0.119420025302245
0.880579974697755
0
0.119466450301319
0.88053354969868
0
0.119521985487026
0.880478014512974
0
0.119583042918585
0.880416957081415
0
0.119646276737666
0.880353723262334
0
0.119707405345279
0.880292594654721
0
0.119759616498577
0.880240383501423
0
0.119792069649363
0.880207930350637
0
0.119421821329397
0.880578178670603
0
0.119439183806988
0.880560816193012
0
0.11947090142435
0.88052909857565
0
0.119515507135126
0.880484492864874
0
0.119570940273175
0.880429059726825
0
0.119635469015285
0.880364530984715
0
0.119707405345279
0.880292594654721
0
0.119783981806995
0.880216018193005
0
0.119858308849115
0.880141691150885
0
0.119912826714632
0.880087173285368
0
0.119459755881233
0.880540244118767
0
0.119475604475324
0.880524395524676
0
0.119506017856005
0.880493982143995
0
0.11955000847759
0.88044999152241
0
0.119606812615857
0.880393187384143
0
0.119676364231481
0.880323635768519
0
0.119759616498577
0.880240383501423
0
0.119858308849115
0.880141691150885
0
0.119972184347134
0.880027815652866
0
0.120083496823504
0.879916503176496
0
0.119478650352935
0.880521349647065
0
0.119493910999114
0.880506089000886
0
0.119523828344262
0.880476171655738
0
0.119567866297531
0.880432133702469
0
0.119626005750927
0.880373994249073
0
0.119699482860182
0.880300517139818
0
0.119792069649363
0.880207930350637
0
0.119912826714632
0.880087173285368
0
0.120083496823504
0.879916503176496
0
0.120357985210245
0.879642014789755
0
0.118977713022743
0.659156768664308
0.221865518312949
0.119054146033542
0.870202864229179
0.0107429897372791
0.119128023454934
0.880871976545066
0
0.119199392950436
0.880800607049564
0
0.119257940337626
0.880742059662374
0
0.119313227438984
0.880686772561016
0
0.119371182829595
0.880628817170405
0
0.119421816732354
0.880578183267646
0
0.119459679041508
0.880540320958492
0
0.119478570205853
0.880521429794147
0
0.119054146033542
0.870202864229179
0.0107429897372792
0.119098487919383
0.880901512080617
0
0.11916082926813
0.88083917073187
0
0.119219041176815
0.880780958823185
0
0.119273276923129
0.880726723076871
0
0.119328607918417
0.880671392081583
0
0.119388511656455
0.880611488343545
0
0.119439137656338
0.880560862343662
0
0.119475526091697
0.880524473908303
0
0.119493833007615
0.880506166992385
0
0.119128023454934
0.880871976545066
0
0.11916082926813
0.88083917073187
0
0.119204174738605
0.880795825261395
0
0.119251379800602
0.880748620199398
0
0.119302682832637
0.880697317167363
0
0.119362013430285
0.880637986569715
0
0.119420051558391
0.880579948441609
0
0.119470831569701
0.880529168430299
0
0.119505942293841
0.880494057706159
0
0.119523754805995
0.880476245194005
0
0.119199392950436
0.880800607049564
0
0.119219041176815
0.880780958823185
0
0.119251379800602
0.880748620199398
0
0.119293608529132
0.880706391470868
0
0.119345995443575
0.880654004556425
0
0.119407287975752
0.880592712024248
0
0.119466399873794
0.880533600126206
0
0.11951543506918
0.88048456493082
0
0.119549939038002
0.880450060961998
0
0.119567799416743
0.880432200583257
0
0.119257940337626
0.880742059662374
0
0.119273276923129
0.880726723076871
0
0.119302682832637
0.880697317167363
0
0.119345995443575
0.880654004556425
0
0.119403149570897
0.880596850429103
0
0.119463891664112
0.880536108335888
0
0.119521917732523
0.880478082267477
0
0.119570874397938
0.880429125602062
0
0.119606751726328
0.880393248273672
0
0.119625947794809
0.880374052205191
0
0.119313227438984
0.880686772561016
0
0.119328607918417
0.880671392081583
0
0.119362013430285
0.880637986569715
0
0.119407287975752
0.880592712024248
0
0.119463891664112
0.880536108335888
0
0.119524288034852
0.880475711965148
0
0.119582979319293
0.880417020680707
0
0.119635412613186
0.880364587386814
0
0.119676314124051
0.880323685875949
0
0.119699436389781
0.880300563610219
0
0.119371182829595
0.880628817170405
0
0.119388511656455
0.880611488343545
0
0.119420051558391
0.880579948441609
0
0.119466399873794
0.880533600126206
0
0.119521917732523
0.880478082267477
0
0.119582979319293
0.880417020680707
0
0.1196462220483
0.8803537779517
0
0.11970736011967
0.88029263988033
0
0.119759579585696
0.880240420414304
0
0.119792038007343
0.880207961992657
0
0.119421816732354
0.880578183267646
0
0.119439137656338
0.880560862343662
0
0.119470831569701
0.880529168430299
0
0.11951543506918
0.88048456493082
0
0.119570874397939
0.880429125602062
0
0.119635412613186
0.880364587386814
0
0.11970736011967
0.88029263988033
0
0.119783948786228
0.880216051213772
0
0.119858288013744
0.880141711986256
0
0.119912814948894
0.880087185051106
0
0.119459679041508
0.880540320958492
0
0.119475526091697
0.880524473908303
0
0.119505942293841
0.880494057706159
0
0.119549939038002
0.880450060961998
0
0.119606751726328
0.880393248273672
0
0.119676314124051
0.880323685875949
0
0.119759579585696
0.880240420414304
0
0.119858288013744
0.880141711986256
0
0.11997218228316
0.88002781771684
0
0.120083556268008
0.879916443731992
0
0.119478570205853
0.880521429794147
0
0.119493833007615
0.880506166992385
0
0.119523754805995
0.880476245194005
0
0.119567799416743
0.880432200583257
0
0.119625947794809
0.880374052205191
0
0.119699436389781
0.880300563610219
0
0.119792038007343
0.880207961992657
0
0.119912814948894
0.880087185051106
0
0.120083556268008
0.879916443731992
0
0.120364061723361
0.879635938276639
0
