0.118947377999642
0.428182331329408
0.45287029067095
0.119027028414402
0.481453086337626
0.399519885247972
0.119101748270184
0.530594893117003
0.350303358612813
0.119170142654034
0.547096819733148
0.333733037612818
0.119226042665567
0.574890713081548
0.305883244252885
0.119277716964517
0.636915930542271
0.243806352493212
0.119330964331727
0.802270448510316
0.0783985871579568
0.119381100114857
0.880618899885143
0
0.119417879964407
0.880582120035593
0
0.119436451062555
0.880563548937445
0
0.119027028414402
0.481453086337625
0.399519885247973
0.119073052780205
0.526941166725717
0.353985780494077
0.119132977990666
0.541167604197796
0.339699417811538
0.11918914129369
0.55910071389841
0.3217101448079
0.119240610933352
0.597458102877911
0.283301286188736
0.119291930328018
0.683043803804649
0.197664265867332
0.119349205774339
0.880650794225661
0
0.119397594996027
0.880602405003973
0
0.119433465530758
0.880566534469242
0
0.119451541600742
0.880548458399258
0
0.119101748270184
0.530594893117003
0.350303358612813
0.119132977990666
0.541167604197796
0.339699417811539
0.119174915589049
0.554657031380266
0.326168053030685
0.119219965373243
0.581659495637075
0.299120538989682
0.119268725713261
0.638250816883635
0.242480457403105
0.119322538598349
0.784020462686155
0.096656998715496
0.119380029522124
0.880619970477876
0
0.119429028993889
0.880570971006111
0
0.119463607245187
0.880536392754813
0
0.119481201476284
0.880518798523716
0
0.119170142654034
0.547096819733148
0.333733037612818
0.11918914129369
0.55910071389841
0.3217101448079
0.119219965373243
0.581659495637075
0.299120538989682
0.119260685948969
0.626025045117254
0.254714268933778
0.119309569261596
0.724887870848912
0.155802559889493
0.119368670399289
0.880631329600711
0
0.119424840072931
0.880575159927069
0
0.119473098985627
0.880526901014373
0
0.119507220295435
0.880492779704565
0
0.119524908736819
0.880475091263181
0
0.119226042665567
0.574890713081548
0.305883244252885
0.119240610933352
0.597458102877911
0.283301286188737
0.119268725713261
0.638250816883634
0.242480457403105
0.119309569261596
0.724887870848912
0.155802559889493
0.119364996422057
0.880635003577943
0
0.119422246361062
0.880577753638938
0
0.119479475571753
0.880520524428247
0
0.119528009088763
0.880471990911237
0
0.119563624862583
0.880436375137417
0
0.119582698860536
0.880417301139464
0
0.119277716964517
0.636915930542272
0.243806352493212
0.119291930328018
0.683043803804649
0.197664265867333
0.119322538598349
0.784020462686155
0.0966569987154962
0.119368670399289
0.880631329600711
0
0.119422246361062
0.880577753638938
0
0.119481750783621
0.880518249216379
0
0.119539987664663
0.880460012335337
0
0.119592116082328
0.880407883917672
0
0.119632833673948
0.880367166326052
0
0.11965587714732
0.88034412285268
0
0.119330964331727
0.802270448510317
0.078398587157956
0.119349205774339
0.880650794225661
0
0.119380029522124
0.880619970477876
0
0.119424840072931
0.880575159927069
0
0.119479475571753
0.880520524428247
0
0.119539987664663
0.880460012335337
0
0.119602857193173
0.880397142806827
0
0.119663757685215
0.880336242314785
0
0.119715865679826
0.880284134320174
0
0.119748297913262
0.880251702086738
0
0.119381100114857
0.880618899885143
0
0.119397594996027
0.880602405003973
0
0.119429028993889
0.880570971006111
0
0.119473098985627
0.880526901014373
0
0.119528009088763
0.880471990911237
0
0.119592116082328
0.880407883917672
0
0.119663757685215
0.880336242314785
0
0.119740191969289
0.880259808030711
0
0.119814546821106
0.880185453178894
0
0.119869154223299
0.880130845776701
0
0.119417879964407
0.880582120035593
0
0.119433465530758
0.880566534469242
0
0.119463607245187
0.880536392754813
0
0.119507220295435
0.880492779704565
0
0.119563624862583
0.880436375137417
0
0.119632833673948
0.880367166326052
0
0.119715865679826
0.880284134320174
0
0.119814546821106
0.880185453178894
0
0.119928657103361
0.880071342896639
0
0.12004016882525
0.87995983117475
0
0.119436451062555
0.880563548937445
0
0.119451541600742
0.880548458399258
0
0.119481201476284
0.880518798523716
0
0.119524908736819
0.880475091263181
0
0.119582698860536
0.880417301139464
0
0.11965587714732
0.88034412285268
0
0.119748297913262
0.880251702086738
0
0.119869154223299
0.880130845776701
0
0.12004016882525
0.87995983117475
0
0.120312371260107
0.879687628739893
0
0.118949829840425
0.506092046738175
0.374958123421399
0.119028691438573
0.791040626692282
0.089930681869145
0.119101981934608
0.880898018065392
0
0.119170682802407
0.880829317197593
0
0.119226816959193
0.880773183040807
0
0.119278202656751
0.880721797343249
0
0.119331139797104
0.880668860202896
0
0.119381107425587
0.880618892574413
0
0.119417839907956
0.880582160092044
0
0.119436405770023
0.880563594229977
0
0.119028691438573
0.791040626692284
0.0899306818691431
0.119073268144892
0.880926731855108
0
0.119133445296015
0.880866554703985
0
0.119189827668401
0.880810172331599
0
0.119241287166191
0.880758712833809
0
0.119292332731027
0.880707667268974
0
0.119349286614524
0.880650713385477
0
0.119397588826613
0.880602411173387
0
0.119433422691327
0.880566577308673
0
0.119451497565218
0.880548502434782
0
0.119101981934608
0.880898018065392
0
0.119133445296015
0.880866554703985
0
0.119175576483635
0.880824423516365
0
0.119220830348951
0.880779169651049
0
0.119269241219925
0.880730758780075
0
0.1193227468579
0.8806772531421
0
0.119380056295269
0.880619943704732
0
0.119428996995343
0.880571003004657
0
0.119463565123139
0.880536434876861
0
0.119481160172294
0.880518839827706
0
0.119170682802407
0.880829317197593
0
0.119189827668401
0.880810172331599
0
0.119220830348951
0.880779169651049
0
0.119261245188826
0.880738754811174
0
0.11930988041988
0.88069011958012
0
0.119368724732527
0.880631275267473
0
0.119424833151282
0.880575166848718
0
0.119473060582127
0.880526939417873
0
0.119507181686832
0.880492818313168
0
0.119524871689313
0.880475128310687
0
0.119226816959193
0.880773183040807
0
0.119241287166191
0.880758712833809
0
0.119269241219925
0.880730758780075
0
0.11930988041988
0.88069011958012
0
0.119365068842991
0.880634931157009
0
0.119422265678081
0.880577734321919
0
0.119479442537437
0.880520557462563
0
0.119527973133314
0.880472026866686
0
0.119563591968671
0.880436408031329
0
0.119582668046303
0.880417331953697
0
0.119278202656751
0.880721797343249
0
0.119292332731027
0.880707667268974
0
0.1193227468579
0.8806772531421
0
0.119368724732527
0.880631275267473
0
0.119422265678081
0.880577734321919
0
0.119481720599657
0.880518279400343
0
0.119539953612278
0.880460046387722
0
0.11959208656318
0.88040791343682
0
0.119632808937686
0.880367191062315
0
0.119655855278477
0.880344144721523
0
0.119331139797104
0.880668860202896
0
0.119349286614524
0.880650713385477
0
0.119380056295269
0.880619943704732
0
0.119424833151282
0.880575166848718
0
0.119479442537437
0.880520557462563
0
0.119539953612278
0.880460046387722
0
0.119602829015954
0.880397170984046
0
0.119663737004413
0.880336262995588
0
0.119715852237292
0.880284147762708
0
0.119748289244547
0.880251710755453
0
0.119381107425587
0.880618892574413
0
0.119397588826613
0.880602411173387
0
0.119428996995343
0.880571003004657
0
0.119473060582127
0.880526939417873
0
0.119527973133314
0.880472026866686
0
0.11959208656318
0.88040791343682
0
0.119663737004413
0.880336262995588
0
0.119740182173709
0.880259817826291
0
0.119814549050053
0.880185450949947
0
0.119869165948213
0.880130834051787
0
0.119417839907956
0.880582160092044
0
0.119433422691327
0.880566577308673
0
0.119463565123139
0.880536434876861
0
0.119507181686832
0.880492818313168
0
0.119563591968671
0.880436408031329
0
0.119632808937686
0.880367191062315
0
0.119715852237292
0.880284147762708
0
0.119814549050053
0.880185450949947
0
0.119928680812644
0.880071319187356
0
0.120040239373195
0.879959760626805
0
0.119436405770023
0.880563594229977
0
0.119451497565218
0.880548502434782
0
0.119481160172294
0.880518839827706
0
0.119524871689313
0.880475128310687
0
0.119582668046303
0.880417331953697
0
0.119655855278477
0.880344144721523
0
0.119748289244547
0.880251710755453
0
0.119869165948213
0.880130834051787
0
0.120040239373195
0.879959760626805
0
0.120315295728119
0.879684704271882
0
0.118953878198219
0.650737054453832
0.230309067347949
0.119029403293523
0.841261391441339
0.0397092052651374
0.119101913222727
0.880898086777273
0
0.119170633206288
0.880829366793712
0
0.119226835475191
0.880773164524809
0
0.119278287218358
0.880721712781642
0
0.119331224428001
0.880668775571999
0
0.11938108126695
0.88061891873305
0
0.119417760497524
0.880582239502476
0
0.119436319304425
0.880563680695575
0
0.119029403293523
0.841261391441339
0.0397092052651376
0.119073202469005
0.880926797530995
0
0.119133376927161
0.880866623072839
0
0.119189812221019
0.880810187778981
0
0.119241340829255
0.880758659170745
0
0.119292479049361
0.880707520950639
0
0.119349265597492
0.880650734402508
0
0.119397556458265
0.880602443541735
0
0.119433339743337
0.880566660256663
0
0.119451413138599
0.880548586861401
0
0.119101913222727
0.880898086777273
0
0.119133376927161
0.880866623072839
0
0.11917555131581
0.88082444868419
0
0.11922087528424
0.88077912471576
0
0.119269343449794
0.880730656550206
0
0.119322871366076
0.880677128633924
0
0.119380054050485
0.880619945949515
0
0.11942892947726
0.88057107052274
0
0.11946348368226
0.88053651631774
0
0.119481080119473
0.880518919880527
0
0.119170633206288
0.880829366793712
0
0.119189812221019
0.880810187778981
0
0.11922087528424
0.88077912471576
0
0.119261333821107
0.880738666178893
0
0.119310052183865
0.880689947816135
0
0.119368715709815
0.880631284290185
0
0.119424801574764
0.880575198425236
0
0.1194729847059
0.8805270152941
0
0.119507105863176
0.880492894136824
0
0.119524798237828
0.880475201762172
0
0.119226835475191
0.880773164524809
0
0.119241340829255
0.880758659170745
0
0.119269343449794
0.880730656550206
0
0.119310052183865
0.880689947816135
0
0.119365052371592
0.880634947628408
0
0.119422272281028
0.880577727718972
0
0.119479374566956
0.880520625433044
0
0.119527901292679
0.880472098707321
0
0.119563524515845
0.880436475484155
0
0.119582603471828
0.880417396528172
0
0.119278287218358
0.880721712781642
0
0.119292479049361
0.880707520950639
0
0.119322871366076
0.880677128633924
0
0.119368715709815
0.880631284290185
0
0.119422272281028
0.880577727718972
0
0.119481656809263
0.880518343190737
0
0.119539884543652
0.880460115456348
0
0.119592023657657
0.880407976342343
0
0.119632752193498
0.880367247806502
0
0.119655802152214
0.880344197847787
0
0.119331224428001
0.880668775571999
0
0.119349265597492
0.880650734402508
0
0.119380054050485
0.880619945949515
0
0.119424801574764
0.880575198425236
0
0.119479374566956
0.880520625433044
0
0.119539884543652
0.880460115456348
0
0.119602767865998
0.880397232134003
0
0.11966368514191
0.88033631485809
0
0.119715808655889
0.880284191344112
0
0.11974825090654
0.88025174909346
0
0.11938108126695
0.88061891873305
0
0.119397556458265
0.880602443541735
0
0.11942892947726
0.88057107052274
0
0.1194729847059
0.8805270152941
0
0.119527901292679
0.880472098707321
0
0.119592023657657
0.880407976342343
0
0.11966368514191
0.88033631485809
0
0.119740142484408
0.880259857515592
0
0.119814521529297
0.880185478470703
0
0.119869147451025
0.880130852548975
0
0.119417760497524
0.880582239502476
0
0.119433339743337
0.880566660256663
0
0.11946348368226
0.88053651631774
0
0.119507105863176
0.880492894136824
0
0.119563524515845
0.880436475484155
0
0.119632752193498
0.880367247806502
0
0.119715808655889
0.880284191344112
0
0.119814521529297
0.880185478470703
0
0.119928672163449
0.880071327836551
0
0.120040292606232
0.879959707393768
0
0.119436319304425
0.880563680695575
0
0.119451413138599
0.880548586861401
0
0.119481080119473
0.880518919880527
0
0.119524798237828
0.880475201762172
0
0.119582603471828
0.880417396528172
0
0.119655802152214
0.880344197847787
0
0.11974825090654
0.88025174909346
0
0.119869147451025
0.880130852548975
0
0.120040292606232
0.879959707393768
0
0.120321382849926
0.879678617150074
0
