0.118924236017631
0.424016182926552
0.457059581055817
0.119001421596554
0.476387478731265
0.404611099672181
0.119072777243989
0.530182182863973
0.350745039892038
0.119140497455002
0.545279187525639
0.33558031501936
0.119195129542994
0.568308520394947
0.312496350062058
0.119243678186912
0.620287217758435
0.260469104054653
0.119291804740939
0.754376612849442
0.126331582409619
0.11934104653002
0.880658953469979
0
0.119376845860605
0.880623154139396
0
0.119395280931002
0.880604719068998
0
0.119001421596554
0.476387478731263
0.404611099672183
0.11904503538358
0.52638658356393
0.35456838105249
0.119104050750743
0.540306128466743
0.340589820782515
0.119159459152539
0.554848190835625
0.325992350011836
0.119208913110592
0.58632296775341
0.294468119135998
0.11925737878632
0.656154420436224
0.224588200777456
0.119309112902159
0.858247660657494
0.0224432264403473
0.119356192196807
0.880643807803194
0
0.119392157559898
0.880607842440102
0
0.119410290481004
0.880589709518996
0
0.119072777243989
0.530182182863972
0.350745039892039
0.119104050750743
0.540306128466743
0.340589820782515
0.119145694755999
0.55113945307093
0.329714852173071
0.119189663038201
0.573037437314287
0.307772899647512
0.119235530443397
0.619118970949771
0.261645498606833
0.119284857520875
0.729690475298404
0.151024667180721
0.119339482743696
0.880660517256304
0
0.119387438510561
0.88061256148944
0
0.11942223790693
0.88057776209307
0
0.119439958029524
0.880560041970476
0
0.119140497455002
0.545279187525639
0.33558031501936
0.119159459152539
0.554848190835625
0.325992350011836
0.119189663038201
0.573037437314288
0.307772899647512
0.119227973580134
0.608747037759931
0.272024988659936
0.119273029683416
0.682350699300405
0.198376271016179
0.119329092717598
0.880670907282402
0
0.11938255571643
0.88061744428357
0
0.119431379615216
0.880568620384784
0
0.119465925491532
0.880534074508468
0
0.119483801399068
0.880516198600932
0
0.119195129542994
0.568308520394947
0.312496350062058
0.119208913110592
0.58632296775341
0.294468119135998
0.119235530443397
0.619118970949771
0.261645498606833
0.119273029683416
0.682350699300405
0.198376271016179
0.119324402462261
0.848554581559863
0.0321210159778759
0.119379304147765
0.880620695852235
0
0.119437219435075
0.880562780564925
0
0.119486520405886
0.880513479594114
0
0.119522602254903
0.880477397745097
0
0.119541886218051
0.880458113781949
0
0.119243678186912
0.620287217758435
0.260469104054652
0.11925737878632
0.656154420436224
0.224588200777456
0.119284857520875
0.729690475298404
0.151024667180721
0.119329092717598
0.880670907282402
0
0.119379304147765
0.880620695852235
0
0.119439220227815
0.880560779772185
0
0.119498291696817
0.880501708303183
0
0.119551097699059
0.880448902300941
0
0.119592253470716
0.880407746529284
0
0.119615506374171
0.880384493625829
0
0.119291804740939
0.754376612849442
0.126331582409619
0.119309112902159
0.858247660657493
0.0224432264403475
0.119339482743697
0.880660517256304
0
0.11938255571643
0.88061744428357
0
0.119437219435075
0.880562780564925
0
0.119498291696817
0.880501708303183
0
0.119561825142598
0.880438174857402
0
0.119623305576792
0.880376694423208
0
0.119675827632159
0.880324172367842
0
0.119708471001596
0.880291528998404
0
0.119341046530021
0.880658953469979
0
0.119356192196806
0.880643807803194
0
0.119387438510561
0.88061256148944
0
0.119431379615216
0.880568620384784
0
0.119486520405886
0.880513479594114
0
0.119551097699059
0.880448902300941
0
0.119623305576792
0.880376694423208
0
0.119700283487855
0.880299716512145
0
0.119775058697627
0.880224941302373
0
0.11982989471508
0.88017010528492
0
0.119376845860605
0.880623154139396
0
0.119392157559898
0.880607842440102
0
0.11942223790693
0.88057776209307
0
0.119465925491532
0.880534074508468
0
0.119522602254903
0.880477397745097
0
0.119592253470716
0.880407746529284
0
0.119675827632158
0.880324172367842
0
0.119775058697627
0.880224941302373
0
0.119889548247062
0.880110451752938
0
0.120001366407538
0.879998633592462
0
0.119395280931002
0.880604719068998
0
0.119410290481004
0.880589709518996
0
0.119439958029524
0.880560041970476
0
0.119483801399068
0.880516198600932
0
0.119541886218051
0.880458113781949
0
0.119615506374171
0.880384493625829
0
0.119708471001596
0.880291528998404
0
0.11982989471508
0.88017010528492
0
0.120001366407538
0.879998633592462
0
0.120274497437913
0.879725502562086
0
0.118926673227429
0.500621690328642
0.380451636443929
0.119003112400137
0.771546476038535
0.109450411561328
0.119073062195939
0.880926937804061
0
0.119140979808833
0.880859020191167
0
0.119195800144035
0.880804199855965
0
0.119244181424916
0.880755818575084
0
0.119292028100859
0.880707971899141
0
0.11934105424204
0.88065894575796
0
0.119376805540513
0.880623194459487
0
0.119395231745254
0.880604768254746
0
0.119003112400137
0.771546476038538
0.109450411561325
0.119045321909032
0.880954678090968
0
0.119104479414431
0.880895520585569
0
0.119160056247893
0.880839943752107
0
0.119209630203346
0.880790369796654
0
0.119257789788385
0.880742210211615
0
0.119309244975891
0.880690755024109
0
0.119356200957848
0.880643799042153
0
0.119392112221195
0.880607887778805
0
0.11941024249726
0.88058975750274
0
0.119073062195939
0.880926937804061
0
0.119104479414431
0.880895520585569
0
0.119146266029193
0.880853733970807
0
0.119190408626049
0.880809591373951
0
0.119236069494052
0.880763930505948
0
0.119285135688357
0.880714864311643
0
0.119339530378935
0.880660469621065
0
0.119387412485916
0.880612587514084
0
0.119422192443356
0.880577807556644
0
0.119439912779328
0.880560087220672
0
0.119140979808833
0.880859020191167
0
0.119160056247893
0.880839943752107
0
0.119190408626049
0.880809591373951
0
0.119228557036227
0.880771442963773
0
0.119273454164782
0.880726545835217
0
0.119329196470631
0.880670803529369
0
0.119382579276217
0.880617420723783
0
0.119431340226901
0.880568659773099
0
0.119465883150743
0.880534116849257
0
0.119483760428616
0.880516239571384
0
0.119195800144035
0.880804199855965
0
0.119209630203346
0.880790369796654
0
0.119236069494052
0.880763930505948
0
0.119273454164782
0.880726545835217
0
0.119324531736318
0.880675468263682
0
0.119379366643338
0.880620633356662
0
0.119437189258054
0.880562810741946
0
0.119486481247609
0.880513518752391
0
0.119522565521216
0.880477434478784
0
0.119541851503206
0.880458148496794
0
0.119244181424916
0.880755818575084
0
0.119257789788385
0.880742210211615
0
0.119285135688357
0.880714864311643
0
0.119329196470631
0.880670803529369
0
0.119379366643338
0.880620633356662
0
0.119439194898486
0.880560805101514
0
0.119498255022289
0.880501744977711
0
0.119551064466193
0.880448935533807
0
0.119592224872793
0.880407775127207
0
0.119615480621153
0.880384519378847
0
0.119292028100859
0.880707971899141
0
0.119309244975891
0.880690755024109
0
0.119339530378935
0.880660469621065
0
0.119382579276217
0.880617420723783
0
0.119437189258054
0.880562810741946
0
0.119498255022289
0.880501744977711
0
0.119561793321241
0.880438206678759
0
0.119623281066318
0.880376718933682
0
0.119675810323294
0.880324189676706
0
0.119708458459153
0.880291541540847
0
0.11934105424204
0.88065894575796
0
0.119356200957847
0.880643799042153
0
0.119387412485916
0.880612587514084
0
0.119431340226901
0.880568659773099
0
0.119486481247609
0.880513518752391
0
0.119551064466193
0.880448935533808
0
0.119623281066318
0.880376718933682
0
0.119700269828666
0.880299730171334
0
0.119775057127053
0.880224942872947
0
0.119829902787908
0.880170097212092
0
0.119376805540513
0.880623194459487
0
0.119392112221195
0.880607887778805
0
0.119422192443356
0.880577807556644
0
0.119465883150743
0.880534116849257
0
0.119522565521216
0.880477434478784
0
0.119592224872793
0.880407775127207
0
0.119675810323294
0.880324189676706
0
0.119775057127053
0.880224942872947
0
0.119889568440339
0.880110431559661
0
0.120001433544534
0.879998566455466
0
0.119395231745254
0.880604768254746
0
0.11941024249726
0.88058975750274
0
0.119439912779328
0.880560087220672
0
0.119483760428616
0.880516239571384
0
0.119541851503206
0.880458148496794
0
0.119615480621153
0.880384519378847
0
0.119708458459153
0.880291541540847
0
0.119829902787908
0.880170097212092
0
0.120001433544534
0.879998566455466
0
0.120277441451362
0.879722558548638
0
0.118930692001484
0.64437528260061
0.236694025397906
0.119003925819584
0.82581422161364
0.0551818525667758
0.119073000888807
0.880926999111194
0
0.119140918713294
0.880859081286706
0
0.119195792568662
0.880804207431338
0
0.119244236396206
0.880755763603794
0
0.11929213796213
0.88070786203787
0
0.119341008684162
0.880658991315838
0
0.119376724861271
0.880623275138729
0
0.119395139229419
0.880604860770581
0
0.119003925819584
0.82581422161364
0.0551818525667761
0.119045267100565
0.880954732899435
0
0.119104403392148
0.880895596607852
0
0.119160021287377
0.880839978712623
0
0.119209661621827
0.880790338378173
0
0.119257882533741
0.880742117466259
0
0.119309263109349
0.880690736890651
0
0.119356187380202
0.880643812619798
0
0.119392025048832
0.880607974951168
0
0.119410151898664
0.880589848101336
0
0.119073000888807
0.880926999111194
0
0.119104403392148
0.880895596607852
0
0.119146222351293
0.880853777648707
0
0.119190418958454
0.880809581041546
0
0.119236135578893
0.880763864421107
0
0.119285278925936
0.880714721074064
0
0.119339529831037
0.880660470168963
0
0.119387352345926
0.880612647654074
0
0.119422105600202
0.880577894399798
0
0.11943982651229
0.88056017348771
0
0.119140918713294
0.880859081286706
0
0.119160021287377
0.880839978712623
0
0.119190418958454
0.880809581041546
0
0.119228614346283
0.880771385653717
0
0.119273619829445
0.880726380170555
0
0.119329173817156
0.880670826182844
0
0.119382590693609
0.880617409306391
0
0.119431262131152
0.880568737868848
0
0.119465801339063
0.880534198660937
0
0.119483680765112
0.880516319234888
0
0.119195792568662
0.880804207431338
0
0.119209661621827
0.880790338378173
0
0.119236135578893
0.880763864421107
0
0.119273619829445
0.880726380170555
0
0.11932454664786
0.88067545335214
0
0.11937943399275
0.88062056600725
0
0.119437124339906
0.880562875660094
0
0.119486404060364
0.880513595939636
0
0.119522491927565
0.880477508072435
0
0.119541780750508
0.880458219249492
0
0.119244236396206
0.880755763603794
0
0.119257882533741
0.880742117466259
0
0.119285278925936
0.880714721074064
0
0.119329173817156
0.880670826182844
0
0.11937943399275
0.88062056600725
0
0.119439136912277
0.880560863087723
0
0.119498181345577
0.880501818654424
0
0.119550995547724
0.880449004452276
0
0.11959216199403
0.88040783800597
0
0.119615421368991
0.880384578631009
0
0.11929213796213
0.88070786203787
0
0.119309263109349
0.880690736890651
0
0.119339529831037
0.880660470168963
0
0.119382590693609
0.880617409306391
0
0.119437124339906
0.880562875660094
0
0.119498181345577
0.880501818654424
0
0.119561726235468
0.880438273764532
0
0.119623223105867
0.880376776894133
0
0.119675760657881
0.880324239342119
0
0.119708414059574
0.880291585940426
0
0.119341008684162
0.880658991315838
0
0.119356187380202
0.880643812619798
0
0.119387352345926
0.880612647654074
0
0.119431262131152
0.880568737868848
0
0.119486404060364
0.880513595939636
0
0.119550995547724
0.880449004452276
0
0.119623223105867
0.880376776894133
0
0.119700224071728
0.880299775928272
0
0.119775023518715
0.880224976481285
0
0.119829878622558
0.880170121377442
0
0.119376724861271
0.880623275138729
0
0.119392025048832
0.880607974951168
0
0.119422105600202
0.880577894399798
0
0.119465801339063
0.880534198660937
0
0.119522491927565
0.880477508072435
0
0.11959216199403
0.88040783800597
0
0.119675760657881
0.880324239342119
0
0.119775023518715
0.880224976481285
0
0.119889554395353
0.880110445604647
0
0.120001481451393
0.879998518548607
0
0.119395139229419
0.880604860770581
0
0.119410151898664
0.880589848101336
0
0.11943982651229
0.88056017348771
0
0.119483680765113
0.880516319234888
0
0.119541780750508
0.880458219249492
0
0.119615421368991
0.880384578631009
0
0.119708414059574
0.880291585940426
0
0.119829878622558
0.880170121377442
0
0.120001481451393
0.879998518548607
0
0.120283554886715
0.879716445113285
0
