0.118906100328077
0.422095249129126
0.458998650542797
0.11898307044948
0.472558096419349
0.408458833131171
0.119053066675467
0.522231872905547
0.358715060418987
0.11911786552403
0.54026889764134
0.34061323683463
0.119170803875678
0.562136047233416
0.318693148890907
0.119217124380671
0.609270155549096
0.271512720070233
0.119262541004217
0.727088660560067
0.153648798435717
0.119309915361691
0.88069008463831
0
0.119344467167226
0.880655532832774
0
0.119362611387797
0.880637388612203
0
0.11898307044948
0.472558096419347
0.408458833131173
0.119026131812341
0.517806469669827
0.363167398517832
0.11908268517877
0.535134200801607
0.345783114019623
0.119136357848413
0.549597562616241
0.331266079535346
0.119183972893272
0.578071936004316
0.302744091102413
0.119230004967246
0.64039860745227
0.240371387580485
0.119278167303708
0.819146407870115
0.0615754248261773
0.119324401406474
0.880675598593527
0
0.119359503244796
0.880640496755204
0
0.119377390676585
0.880622609323415
0
0.119053066675467
0.522231872905546
0.358715060418987
0.11908268517877
0.535134200801607
0.345783114019623
0.119123110430442
0.546116172935463
0.334760716634095
0.11916572573272
0.566129913599792
0.314704360667489
0.119209383403828
0.606983769322724
0.273806847273448
0.119255672444264
0.700574302980385
0.180170024575351
0.119308189462032
0.880691810537968
0
0.119354571372658
0.880645428627342
0
0.119389046550525
0.880610953449475
0
0.11940663845256
0.88059336154744
0
0.11911786552403
0.540268897641341
0.34061323683463
0.119136357848413
0.54959756261624
0.331266079535347
0.119165725732719
0.566129913599791
0.314704360667489
0.119202123020728
0.597551521800116
0.283246355179156
0.119244869787127
0.660364932863872
0.220390197349
0.119296546392311
0.840662838885815
0.0400406147218747
0.119349410626557
0.880650589373443
0
0.119397748009441
0.880602251990559
0
0.119432177529196
0.880567822470804
0
0.119449994215992
0.880550005784008
0
0.119170803875678
0.562136047233416
0.318693148890906
0.119183972893272
0.578071936004315
0.302744091102413
0.119209383403828
0.606983769322724
0.273806847273448
0.119244869787127
0.660364932863872
0.220390197349001
0.119291315562262
0.79763631826262
0.0830723661751178
0.119346492976482
0.880653507023518
0
0.119403232148153
0.880596767851847
0
0.119452347163825
0.880547652836175
0
0.119488357402946
0.880511642597055
0
0.119507606885344
0.880492393114656
0
0.119217124380671
0.609270155549097
0.271512720070233
0.119230004967246
0.640398607452269
0.240371387580485
0.119255672444264
0.700574302980385
0.180170024575351
0.119296546392311
0.840662838885815
0.0400406147218749
0.119346492976482
0.880653507023518
0
0.119405129741907
0.880594870258092
0
0.11946385040012
0.88053614959988
0
0.119516512676754
0.880483487323246
0
0.119557594909795
0.880442405090205
0
0.119580820476371
0.880419179523629
0
0.119262541004217
0.727088660560067
0.153648798435716
0.119278167303708
0.819146407870115
0.0615754248261779
0.119308189462032
0.880691810537968
0
0.119349410626557
0.880650589373443
0
0.119403232148153
0.880596767851847
0
0.11946385040012
0.88053614959988
0
0.119527108396037
0.880472891603963
0
0.119588421021965
0.880411578978035
0
0.119640863808751
0.880359136191249
0
0.119673493529995
0.880326506470005
0
0.119309915361691
0.88069008463831
0
0.119324401406474
0.880675598593527
0
0.119354571372658
0.880645428627342
0
0.119397748009441
0.880602251990559
0
0.119452347163825
0.880547652836175
0
0.119516512676754
0.880483487323246
0
0.119588421021965
0.880411578978035
0
0.119665217646948
0.880334782353052
0
0.119739945855687
0.880260054144313
0
0.119794834497462
0.880205165502538
0
0.119344467167226
0.880655532832774
0
0.119359503244796
0.880640496755204
0
0.119389046550525
0.880610953449475
0
0.119432177529196
0.880567822470804
0
0.119488357402946
0.880511642597055
0
0.119557594909795
0.880442405090205
0
0.119640863808751
0.880359136191249
0
0.119739945855687
0.880260054144313
0
0.119854541997456
0.880145458002544
0
0.119966633159448
0.880033366840552
0
0.119362611387797
0.880637388612203
0
0.119377390676585
0.880622609323415
0
0.11940663845256
0.88059336154744
0
0.119449994215992
0.880550005784008
0
0.119507606885344
0.880492393114656
0
0.119580820476371
0.880419179523629
0
0.119673493529995
0.880326506470005
0
0.119794834497462
0.880205165502538
0
0.119966633159448
0.880033366840552
0
0.120240223615805
0.879759776384195
0
0.11890853235693
0.497957960163853
0.383133507479218
0.118984790208638
0.752773028002416
0.128242181788946
0.119053626028355
0.880946373971645
0
0.119118384021163
0.880881615978837
0
0.119171458683826
0.880828541316174
0
0.119217662840197
0.880782337159803
0
0.119262792391522
0.880737207608478
0
0.119309931622127
0.880690068377873
0
0.119344428150541
0.880655571849459
0
0.119362559220235
0.880637440779765
0
0.118984790208638
0.75277302800242
0.128242181788943
0.119026742578181
0.88097325742182
0
0.119083173348812
0.880916826651188
0
0.119136959104188
0.880863040895812
0
0.119184739081745
0.880815260918255
0
0.119230453045784
0.880769546954216
0
0.11927832367452
0.88072167632548
0
0.119324408219705
0.880675591780295
0
0.119359456693823
0.880640543306177
0
0.119377339560093
0.880622660439907
0
0.119053626028355
0.880946373971645
0
0.119083173348812
0.880916826651188
0
0.119123689208769
0.880876310791232
0
0.119166435899047
0.880833564100953
0
0.119209963916586
0.880790036083414
0
0.119256007657645
0.880743992342355
0
0.119308250190982
0.880691749809018
0
0.119354552094031
0.880645447905969
0
0.119388998712429
0.880611001287571
0
0.119406589989311
0.880593410010689
0
0.119118384021163
0.880881615978837
0
0.119136959104188
0.880863040895812
0
0.119166435899047
0.880833564100953
0
0.119202774458973
0.880797225541027
0
0.119245313205146
0.880754686794854
0
0.119296690405402
0.880703309594598
0
0.119349441109433
0.880650558890567
0
0.119397708875784
0.880602291124216
0
0.119432132184253
0.880567867815747
0
0.119449949978889
0.880550050021112
0
0.119171458683826
0.880828541316174
0
0.119184739081745
0.880815260918255
0
0.119209963916586
0.880790036083414
0
0.119245313205146
0.880754686794854
0
0.119291508474315
0.880708491525685
0
0.119346546624567
0.880653453375433
0
0.119403206705262
0.880596793294738
0
0.119452305652305
0.880547694347695
0
0.119488317438547
0.880511682561453
0
0.119507568867892
0.880492431132108
0
0.119217662840197
0.880782337159803
0
0.119230453045784
0.880769546954216
0
0.119256007657645
0.880743992342355
0
0.119296690405402
0.880703309594598
0
0.119346546624567
0.880653453375433
0
0.119405111730663
0.880594888269338
0
0.119463812144771
0.880536187855229
0
0.11951647632696
0.88048352367304
0
0.119557563005205
0.880442436994795
0
0.119580791396524
0.880419208603476
0
0.119262792391522
0.880737207608478
0
0.11927832367452
0.88072167632548
0
0.119308250190982
0.880691749809018
0
0.119349441109433
0.880650558890567
0
0.119403206705262
0.880596793294738
0
0.119463812144771
0.880536187855229
0
0.119527073534678
0.880472926465322
0
0.119588393220423
0.880411606779577
0
0.119640843169657
0.880359156830343
0
0.119673477651144
0.880326522348856
0
0.119309931622127
0.880690068377873
0
0.119324408219706
0.880675591780295
0
0.119354552094031
0.880645447905969
0
0.119397708875784
0.880602291124216
0
0.119452305652305
0.880547694347695
0
0.11951647632696
0.88048352367304
0
0.119588393220423
0.880411606779577
0
0.11966520066545
0.88033479933455
0
0.119739940962641
0.880260059037359
0
0.119794839401588
0.880205160598412
0
0.119344428150541
0.880655571849459
0
0.119359456693823
0.880640543306177
0
0.119388998712429
0.880611001287571
0
0.119432132184253
0.880567867815747
0
0.119488317438547
0.880511682561453
0
0.119557563005205
0.880442436994795
0
0.119640843169657
0.880359156830343
0
0.119739940962641
0.880260059037359
0
0.119854558734808
0.880145441265192
0
0.119966696895014
0.880033303104986
0
0.119362559220235
0.880637440779765
0
0.119377339560093
0.880622660439907
0
0.119406589989311
0.880593410010689
0
0.119449949978889
0.880550050021111
0
0.119507568867892
0.880492431132108
0
0.119580791396524
0.880419208603476
0
0.119673477651144
0.880326522348856
0
0.119794839401588
0.880205160598412
0
0.119966696895014
0.880033303104986
0
0.120243174755149
0.879756825244851
0
0.118912544929658
0.638966211077913
0.242121243992429
0.118985735443813
0.810254630159635
0.0707596343965523
0.119053603420132
0.880946396579868
0
0.119118320497054
0.880881679502946
0
0.119171437160103
0.880828562839897
0
0.119217700149354
0.880782299850646
0
0.119262888426609
0.880737111573392
0
0.119309880442477
0.880690119557523
0
0.11934434870833
0.88065565129167
0
0.119362462042831
0.880637537957169
0
0.118985735443813
0.810254630159635
0.0707596343965528
0.119026732940599
0.880973267059401
0
0.119083098574282
0.880916901425719
0
0.119136915509406
0.880863084490594
0
0.11918475385553
0.88081524614447
0
0.11923052188132
0.88076947811868
0
0.119278374904322
0.880721625095678
0
0.119324385601847
0.880675614398153
0
0.119359367349274
0.880640632650726
0
0.119377244090129
0.880622755909871
0
0.119053603420132
0.880946396579868
0
0.119083098574282
0.880916901425719
0
0.1191236379419
0.8808763620581
0
0.119166426714039
0.880833573285961
0
0.11921000912134
0.88078999087866
0
0.11925613940006
0.88074386059994
0
0.119308235800894
0.880691764199106
0
0.119354500838726
0.880645499161274
0
0.119388908082065
0.880611091917935
0
0.119406498711977
0.880593501288023
0
0.119118320497054
0.880881679502946
0
0.119136915509406
0.880863084490594
0
0.119166426714039
0.880833573285961
0
0.119202816342155
0.880797183657845
0
0.119245429259647
0.880754570740353
0
0.119296728239575
0.880703271760425
0
0.119349458286947
0.880650541713053
0
0.119397630715305
0.880602369284695
0
0.119432045638577
0.880567954361423
0
0.119449865201548
0.880550134798452
0
0.119171437160103
0.880828562839897
0
0.11918475385553
0.88081524614447
0
0.11921000912134
0.88078999087866
0
0.119245429259647
0.880754570740353
0
0.119291615064365
0.880708384935635
0
0.119346587099154
0.880653412900846
0
0.119403148148007
0.880596851851993
0
0.119452224660688
0.880547775339312
0
0.119488238756818
0.880511761243182
0
0.119507492922213
0.880492507077787
0
0.119217700149354
0.880782299850646
0
0.11923052188132
0.88076947811868
0
0.11925613940006
0.88074386059994
0
0.119296728239575
0.880703271760425
0
0.119346587099154
0.880653412900846
0
0.119405063874093
0.880594936125907
0
0.119463735794977
0.880536264205023
0
0.119516402469322
0.880483597530678
0
0.119557494902776
0.880442505097224
0
0.119580726891246
0.880419273108754
0
0.119262888426609
0.880737111573392
0
0.119278374904322
0.880721625095678
0
0.119308235800894
0.880691764199106
0
0.119349458286947
0.880650541713053
0
0.119403148148007
0.880596851851993
0
0.119463735794977
0.880536264205023
0
0.119527001616161
0.880472998383839
0
0.119588330040629
0.880411669959371
0
0.119640788221158
0.880359211778842
0
0.119673427960248
0.880326572039752
0
0.119309880442477
0.880690119557523
0
0.119324385601847
0.880675614398153
0
0.119354500838726
0.880645499161274
0
0.119397630715305
0.880602369284695
0
0.119452224660688
0.880547775339312
0
0.119516402469322
0.880483597530678
0
0.119588330040629
0.880411669959371
0
0.119665149618783
0.880334850381217
0
0.119739902052228
0.880260097947772
0
0.119794809894663
0.880205190105337
0
0.11934434870833
0.88065565129167
0
0.119359367349274
0.880640632650726
0
0.119388908082065
0.880611091917935
0
0.119432045638577
0.880567954361423
0
0.119488238756818
0.880511761243182
0
0.119557494902776
0.880442505097224
0
0.119640788221158
0.880359211778842
0
0.119739902052228
0.880260097947772
0
0.119854539124987
0.880145460875013
0
0.119966739489478
0.880033260510522
0
0.119362462042831
0.880637537957169
0
0.119377244090129
0.880622755909871
0
0.119406498711977
0.880593501288023
0
0.119449865201548
0.880550134798452
0
0.119507492922213
0.880492507077787
0
0.119580726891246
0.880419273108754
0
0.119673427960248
0.880326572039752
0
0.119794809894663
0.880205190105337
0
0.119966739489478
0.880033260510522
0
0.120249295945501
0.879750704054499
0
