0.118887441440201
0.419711357117443
0.461401201442356
0.118963386011569
0.468739622635879
0.412296991352552
0.119031461004818
0.517648301712974
0.363320237282208
0.119094507639495
0.537267510488194
0.343637981872312
0.119146285240682
0.557576388310801
0.323277326448517
0.11919075457954
0.599799797485633
0.281009447934828
0.119233802386286
0.702516035039777
0.178250162573938
0.119279433167814
0.880720566832186
0
0.119312922375938
0.880687077624063
0
0.119330868991856
0.880669131008144
0
0.118963386011569
0.468739622635877
0.412296991352554
0.119005282098183
0.512812297941694
0.368182419960123
0.119060197139562
0.532198669852056
0.348741133008382
0.119112771227443
0.54604977174091
0.334837457031647
0.119159224415706
0.571575997323567
0.309264778260728
0.119202974724267
0.626477479241098
0.254319546034635
0.119248076748035
0.779316066810459
0.101435856441506
0.119293867688508
0.880706132311492
0
0.119327930537522
0.880672069462478
0
0.119345576404483
0.880654423595517
0
0.119031461004818
0.517648301712973
0.363320237282209
0.119060197139562
0.532198669852055
0.348741133008383
0.119099840663205
0.542862734002484
0.338037425334311
0.119141507699208
0.560829023640568
0.320029468660224
0.119183471707917
0.596555521218518
0.284261007073565
0.119227432519006
0.675274186583642
0.205498380897352
0.119277953632872
0.880722046367128
0
0.119322891213493
0.880677108786507
0
0.119357131764832
0.880642868235168
0
0.119374627127818
0.880625372872182
0
0.119094507639495
0.537267510488194
0.343637981872312
0.119112771227444
0.546049771740909
0.334837457031647
0.119141507699208
0.560829023640568
0.320029468660224
0.119176525472975
0.588027538323381
0.292795936203644
0.119217521417676
0.641550515746102
0.239231962836221
0.119265427435201
0.788480621692202
0.0922539508725967
0.119318297684174
0.880681702315826
0
0.119365733897803
0.880634266102197
0
0.119400030591353
0.880599969408647
0
0.119417798671504
0.880582201328496
0
0.119146285240682
0.557576388310801
0.323277326448517
0.119159224415706
0.571575997323566
0.309264778260728
0.119183471707917
0.596555521218518
0.284261007073565
0.119217521417676
0.641550515746102
0.239231962836221
0.119261108757867
0.748688567981515
0.132050323260617
0.119316291705953
0.880683708294047
0
0.119371233994158
0.880628766005842
0
0.119420098379784
0.880579901620216
0
0.119456052225015
0.880543947774985
0
0.119475282453721
0.880524717546279
0
0.11919075457954
0.599799797485633
0.281009447934827
0.119202974724267
0.626477479241098
0.254319546034636
0.119227432519006
0.675274186583641
0.205498380897352
0.119265427435201
0.788480621692202
0.0922539508725972
0.119316291705953
0.880683708294047
0
0.1193731550895
0.8806268449105
0
0.119431544060153
0.880568455939847
0
0.11948414010616
0.880515859893841
0
0.119525214311077
0.880474785688923
0
0.119548444089726
0.880451555910274
0
0.119233802386286
0.702516035039777
0.178250162573937
0.119248076748035
0.779316066810458
0.101435856441507
0.119277953632872
0.880722046367128
0
0.119318297684174
0.880681702315826
0
0.119371233994158
0.880628766005842
0
0.119431544060153
0.880568455939847
0
0.119494711263249
0.880505288736751
0
0.119556020328084
0.880443979671916
0
0.119608494368768
0.880391505631232
0
0.119641155158062
0.880358844841938
0
0.119279433167814
0.880720566832186
0
0.119293867688508
0.880706132311492
0
0.119322891213493
0.880677108786507
0
0.119365733897803
0.880634266102197
0
0.119420098379784
0.880579901620216
0
0.11948414010616
0.880515859893841
0
0.119556020328084
0.880443979671916
0
0.119632858983271
0.880367141016729
0
0.119707670223853
0.880292329776146
0
0.119762638878735
0.880237361121265
0
0.119312922375937
0.880687077624063
0
0.119327930537522
0.880672069462478
0
0.119357131764832
0.880642868235168
0
0.119400030591353
0.880599969408647
0
0.119456052225015
0.880543947774985
0
0.119525214311077
0.880474785688923
0
0.119608494368768
0.880391505631232
0
0.119707670223853
0.880292329776147
0
0.119822431182972
0.880177568817028
0
0.119934719839925
0.880065280160075
0
0.119330868991856
0.880669131008144
0
0.119345576404483
0.880654423595517
0
0.119374627127818
0.880625372872182
0
0.119417798671504
0.880582201328496
0
0.119475282453721
0.880524717546279
0
0.119548444089726
0.880451555910274
0
0.119641155158062
0.880358844841938
0
0.119762638878735
0.880237361121265
0
0.119934719839925
0.880065280160075
0
0.120208883220849
0.879791116779151
0
0.118889864350577
0.494884853766034
0.386225281883389
0.118965173431358
0.73513428091053
0.145900545658112
0.119032152447584
0.880967847552416
0
0.119095034260895
0.880904965739105
0
0.119146908436373
0.880853091563627
0
0.11919132132312
0.88080867867688
0
0.119234088189827
0.880765911810173
0
0.119279466751875
0.880720533248125
0
0.119312885396399
0.880687114603601
0
0.119330813739754
0.880669186260246
0
0.118965173431358
0.735134280910534
0.145900545658108
0.119006057151669
0.880993942848331
0
0.119060709610729
0.880939290389271
0
0.119113353362113
0.880886646637887
0
0.119159930884597
0.880840069115403
0
0.119203461989583
0.880796538010417
0
0.119248270626343
0.880751729373657
0
0.119293868031275
0.880706131968724
0
0.119327883047468
0.880672116952532
0
0.119345522043699
0.880654477956301
0
0.119032152447584
0.880967847552416
0
0.119060709610729
0.880939290389271
0
0.119100406713872
0.880899593286128
0
0.119142174759604
0.880857825240396
0
0.119184099635386
0.880815900364614
0
0.119227827453677
0.880772172546323
0
0.119278043368126
0.880721956631874
0
0.119322881476908
0.880677118523092
0
0.119357081628265
0.880642918371735
0
0.119374575359181
0.880625424640819
0
0.119095034260895
0.880904965739105
0
0.119113353362113
0.880886646637887
0
0.119142174759604
0.880857825240396
0
0.119177240101696
0.880822759898304
0
0.119217990508269
0.880782009491731
0
0.119265626400053
0.880734373599948
0
0.119318326649541
0.880681673350459
0
0.119365696187052
0.880634303812948
0
0.119399982214622
0.880600017785378
0
0.119417751103808
0.880582248896192
0
0.119146908436373
0.880853091563627
0
0.119159930884597
0.880840069115403
0
0.119184099635386
0.880815900364614
0
0.119217990508269
0.880782009491731
0
0.119261371529875
0.880738628470125
0
0.119316334627522
0.880683665372478
0
0.119371217263275
0.880628782736725
0
0.119420054738147
0.880579945261853
0
0.11945600897513
0.88054399102487
0
0.119475241111387
0.880524758888613
0
0.11919132132312
0.88080867867688
0
0.119203461989583
0.880796538010417
0
0.119227827453677
0.880772172546323
0
0.119265626400053
0.880734373599948
0
0.119316334627522
0.880683665372478
0
0.119373150242969
0.880626849757031
0
0.119431504841033
0.880568495158968
0
0.11948410061759
0.880515899382409
0
0.119525179073024
0.880474820926976
0
0.119548411697244
0.880451588302756
0
0.119234088189827
0.880765911810173
0
0.119248270626343
0.880751729373657
0
0.119278043368126
0.880721956631874
0
0.119318326649541
0.880681673350459
0
0.119371217263275
0.880628782736725
0
0.119431504841033
0.880568495158968
0
0.119494673372914
0.880505326627086
0
0.119555989208789
0.880444010791211
0
0.119608470417426
0.880391529582574
0
0.119641135996791
0.880358864003209
0
0.119279466751875
0.880720533248125
0
0.119293868031275
0.880706131968724
0
0.119322881476908
0.880677118523092
0
0.119365696187052
0.880634303812948
0
0.119420054738147
0.880579945261853
0
0.11948410061759
0.880515899382409
0
0.119555989208789
0.880444010791211
0
0.119632838691605
0.880367161308395
0
0.119707662060154
0.880292337939846
0
0.119762640550503
0.880237359449497
0
0.119312885396399
0.880687114603601
0
0.119327883047468
0.880672116952532
0
0.119357081628265
0.880642918371735
0
0.119399982214622
0.880600017785378
0
0.11945600897513
0.88054399102487
0
0.119525179073024
0.880474820926976
0
0.119608470417426
0.880391529582574
0
0.119707662060154
0.880292337939846
0
0.119822444967654
0.880177555032346
0
0.119934780516556
0.880065219483444
0
0.119330813739754
0.880669186260245
0
0.119345522043699
0.880654477956301
0
0.119374575359181
0.880625424640819
0
0.119417751103808
0.880582248896192
0
0.119475241111387
0.880524758888613
0
0.119548411697244
0.880451588302756
0
0.119641135996791
0.880358864003209
0
0.119762640550503
0.880237359449497
0
0.119934780516556
0.880065219483444
0
0.120211843204077
0.879788156795923
0
0.118893861043064
0.634450543642366
0.24665559531457
0.118966215239319
0.800184161649597
0.0808496231110843
0.119032151997281
0.880967848002719
0
0.119094967304206
0.880905032695794
0
0.119146874867366
0.880853125132634
0
0.11919134306619
0.88080865693381
0
0.119234172750493
0.880765827249507
0
0.119279415430587
0.880720584569413
0
0.119312808264205
0.880687191735795
0
0.119330712032408
0.880669287967592
0
0.118966215239318
0.800184161649597
0.0808496231110848
0.1190060746105
0.8809939253895
0
0.119060633947335
0.880939366052666
0
0.119113301239809
0.880886698760191
0
0.119159925160491
0.880840074839509
0
0.119203513408248
0.880796486591752
0
0.119248351991363
0.880751648008637
0
0.119293824155742
0.880706175844258
0
0.119327792111049
0.880672207888951
0
0.119345421836253
0.880654578163747
0
0.119032151997281
0.880967848002719
0
0.119060633947334
0.880939366052666
0
0.119100348242062
0.880899651757938
0
0.119142150411944
0.880857849588056
0
0.119184129970549
0.880815870029451
0
0.119227941414365
0.880772058585635
0
0.119278021253875
0.880721978746125
0
0.119322843000357
0.880677156999643
0
0.119356987628928
0.880643012371073
0
0.11937447922942
0.88062552077058
0
0.119094967304206
0.880905032695794
0
0.119113301239809
0.880886698760191
0
0.119142150411944
0.880857849588056
0
0.119177267853048
0.880822732146952
0
0.119218071667127
0.880781928332873
0
0.119265728062264
0.880734271937736
0
0.119318329611672
0.880681670388328
0
0.119365619950922
0.880634380049078
0
0.119399891236589
0.880600108763411
0
0.119417661409165
0.880582338590835
0
0.119146874867366
0.880853125132634
0
0.119159925160491
0.880840074839509
0
0.119184129970549
0.880815870029451
0
0.119218071667127
0.880781928332873
0
0.119261521348136
0.880738478651863
0
0.119316327570804
0.880683672429196
0
0.119371171140507
0.880628828859493
0
0.11941997070332
0.88058002929668
0
0.119455925472848
0.880544074527152
0
0.119475160217368
0.880524839782632
0
0.11919134306619
0.88080865693381
0
0.119203513408248
0.880796486591752
0
0.119227941414365
0.880772058585635
0
0.119265728062264
0.880734271937736
0
0.119316327570804
0.880683672429196
0
0.119373121348213
0.880626878651787
0
0.119431427200342
0.880568572799658
0
0.119484022199797
0.880515977800203
0
0.119525106040082
0.880474893959918
0
0.119548342235646
0.880451657764354
0
0.119234172750493
0.880765827249507
0
0.119248351991363
0.880751648008637
0
0.119278021253875
0.880721978746125
0
0.119318329611672
0.880681670388328
0
0.119371171140507
0.880628828859493
0
0.119431427200342
0.880568572799658
0
0.119494597068326
0.880505402931674
0
0.119555921139098
0.880444078860902
0
0.11960841052022
0.88039158947978
0
0.119641081359347
0.880358918640653
0
0.119279415430587
0.880720584569413
0
0.119293824155742
0.880706175844258
0
0.119322843000357
0.880677156999643
0
0.119365619950922
0.880634380049078
0
0.11941997070332
0.88058002929668
0
0.119484022199797
0.880515977800203
0
0.119555921139098
0.880444078860902
0
0.119632782702842
0.880367217297158
0
0.119707618218199
0.880292381781801
0
0.11976260612376
0.88023739387624
0
0.119312808264205
0.880687191735795
0
0.119327792111049
0.880672207888951
0
0.119356987628927
0.880643012371073
0
0.119399891236589
0.880600108763411
0
0.119455925472848
0.880544074527152
0
0.119525106040082
0.880474893959918
0
0.11960841052022
0.88039158947978
0
0.119707618218199
0.880292381781801
0
0.119822420794416
0.880177579205584
0
0.11993481844265
0.88006518155735
0
0.119330712032408
0.880669287967592
0
0.119345421836253
0.880654578163747
0
0.11937447922942
0.88062552077058
0
0.119417661409165
0.880582338590835
0
0.119475160217368
0.880524839782632
0
0.119548342235646
0.880451657764354
0
0.119641081359347
0.880358918640653
0
0.11976260612376
0.88023739387624
0
0.11993481844265
0.88006518155735
0
0.120217979428824
0.879782020571176
0
