0.118868549110429
0.416802834252593
0.464328616636977
0.118942633517388
0.464755168164281
0.41630219831833
0.119008256529352
0.517184238302021
0.363807505168628
0.119070761475757
0.536784393337622
0.344144845186621
0.119121954477135
0.554904927594585
0.325973117928281
0.119165003210704
0.592109135827764
0.288725860961532
0.119205726381709
0.680831836428755
0.199962437189536
0.119249166382523
0.880750833617477
0
0.119281655842003
0.880718344157997
0
0.119299606551753
0.880700393448247
0
0.118942633517388
0.464755168164279
0.416302198318332
0.118982780412139
0.512134454350023
0.368882765237838
0.119036909390147
0.532082648335437
0.348880442274416
0.119089082171257
0.54460055471211
0.336310363116633
0.119134870622606
0.566927129295828
0.313938000081566
0.119177027087666
0.614729698452969
0.266093274459365
0.119219107511261
0.742290941673139
0.1384899508156
0.119263293058774
0.880736706941226
0
0.119296730444591
0.880703269555409
0
0.119314358307929
0.880685641692071
0
0.119008256529352
0.517184238302018
0.36380750516863
0.119036909390147
0.532082648335436
0.348880442274417
0.119076342457912
0.541800263035132
0.339123394506956
0.119117571271864
0.557353451264895
0.323528977463241
0.119158434608661
0.588051357300676
0.292790208090663
0.119200757072123
0.65429944947774
0.226499793450137
0.119247617497238
0.863038192329993
0.0177141901727688
0.119291364145345
0.880708635854655
0
0.119325842969333
0.880674157030667
0
0.119343460637142
0.880656539362858
0
0.119070761475757
0.536784393337621
0.344144845186622
0.119089082171257
0.54460055471211
0.336310363116633
0.119117571271864
0.557353451264895
0.323528977463241
0.119151763142832
0.580433295429662
0.300414941427507
0.119191505193176
0.625730138882944
0.255078355923881
0.119236088805517
0.740079856413983
0.140684054780499
0.119287361085499
0.880712638914501
0
0.119334281981629
0.880665718018371
0
0.11936888604125
0.88063111395875
0
0.119386816666337
0.880613183333663
0
0.119121954477135
0.554904927594584
0.325973117928281
0.119134870622606
0.566927129295828
0.313938000081566
0.119158434608661
0.588051357300676
0.292790208090663
0.119191505193176
0.625730138882944
0.255078355923881
0.119233202405339
0.707973473210075
0.172793324384585
0.119286104033503
0.880713895966497
0
0.119339448474772
0.880660551525228
0
0.119388848886038
0.880611151113962
0
0.119425213975259
0.880574786024741
0
0.119444638413052
0.880555361586948
0
0.119165003210704
0.592109135827763
0.288725860961532
0.119177027087666
0.614729698452969
0.266093274459365
0.119200757072123
0.65429944947774
0.226499793450137
0.119236088805517
0.740079856413984
0.140684054780499
0.119286104033503
0.880713895966497
0
0.119341101561656
0.880658898438344
0
0.119400107985513
0.880599892014487
0
0.119453347384948
0.880546652615052
0
0.119494854668319
0.880505145331681
0
0.119518295190288
0.880481704809712
0
0.119205726381709
0.680831836428755
0.199962437189536
0.119219107511261
0.742290941673139
0.1384899508156
0.119247617497238
0.863038192329994
0.017714190172768
0.119287361085499
0.880712638914501
0
0.119339448474772
0.880660551525228
0
0.119400107985513
0.880599892014487
0
0.119463914227485
0.880536085772515
0
0.119525822887999
0.880474177112001
0
0.119578741479777
0.880421258520223
0
0.119611632355483
0.880388367644517
0
0.119249166382523
0.880750833617477
0
0.119263293058774
0.880736706941226
0
0.119291364145345
0.880708635854655
0
0.119334281981629
0.880665718018371
0
0.119388848886038
0.880611151113962
0
0.119453347384948
0.880546652615052
0
0.119525822887999
0.880474177112001
0
0.119603265902209
0.880396734097791
0
0.119678575726053
0.880321424273947
0
0.119733813266014
0.880266186733986
0
0.119281655842003
0.880718344157997
0
0.119296730444591
0.880703269555409
0
0.119325842969333
0.880674157030667
0
0.11936888604125
0.88063111395875
0
0.119425213975259
0.880574786024741
0
0.119494854668319
0.880505145331681
0
0.119578741479777
0.880421258520223
0
0.119678575726053
0.880321424273947
0
0.119793930381012
0.880206069618988
0
0.119906509338409
0.880093490661591
0
0.119299606551753
0.880700393448247
0
0.119314358307929
0.880685641692071
0
0.119343460637142
0.880656539362858
0
0.119386816666337
0.880613183333663
0
0.119444638413052
0.880555361586948
0
0.119518295190288
0.880481704809712
0
0.119611632355483
0.880388367644517
0
0.119733813266014
0.880266186733986
0
0.119906509338409
0.880093490661591
0
0.120181259260053
0.879818740739946
0
0.118870959431433
0.491328796304824
0.389800244263743
0.118944458965962
0.719532595997088
0.16152294503695
0.119008938718541
0.880991061281459
0
0.119071263223097
0.880928736776903
0
0.119122528471311
0.880877471528689
0
0.11916558131615
0.88083441868385
0
0.119206051999887
0.880793948000113
0
0.119249226395433
0.880750773604567
0
0.119281623721507
0.880718376278493
0
0.119299548557849
0.880700451442151
0
0.118944458965962
0.719532595997092
0.161522945036946
0.118983552232499
0.881016447767501
0
0.119037404131429
0.880962595868571
0
0.119089621071328
0.880910378928672
0
0.119135509075367
0.880864490924633
0
0.11917751257985
0.88082248742015
0
0.119219333550896
0.880780666449104
0
0.119263304363697
0.880736695636303
0
0.11929668342246
0.88070331657754
0
0.119314301062208
0.880685698937792
0
0.119008938718541
0.880991061281459
0
0.119037404131429
0.880962595868571
0
0.1190768699725
0.8809231300275
0
0.119118179764265
0.880881820235735
0
0.119159092840666
0.880840907159334
0
0.119201155177423
0.880798844822577
0
0.119247748449357
0.880752251550643
0
0.119291369215896
0.880708630784104
0
0.119325791072714
0.880674208927286
0
0.119343405891947
0.880656594108053
0
0.119071263223097
0.880928736776903
0
0.119089621071328
0.880910378928672
0
0.119118179764265
0.880881820235735
0
0.119152512754826
0.880847487245174
0
0.119191985783968
0.880808014216032
0
0.119236345438802
0.880763654561198
0
0.119287407301466
0.880712592698534
0
0.119334248580057
0.880665751419943
0
0.119368835103222
0.880631164896778
0
0.119386766090725
0.880613233909275
0
0.119122528471311
0.880877471528689
0
0.119135509075367
0.880864490924633
0
0.119159092840666
0.880840907159334
0
0.119191985783968
0.880808014216032
0
0.119233520099319
0.880766479900681
0
0.119286179384605
0.880713820615395
0
0.119339451696743
0.880660548303257
0
0.119388804220581
0.880611195779419
0
0.119425167862407
0.880574832137593
0
0.119444594062058
0.880555405937942
0
0.11916558131615
0.88083441868385
0
0.11917751257985
0.88082248742015
0
0.119201155177423
0.880798844822577
0
0.119236345438802
0.880763654561198
0
0.119286179384605
0.880713820615395
0
0.119341127074905
0.880658872925095
0
0.119400069794185
0.880599930205815
0
0.119453305361259
0.880546694638741
0
0.119494816496532
0.880505183503468
0
0.119518259817866
0.880481740182134
0
0.119206051999887
0.880793948000113
0
0.119219333550896
0.880780666449104
0
0.119247748449357
0.880752251550643
0
0.119287407301466
0.880712592698534
0
0.119339451696743
0.880660548303257
0
0.119400069794185
0.880599930205815
0
0.119463874006529
0.880536125993471
0
0.119525788908513
0.880474211091487
0
0.119578714590264
0.880421285409737
0
0.119611610243477
0.880388389756523
0
0.119249226395433
0.880750773604567
0
0.119263304363697
0.880736695636303
0
0.119291369215896
0.880708630784104
0
0.119334248580057
0.880665751419943
0
0.119388804220581
0.880611195779419
0
0.119453305361259
0.880546694638741
0
0.119525788908513
0.880474211091487
0
0.119603242685995
0.880396757314005
0
0.119678564630447
0.880321435369553
0
0.119733812000936
0.880266187999064
0
0.119281623721507
0.880718376278493
0
0.11929668342246
0.88070331657754
0
0.119325791072714
0.880674208927286
0
0.119368835103222
0.880631164896778
0
0.119425167862407
0.880574832137593
0
0.119494816496532
0.880505183503468
0
0.119578714590264
0.880421285409737
0
0.119678564630447
0.880321435369553
0
0.119793941329973
0.880206058670027
0
0.119906567602116
0.880093432397884
0
0.119299548557849
0.880700451442151
0
0.119314301062208
0.880685698937792
0
0.119343405891947
0.880656594108053
0
0.119386766090725
0.880613233909275
0
0.119444594062058
0.880555405937942
0
0.119518259817866
0.880481740182134
0
0.119611610243477
0.880388389756523
0
0.119733812000936
0.880266187999064
0
0.119906567602116
0.880093432397884
0
0.12018423015932
0.87981576984068
0
0.11887493215993
0.630403757235896
0.250721310604174
0.11894557305918
0.793528576593921
0.0875258503468984
0.119008947648021
0.880991052351979
0
0.119071191938704
0.880928808061296
0
0.11912248425703
0.88087751574297
0
0.119165588711947
0.880834411288053
0
0.119206125322008
0.880793874677992
0
0.119249178978537
0.880750821021463
0
0.119281552365502
0.880718447634498
0
0.119299442487009
0.880700557512991
0
0.11894557305918
0.793528576593921
0.087525850346899
0.118983582208162
0.881016417791838
0
0.119037325776511
0.880962674223489
0
0.119089560627835
0.880910439372165
0
0.119135487078979
0.880864512921021
0
0.119177541447169
0.880822458552831
0
0.119219419306775
0.880780580693225
0
0.119263260042265
0.880736739957735
0
0.119296592356837
0.880703407643163
0
0.119314196290837
0.880685803709163
0
0.119008947648021
0.880991052351979
0
0.119037325776511
0.880962674223489
0
0.119076804227227
0.880923195772773
0
0.119118142595157
0.880881857404843
0
0.119159109139372
0.880840890860628
0
0.119201229217577
0.880798770782423
0
0.119247752817362
0.880752247182638
0
0.119291350190721
0.880708649809279
0
0.119325694011691
0.880674305988308
0
0.119343305099207
0.880656694900793
0
0.119071191938704
0.880928808061296
0
0.119089560627835
0.880910439372165
0
0.119118142595157
0.880881857404843
0
0.11915252647303
0.88084747352697
0
0.11919203647366
0.88080796352634
0
0.119236473706582
0.880763526293418
0
0.119287415556189
0.880712584443811
0
0.119334177655302
0.880665822344698
0
0.119368740036993
0.880631259963007
0
0.119386671712347
0.880613328287653
0
0.11912248425703
0.88087751574297
0
0.119135487078979
0.880864512921021
0
0.119159109139372
0.880840890860628
0
0.11919203647366
0.88080796352634
0
0.119233655803827
0.880766344196173
0
0.119286166717207
0.880713833282793
0
0.119339433621018
0.880660566378982
0
0.11938871819232
0.88061128180768
0
0.11942507985727
0.88057492014273
0
0.119444508513431
0.880555491486569
0
0.119165588711947
0.880834411288053
0
0.119177541447169
0.880822458552831
0
0.119201229217577
0.880798770782423
0
0.119236473706582
0.880763526293418
0
0.119286166717207
0.880713833282794
0
0.119341141868914
0.880658858131086
0
0.119399993004405
0.880600006995595
0
0.119453222848016
0.880546777151984
0
0.119494738886916
0.880505261113084
0
0.119518185760567
0.880481814239433
0
0.119206125322008
0.880793874677992
0
0.119219419306775
0.880780580693225
0
0.119247752817362
0.880752247182638
0
0.11928741555619
0.88071258444381
0
0.119339433621018
0.880660566378982
0
0.119399993004405
0.880600006995595
0
0.119463793870272
0.880536206129728
0
0.119525716351106
0.880474283648894
0
0.11957865015679
0.88042134984321
0
0.11961155108625
0.88038844891375
0
0.119249178978537
0.880750821021463
0
0.119263260042265
0.880736739957735
0
0.119291350190721
0.880708649809279
0
0.119334177655302
0.880665822344698
0
0.11938871819232
0.88061128180768
0
0.119453222848016
0.880546777151984
0
0.119525716351106
0.880474283648894
0
0.119603182188733
0.880396817811267
0
0.119678516318671
0.880321483681329
0
0.11973377313903
0.88026622686097
0
0.119281552365502
0.880718447634498
0
0.119296592356837
0.880703407643163
0
0.119325694011691
0.880674305988308
0
0.119368740036993
0.880631259963007
0
0.11942507985727
0.88057492014273
0
0.119494738886916
0.880505261113084
0
0.11957865015679
0.88042134984321
0
0.119678516318671
0.880321483681329
0
0.119793912670169
0.880206087329831
0
0.119906601991126
0.880093398008874
0
0.119299442487009
0.880700557512991
0
0.119314196290837
0.880685803709163
0
0.119343305099207
0.880656694900793
0
0.119386671712347
0.880613328287653
0
0.119444508513431
0.880555491486569
0
0.119518185760567
0.880481814239433
0
0.11961155108625
0.88038844891375
0
0.11973377313903
0.88026622686097
0
0.119906601991126
0.880093398008874
0
0.120190388523831
0.879809611476169
0
