0.11885008384704
0.414741527751803
0.466408388401157
0.118923200169923
0.461178642024438
0.419898157805639
0.118987179693046
0.512425468566398
0.368587351740556
0.11904797815398
0.533877618557148
0.347074403288872
0.119098107951871
0.551262668719706
0.329639223328423
0.119139789991233
0.585063799982647
0.295796410026121
0.11917892565179
0.66438784567602
0.21643322867219
0.119219156071222
0.880780843928778
0
0.119250499982157
0.880749500017843
0
0.119268411988513
0.880731588011487
0
0.118923200169923
0.461178642024436
0.419898157805641
0.118962380844681
0.506974847065129
0.374062772090191
0.119014968437868
0.529058240761968
0.351926790800164
0.119066070164627
0.541613118917203
0.33932081091817
0.119110839147047
0.562132801449018
0.318756359403936
0.119151420270003
0.604973251880932
0.275875327849065
0.119191152473818
0.714979206929213
0.165829640596969
0.11923314716684
0.88076685283316
0
0.119265619805442
0.880734380194558
0
0.119283136873075
0.880716863126925
0
0.118987179693046
0.512425468566396
0.368587351740558
0.119014968437868
0.529058240761967
0.351926790800165
0.11905366150586
0.538972406276719
0.341973932217421
0.119094130518639
0.553325828017418
0.327580041463943
0.119133639350858
0.580560986222513
0.30030537442663
0.119174246899603
0.638643584537033
0.242182168563364
0.119217699705872
0.818397412736687
0.0623848875574419
0.11926052868311
0.88073947131689
0
0.119294549388221
0.880705450611779
0
0.119312100046909
0.880687899953091
0
0.11904797815398
0.533877618557147
0.347074403288874
0.119066070164627
0.541613118917203
0.33932081091817
0.119094130518638
0.553325828017419
0.327580041463943
0.119127697436017
0.57381752367588
0.307054778888103
0.119165736525139
0.613466642173355
0.267367621301506
0.119207921920818
0.706583502977378
0.174208575101804
0.119256840857569
0.880743159142431
0
0.119302585741671
0.880697414258329
0
0.119337258489321
0.880662741510679
0
0.119355245304647
0.880644754695353
0
0.119098107951871
0.551262668719705
0.329639223328424
0.119110839147047
0.562132801449018
0.318756359403936
0.119133639350858
0.580560986222512
0.300305374426631
0.119165736525139
0.613466642173355
0.267367621301507
0.119205107748664
0.679411106877088
0.201383785374248
0.119255719928737
0.880744280071263
0
0.119306700886081
0.880693299113919
0
0.119356606396873
0.880643393603127
0
0.119393328550206
0.880606671449794
0
0.119412901764077
0.880587098235923
0
0.119139789991233
0.585063799982646
0.295796410026121
0.119151420270003
0.604973251880932
0.275875327849065
0.119174246899603
0.638643584537033
0.242182168563365
0.119207921920818
0.706583502977378
0.174208575101803
0.119255719928737
0.880744280071263
0
0.119307672488545
0.880692327511455
0
0.119367176608671
0.880632823391329
0
0.119421033257135
0.880578966742865
0
0.11946291548596
0.88053708451404
0
0.119486525919469
0.880513474080531
0
0.11917892565179
0.66438784567602
0.21643322867219
0.119191152473818
0.714979206929213
0.165829640596969
0.119217699705872
0.818397412736687
0.0623848875574413
0.119256840857569
0.880743159142431
0
0.119306700886081
0.880693299113919
0
0.119367176608671
0.880632823391329
0
0.119431377315581
0.880568622684418
0
0.119493705832931
0.880506294167069
0
0.119546929616472
0.880453070383528
0
0.119579982718578
0.880420017281422
0
0.119219156071222
0.880780843928778
0
0.11923314716684
0.88076685283316
0
0.11926052868311
0.88073947131689
0
0.119302585741671
0.880697414258329
0
0.119356606396873
0.880643393603127
0
0.119421033257135
0.880578966742865
0
0.119493705832931
0.880506294167069
0
0.119571431485106
0.880428568514894
0
0.119647009879963
0.880352990120037
0
0.119702429869308
0.880297570130692
0
0.119250499982157
0.880749500017843
0
0.119265619805442
0.880734380194558
0
0.119294549388221
0.880705450611779
0
0.119337258489321
0.880662741510679
0
0.119393328550206
0.880606671449794
0
0.11946291548596
0.88053708451404
0
0.119546929616472
0.880453070383528
0
0.119647009879963
0.880352990120037
0
0.119762677671348
0.880237322328652
0
0.119875562251848
0.880124437748152
0
0.119268411988513
0.880731588011487
0
0.119283136873075
0.880716863126925
0
0.119312100046909
0.880687899953091
0
0.119355245304647
0.880644754695353
0
0.119412901764077
0.880587098235923
0
0.119486525919469
0.880513474080531
0
0.119579982718578
0.880420017281422
0
0.119702429869308
0.880297570130692
0
0.119875562251848
0.880124437748152
0
0.120150846095105
0.879849153904895
0
0.118852486243775
0.488792224907893
0.392355288848332
0.118925041972829
0.703338067591846
0.177736890435324
0.118987960385576
0.881012039614424
0
0.11904849008479
0.88095150991521
0
0.11909866936481
0.88090133063519
0
0.119140409922323
0.880859590077677
0
0.119179252914853
0.880820747085147
0
0.119219250478147
0.880780749521853
0
0.119250473909112
0.880749526090888
0
0.119268351511478
0.880731648488522
0
0.11892504197283
0.703338067591851
0.177736890435319
0.118963278955477
0.881036721044523
0
0.119015481112412
0.880984518887588
0
0.11906660629499
0.88093339370501
0
0.119111448738333
0.880888551261667
0
0.119151926572846
0.880848073427154
0
0.119191408438318
0.880808591561682
0
0.119233173904133
0.880766826095867
0
0.119265574709827
0.880734425290173
0
0.119283076918753
0.880716923081247
0
0.118987960385576
0.881012039614424
0
0.119015481112412
0.880984518887588
0
0.119054190749485
0.880945809250515
0
0.119094716073599
0.880905283926401
0
0.119134358165933
0.880865641834067
0
0.119174667960911
0.880825332039089
0
0.119217853020313
0.880782146979687
0
0.119260537248539
0.880739462751461
0
0.119294496422146
0.880705503577854
0
0.119312042448785
0.880687957551215
0
0.11904849008479
0.88095150991521
0
0.11906660629499
0.88093339370501
0
0.119094716073599
0.880905283926401
0
0.119128385232241
0.880871614767759
0
0.119166232023731
0.88083376797627
0
0.119208229462229
0.880791770537771
0
0.119256903329427
0.880743096670573
0
0.119302560208049
0.880697439791951
0
0.119337205365177
0.880662794634823
0
0.119355191817743
0.880644808182257
0
0.11909866936481
0.88090133063519
0
0.119111448738333
0.880888551261667
0
0.119134358165933
0.880865641834067
0
0.119166232023731
0.88083376797627
0
0.119205509415944
0.880794490584056
0
0.119255840987331
0.880744159012669
0
0.119306733687463
0.880693266312537
0
0.119356562048913
0.880643437951087
0
0.119393279737805
0.880606720262195
0
0.11941285447909
0.88058714552091
0
0.119140409922323
0.880859590077677
0
0.119151926572846
0.880848073427154
0
0.119174667960912
0.880825332039089
0
0.119208229462229
0.880791770537771
0
0.119255840987331
0.880744159012669
0
0.119307740998626
0.880692259001374
0
0.119367142059839
0.880632857940161
0
0.119420989063341
0.880579010936659
0
0.119462874445162
0.880537125554838
0
0.119486487603449
0.880513512396551
0
0.119179252914853
0.880820747085147
0
0.119191408438318
0.880808591561682
0
0.119217853020313
0.880782146979687
0
0.119256903329427
0.880743096670573
0
0.119306733687463
0.880693266312537
0
0.119367142059839
0.880632857940161
0
0.119431335271711
0.880568664728289
0
0.119493669087291
0.880506330912709
0
0.119546899805662
0.880453100194338
0
0.119579957659339
0.880420042340661
0
0.119219250478147
0.880780749521853
0
0.119233173904133
0.880766826095867
0
0.119260537248539
0.880739462751461
0
0.119302560208049
0.880697439791951
0
0.119356562048913
0.880643437951087
0
0.119420989063341
0.880579010936659
0
0.119493669087291
0.880506330912709
0
0.119571405365047
0.880428594634953
0
0.119646995848288
0.880353004151712
0
0.119702425662983
0.880297574337017
0
0.119250473909112
0.880749526090888
0
0.119265574709827
0.880734425290173
0
0.119294496422146
0.880705503577854
0
0.119337205365177
0.880662794634823
0
0.119393279737805
0.880606720262195
0
0.119462874445162
0.880537125554838
0
0.119546899805662
0.880453100194338
0
0.119646995848288
0.880353004151712
0
0.119762685691032
0.880237314308968
0
0.119875617731528
0.880124382268472
0
0.119268351511478
0.880731648488522
0
0.119283076918753
0.880716923081247
0
0.119312042448785
0.880687957551215
0
0.119355191817743
0.880644808182257
0
0.11941285447909
0.88058714552091
0
0.119486487603449
0.880513512396551
0
0.119579957659339
0.880420042340661
0
0.119702425662983
0.880297574337017
0
0.119875617731528
0.880124382268472
0
0.120153823409122
0.879846176590878
0
0.118856447866555
0.626388165236245
0.2547553868972
0.118926243165479
0.785500331327292
0.0955734255072295
0.118987987188239
0.881012012811761
0
0.119048416006982
0.880951583993018
0
0.119098617442164
0.880901382557836
0
0.119140406678686
0.880859593321314
0
0.119179296747836
0.880820703252164
0
0.119219217115291
0.880780782884709
0
0.11925040978302
0.88074959021698
0
0.119268241292976
0.880731758707024
0
0.118926243165479
0.785500331327291
0.0955734255072302
0.118963331005998
0.881036668994002
0
0.119015401286233
0.880984598713767
0
0.119066540440844
0.880933459559156
0
0.119111414597846
0.880888585402154
0
0.119151939677665
0.880848060322336
0
0.119191483596183
0.880808516403817
0
0.119233132077415
0.880766867922585
0
0.119265485474012
0.880734514525988
0
0.1192829677112
0.8807170322888
0
0.118987987188239
0.881012012811761
0
0.119015401286233
0.880984598713767
0
0.119054120449622
0.880945879550378
0
0.119094669002316
0.880905330997684
0
0.119134363290024
0.880865636709976
0
0.119174716594779
0.880825283405221
0
0.119217889929686
0.880782110070314
0
0.11926051704818
0.88073948295182
0
0.11929439716386
0.88070560283614
0
0.119311937032037
0.880688062967963
0
0.119048416006982
0.880951583993018
0
0.119066540440844
0.880933459559156
0
0.119094669002316
0.880905330997684
0
0.119128377323555
0.880871622676445
0
0.119166260790585
0.880833739209415
0
0.119208347316533
0.880791652683467
0
0.119256904320314
0.880743095679686
0
0.119302499598656
0.880697500401344
0
0.11933710658515
0.88066289341485
0
0.11935509271806
0.88064490728194
0
0.119098617442164
0.880901382557836
0
0.119111414597846
0.880888585402154
0
0.119134363290024
0.880865636709976
0
0.119166260790585
0.880833739209415
0
0.11920564044691
0.88079435955309
0
0.119255817320282
0.880744182679718
0
0.119306758182447
0.880693241817553
0
0.119356475766041
0.880643524233959
0
0.119393187253907
0.880606812746093
0
0.119412764157959
0.880587235842041
0
0.119140406678686
0.880859593321314
0
0.119151939677665
0.880848060322336
0
0.119174716594779
0.880825283405221
0
0.119208347316533
0.880791652683467
0
0.119255817320282
0.880744182679718
0
0.119307819306027
0.880692180693973
0
0.119367069690975
0.880632930309025
0
0.119420902726602
0.880579097273398
0
0.119462792110628
0.880537207889372
0
0.119486408757259
0.880513591242741
0
0.119179296747836
0.880820703252164
0
0.119191483596183
0.880808516403817
0
0.119217889929686
0.880782110070314
0
0.119256904320314
0.880743095679686
0
0.119306758182447
0.880693241817553
0
0.119367069690976
0.880632930309025
0
0.119431251753779
0.880568748246221
0
0.119493591905275
0.880506408094725
0
0.119546830595941
0.880453169404059
0
0.119579893722417
0.880420106277583
0
0.119219217115291
0.880780782884709
0
0.119233132077415
0.880766867922585
0
0.11926051704818
0.88073948295182
0
0.119302499598656
0.880697500401344
0
0.119356475766041
0.880643524233959
0
0.119420902726602
0.880579097273398
0
0.119493591905275
0.880506408094725
0
0.119571340104854
0.880428659895146
0
0.119646942771609
0.880353057228391
0
0.119702382054034
0.880297617945966
0
0.11925040978302
0.88074959021698
0
0.119265485474012
0.880734514525988
0
0.11929439716386
0.88070560283614
0
0.11933710658515
0.88066289341485
0
0.119393187253907
0.880606812746093
0
0.119462792110628
0.880537207889372
0
0.119546830595941
0.880453169404059
0
0.119646942771609
0.880353057228391
0
0.11976265230424
0.88023734769576
0
0.119875647682022
0.880124352317978
0
0.119268241292976
0.880731758707024
0
0.1192829677112
0.8807170322888
0
0.119311937032037
0.880688062967963
0
0.11935509271806
0.88064490728194
0
0.119412764157959
0.880587235842041
0
0.119486408757259
0.880513591242741
0
0.119579893722417
0.880420106277583
0
0.119702382054034
0.880297617945966
0
0.119875647682022
0.880124352317978
0
0.12015999543652
0.87984000456348
0
