0.118831573584647
0.413561117172168
0.467607309243185
0.11890471444724
0.45824828802985
0.42284699752291
0.118967895416259
0.503184121400949
0.377847983182792
0.11902599203497
0.528171295784484
0.352802712180546
0.119074550475408
0.546177093196545
0.334748356328048
0.119114753495653
0.578099800437245
0.302785446067102
0.119152150525476
0.65113671165195
0.229711137822573
0.119189923045009
0.880810076954991
0
0.119220357422801
0.880779642577199
0
0.11923797678246
0.88076202321754
0
0.11890471444724
0.458248288029848
0.422846997522912
0.118943703190744
0.497285238196557
0.3837710586127
0.118994179209155
0.52276834346532
0.358237477325525
0.119043583930053
0.536605753338749
0.344350662731197
0.119087025127842
0.556640426556001
0.324272548316157
0.119125877199825
0.596209524143893
0.284664598656282
0.119163660594327
0.694180033701838
0.186656305703836
0.119204112203322
0.880795887796678
0
0.119235328138812
0.880764671861188
0
0.11925253942222
0.88074746057778
0
0.118967895416259
0.503184121400947
0.377847983182794
0.118994179209155
0.522768343465319
0.358237477325526
0.119031616440862
0.533910177076246
0.347058206482892
0.119070974725825
0.54821059480355
0.332718430470626
0.119109277572181
0.573541944532203
0.307348777895615
0.119147773048935
0.626043838782734
0.254808388168331
0.11918869176327
0.782000090705613
0.0988112175311163
0.119231147440899
0.880768852559101
0
0.119263920241293
0.880736079758707
0
0.119281135470882
0.880718864529118
0
0.11902599203497
0.528171295784483
0.352802712180547
0.119043583930054
0.536605753338749
0.344350662731198
0.119070974725825
0.54821059480355
0.332718430470626
0.11910357077483
0.567371756666241
0.313524672558929
0.119139892901154
0.60308686251025
0.277773244588596
0.119179864328211
0.682504298513351
0.198315837158438
0.119227739928971
0.880772260071029
0
0.119271691975184
0.880728308024816
0
0.11930588156261
0.88069411843739
0
0.119323675474972
0.880676324525028
0
0.119074550475408
0.546177093196544
0.334748356328048
0.119087025127842
0.556640426556001
0.324272548316157
0.119109277572181
0.573541944532203
0.307348777895615
0.119139892901154
0.603086862510251
0.277773244588596
0.119177851479416
0.659464577322825
0.221357571197759
0.119224935073712
0.83099156855333
0.0497834963729573
0.119275515654977
0.880724484345023
0
0.119324683969988
0.880675316030011
0
0.119361178689974
0.880638821310026
0
0.119380639206671
0.880619360793329
0
0.119114753495653
0.578099800437245
0.302785446067102
0.119125877199825
0.596209524143894
0.284664598656281
0.119147773048935
0.626043838782733
0.254808388168331
0.119179864328211
0.682504298513351
0.198315837158438
0.119224935073712
0.83099156855333
0.0497834963729573
0.119276513355463
0.880723486644537
0
0.119334841005642
0.880665158994358
0
0.119388362799623
0.880611637200377
0
0.119430064466998
0.880569935533002
0
0.119453582573825
0.880546417426175
0
0.119152150525476
0.65113671165195
0.229711137822573
0.119163660594327
0.694180033701837
0.186656305703836
0.11918869176327
0.782000090705612
0.098811217531117
0.119227739928971
0.880772260071029
0
0.119275515654977
0.880724484345023
0
0.119334841005642
0.880665158994358
0
0.119398484621407
0.880601515378593
0
0.119460474043163
0.880539525956837
0
0.119513476329898
0.880486523670102
0
0.119546425832349
0.880453574167651
0
0.119189923045009
0.880810076954991
0
0.119204112203322
0.880795887796678
0
0.119231147440899
0.880768852559101
0
0.119271691975184
0.880728308024816
0
0.119324683969988
0.880675316030011
0
0.119388362799623
0.880611637200377
0
0.119460474043163
0.880539525956837
0
0.119537776351514
0.880462223648487
0
0.119613073542637
0.880386926457363
0
0.119668386170317
0.880331613829683
0
0.119220357422801
0.880779642577199
0
0.119235328138812
0.880764671861188
0
0.119263920241293
0.880736079758707
0
0.11930588156261
0.88069411843739
0
0.119361178689974
0.880638821310026
0
0.119430064466998
0.880569935533002
0
0.119513476329898
0.880486523670102
0
0.119613073542637
0.880386926457363
0
0.119728441165626
0.880271558834374
0
0.119841333594897
0.880158666405103
0
0.11923797678246
0.88076202321754
0
0.11925253942222
0.88074746057778
0
0.119281135470882
0.880718864529118
0
0.119323675474972
0.880676324525028
0
0.119380639206671
0.880619360793329
0
0.119453582573825
0.880546417426175
0
0.119546425832349
0.880453574167651
0
0.119668386170317
0.880331613829683
0
0.119841333594897
0.880158666405103
0
0.120117203930139
0.879882796069861
0
0.118833971273522
0.487283553562759
0.393882475163719
0.118906563862784
0.68715026767826
0.193943168458956
0.118968923842148
0.881031076157852
0
0.119026549269737
0.880973450730263
0
0.119075131274645
0.880924868725355
0
0.119115414575744
0.880884585424256
0
0.119152500258134
0.880847499741866
0
0.119190053434006
0.880809946565994
0
0.119220332587441
0.880779667412559
0
0.119237913751374
0.880762086248626
0
0.118906563862784
0.687150267678265
0.19394316845895
0.118944913247983
0.881055086752017
0
0.118994750774952
0.881005249225048
0
0.119044153689737
0.880955846310263
0
0.119087636867649
0.880912363132351
0
0.119126434467252
0.880873565532748
0
0.11916395661536
0.88083604338464
0
0.119204150619559
0.880795849380441
0
0.119235284906786
0.880764715093214
0
0.119252476656266
0.880747523343735
0
0.118968923842148
0.881031076157852
0
0.118994750774952
0.881005249225048
0
0.119032184043318
0.880967815956682
0
0.119071570275678
0.880928429724322
0
0.119109966505939
0.880890033494061
0
0.119148238980417
0.880851761019583
0
0.119188880601188
0.880811119398812
0
0.119231146892189
0.880768853107811
0
0.119263866703186
0.880736133296814
0
0.119281074871632
0.880718925128368
0
0.119026549269737
0.880973450730263
0
0.119044153689737
0.880955846310263
0
0.119071570275678
0.880928429724322
0
0.119104240133585
0.880895759866415
0
0.119140445926218
0.880859554073782
0
0.119180244336432
0.880819755663568
0
0.119227812948844
0.880772187051156
0
0.11927167426012
0.88072832573988
0
0.119305826406281
0.880694173593719
0
0.119323618879619
0.880676381120381
0
0.119075131274645
0.880924868725355
0
0.119087636867649
0.880912363132351
0
0.119109966505939
0.880890033494061
0
0.119140445926218
0.880859554073782
0
0.119178267690057
0.880821732309943
0
0.119225079358383
0.880774920641617
0
0.1192755519931
0.8807244480069
0
0.119324640662922
0.880675359337078
0
0.119361127026128
0.880638872973872
0
0.119380588747477
0.880619411252523
0
0.119115414575744
0.880884585424256
0
0.119126434467252
0.880873565532748
0
0.119148238980417
0.880851761019583
0
0.119180244336432
0.880819755663568
0
0.119225079358383
0.880774920641617
0
0.119276574864676
0.880723425135324
0
0.11933481104868
0.88066518895132
0
0.119388316463614
0.880611683536386
0
0.119430020274529
0.880569979725471
0
0.119453541030357
0.880546458969643
0
0.119152500258134
0.880847499741866
0
0.11916395661536
0.88083604338464
0
0.119188880601188
0.880811119398812
0
0.119227812948844
0.880772187051156
0
0.1192755519931
0.8807244480069
0
0.11933481104868
0.88066518895132
0
0.11939844091702
0.88060155908298
0
0.119460434254911
0.88053956574509
0
0.119513443274656
0.880486556725344
0
0.119546397515481
0.880453602484519
0
0.119190053434006
0.880809946565994
0
0.119204150619559
0.880795849380441
0
0.119231146892189
0.880768853107811
0
0.11927167426012
0.88072832573988
0
0.119324640662922
0.880675359337078
0
0.119388316463614
0.880611683536386
0
0.119460434254911
0.88053956574509
0
0.119537746997896
0.880462253002104
0
0.119613056246044
0.880386943753956
0
0.119668378709523
0.880331621290477
0
0.119220332587441
0.880779667412559
0
0.119235284906786
0.880764715093214
0
0.119263866703186
0.880736133296814
0
0.119305826406281
0.880694173593719
0
0.119361127026129
0.880638872973872
0
0.119430020274529
0.880569979725471
0
0.119513443274656
0.880486556725344
0
0.119613056246044
0.880386943753956
0
0.119728445914639
0.880271554085361
0
0.119841385645883
0.880158614354117
0
0.119237913751374
0.880762086248626
0
0.119252476656266
0.880747523343734
0
0.119281074871632
0.880718925128368
0
0.119323618879619
0.880676381120381
0
0.119380588747477
0.880619411252523
0
0.119453541030357
0.880546458969643
0
0.119546397515481
0.880453602484519
0
0.119668378709523
0.880331621290477
0
0.119841385645883
0.880158614354117
0
0.120120183405553
0.879879816594447
0
0.11883792980622
0.622695227472275
0.258466842721505
0.118907877854361
0.776516009059699
0.10457611308594
0.118968975465017
0.881031024534983
0
0.119026473303269
0.880973526696731
0
0.119075073386604
0.880924926613396
0
0.119115399894411
0.880884600105589
0
0.119152527210663
0.880847472789337
0
0.119190031393915
0.880809968606085
0
0.119220268187399
0.880779731812601
0
0.119237799608661
0.880762200391339
0
0.118907877854361
0.776516009059699
0.104576113085941
0.118944995343947
0.881055004656053
0
0.118994670554172
0.881005329445828
0
0.119044084164542
0.880955915835458
0
0.119087592987605
0.880912407012395
0
0.119126436852514
0.880873563147486
0
0.119164023525481
0.880835976474519
0
0.119204101271983
0.880795898728017
0
0.119235197600164
0.880764802399836
0
0.119252363191452
0.880747636808548
0
0.118968975465017
0.881031024534983
0
0.118994670554172
0.881005329445828
0
0.119032110706216
0.880967889293784
0
0.119071515474297
0.880928484525703
0
0.119109952594084
0.880890047405916
0
0.11914827321242
0.880851726787579
0
0.119188945573223
0.880811054426777
0
0.119231102441405
0.880768897558595
0
0.119263766298914
0.880736233701086
0
0.119280964909787
0.880719035090213
0
0.119026473303269
0.880973526696731
0
0.119044084164542
0.880955915835458
0
0.119071515474297
0.880928484525703
0
0.11910421662942
0.88089578337058
0
0.119140464371329
0.880859535628671
0
0.119180356770051
0.880819643229949
0
0.119227783023274
0.880772216976726
0
0.119271623961282
0.880728376038718
0
0.119305724477452
0.880694275522548
0
0.119323515042545
0.880676484957455
0
0.119075073386603
0.880924926613396
0
0.119087592987605
0.880912407012395
0
0.119109952594084
0.880890047405916
0
0.119140464371329
0.880859535628671
0
0.119178355530723
0.880821644469278
0
0.11922510287026
0.88077489712974
0
0.1192755761451
0.8807244238549
0
0.119324555647709
0.880675444352291
0
0.119361030182791
0.880638969817209
0
0.119380493542757
0.880619506457243
0
0.119115399894411
0.880884600105589
0
0.119126436852514
0.880873563147486
0
0.11914827321242
0.880851726787579
0
0.119180356770051
0.880819643229949
0
0.11922510287026
0.88077489712974
0
0.119276632757367
0.880723367242633
0
0.119334745040072
0.880665254959928
0
0.119388226821966
0.880611773178034
0
0.119429933098594
0.880570066901406
0
0.119453457189559
0.880546542810441
0
0.119152527210663
0.880847472789337
0
0.119164023525481
0.880835976474519
0
0.119188945573223
0.880811054426777
0
0.119227783023274
0.880772216976726
0
0.1192755761451
0.8807244238549
0
0.119334745040072
0.880665254959928
0
0.119398354802371
0.880601645197629
0
0.119460352387947
0.880539647612053
0
0.119513369033845
0.880486630966155
0
0.119546328497671
0.880453671502329
0
0.119190031393915
0.880809968606085
0
0.119204101271983
0.880795898728017
0
0.119231102441405
0.880768897558595
0
0.119271623961282
0.880728376038718
0
0.119324555647709
0.880675444352291
0
0.119388226821966
0.880611773178034
0
0.119460352387947
0.880539647612053
0
0.119537676708557
0.880462323291443
0
0.119612998051835
0.880387001948165
0
0.119668329959743
0.880331670040257
0
0.119220268187399
0.880779731812601
0
0.119235197600164
0.880764802399836
0
0.119263766298914
0.880736233701086
0
0.119305724477452
0.880694275522548
0
0.119361030182791
0.880638969817209
0
0.119429933098594
0.880570066901406
0
0.119513369033845
0.880486630966155
0
0.119612998051835
0.880387001948165
0
0.119728407374916
0.880271592625084
0
0.119841410149282
0.880158589850718
0
0.119237799608661
0.880762200391339
0
0.119252363191452
0.880747636808548
0
0.119280964909787
0.880719035090213
0
0.119323515042545
0.880676484957455
0
0.119380493542758
0.880619506457243
0
0.119453457189559
0.880546542810441
0
0.119546328497671
0.880453671502329
0
0.119668329959743
0.880331670040257
0
0.119841410149282
0.880158589850718
0
0.120126361247346
0.879873638752654
0
