0.118812232792332
0.411835679531029
0.469352087676639
0.118884564329921
0.455129757102896
0.425985678567183
0.118946351938799
0.498585886078651
0.38246776198255
0.119003026861266
0.525200432385958
0.355796540752776
0.119050672443182
0.542899619708561
0.338049707848258
0.119089915637969
0.572595700970968
0.308314383391063
0.11912561493863
0.638914249014147
0.241960136047224
0.119161502840982
0.850976316178282
0.029862180980737
0.119190932437578
0.880809067562422
0
0.119208163275853
0.880791836724148
0
0.118884564329921
0.455129757102894
0.425985678567186
0.118922714293783
0.492447466257886
0.388629819448331
0.118971926188594
0.519621101523917
0.36140697228749
0.119020356585135
0.533714919642204
0.347264723772661
0.119062943681227
0.552655807416282
0.328281248902491
0.119100527866498
0.588660015303133
0.292239456830369
0.119136663194978
0.675156019292087
0.205707317512935
0.119175211601018
0.880824788398982
0
0.119205464757127
0.880794535242873
0
0.119222498347427
0.880777501652573
0
0.118946351938799
0.498585886078648
0.382467761982552
0.118971926188594
0.519621101523916
0.36140697228749
0.119008655291171
0.53109835013142
0.34989299457741
0.119047311025418
0.544761928002948
0.336190760971634
0.119084777761784
0.567975955668438
0.312939266569778
0.1191218308177
0.614822135835712
0.266056033346589
0.119160239497478
0.74637809494238
0.134461665560142
0.119201655621642
0.880798344378358
0
0.119233687259703
0.880766312740297
0
0.119250801107758
0.880749198892242
0
0.119003026861266
0.525200432385956
0.355796540752778
0.119020356585135
0.533714919642203
0.347264723772662
0.119047311025418
0.544761928002948
0.336190760971634
0.119079178290454
0.5623200143048
0.318600807404746
0.119114160959384
0.593933549703713
0.286952289336903
0.119152766691294
0.661438354333982
0.219408878974724
0.119198062812685
0.880801937187315
0
0.11924087010983
0.88075912989017
0
0.119275164804317
0.880724835195683
0
0.119293019766795
0.880706980233205
0
0.119050672443182
0.542899619708561
0.338049707848258
0.119062943681227
0.552655807416282
0.328281248902491
0.119084777761784
0.567975955668438
0.312939266569778
0.119114160959384
0.593933549703713
0.286952289336903
0.119150360651828
0.642048526789631
0.23880111255854
0.119194049852169
0.778972007166689
0.101833942981143
0.119245152661709
0.880754847338291
0
0.119293637188634
0.880706362811366
0
0.119330243103858
0.880669756896142
0
0.119349778174081
0.880650221825919
0
0.119089915637969
0.572595700970967
0.308314383391063
0.119100527866498
0.588660015303133
0.292239456830369
0.1191218308177
0.614822135835711
0.266056033346589
0.119152766691294
0.661438354333982
0.219408878974724
0.119194049852169
0.778972007166689
0.101833942981143
0.119247123354467
0.880752876645533
0
0.119303813844973
0.880696186155027
0
0.119357251871735
0.880642748128265
0
0.119399055733467
0.880600944266533
0
0.11942264132985
0.88057735867015
0
0.11912561493863
0.638914249014147
0.241960136047223
0.119136663194978
0.675156019292086
0.205707317512936
0.119160239497478
0.746378094942379
0.134461665560142
0.119198062812685
0.880801937187315
0
0.119245152661709
0.880754847338291
0
0.119303813844973
0.880696186155027
0
0.119367330213593
0.880632669786407
0
0.119429390814841
0.880570609185159
0
0.119482499618275
0.880517500381725
0
0.119515520837382
0.880484479162618
0
0.119161502840982
0.850976316178281
0.0298621809807373
0.119175211601018
0.880824788398982
0
0.119201655621642
0.880798344378358
0
0.11924087010983
0.88075912989017
0
0.119293637188634
0.880706362811366
0
0.119357251871735
0.880642748128265
0
0.119429390814841
0.880570609185159
0
0.119506792190759
0.880493207809241
0
0.119582218402975
0.880417781597025
0
0.119637634761625
0.880362365238375
0
0.119190932437578
0.880809067562422
0
0.119205464757127
0.880794535242873
0
0.119233687259703
0.880766312740297
0
0.119275164804317
0.880724835195683
0
0.119330243103858
0.880669756896142
0
0.119399055733467
0.880600944266533
0
0.119482499618275
0.880517500381725
0
0.119582218402975
0.880417781597025
0
0.119697777526179
0.880302222473821
0
0.119810879056852
0.880189120943148
0
0.119208163275853
0.880791836724148
0
0.119222498347427
0.880777501652573
0
0.119250801107758
0.880749198892242
0
0.119293019766795
0.880706980233205
0
0.119349778174081
0.880650221825919
0
0.11942264132985
0.88057735867015
0
0.119515520837382
0.880484479162618
0
0.119637634761625
0.880362365238375
0
0.119810879056852
0.880189120943148
0
0.120087231937524
0.879912768062476
0
0.118814621807286
0.485238211098444
0.39594716709427
0.118886430363785
0.673590612663177
0.207522956973038
0.118947463865734
0.881052536134266
0
0.119003588481238
0.880996411518762
0
0.11905124527729
0.88094875472271
0
0.119090543248417
0.880909456751583
0
0.119125992379507
0.880874007620493
0
0.119161632165241
0.880838367834759
0
0.119190906905601
0.880809093094399
0
0.119208097571272
0.880791902428728
0
0.118886430363785
0.673590612663183
0.207522956973033
0.118924040557014
0.881075959442986
0
0.118972505765339
0.881027494234661
0
0.119020928107733
0.880979071892267
0
0.119063538569391
0.880936461430609
0
0.119101127747717
0.880898872252283
0
0.119136990920902
0.880863009079098
0
0.119175273308732
0.880824726691268
0
0.119205424355654
0.880794575644345
0
0.119222432816822
0.880777567183178
0
0.118947463865734
0.881052536134266
0
0.118972505765339
0.881027494234661
0
0.119009227944476
0.880990772055524
0
0.119047893994002
0.880952106005998
0
0.119085428009364
0.880914571990636
0
0.119122308559402
0.880877691440598
0
0.119160464766412
0.880839535233588
0
0.119201659710831
0.880798340289169
0
0.119233634095352
0.880766365904648
0
0.119250737616281
0.880749262383719
0
0.119003588481238
0.880996411518762
0
0.119020928107733
0.880979071892268
0
0.119047893994002
0.880952106005998
0
0.119079816179841
0.880920183820159
0
0.119114760743168
0.880885239256832
0
0.119153159040821
0.880846840959179
0
0.119198185947239
0.880801814052761
0
0.119240865852825
0.880759134147175
0
0.119275108115215
0.880724891884785
0
0.11929296019433
0.88070703980567
0
0.11905124527729
0.88094875472271
0
0.119063538569391
0.880936461430609
0
0.119085428009364
0.880914571990636
0
0.119114760743168
0.880885239256832
0
0.119150798023379
0.880849201976621
0
0.11919426171794
0.88080573828206
0
0.11924518873914
0.88075481126086
0
0.119293596940337
0.880706403059663
0
0.119330188872627
0.880669811127373
0
0.119349724679593
0.880650275320407
0
0.119090543248417
0.880909456751583
0
0.119101127747717
0.880898872252283
0
0.119122308559402
0.880877691440598
0
0.119153159040821
0.880846840959179
0
0.11919426171794
0.88080573828206
0
0.119247162930025
0.880752837069975
0
0.119303793115254
0.880696206884746
0
0.119357204028084
0.880642795971916
0
0.11939900859326
0.88060099140674
0
0.119422596724582
0.880577403275418
0
0.119125992379507
0.880874007620493
0
0.119136990920902
0.880863009079098
0
0.119160464766412
0.880839535233588
0
0.119198185947239
0.880801814052761
0
0.11924518873914
0.88075481126086
0
0.119303793115254
0.880696206884746
0
0.119367285724272
0.880632714275728
0
0.119429348250999
0.880570651749001
0
0.119482463515954
0.880517536484046
0
0.119515489456795
0.880484510543205
0
0.119161632165241
0.880838367834759
0
0.119175273308732
0.880824726691268
0
0.119201659710831
0.880798340289169
0
0.119240865852825
0.880759134147175
0
0.119293596940337
0.880706403059663
0
0.119357204028084
0.880642795971916
0
0.119429348250999
0.880570651749001
0
0.119506759808981
0.880493240191019
0
0.119582198049145
0.880417801950855
0
0.119637624251735
0.880362375748265
0
0.119190906905601
0.880809093094399
0
0.119205424355654
0.880794575644346
0
0.119233634095352
0.880766365904648
0
0.119275108115215
0.880724891884785
0
0.119330188872627
0.880669811127373
0
0.11939900859326
0.88060099140674
0
0.119482463515954
0.880517536484046
0
0.119582198049145
0.880417801950855
0
0.119697779234498
0.880302220765502
0
0.119810928453786
0.880189071546214
0
0.119208097571272
0.880791902428728
0
0.119222432816822
0.880777567183178
0
0.119250737616281
0.880749262383719
0
0.11929296019433
0.88070703980567
0
0.119349724679593
0.880650275320407
0
0.119422596724582
0.880577403275418
0
0.119515489456795
0.880484510543205
0
0.119637624251735
0.880362375748265
0
0.119810928453786
0.880189071546214
0
0.120090216018025
0.879909783981975
0
0.118818567848704
0.619270147675158
0.261911284476139
0.118887819892023
0.769817410395983
0.111294769711994
0.118947532473071
0.881052467526929
0
0.119003508882765
0.880996491117235
0
0.119051180852071
0.880948819147929
0
0.119090514613541
0.88090948538646
0
0.119126008312489
0.880873991687511
0
0.119161609281393
0.880838390718607
0
0.119190838482441
0.880809161517559
0
0.119207979427864
0.880792020572136
0
0.118887819892023
0.769817410395982
0.111294769711994
0.118924144406055
0.881075855593945
0
0.118972422642738
0.881027577357262
0
0.119020853762149
0.880979146237851
0
0.119063485912186
0.880936514087814
0
0.119101120164174
0.880898879835826
0
0.119137041974376
0.880862958025624
0
0.119175226345984
0.880824773654016
0
0.119205340038451
0.880794659961549
0
0.119222315196221
0.880777684803779
0
0.118947532473071
0.881052467526929
0
0.118972422642738
0.881027577357262
0
0.119009150271474
0.880990849728526
0
0.119047831703695
0.880952168296305
0
0.119085399049019
0.880914600950981
0
0.119122323261578
0.880877676738422
0
0.119160540664284
0.880839459335716
0
0.119201607215234
0.880798392784766
0
0.119233533673691
0.880766466326309
0
0.119250623246145
0.880749376753855
0
0.119003508882765
0.880996491117235
0
0.119020853762149
0.880979146237851
0
0.119047831703695
0.880952168296305
0
0.119079779786123
0.880920220213877
0
0.119114767725005
0.880885232274995
0
0.119153232643705
0.880846767356295
0
0.119198169316957
0.880801830683043
0
0.119240833470184
0.880759166529816
0
0.119275003632259
0.880724996367741
0
0.119292851784909
0.880707148215091
0
0.119051180852071
0.880948819147929
0
0.119063485912186
0.880936514087814
0
0.119085399049019
0.880914600950981
0
0.119114767725005
0.880885232274995
0
0.119150854578929
0.880849145421071
0
0.119194364920069
0.880805635079931
0
0.119245198161233
0.880754801838767
0
0.119293515850122
0.880706484149878
0
0.119330088046364
0.880669911953636
0
0.119349624812872
0.880650375187128
0
0.119090514613541
0.88090948538646
0
0.119101120164174
0.880898879835826
0
0.119122323261578
0.880877676738422
0
0.119153232643705
0.880846767356295
0
0.119194364920069
0.880805635079931
0
0.11924715822354
0.88075284177646
0
0.11930373994102
0.88069626005898
0
0.11935711199465
0.88064288800535
0
0.119398916903229
0.880601083096771
0
0.119422508185186
0.880577491814814
0
0.119126008312489
0.880873991687511
0
0.119137041974376
0.880862958025624
0
0.119160540664284
0.880839459335716
0
0.119198169316957
0.880801830683043
0
0.119245198161233
0.880754801838767
0
0.11930373994102
0.88069626005898
0
0.119367198309047
0.880632801690953
0
0.119429262151449
0.880570737848551
0
0.119482384612237
0.880517615387763
0
0.119515415735719
0.880484584264281
0
0.119161609281393
0.880838390718607
0
0.119175226345984
0.880824773654016
0
0.119201607215234
0.880798392784766
0
0.119240833470184
0.880759166529816
0
0.119293515850122
0.880706484149878
0
0.11935711199465
0.88064288800535
0
0.119429262151449
0.880570737848551
0
0.119506684893389
0.880493315106611
0
0.119582135167135
0.880417864832865
0
0.119637570819286
0.880362429180714
0
0.119190838482441
0.880809161517559
0
0.119205340038451
0.880794659961549
0
0.119233533673691
0.880766466326309
0
0.119275003632259
0.880724996367741
0
0.119330088046364
0.880669911953636
0
0.119398916903228
0.880601083096772
0
0.119482384612237
0.880517615387763
0
0.119582135167135
0.880417864832865
0
0.119697736028776
0.880302263971224
0
0.119810948736599
0.880189051263401
0
0.119207979427864
0.880792020572136
0
0.119222315196221
0.880777684803779
0
0.119250623246145
0.880749376753855
0
0.119292851784909
0.880707148215091
0
0.119349624812872
0.880650375187128
0
0.119422508185186
0.880577491814814
0
0.119515415735719
0.880484584264281
0
0.119637570819286
0.880362429180714
0
0.119810948736599
0.880189051263401
0
0.120096406094667
0.879903593905333
0
