0.118792735414601
0.410243584674098
0.470963679911301
0.118864328047043
0.452168566797943
0.428967105155014
0.118924817584447
0.494293614653213
0.386781567762341
0.118980212687507
0.522332536274128
0.358687251038365
0.119026985816697
0.539815628056079
0.341157386127224
0.119065288923125
0.567691192735468
0.313243518341407
0.119099364642459
0.628300772998435
0.252599862359106
0.119132829071656
0.82216000297318
0.0587071679551645
0.119161624324914
0.880838375675086
0
0.119178574114139
0.880821425885861
0
0.118864328047043
0.452168566797941
0.428967105155016
0.118901687516065
0.487988873425788
0.393109439058148
0.118949780510439
0.516589015951858
0.364461203537703
0.118997319543014
0.530931308838872
0.350071371618115
0.119039120631356
0.548985363813717
0.331975515554927
0.119075596379847
0.58197696009665
0.298947443523503
0.119110429440701
0.659501141412685
0.221388429146613
0.119146334906134
0.880853665093866
0
0.119175767896886
0.880824232103114
0
0.119192717086381
0.880807282913619
0
0.118924817584446
0.49429361465321
0.386781567762343
0.118949780510439
0.516589015951857
0.364461203537704
0.118985877291673
0.528371153488883
0.352642969219445
0.119023909602702
0.541552716639116
0.339423373758182
0.119060647089532
0.563044238066601
0.317895114843868
0.119096476068649
0.605175726182222
0.275727797749129
0.11913291103939
0.717454894176205
0.163412194784405
0.11917241939321
0.88082758060679
0
0.119203741164364
0.880796258835636
0
0.119220802417779
0.880779197582221
0
0.118980212687507
0.522332536274126
0.358687251038366
0.118997319543014
0.53093130883887
0.350071371618116
0.119023909602702
0.541552716639116
0.339423373758182
0.119055205053109
0.557790999895111
0.32315379505178
0.119089161972283
0.585951658964959
0.294959179062758
0.119126578464848
0.644507496856482
0.236365924678669
0.119169153824427
0.8405406343917
0.0402902117838732
0.119210855097394
0.880789144902606
0
0.119244937951037
0.880755062048963
0
0.119262797055415
0.880737202944585
0
0.119026985816697
0.539815628056078
0.341157386127225
0.119039120631356
0.548985363813716
0.331975515554928
0.119060647089532
0.563044238066601
0.317895114843868
0.119089161972283
0.585951658964959
0.294959179062758
0.11912435973642
0.6277779773448
0.253097662918779
0.119165943610798
0.736430874306913
0.144403182082288
0.119215737889667
0.880784262110333
0
0.119263170998637
0.880736829001363
0
0.11929979990315
0.88070020009685
0
0.119319380860595
0.880680619139405
0
0.119065288923125
0.567691192735468
0.313243518341408
0.119075596379847
0.58197696009665
0.298947443523503
0.119096476068649
0.605175726182222
0.27572779774913
0.119126578464848
0.644507496856482
0.236365924678669
0.119165943610798
0.736430874306913
0.144403182082288
0.119218226268239
0.880781773731761
0
0.119273114251289
0.880726885748711
0
0.119326564946063
0.880673435053937
0
0.119368502232682
0.880631497767318
0
0.119392158520614
0.880607841479386
0
0.119099364642459
0.628300772998435
0.252599862359106
0.119110429440701
0.659501141412685
0.221388429146614
0.11913291103939
0.717454894176204
0.163412194784406
0.119169153824427
0.840540634391699
0.0402902117838737
0.119215737889667
0.880784262110333
0
0.119273114251289
0.880726885748711
0
0.119336514709443
0.880663485290557
0
0.119398716082695
0.880601283917305
0
0.119451962306565
0.880548037693435
0
0.119485062912521
0.880514937087479
0
0.119132829071656
0.822160002973179
0.058707167955165
0.119146334906134
0.880853665093866
0
0.11917241939321
0.88082758060679
0
0.119210855097394
0.880789144902606
0
0.119263170998637
0.880736829001363
0
0.119326564946063
0.880673435053937
0
0.119398716082695
0.880601283917305
0
0.119476232964666
0.880523767035334
0
0.119551796862509
0.880448203137491
0
0.119607316845496
0.880392683154504
0
0.119161624324914
0.880838375675086
0
0.119175767896887
0.880824232103114
0
0.119203741164364
0.880796258835636
0
0.119244937951037
0.880755062048963
0
0.11929979990315
0.88070020009685
0
0.119368502232682
0.880631497767318
0
0.119451962306565
0.880548037693435
0
0.119551796862509
0.880448203137491
0
0.119667538386417
0.880332461613583
0
0.119780834901452
0.880219165098548
0
0.119178574114139
0.880821425885861
0
0.119192717086381
0.880807282913619
0
0.119220802417779
0.880779197582221
0
0.119262797055415
0.880737202944585
0
0.119319380860595
0.880680619139405
0
0.119392158520614
0.880607841479386
0
0.119485062912521
0.880514937087479
0
0.119607316845496
0.880392683154504
0
0.119780834901452
0.880219165098548
0
0.120057652691832
0.879942347308168
0
0.118795115517636
0.483388641883434
0.39781624259893
0.118866210708659
0.661128805924751
0.22000498336659
0.118925994337572
0.881074005662428
0
0.118980772165767
0.881019227834233
0
0.119027552703244
0.880972447296756
0
0.119065892245879
0.880934107754121
0
0.1190997670949
0.8809002329051
0
0.119132969667793
0.880867030332207
0
0.119161598884079
0.88083840111592
0
0.11917850615788
0.88082149384212
0
0.118866210708659
0.661128805924756
0.220004983366584
0.118903109192644
0.881096890807356
0
0.118950357739957
0.881049642260043
0
0.118997891562321
0.881002108437678
0
0.119039703718158
0.880960296281842
0
0.119076248109051
0.880923751890949
0
0.119110762371458
0.880889237628542
0
0.11914642956634
0.88085357043366
0
0.119175731538597
0.880824268461403
0
0.119192649083483
0.880807350916517
0
0.118925994337572
0.881074005662428
0
0.118950357739957
0.881049642260043
0
0.118986452447188
0.881013547552812
0
0.119024483415895
0.880975516584105
0
0.119061269785986
0.880938730214014
0
0.119096973972677
0.880903026027324
0
0.11913316785444
0.88086683214556
0
0.11917243855586
0.88082756144414
0
0.119203689583359
0.880796310416641
0
0.119220736217012
0.880779263782988
0
0.118980772165767
0.881019227834233
0
0.118997891562321
0.881002108437679
0
0.119024483415895
0.880975516584105
0
0.119055820649811
0.880944179350189
0
0.119089820607067
0.880910179392933
0
0.119126990060734
0.880873009939266
0
0.119169294451971
0.880830705548029
0
0.119210858316989
0.880789141683011
0
0.119244880117015
0.880755119882984
0
0.119262734604153
0.880737265395847
0
0.119027552703244
0.880972447296757
0
0.119039703718158
0.880960296281842
0
0.119061269785986
0.880938730214014
0
0.119089820607067
0.880910179392933
0
0.119124821114601
0.880875178885399
0
0.119166206157583
0.880833793842418
0
0.119215783210794
0.880784216789206
0
0.119263136323174
0.880736863676826
0
0.119299743397386
0.880700256602614
0
0.119319324409833
0.880680675590167
0
0.119065892245879
0.880934107754121
0
0.119076248109051
0.880923751890949
0
0.119096973972677
0.880903026027324
0
0.119126990060734
0.880873009939266
0
0.119166206157582
0.880833793842418
0
0.119218281005827
0.880781718994173
0
0.119273109966764
0.880726890033236
0
0.119326516622652
0.880673483377348
0
0.119368452313094
0.880631547686906
0
0.119392110931286
0.880607889068714
0
0.1190997670949
0.8809002329051
0
0.119110762371458
0.880889237628542
0
0.119133167854441
0.880866832145559
0
0.119169294451971
0.880830705548029
0
0.119215783210794
0.880784216789206
0
0.119273109966764
0.880726890033236
0
0.1193364710203
0.8806635289797
0
0.119398671074346
0.880601328925654
0
0.119451923270365
0.880548076729635
0
0.119485028544247
0.880514971455753
0
0.119132969667793
0.880867030332207
0
0.11914642956634
0.88085357043366
0
0.11917243855586
0.88082756144414
0
0.119210858316989
0.880789141683011
0
0.119263136323174
0.880736863676826
0
0.119326516622652
0.880673483377348
0
0.119398671074346
0.880601328925654
0
0.119476197695773
0.880523802304227
0
0.119551773539523
0.880448226460477
0
0.119607303359124
0.880392696640876
0
0.11916159888408
0.880838401115921
0
0.119175731538597
0.880824268461403
0
0.119203689583359
0.880796310416641
0
0.119244880117015
0.880755119882985
0
0.119299743397386
0.880700256602614
0
0.119368452313094
0.880631547686907
0
0.119451923270365
0.880548076729635
0
0.119551773539523
0.880448226460477
0
0.119667537128373
0.880332462871627
0
0.119780881396526
0.880219118603474
0
0.11917850615788
0.88082149384212
0
0.119192649083483
0.880807350916517
0
0.119220736217012
0.880779263782988
0
0.119262734604153
0.880737265395847
0
0.119319324409833
0.880680675590167
0
0.119392110931286
0.880607889068714
0
0.119485028544247
0.880514971455753
0
0.119607303359124
0.880392696640876
0
0.119780881396526
0.880219118603474
0
0.120060640935213
0.879939359064787
0
0.118799048664906
0.616051349258325
0.26514960207677
0.118867661271906
0.76350603659364
0.117626302134454
0.118926081094484
0.881073918905516
0
0.118980688401145
0.881019311598855
0
0.119027482245035
0.880972517754965
0
0.119065852217808
0.880934147782192
0
0.119099771267763
0.880900228732237
0
0.119132958982348
0.880867041017652
0
0.11916152606356
0.88083847393644
0
0.119178384284863
0.880821615715137
0
0.118867661271906
0.76350603659364
0.117626302134454
0.118903236559755
0.881096763440245
0
0.118950270890917
0.881049729109083
0
0.118997812378614
0.881002187621386
0
0.119039643536072
0.880960356463928
0
0.119076231719156
0.880923768280844
0
0.119110787582327
0.880889212417673
0
0.119146393795028
0.880853606204972
0
0.119175651411984
0.880824348588016
0
0.119192527500932
0.880807472499068
0
0.118926081094484
0.881073918905516
0
0.118950270890917
0.881049729109083
0
0.118986370246523
0.881013629753477
0
0.119024414542376
0.880975585457624
0
0.119061228963186
0.880938771036814
0
0.119096973717951
0.880903026282049
0
0.119133234698174
0.880866765301826
0
0.11917238939738
0.88082761060262
0
0.11920359067439
0.88079640932561
0
0.119220617590236
0.880779382409764
0
0.118980688401145
0.881019311598855
0
0.118997812378614
0.881002187621386
0
0.119024414542376
0.880975585457624
0
0.119055773959059
0.880944226040941
0
0.119089818251361
0.880910181748639
0
0.119127035863622
0.880872964136378
0
0.119169298699349
0.880830701300651
0
0.119210832887332
0.880789167112668
0
0.119244773569405
0.880755226430595
0
0.119262621728339
0.880737378271661
0
0.119027482245035
0.880972517754965
0
0.119039643536072
0.880960356463928
0
0.119061228963186
0.880938771036814
0
0.119089818251361
0.880910181748639
0
0.11912485359542
0.88087514640458
0
0.11916631943047
0.88083368056953
0
0.119215783639824
0.880784216360176
0
0.119263062588539
0.880736937411461
0
0.119299638984488
0.880700361015512
0
0.11931921997326
0.88068078002674
0
0.119065852217808
0.880934147782192
0
0.119076231719156
0.880923768280844
0
0.119096973717951
0.880903026282049
0
0.119127035863622
0.880872964136378
0
0.11916631943047
0.88083368056953
0
0.119218253701898
0.880781746298102
0
0.119273079854211
0.880726920145789
0
0.119326423551478
0.880673576448522
0
0.119368356300529
0.880631643699471
0
0.119392017776975
0.880607982223025
0
0.119099771267763
0.880900228732237
0
0.119110787582327
0.880889212417673
0
0.119133234698174
0.880866765301826
0
0.119169298699349
0.880830701300651
0
0.119215783639824
0.880784216360176
0
0.119273079854211
0.880726920145789
0
0.119336384385564
0.880663615614436
0
0.11939858111215
0.88060141888785
0
0.119451839815486
0.880548160184514
0
0.119484950198935
0.880515049801065
0
0.119132958982348
0.880867041017652
0
0.119146393795028
0.880853606204972
0
0.11917238939738
0.88082761060262
0
0.119210832887332
0.880789167112668
0
0.119263062588539
0.880736937411461
0
0.119326423551478
0.880673576448522
0
0.11939858111215
0.88060141888785
0
0.119476118290039
0.880523881709961
0
0.119551706055618
0.880448293944382
0
0.119607245316247
0.880392754683753
0
0.11916152606356
0.88083847393644
0
0.119175651411984
0.880824348588016
0
0.11920359067439
0.88079640932561
0
0.119244773569405
0.880755226430595
0
0.119299638984488
0.880700361015512
0
0.119368356300529
0.880631643699471
0
0.119451839815486
0.880548160184514
0
0.119551706055618
0.880448293944382
0
0.119667489326414
0.880332510673586
0
0.119780897123131
0.880219102876869
0
0.119178384284863
0.880821615715137
0
0.119192527500932
0.880807472499068
0
0.119220617590235
0.880779382409764
0
0.119262621728339
0.880737378271661
0
0.11931921997326
0.88068078002674
0
0.119392017776975
0.880607982223025
0
0.119484950198935
0.880515049801065
0
0.119607245316247
0.880392754683753
0
0.119780897123131
0.880219102876869
0
0.120066842936408
0.879933157063592
0
