0.118772735922872
0.408047784041592
0.473179480035536
0.118842718545023
0.448762831943589
0.432394449511389
0.118901255310632
0.494897915535289
0.386200829154079
0.118956409378804
0.522721018798616
0.358322571822579
0.119002928919606
0.538928031465493
0.342069039614901
0.119040664368075
0.564403290925403
0.316556044706522
0.119073479262349
0.619160649333241
0.26176587140441
0.119104729074227
0.792137058901309
0.0887582120244641
0.119132908700321
0.880867091299679
0
0.119149494307072
0.880850505692928
0
0.118842718545023
0.448762831943586
0.432394449511391
0.118878662546698
0.488303225142342
0.39281811231096
0.118926221243599
0.517292706934377
0.363781071822024
0.118973563083833
0.530733918428683
0.350292518487485
0.119015020931749
0.547184606321075
0.333800372747176
0.119050828836822
0.576900312262479
0.304048858900699
0.119084220523068
0.645425279940609
0.235490499536323
0.119118260236033
0.880406236675718
0.000475503088248875
0.119146427309048
0.880853572690952
0
0.119163409557724
0.880836590442276
0
0.118901255310632
0.494897915535287
0.386200829154082
0.118926221243599
0.517292706934376
0.363781071822025
0.118962230887742
0.528378939597152
0.352658829515106
0.119000042023377
0.540404506860542
0.340595451116082
0.119036315322285
0.559709261836094
0.321254422841622
0.119071003299245
0.596967879068947
0.283961117631808
0.119105531094157
0.691347481838724
0.189546987067119
0.119143338644726
0.880856661355274
0
0.11917418541154
0.88082581458846
0
0.119191378325
0.880808621675
0
0.118956409378804
0.522721018798615
0.358322571822581
0.118973563083833
0.530733918428682
0.350292518487485
0.119000042023377
0.540404506860543
0.340595451116081
0.11903105536436
0.554893533247615
0.326075411388025
0.119064302608632
0.579536157232031
0.301399540159337
0.119100306874877
0.62966563444934
0.251234058675783
0.119139820601764
0.789202162706637
0.0916580166915985
0.119181417629909
0.880818582370091
0
0.119215400125543
0.880784599874457
0
0.119233426473449
0.880766573526551
0
0.119002928919606
0.538928031465492
0.342069039614902
0.119015020931749
0.547184606321075
0.333800372747176
0.119036315322285
0.559709261836093
0.321254422841622
0.119064302608632
0.579536157232031
0.301399540159337
0.119098812160726
0.615421761443176
0.265479426396098
0.119138413988127
0.699447288773307
0.181414297238566
0.119186447699426
0.880813552300574
0
0.119233095728629
0.880766904271371
0
0.119270330750685
0.880729669249315
0
0.119290230708662
0.880709769291338
0
0.119040664368075
0.564403290925402
0.316556044706523
0.119050828836822
0.576900312262479
0.3040488589007
0.119071003299245
0.596967879068946
0.283961117631809
0.119100306874877
0.62966563444934
0.251234058675783
0.119138413988127
0.699447288773307
0.181414297238566
0.119188768529876
0.880811231470124
0
0.119241870578072
0.880758129421928
0
0.119296603917732
0.880703396082268
0
0.11933942751359
0.88066057248641
0
0.119363499863086
0.880636500136914
0
0.119073479262349
0.61916064933324
0.261765871404411
0.119084220523068
0.645425279940609
0.235490499536323
0.119105531094157
0.691347481838724
0.18954698706712
0.119139820601764
0.789202162706638
0.0916580166915981
0.119186447699426
0.880813552300574
0
0.119241870578072
0.880758129421928
0
0.119306187598151
0.88069381240185
0
0.119369551115737
0.880630448884263
0
0.119423657365727
0.880576342634273
0
0.119457206553169
0.880542793446831
0
0.119104729074227
0.792137058901309
0.0887582120244641
0.119118260236033
0.880406236675719
0.000475503088248326
0.119143338644726
0.880856661355274
0
0.119181417629909
0.880818582370091
0
0.119233095728629
0.880766904271371
0
0.119296603917732
0.880703396082268
0
0.119369551115737
0.880630448884263
0
0.119448052625596
0.880551947374404
0
0.119524481423024
0.880475518576976
0
0.119580522159851
0.880419477840149
0
0.119132908700321
0.880867091299679
0
0.119146427309048
0.880853572690952
0
0.119174185411539
0.880825814588461
0
0.119215400125543
0.880784599874457
0
0.119270330750685
0.880729669249315
0
0.11933942751359
0.88066057248641
0
0.119423657365727
0.880576342634273
0
0.119524481423024
0.880475518576976
0
0.119641233534847
0.880358766465153
0
0.119755250854789
0.880244749145211
0
0.119149494307072
0.880850505692928
0
0.119163409557724
0.880836590442276
0
0.119191378325
0.880808621675
0
0.119233426473449
0.880766573526551
0
0.119290230708662
0.880709769291338
0
0.119363499863086
0.880636500136914
0
0.119457206553169
0.880542793446831
0
0.119580522159851
0.880419477840149
0
0.119755250854789
0.880244749145211
0
0.120033006656553
0.879966993343447
0
0.118775103679736
0.480925668386043
0.400299227934221
0.118844612937585
0.650019014120329
0.231136372942086
0.1189022868756
0.8810977131244
0
0.118956917642984
0.881043082357016
0
0.119003462459143
0.880996537540857
0
0.119041224930351
0.880958775069649
0
0.119073877437618
0.880926122562382
0
0.119104885234669
0.880895114765331
0
0.119132882513367
0.880867117486633
0
0.119149423992556
0.880850576007444
0
0.118844612937585
0.650019014120334
0.23113637294208
0.118879930911863
0.881120069088137
0
0.118926730483354
0.881073269516646
0
0.118974100582281
0.881025899417719
0
0.119015566910729
0.880984433089271
0
0.119051438685178
0.880948561314822
0
0.119084566769528
0.880915433230472
0
0.119118382740321
0.880881617259679
0
0.119146399910442
0.880853600089558
0
0.119163339071918
0.880836660928082
0
0.1189022868756
0.8810977131244
0
0.118926730483354
0.881073269516646
0
0.118962771667435
0.881037228332565
0
0.119000581011694
0.880999418988306
0
0.119036893951788
0.880963106048212
0
0.119071516451522
0.880928483548478
0
0.119105827052777
0.880894172947224
0
0.119143384429113
0.880856615570887
0
0.11917413726316
0.88082586273684
0
0.119191309472433
0.880808690527567
0
0.118956917642984
0.881043082357016
0
0.118974100582281
0.881025899417719
0
0.119000581011694
0.880999418988306
0
0.11903162924298
0.88096837075702
0
0.119064972713782
0.880935027286218
0
0.119100738939198
0.880899261060802
0
0.119139998631896
0.880860001368104
0
0.119181424270853
0.880818575729147
0
0.119215341917947
0.880784658082053
0
0.119233361277072
0.880766638722928
0
0.119003462459143
0.880996537540857
0
0.119015566910729
0.880984433089271
0
0.119036893951788
0.880963106048212
0
0.119064972713782
0.880935027286218
0
0.119099263802575
0.880900736197425
0
0.119138733195373
0.880861266804627
0
0.119186515077916
0.880813484922084
0
0.119233073303379
0.880766926696621
0
0.119270272470171
0.880729727529829
0
0.119290171516344
0.880709828483656
0
0.119041224930351
0.880958775069649
0
0.119051438685178
0.880948561314822
0
0.119071516451522
0.880928483548478
0
0.119100738939198
0.880899261060802
0
0.119138733195373
0.880861266804627
0
0.119188876568261
0.880811123431739
0
0.119241903181283
0.880758096818717
0
0.119296556793932
0.880703443206068
0
0.119339375214053
0.880660624785947
0
0.119363449587796
0.880636550412204
0
0.119073877437618
0.880926122562382
0
0.119084566769528
0.880915433230472
0
0.119105827052777
0.880894172947224
0
0.119139998631896
0.880860001368104
0
0.119186515077916
0.880813484922084
0
0.119241903181283
0.880758096818717
0
0.119306147280599
0.880693852719401
0
0.119369504291169
0.880630495708831
0
0.119423615790875
0.880576384209126
0
0.119457169565309
0.880542830434691
0
0.119104885234669
0.880895114765331
0
0.119118382740321
0.880881617259679
0
0.119143384429113
0.880856615570887
0
0.119181424270853
0.880818575729147
0
0.119233073303379
0.880766926696621
0
0.119296556793932
0.880703443206068
0
0.119369504291169
0.880630495708831
0
0.119448014909653
0.880551985090347
0
0.119524455547271
0.880475544452729
0
0.119580506107709
0.880419493892291
0
0.119132882513367
0.880867117486633
0
0.119146399910442
0.880853600089558
0
0.11917413726316
0.88082586273684
0
0.119215341917947
0.880784658082053
0
0.119270272470171
0.880729727529829
0
0.119339375214053
0.880660624785947
0
0.119423615790875
0.880576384209126
0
0.119524455547271
0.880475544452729
0
0.119641229762181
0.880358770237819
0
0.119755294962219
0.880244705037781
0
0.119149423992556
0.880850576007444
0
0.119163339071918
0.880836660928082
0
0.119191309472433
0.880808690527567
0
0.119233361277072
0.880766638722928
0
0.119290171516344
0.880709828483656
0
0.119363449587796
0.880636550412204
0
0.119457169565309
0.880542830434691
0
0.119580506107709
0.880419493892291
0
0.119755294962219
0.880244705037781
0
0.120036001811349
0.879963998188651
0
0.118779015045761
0.612748621492959
0.26847236346128
0.118846141014447
0.759034525902061
0.122119333083492
0.118902382961796
0.881097617038204
0
0.118956827544165
0.881043172455835
0
0.119003385707103
0.880996614292897
0
0.119041174459676
0.880958825540324
0
0.119073866404267
0.880926133595733
0
0.119104885761148
0.880895114238852
0
0.119132801444712
0.880867198555288
0
0.119149298343256
0.880850701656744
0
0.118846141014447
0.75903452590206
0.122119333083492
0.118880072243445
0.881119927756555
0
0.118926636408925
0.881073363591075
0
0.11897401568972
0.88102598431028
0
0.119015499055776
0.880984500944225
0
0.119051407973927
0.880948592026073
0
0.119084576761073
0.880915423238927
0
0.119118338317475
0.880881661682525
0
0.119146331139987
0.880853668860013
0
0.119163213592157
0.880836786407843
0
0.118902382961796
0.881097617038204
0
0.118926636408925
0.881073363591075
0
0.11896268401809
0.88103731598191
0
0.119000505431466
0.880999494568534
0
0.119036842591986
0.880963157408014
0
0.119071504593524
0.880928495406476
0
0.119105885724027
0.880894114275974
0
0.119143348584249
0.880856651415751
0
0.119174042311688
0.880825957688312
0
0.119191186693443
0.880808813306557
0
0.118956827544165
0.881043172455835
0
0.11897401568972
0.88102598431028
0
0.119000505431466
0.880999494568534
0
0.119031572980113
0.880968427019887
0
0.119064958272456
0.880935041727544
0
0.119100763308339
0.880899236691661
0
0.11914004653223
0.88085995346777
0
0.1191813930646
0.880818606935399
0
0.119215234183674
0.880784765816326
0
0.119233244089946
0.880766755910054
0
0.119003385707103
0.880996614292897
0
0.119015499055776
0.880984500944225
0
0.119036842591986
0.880963157408014
0
0.119064958272456
0.880935041727544
0
0.119099270748004
0.880900729251996
0
0.119138837575902
0.880861162424098
0
0.119186503728587
0.880813496271413
0
0.119233016061508
0.880766983938492
0
0.119270164997905
0.880729835002095
0
0.119290062730366
0.880709937269634
0
0.119041174459676
0.880958825540324
0
0.119051407973927
0.880948592026073
0
0.119071504593524
0.880928495406476
0
0.119100763308339
0.880899236691661
0
0.119138837575902
0.880861162424098
0
0.119188849961984
0.880811150038016
0
0.119241926523461
0.880758073476539
0
0.119296464677882
0.880703535322118
0
0.119339275250352
0.880660724749648
0
0.119363352123482
0.880636647876518
0
0.119073866404267
0.880926133595733
0
0.119084576761073
0.880915423238927
0
0.119105885724027
0.880894114275974
0
0.119140046532231
0.88085995346777
0
0.119186503728587
0.880813496271413
0
0.119241926523461
0.880758073476539
0
0.119306064595931
0.880693935404069
0
0.119369411063647
0.880630588936353
0
0.119423528179856
0.880576471820144
0
0.11945708700765
0.88054291299235
0
0.119104885761148
0.880895114238852
0
0.119118338317475
0.880881661682525
0
0.119143348584249
0.880856651415751
0
0.119181393064601
0.880818606935399
0
0.119233016061508
0.880766983938492
0
0.119296464677882
0.880703535322118
0
0.119369411063647
0.880630588936353
0
0.119447931455597
0.880552068544403
0
0.119524383945982
0.880475616054018
0
0.119580443985309
0.880419556014691
0
0.119132801444712
0.880867198555288
0
0.119146331139987
0.880853668860013
0
0.119174042311688
0.880825957688312
0
0.119215234183674
0.880784765816326
0
0.119270164997905
0.880729835002096
0
0.119339275250352
0.880660724749648
0
0.119423528179856
0.880576471820144
0
0.119524383945982
0.880475616054018
0
0.119641177939975
0.880358822060025
0
0.119755306897173
0.880244693102827
0
0.119149298343256
0.880850701656744
0
0.119163213592157
0.880836786407843
0
0.119191186693443
0.880808813306557
0
0.119233244089946
0.880766755910054
0
0.119290062730366
0.880709937269634
0
0.119363352123482
0.880636647876518
0
0.119457087007649
0.880542912992351
0
0.119580443985309
0.880419556014691
0
0.119755306897173
0.880244693102827
0
0.120042221571499
0.879957778428501
0
