0.118753096204813
0.407428066429779
0.473818837365409
0.118823336325556
0.446730537866338
0.434446125808107
0.118881393469803
0.487123982799878
0.393994623730318
0.118934696589389
0.517182136691126
0.363883166719485
0.118979970287719
0.534191112220595
0.346828917491686
0.119016699064068
0.559280730210793
0.321702570725139
0.119048213517012
0.610941777212724
0.270010009270264
0.119077893030528
0.769923828706126
0.110998278263346
0.119105978636705
0.880894021363295
0
0.119121905357175
0.880878094642825
0
0.118823336325556
0.446730537866335
0.434446125808109
0.118859193382241
0.480667392962926
0.400473413654833
0.118905377165883
0.511235739711071
0.369858883123046
0.118951394207172
0.525774521062385
0.355274084730443
0.118991827809988
0.542459437657768
0.338548734532245
0.119026655237869
0.570995011752576
0.309978333009554
0.119058618212303
0.634502188409696
0.246439193378001
0.119091233047321
0.853823404343293
0.0270853626093861
0.119118918180911
0.880881081819089
0
0.119135398796293
0.880864601203707
0
0.118881393469803
0.487123982799876
0.393994623730321
0.118905377165883
0.511235739711069
0.369858883123048
0.118940380680979
0.523299397677176
0.357760221641845
0.118977281384047
0.535730164009147
0.345292554606807
0.119012646163886
0.554619788275206
0.326367565560908
0.119046051717983
0.589328968975361
0.291624979306656
0.119079318377886
0.67428054124761
0.206640140374504
0.119115910354478
0.880884089645522
0
0.119145723336522
0.880854276663478
0
0.119162632751054
0.880837367248946
0
0.118934696589389
0.517182136691124
0.363883166719487
0.118951394207172
0.525774521062384
0.355274084730445
0.118977281384047
0.535730164009147
0.345292554606807
0.119007621688569
0.549977184604963
0.331015193706468
0.119039999000259
0.573098407824747
0.307861593174994
0.119074502313018
0.618868003185156
0.262057494501826
0.11911174350866
0.755373684299526
0.125514572191815
0.119153068537852
0.880846931462148
0
0.119186018057587
0.880813981942413
0
0.11920381141849
0.88079618858151
0
0.118979970287719
0.534191112220594
0.346828917491686
0.118991827809988
0.542459437657767
0.338548734532246
0.119012646163886
0.554619788275206
0.326367565560908
0.119039999000259
0.573098407824747
0.307861593174994
0.119073036896933
0.605650399872202
0.275276563230865
0.119111054826483
0.677102916037632
0.203786029135885
0.11915793786744
0.88084206213256
0
0.119202928828634
0.880797071171366
0
0.11923984498993
0.88076015501007
0
0.119259636612196
0.880740363387804
0
0.119016699064068
0.559280730210793
0.321702570725139
0.119026655237869
0.570995011752576
0.309978333009554
0.119046051717983
0.589328968975361
0.291624979306656
0.119074502313018
0.618868003185156
0.262057494501826
0.119111054826483
0.677102916037633
0.203786029135884
0.119159137419265
0.850275346711993
0.0305655158687416
0.119211209614707
0.880788790385293
0
0.119265285560378
0.880734714439622
0
0.119307951143595
0.880692048856406
0
0.119331941374215
0.880668058625785
0
0.119048213517012
0.610941777212724
0.270010009270265
0.119058618212303
0.634502188409695
0.246439193378002
0.119079318377886
0.674280541247609
0.206640140374505
0.11911174350866
0.755373684299525
0.125514572191815
0.11915793786744
0.88084206213256
0
0.119211209614707
0.880788790385293
0
0.119274498516619
0.880725501483381
0
0.119337466344644
0.880662533655356
0
0.119391332480316
0.880608667519684
0
0.119424750096173
0.880575249903827
0
0.119077893030528
0.769923828706125
0.110998278263347
0.119091233047321
0.853823404343291
0.0270853626093875
0.119115910354478
0.880884089645522
0
0.119153068537852
0.880846931462148
0
0.119202928828634
0.880797071171366
0
0.119265285560378
0.880734714439622
0
0.119337466344644
0.880662533655356
0
0.119415413013993
0.880584586986007
0
0.119491430038598
0.880508569961402
0
0.119547249900885
0.880452750099115
0
0.119105978636705
0.880894021363295
0
0.119118918180911
0.880881081819089
0
0.119145723336522
0.880854276663478
0
0.119186018057587
0.880813981942413
0
0.11923984498993
0.88076015501007
0
0.119307951143594
0.880692048856406
0
0.119391332480316
0.880608667519684
0
0.119491430038598
0.880508569961402
0
0.1196076000816
0.8803923999184
0
0.119721325272126
0.880278674727874
0
0.119121905357175
0.880878094642825
0
0.119135398796293
0.880864601203707
0
0.119162632751054
0.880837367248946
0
0.11920381141849
0.88079618858151
0
0.119259636612196
0.880740363387804
0
0.119331941374215
0.880668058625785
0
0.119424750096173
0.880575249903827
0
0.119547249900885
0.880452750099115
0
0.119721325272126
0.880278674727874
0
0.119999098974561
0.880000901025439
0
0.118755458368465
0.480128503966931
0.401116037664604
0.1188252400807
0.637910890691633
0.243263869227667
0.118882582806224
0.881117417193776
0
0.118935221328396
0.881064778671604
0
0.118980524508616
0.881019475491384
0
0.119017264049524
0.880982735950476
0
0.119048638373853
0.880951361626147
0
0.119078067753906
0.880921932246094
0
0.119105946698791
0.880894053301209
0
0.119121832939511
0.880878167060489
0
0.1188252400807
0.637910890691639
0.243263869227661
0.118860652139248
0.881139347860752
0
0.118905907855162
0.881094092144838
0
0.118951958765937
0.881048041234063
0
0.118992390168478
0.881007609831522
0
0.119027257591972
0.880972742408028
0
0.119059003679197
0.880940996320803
0
0.119091360865455
0.880908639134545
0
0.119118886635709
0.880881113364291
0
0.119135325835728
0.880864674164272
0
0.118882582806224
0.881117417193776
0
0.118905907855162
0.881094092144838
0
0.118940949631162
0.881059050368838
0
0.118977843534937
0.881022156465063
0
0.119013230678574
0.880986769321426
0
0.119046628977441
0.880953371022559
0
0.119079647321399
0.880920352678601
0
0.1191159705986
0.8808840294014
0
0.119145677187684
0.880854322812316
0
0.119162561265025
0.880837438734975
0
0.118935221328396
0.881064778671604
0
0.118951958765937
0.881048041234063
0
0.118977843534937
0.881022156465063
0
0.119008202541526
0.880991797458474
0
0.119040648279919
0.880959351720081
0
0.119074956667494
0.880925043332506
0
0.119111964498173
0.880888035501827
0
0.119153070536743
0.880846929463257
0
0.119185960239707
0.880814039760293
0
0.119203743391558
0.880796256608442
0
0.118980524508616
0.881019475491385
0
0.118992390168478
0.881007609831521
0
0.119013230678574
0.880986769321426
0
0.119040648279919
0.880959351720081
0
0.119073542099752
0.880926457900248
0
0.119111440729243
0.880888559270757
0
0.119158025022553
0.880841974977447
0
0.119202916257415
0.880797083742585
0
0.119239785237723
0.880760214762277
0
0.119259574465711
0.880740425534289
0
0.119017264049524
0.880982735950476
0
0.119027257591972
0.880972742408028
0
0.119046628977441
0.880953371022559
0
0.119074956667494
0.880925043332506
0
0.119111440729243
0.880888559270757
0
0.119159273597163
0.880840726402837
0
0.119211250998953
0.880788749001047
0
0.119265240471464
0.880734759528535
0
0.119307896280704
0.880692103719296
0
0.119331888034224
0.880668111965776
0
0.119048638373853
0.880951361626147
0
0.119059003679197
0.880940996320803
0
0.119079647321399
0.880920352678601
0
0.119111964498173
0.880888035501827
0
0.119158025022553
0.880841974977447
0
0.119211250998953
0.880788749001047
0
0.119274462495572
0.880725537504428
0
0.119337417709834
0.880662582290166
0
0.11939128791968
0.88060871208032
0
0.11942470997704
0.88057529002296
0
0.119078067753906
0.880921932246094
0
0.119091360865455
0.880908639134545
0
0.1191159705986
0.8808840294014
0
0.119153070536743
0.880846929463257
0
0.119202916257415
0.880797083742585
0
0.119265240471464
0.880734759528535
0
0.119337417709834
0.880662582290166
0
0.119415372412248
0.880584627587752
0
0.119491401030921
0.880508598969079
0
0.119547230674696
0.880452769325304
0
0.119105946698791
0.880894053301209
0
0.119118886635709
0.880881113364291
0
0.119145677187684
0.880854322812316
0
0.119185960239707
0.880814039760293
0
0.119239785237723
0.880760214762277
0
0.119307896280704
0.880692103719296
0
0.11939128791968
0.88060871208032
0
0.119491401030921
0.880508598969079
0
0.119607593109322
0.880392406890678
0
0.119721366163848
0.880278633836152
0
0.119121832939511
0.880878167060489
0
0.119135325835728
0.880864674164272
0
0.119162561265025
0.880837438734975
0
0.119203743391558
0.880796256608442
0
0.119259574465711
0.880740425534289
0
0.119331888034224
0.880668111965776
0
0.11942470997704
0.88057529002296
0
0.119547230674696
0.880452769325304
0
0.119721366163848
0.880278633836152
0
0.1200020942067
0.8799979057933
0
0.118759362345458
0.610227460902961
0.271013176751581
0.118826936382352
0.752851278533219
0.128321785084429
0.118882698878291
0.881117301121709
0
0.11893512657073
0.88106487342927
0
0.118980442394979
0.881019557605021
0
0.11901720503482
0.880982794965181
0
0.119048617338361
0.880951382661639
0
0.119078075524402
0.880921924475598
0
0.119105849625219
0.880894150374781
0
0.119121704120862
0.880878295879138
0
0.118826936382352
0.752851278533219
0.128321785084429
0.1188608199779
0.8811391800221
0
0.1189058102419
0.8810941897581
0
0.118951869069046
0.881048130930954
0
0.11899231619197
0.88100768380803
0
0.119027214778519
0.880972785221481
0
0.119059005746367
0.880940994253633
0
0.119091318987956
0.880908681012044
0
0.119118808686514
0.880881191313486
0
0.119135196709515
0.880864803290485
0
0.118882698878291
0.881117301121709
0
0.1189058102419
0.8810941897581
0
0.118940857156494
0.881059142843506
0
0.118977762906505
0.881022237093495
0
0.119013170892071
0.880986829107929
0
0.119046610251521
0.880953389748479
0
0.119079690239282
0.880920309760718
0
0.119115925952021
0.880884074047979
0
0.119145584164604
0.880854415835396
0
0.119162434584326
0.880837565415674
0
0.11893512657073
0.88106487342927
0
0.118951869069046
0.881048130930954
0
0.118977762906505
0.881022237093495
0
0.11900813830577
0.88099186169423
0
0.119040617486711
0.880959382513289
0
0.119074963561815
0.880925036438185
0
0.119112038384091
0.880887961615909
0
0.11915301931559
0.88084698068441
0
0.119185852667751
0.880814147332249
0
0.1192036219367
0.880796378063301
0
0.118980442394979
0.881019557605021
0
0.11899231619197
0.88100768380803
0
0.119013170892071
0.880986829107929
0
0.119040617486711
0.880959382513289
0
0.119073541681731
0.880926458318269
0
0.119111536653097
0.880888463346903
0
0.119157988383085
0.880842011616916
0
0.119202872001175
0.880797127998825
0
0.119239675382194
0.880760324617806
0
0.119259461135046
0.880740538864954
0
0.11901720503482
0.880982794965181
0
0.119027214778519
0.880972785221481
0
0.119046610251521
0.880953389748479
0
0.119074963561815
0.880925036438185
0
0.119111536653097
0.880888463346903
0
0.119159266711469
0.880840733288531
0
0.119211282916842
0.880788717083158
0
0.119265150966748
0.880734849033252
0
0.119307792310676
0.880692207689324
0
0.119331785825044
0.880668214174956
0
0.119048617338361
0.880951382661639
0
0.119059005746367
0.880940994253633
0
0.119079690239282
0.880920309760718
0
0.119112038384091
0.880887961615909
0
0.119157988383085
0.880842011616916
0
0.119211282916842
0.880788717083158
0
0.119274385671136
0.880725614328864
0
0.119337321548687
0.880662678451313
0
0.119391195647139
0.880608804352861
0
0.119424622524583
0.880575377475417
0
0.119078075524402
0.880921924475598
0
0.119091318987956
0.880908681012044
0
0.119115925952021
0.880884074047979
0
0.11915301931559
0.88084698068441
0
0.119202872001175
0.880797127998825
0
0.119265150966748
0.880734849033252
0
0.119337321548687
0.880662678451313
0
0.119415284420103
0.880584715579897
0
0.119491324508163
0.880508675491837
0
0.119547163541352
0.880452836458648
0
0.119105849625219
0.880894150374781
0
0.119118808686514
0.880881191313486
0
0.119145584164604
0.880854415835396
0
0.119185852667751
0.880814147332249
0
0.119239675382194
0.880760324617806
0
0.119307792310676
0.880692207689324
0
0.119391195647138
0.880608804352861
0
0.119491324508163
0.880508675491837
0
0.119607536250046
0.880392463749954
0
0.119721373081877
0.880278626918123
0
0.119121704120862
0.880878295879138
0
0.119135196709515
0.880864803290485
0
0.119162434584326
0.880837565415674
0
0.119203621936699
0.8807963780633
0
0.119259461135046
0.880740538864954
0
0.119331785825044
0.880668214174956
0
0.119424622524583
0.880575377475417
0
0.119547163541352
0.880452836458648
0
0.119721373081877
0.880278626918123
0
0.120008318641254
0.879991681358746
0
