0.118733044265625
0.406183220934581
0.475083734799795
0.118802665425996
0.444243966131234
0.43695336844277
0.118859554896061
0.484236407416819
0.39690403768712
0.118911992521237
0.514985320847766
0.366102686630997
0.118956618683237
0.531649784610539
0.349393596706224
0.118992639861929
0.555612928835246
0.325394431302825
0.119023061989632
0.603695649598347
0.277281288412022
0.11905121935648
0.747650631428128
0.133298149215392
0.119078488678755
0.880921511321245
0
0.119093971116817
0.880906028883183
0
0.118802665425996
0.444243966131231
0.436953368442772
0.118837947304506
0.477831066107046
0.403330986588448
0.118883085404972
0.508935580998058
0.372181333596971
0.118928504696258
0.523430099802998
0.357641395500744
0.118968351223121
0.539533646585105
0.341498002191775
0.119002467630407
0.566372328481012
0.314625203888581
0.119033229068476
0.624430448115588
0.256536322815936
0.119063733729851
0.823935296790922
0.0570009694792269
0.119090880125518
0.880909119874482
0
0.119107116492568
0.880892883507432
0
0.118859554896061
0.484236407416817
0.396904037687123
0.118883085404972
0.508935580998056
0.372181333596972
0.118917661072121
0.520987727600973
0.360094611326906
0.118954092061777
0.533077146467609
0.347968761470614
0.118988881637896
0.550955272005389
0.330055846356715
0.11902133383352
0.582735593964328
0.298243072202153
0.119053556187379
0.658345816897935
0.222600626914687
0.119087785919737
0.880912214080263
0
0.119116895804545
0.880883104195455
0
0.119133801622444
0.880866198377556
0
0.118911992521237
0.514985320847765
0.366102686630998
0.118928504696258
0.523430099802997
0.357641395500745
0.118954092061777
0.533077146467609
0.347968761470614
0.118984029356723
0.546578398409987
0.33443757223329
0.119015786006166
0.567903332918592
0.313080881075242
0.119049126510948
0.608927519120944
0.272023354368108
0.119084501906412
0.723344752586987
0.157570745506601
0.119124047845235
0.880875952154766
0
0.119156553467146
0.880843446532855
0
0.119174442284548
0.880825557715452
0
0.118956618683237
0.531649784610538
0.349393596706225
0.118968351223121
0.539533646585104
0.341498002191775
0.118988881637896
0.550955272005389
0.330055846356716
0.119015786006166
0.567903332918592
0.313080881075242
0.119047709726988
0.596765245577603
0.284187044695409
0.119084427319373
0.657047643859194
0.223867928821433
0.11912865690879
0.869448519719865
0.0114228233713446
0.119172549258646
0.880827450741354
0
0.119209805405158
0.880790194594842
0
0.119229819083061
0.880770180916939
0
0.118992639861929
0.555612928835246
0.325394431302825
0.119002467630407
0.566372328481011
0.314625203888582
0.11902133383352
0.582735593964327
0.298243072202153
0.119049126510948
0.608927519120944
0.272023354368109
0.119084427319373
0.657047643859194
0.223867928821433
0.119128542855863
0.79587358591151
0.0849978712326267
0.119180826908364
0.880819173091635
0
0.119234615443106
0.880765384556894
0
0.119277673307043
0.880722326692957
0
0.11930188412195
0.88069811587805
0
0.119023061989632
0.603695649598346
0.277281288412022
0.119033229068476
0.624430448115588
0.256536322815936
0.119053556187379
0.658345816897934
0.222600626914687
0.119084501906411
0.723344752586987
0.157570745506602
0.11912865690879
0.869448519719865
0.0114228233713449
0.119180826908364
0.880819173091635
0
0.119243582379103
0.880756417620897
0
0.119306850504661
0.880693149495339
0
0.119361054863721
0.880638945136279
0
0.119394660323166
0.880605339676834
0
0.11905121935648
0.747650631428127
0.133298149215393
0.119063733729851
0.82393529679092
0.0570009694792283
0.119087785919737
0.880912214080263
0
0.119124047845234
0.880875952154766
0
0.119172549258646
0.880827450741354
0
0.119234615443106
0.880765384556894
0
0.119306850504661
0.880693149495339
0
0.119385038706202
0.880614961293798
0
0.11946131279822
0.88053868720178
0
0.11951730259876
0.880482697401241
0
0.119078488678755
0.880921511321245
0
0.119090880125518
0.880909119874482
0
0.119116895804545
0.880883104195455
0
0.119156553467145
0.880843446532855
0
0.119209805405158
0.880790194594842
0
0.119277673307043
0.880722326692957
0
0.119361054863721
0.880638945136279
0
0.11946131279822
0.88053868720178
0
0.119577721102836
0.880422278897164
0
0.119691675696998
0.880308324303002
0
0.119093971116817
0.880906028883183
0
0.119107116492568
0.880892883507432
0
0.119133801622444
0.880866198377556
0
0.119174442284548
0.880825557715452
0
0.119229819083061
0.880770180916939
0
0.11930188412195
0.88069811587805
0
0.119394660323166
0.880605339676834
0
0.11951730259876
0.880482697401241
0
0.119691675696998
0.880308324303002
0
0.119969943372894
0.880030056627106
0
0.118735397404756
0.478574705647938
0.402689896947306
0.118804575029278
0.627387463810778
0.253807961159944
0.118860730172033
0.881139269827967
0
0.118912488896965
0.881087511103035
0
0.118957165766171
0.881042834233829
0
0.118993192277542
0.881006807722458
0
0.119023503726155
0.880976496273845
0
0.119051407760355
0.880948592239645
0
0.119078459715731
0.880921540284269
0
0.119093897136433
0.880906102863567
0
0.118804575029278
0.627387463810784
0.253807961159938
0.118839267293566
0.881160732706434
0
0.118883598471939
0.881116401528061
0
0.11892906286984
0.88107093713016
0
0.118968906569599
0.881031093430401
0
0.11900304974286
0.88099695025714
0
0.119033630079954
0.880966369920046
0
0.119063873215951
0.880936126784049
0
0.11909084967945
0.88090915032055
0
0.119107041536066
0.880892958463934
0
0.118860730172033
0.881139269827967
0
0.118883598471939
0.881116401528061
0
0.118918224374336
0.881081775625664
0
0.118954650327299
0.881045349672701
0
0.118989453804251
0.881010546195749
0
0.119021963010659
0.880978036989341
0
0.119053892086258
0.880946107913742
0
0.119087878019917
0.880912121980083
0
0.119116854065982
0.880883145934018
0
0.119133727911496
0.880866272088504
0
0.118912488896965
0.881087511103035
0
0.11892906286984
0.88107093713016
0
0.118954650327299
0.881045349672701
0
0.118984597395095
0.881015402604905
0
0.119016404189877
0.880983595810123
0
0.119049595501302
0.880950404498698
0
0.119084755009139
0.880915244990861
0
0.119124065536475
0.880875934463525
0
0.119156497710905
0.880843502289095
0
0.119174371795876
0.880825628204124
0
0.118957165766171
0.881042834233829
0
0.118968906569599
0.881031093430401
0
0.118989453804251
0.881010546195749
0
0.119016404189877
0.880983595810123
0
0.11904825572606
0.88095174427394
0
0.119084820063082
0.880915179936918
0
0.119128790863081
0.880871209136919
0
0.11917255225935
0.88082744774065
0
0.119209744966332
0.880790255033668
0
0.119229754298482
0.880770245701518
0
0.118993192277542
0.881006807722458
0
0.11900304974286
0.88099695025714
0
0.119021963010659
0.880978036989341
0
0.119049595501302
0.880950404498698
0
0.119084820063082
0.880915179936918
0
0.119128732200367
0.880871267799633
0
0.119180875172768
0.880819124827232
0
0.119234574859928
0.880765425140072
0
0.119277616387131
0.880722383612869
0
0.119301828042213
0.880698171957787
0
0.119023503726155
0.880976496273845
0
0.119033630079954
0.880966369920046
0
0.119053892086258
0.880946107913742
0
0.119084755009138
0.880915244990861
0
0.119128790863081
0.880871209136919
0
0.119180875172768
0.880819124827232
0
0.119243554696009
0.880756445303991
0
0.11930680092463
0.88069319907537
0
0.119361007713933
0.880638992286067
0
0.119394617419035
0.880605382580965
0
0.119051407760355
0.880948592239645
0
0.119063873215951
0.880936126784049
0
0.119087878019917
0.880912121980083
0
0.119124065536475
0.880875934463525
0
0.11917255225935
0.88082744774065
0
0.119234574859928
0.880765425140072
0
0.11930680092463
0.88069319907537
0
0.11938499566548
0.88061500433452
0
0.119461281042019
0.880538718957981
0
0.119517280576398
0.880482719423602
0
0.119078459715731
0.880921540284269
0
0.11909084967945
0.88090915032055
0
0.119116854065982
0.880883145934018
0
0.119156497710905
0.880843502289096
0
0.119209744966332
0.880790255033668
0
0.119277616387131
0.880722383612869
0
0.119361007713933
0.880638992286067
0
0.119461281042019
0.880538718957981
0
0.119577711344724
0.880422288655276
0
0.11969171385263
0.88030828614737
0
0.119093897136433
0.880906102863567
0
0.119107041536066
0.880892958463934
0
0.119133727911496
0.880866272088504
0
0.119174371795876
0.880825628204124
0
0.119229754298482
0.880770245701518
0
0.119301828042213
0.880698171957787
0
0.119394617419035
0.880605382580965
0
0.119517280576398
0.880482719423602
0
0.11969171385263
0.88030828614737
0
0.11997294191259
0.88002705808741
0
0.118739283222754
0.6076485312953
0.273612185481946
0.118806384398524
0.748201349553029
0.132992266048446
0.118860863063756
0.881139136936244
0
0.118912387998192
0.881087612001808
0
0.118957077911841
0.881042922088159
0
0.11899312547668
0.881006874523321
0
0.119023472857185
0.880976527142815
0
0.119051411064059
0.880948588935941
0
0.119078357287271
0.880921642712729
0
0.119093765355396
0.880906234644604
0
0.118806384398524
0.748201349553029
0.132992266048447
0.118839456309773
0.881160543690227
0
0.118883496672896
0.881116503327104
0
0.1189289677545
0.8810710322455
0
0.118968826485505
0.881031173514495
0
0.119002996610126
0.880997003389874
0
0.119033618699374
0.880966381300626
0
0.119063845737653
0.880936154262347
0
0.119090768856659
0.880909231143341
0
0.119106908911672
0.880893091088328
0
0.118860863063756
0.881139136936244
0
0.118883496672896
0.881116503327104
0
0.11891812661303
0.88108187338697
0
0.11895456428476
0.881045435715241
0
0.118989386317321
0.881010613682679
0
0.119021936594566
0.880978063405434
0
0.119053909596734
0.880946090403266
0
0.119087842613116
0.880912157386884
0
0.119116765624242
0.880883234375758
0
0.119133597465313
0.880866402534688
0
0.118912387998192
0.881087612001808
0
0.1189289677545
0.8810710322455
0
0.11895456428476
0.881045435715241
0
0.118984525677969
0.881015474322031
0
0.119016360252984
0.880983639747016
0
0.119049586293514
0.880950413706486
0
0.119084819641312
0.880915180358688
0
0.119124019512262
0.880875980487738
0
0.119156392156759
0.880843607843241
0
0.119174246247424
0.880825753752576
0
0.118957077911841
0.881042922088159
0
0.118968826485505
0.881031173514495
0
0.118989386317321
0.881010613682679
0
0.119016360252984
0.880983639747016
0
0.11904824555685
0.88095175444315
0
0.11908487580046
0.88091512419954
0
0.119128773253115
0.880871226746885
0
0.119172528403658
0.880827471596342
0
0.119209633478964
0.880790366521036
0
0.119229636629619
0.880770363370381
0
0.11899312547668
0.881006874523321
0
0.119002996610126
0.880997003389874
0
0.119021936594566
0.880978063405434
0
0.119049586293514
0.880950413706486
0
0.11908487580046
0.88091512419954
0
0.119128799547382
0.880871200452618
0
0.119180904986769
0.880819095013231
0
0.119234491051605
0.880765508948395
0
0.119277508912635
0.880722491087366
0
0.119301721368593
0.880698278631407
0
0.119023472857185
0.880976527142815
0
0.119033618699374
0.880966381300626
0
0.119053909596734
0.880946090403266
0
0.119084819641312
0.880915180358688
0
0.119128773253115
0.880871226746885
0
0.119180904986769
0.880819095013231
0
0.119243489086925
0.880756510913075
0
0.119306702861406
0.880693297138594
0
0.119360911203215
0.880639088796785
0
0.119394525456325
0.880605474543675
0
0.119051411064059
0.880948588935941
0
0.119063845737653
0.880936154262347
0
0.119087842613116
0.880912157386884
0
0.119124019512262
0.880875980487738
0
0.119172528403658
0.880827471596342
0
0.119234491051605
0.880765508948395
0
0.119306702861406
0.880693297138594
0
0.119384903653907
0.880615096346093
0
0.119461200070497
0.880538799929503
0
0.119517208934679
0.880482791065321
0
0.119078357287271
0.880921642712729
0
0.119090768856659
0.880909231143341
0
0.119116765624242
0.880883234375758
0
0.119156392156759
0.880843607843241
0
0.119209633478964
0.880790366521036
0
0.119277508912634
0.880722491087366
0
0.119360911203215
0.880639088796785
0
0.119461200070497
0.880538799929503
0
0.119577649999252
0.880422350000748
0
0.1196917163981
0.8803082836019
0
0.119093765355396
0.880906234644604
0
0.119106908911672
0.880893091088328
0
0.119133597465312
0.880866402534688
0
0.119174246247424
0.880825753752576
0
0.119229636629619
0.880770363370381
0
0.119301721368593
0.880698278631407
0
0.119394525456325
0.880605474543675
0
0.119517208934679
0.880482791065321
0
0.1196917163981
0.8803082836019
0
0.119979177054832
0.880020822945168
0
