0.118712545880964
0.40504980928322
0.476237644835816
0.118781593903244
0.441915893143976
0.43930251295278
0.118837406884645
0.481794433274134
0.399368159841221
0.118889100785408
0.513077781087881
0.368033118126712
0.118933161216538
0.529296909014715
0.351769929768748
0.118968546936514
0.552233597911388
0.328797855152098
0.118998020847831
0.597190105548081
0.283811873604088
0.119024972249058
0.728349885433003
0.152625142317939
0.119051308336144
0.880948691663856
0
0.119066359012952
0.880933640987049
0
0.118781593903244
0.441915893143973
0.439302512952783
0.118816304187463
0.475502893900183
0.405680801912355
0.118860562981617
0.506943356223297
0.374196080795085
0.118905451473772
0.521269171956922
0.359825376569306
0.11894476724073
0.536807202058269
0.344248030701001
0.118978248523174
0.562199347456011
0.318822404020815
0.119007930301606
0.615657348557134
0.26533472114126
0.11903662371491
0.795781720575812
0.0851816557092778
0.119063440134011
0.880936559865989
0
0.119079242427929
0.880920757572071
0
0.118837406884645
0.481794433274131
0.399368159841224
0.118860562981617
0.506943356223296
0.374196080795087
0.118894755419389
0.518859837441194
0.362245407139417
0.118930743265159
0.530588902579862
0.350480354154979
0.118965010586409
0.54759330750394
0.333441681909651
0.118996729048505
0.576968138889435
0.30403513206206
0.119027679818076
0.644847048419309
0.236125271762614
0.119060176788741
0.880939823211259
0
0.119088501743988
0.880911498256012
0
0.119105357976185
0.880894642023815
0
0.118889100785408
0.513077781087879
0.368033118126713
0.118905451473772
0.52126917195692
0.359825376569308
0.118930743265159
0.530588902579862
0.350480354154979
0.118960254742876
0.543448456880451
0.337591288376673
0.118991393338096
0.563283795398733
0.317724811263171
0.119023608273692
0.600262997021749
0.280713394704559
0.119057362329391
0.697420427398977
0.183522210271632
0.119095531528304
0.880904468471696
0
0.119127506589929
0.880872493410071
0
0.119145465349816
0.880854534650184
0
0.118933161216538
0.529296909014714
0.351769929768748
0.11894476724073
0.536807202058269
0.344248030701001
0.118965010586409
0.547593307503939
0.333441681909651
0.118991393338096
0.563283795398732
0.317724811263172
0.119022321659326
0.589001357010627
0.291976321330047
0.119057887835568
0.640974740380574
0.239967371783858
0.119099693464558
0.818507179880813
0.062393126654629
0.119143175465438
0.880856824534562
0
0.119180315766559
0.880819684233441
0
0.119200442705344
0.880799557294656
0
0.118968546936514
0.552233597911388
0.328797855152098
0.118978248523174
0.56219934745601
0.318822404020816
0.118996729048505
0.576968138889435
0.30403513206206
0.119023608273692
0.600262997021748
0.280713394704559
0.119057887835568
0.640974740380575
0.239967371783857
0.11909970782039
0.749082541759351
0.131817750420259
0.119152068785135
0.880847931214865
0
0.119204733441143
0.880795266558857
0
0.119247934482817
0.880752065517183
0
0.119272274857699
0.880727725142301
0
0.118998020847831
0.59719010554808
0.283811873604088
0.119007930301606
0.615657348557134
0.26533472114126
0.119027679818076
0.644847048419309
0.236125271762615
0.119057362329391
0.697420427398977
0.183522210271632
0.119099693464558
0.818507179880813
0.0623931266546292
0.119152068785135
0.880847931214865
0
0.119213541917678
0.880786458082322
0
0.119276846564153
0.880723153435847
0
0.119331258737186
0.880668741262814
0
0.119364992895427
0.880635007104573
0
0.119024972249058
0.728349885433003
0.152625142317939
0.11903662371491
0.795781720575811
0.0851816557092789
0.119060176788741
0.880939823211259
0
0.119095531528304
0.880904468471696
0
0.119143175465438
0.880856824534562
0
0.119204733441143
0.880795266558857
0
0.119276846564153
0.880723153435847
0
0.119355161481716
0.880644838518284
0
0.11943161921388
0.88056838078612
0
0.119487742528972
0.880512257471028
0
0.119051308336144
0.880948691663856
0
0.119063440134011
0.880936559865989
0
0.119088501743988
0.880911498256012
0
0.119127506589929
0.880872493410071
0
0.119180315766559
0.880819684233441
0
0.119247934482817
0.880752065517183
0
0.119331258737186
0.880668741262814
0
0.11943161921388
0.88056838078612
0
0.119548222485622
0.880451777514378
0
0.119662383865122
0.880337616134878
0
0.119066359012952
0.880933640987048
0
0.119079242427929
0.880920757572071
0
0.119105357976185
0.880894642023815
0
0.119145465349816
0.880854534650184
0
0.119200442705344
0.880799557294656
0
0.119272274857698
0.880727725142302
0
0.119364992895427
0.880635007104573
0
0.119487742528972
0.880512257471027
0
0.119662383865122
0.880337616134878
0
0.119941129917189
0.880058870082811
0
0.118714889674316
0.477077499299357
0.404207611026327
0.11878350934175
0.617645843823689
0.263570646834561
0.11883855026824
0.88116144973176
0
0.118889562920858
0.881110437079142
0
0.118933700082812
0.881066299917189
0
0.118969089477381
0.881030910522619
0
0.118998482921526
0.881001517078474
0
0.119025172808939
0.880974827191061
0
0.119051285642853
0.880948714357147
0
0.119066283551841
0.880933716448159
0
0.11878350934175
0.617645843823695
0.263570646834555
0.118817491612252
0.881182508387748
0
0.118861043289214
0.881138956710786
0
0.118905999940411
0.881094000059589
0
0.11894531674263
0.88105468325737
0
0.118978813547488
0.881021186452512
0
0.119008341589967
0.880991658410033
0
0.119036780602281
0.880963219397719
0
0.119063406303036
0.880936593696964
0
0.119079165398815
0.880920834601186
0
0.11883855026824
0.88116144973176
0
0.118861043289214
0.881138956710786
0
0.118895308552251
0.881104691447749
0
0.118931298091069
0.881068701908931
0
0.118965572055157
0.881034427944843
0
0.118997350131673
0.881002649868327
0
0.119028038232301
0.880971961767699
0
0.119060303180939
0.880939696819061
0
0.119088465086913
0.880911534913087
0
0.119105281977578
0.880894718022422
0
0.118889562920858
0.881110437079142
0
0.11890599994041
0.88109400005959
0
0.118931298091069
0.881068701908931
0
0.118960813854454
0.881039186145546
0
0.118991989818707
0.881008010181293
0
0.119024109423596
0.880975890576404
0
0.119057657874479
0.880942342125521
0
0.11909556830249
0.88090443169751
0
0.119127453737557
0.880872546262443
0
0.119145392318035
0.880854607681965
0
0.118933700082811
0.881066299917189
0
0.11894531674263
0.88105468325737
0
0.118965572055157
0.881034427944843
0
0.118991989818707
0.881008010181293
0
0.119022917978507
0.880977082021492
0
0.119058301887335
0.880941698112665
0
0.119099850328289
0.880900149671711
0
0.119143184107324
0.880856815892676
0
0.119180255117077
0.880819744882923
0
0.119200375169984
0.880799624830017
0
0.118969089477381
0.881030910522619
0
0.118978813547488
0.881021186452512
0
0.118997350131673
0.881002649868327
0
0.119024109423596
0.880975890576404
0
0.119058301887335
0.880941698112665
0
0.11909995610802
0.88090004389198
0
0.119152115230216
0.880847884769784
0
0.119204700327818
0.880795299672182
0
0.11924787567934
0.88075212432066
0
0.119272215924735
0.880727784075265
0
0.118998482921526
0.881001517078474
0
0.119008341589967
0.880991658410033
0
0.119028038232301
0.880971961767699
0
0.119057657874479
0.880942342125521
0
0.119099850328289
0.880900149671711
0
0.119152115230216
0.880847884769784
0
0.119213527715706
0.880786472284294
0
0.119276796822961
0.880723203177039
0
0.11933120898393
0.880668791016071
0
0.119364947105258
0.880635052894743
0
0.119025172808939
0.880974827191061
0
0.119036780602281
0.880963219397719
0
0.119060303180939
0.880939696819061
0
0.11909556830249
0.88090443169751
0
0.119143184107324
0.880856815892676
0
0.119204700327818
0.880795299672182
0
0.119276796822961
0.880723203177039
0
0.119355116077281
0.880644883922719
0
0.119431584641774
0.880568415358226
0
0.11948771762478
0.88051228237522
0
0.119051285642853
0.880948714357147
0
0.119063406303036
0.880936593696964
0
0.119088465086913
0.880911534913087
0
0.119127453737557
0.880872546262443
0
0.119180255117077
0.880819744882923
0
0.11924787567934
0.88075212432066
0
0.11933120898393
0.880668791016071
0
0.119431584641773
0.880568415358226
0
0.119548209867036
0.880451790132964
0
0.119662419210975
0.880337580789025
0
0.119066283551841
0.880933716448159
0
0.119079165398815
0.880920834601186
0
0.119105281977578
0.880894718022422
0
0.119145392318035
0.880854607681965
0
0.119200375169983
0.880799624830017
0
0.119272215924735
0.880727784075265
0
0.119364947105258
0.880635052894743
0
0.11948771762478
0.88051228237522
0
0.119662419210975
0.880337580789025
0
0.119944131627398
0.880055868372602
0
0.118718756684886
0.605290434618761
0.275990808696352
0.118785407873383
0.743875180506589
0.137339411620027
0.118838702641893
0.881161297358107
0
0.118889455634
0.881110544366
0
0.118933606459528
0.881066393540472
0
0.118969015616748
0.881030984383252
0
0.118998443441984
0.881001556558016
0
0.119025167124733
0.880974832875267
0
0.119051181049705
0.880948818950295
0
0.119066149085546
0.880933850914454
0
0.118785407873383
0.743875180506589
0.137339411620027
0.118817706065963
0.881182293934037
0
0.118860936299792
0.881139063700208
0
0.118905899107541
0.881094100892459
0
0.118945230830586
0.881054769169414
0
0.118978751186244
0.881021248813756
0
0.119008317272332
0.880991682727668
0
0.119036766632518
0.880963233367482
0
0.11906331383819
0.88093668616181
0
0.119079029358707
0.880920970641293
0
0.118838702641893
0.881161297358107
0
0.118860936299792
0.881139063700208
0
0.118895205078739
0.881104794921261
0
0.118931206734702
0.881068793265298
0
0.118965497359024
0.881034502640976
0
0.118997311113464
0.881002688886536
0
0.119028041792446
0.880971958207554
0
0.119060268389893
0.880939731610107
0
0.119088382074393
0.880911617925607
0
0.119105147892
0.880894852108
0
0.118889455634
0.881110544366
0
0.118905899107541
0.881094100892459
0
0.118931206734702
0.881068793265298
0
0.118960735418961
0.881039264581039
0
0.118991935168311
0.881008064831689
0
0.119024090388428
0.880975909611572
0
0.119057715840263
0.880942284159737
0
0.119095526528543
0.880904473471457
0
0.119127351489741
0.880872648510259
0
0.119145262787909
0.880854737212091
0
0.118933606459528
0.881066393540472
0
0.118945230830586
0.881054769169414
0
0.118965497359024
0.881034502640976
0
0.118991935168311
0.881008064831689
0
0.119022899504684
0.880977100495316
0
0.119058331854392
0.880941668145608
0
0.119099866628255
0.880900133371746
0
0.119143161949221
0.880856838050779
0
0.119180142899728
0.880819857100272
0
0.119200253237163
0.880799746762837
0
0.118969015616748
0.881030984383252
0
0.118978751186244
0.881021248813756
0
0.118997311113464
0.881002688886536
0
0.119024090388428
0.880975909611572
0
0.119058331854392
0.880941668145608
0
0.119100060462977
0.880899939537023
0
0.119152115740201
0.880847884259799
0
0.119204626639515
0.880795373360485
0
0.119247765201965
0.880752234798035
0
0.11927210483792
0.88072789516208
0
0.118998443441984
0.881001556558016
0
0.119008317272332
0.880991682727668
0
0.119028041792446
0.880971958207554
0
0.119057715840263
0.880942284159737
0
0.119099866628255
0.880900133371746
0
0.119152115740201
0.880847884259799
0
0.119213480933488
0.880786519066512
0
0.119276698234328
0.880723301765672
0
0.119331108423871
0.880668891576129
0
0.119364850670932
0.880635149329068
0
0.119025167124733
0.880974832875267
0
0.119036766632518
0.880963233367482
0
0.119060268389893
0.880939731610107
0
0.119095526528543
0.880904473471457
0
0.119143161949221
0.880856838050779
0
0.119204626639515
0.880795373360485
0
0.119276698234328
0.880723301765672
0
0.119355020359997
0.880644979640003
0
0.119431499298411
0.880568500701589
0
0.119487641507639
0.880512358492361
0
0.119051181049705
0.880948818950295
0
0.11906331383819
0.88093668616181
0
0.119088382074393
0.880911617925607
0
0.119127351489741
0.880872648510259
0
0.119180142899728
0.880819857100272
0
0.119247765201965
0.880752234798035
0
0.119331108423871
0.880668891576129
0
0.119431499298411
0.880568500701589
0
0.119548144076475
0.880451855923525
0
0.11966241741186
0.88033758258814
0
0.119066149085546
0.880933850914454
0
0.119079029358707
0.880920970641293
0
0.119105147891999
0.880894852108001
0
0.119145262787909
0.880854737212091
0
0.119200253237163
0.880799746762837
0
0.11927210483792
0.88072789516208
0
0.119364850670932
0.880635149329068
0
0.119487641507639
0.880512358492361
0
0.11966241741186
0.88033758258814
0
0.119950377099172
0.880049622900828
0
