0.118692071307825
0.403998963858112
0.477308964834063
0.118760598421096
0.439720242493127
0.441519159085777
0.118815511460076
0.47976509680662
0.401419391733303
0.118866424352789
0.511401794849667
0.369731780797545
0.118910069062014
0.527118563808708
0.353971367129278
0.118944949799339
0.549091006151384
0.331964044049277
0.118973643292505
0.591275701233115
0.289750655474379
0.118999615554046
0.711364004204466
0.169636380241488
0.119025147644172
0.880974852355828
0
0.119039774003572
0.880960225996428
0
0.118760598421096
0.439720242493124
0.44151915908578
0.118794749966151
0.473565303275768
0.407639946758081
0.118838259639268
0.505264644032216
0.375897096328516
0.118882706493419
0.519297272556929
0.361820020949651
0.118921603311697
0.534258561093786
0.346819835594517
0.118954585318601
0.558382658870444
0.322662755810955
0.1189833978239
0.607857442321544
0.273159159854556
0.119010715303264
0.769270652524136
0.1117186321726
0.11903718551223
0.88096281448777
0
0.119052495031634
0.880947504968366
0
0.118815511460076
0.479765096806618
0.401419391733306
0.118838259639268
0.505264644032214
0.375897096328518
0.118872152326166
0.516932284415034
0.3641955632588
0.118907782957138
0.528257617015054
0.352834600027808
0.118941645756647
0.544482049470881
0.336576304772473
0.118972848063711
0.571851968654119
0.309175183282171
0.119002775821334
0.633088886369065
0.247908337809601
0.119034367157354
0.859639886204065
0.0213257466385818
0.119061626824175
0.880938373175825
0
0.119078169745005
0.880921830254995
0
0.118866424352789
0.511401794849665
0.369731780797546
0.118882706493419
0.519297272556928
0.361820020949652
0.118907782957138
0.528257617015054
0.352834600027808
0.118936955470219
0.5405377141106
0.340525330419181
0.118967612009789
0.559090516953931
0.32194187103628
0.11899894604273
0.592564075943722
0.288436978013548
0.119031512003412
0.676255744812997
0.204712743183591
0.11906860846856
0.88093139153144
0
0.119099817570204
0.880900182429796
0
0.11911770495497
0.88088229504503
0
0.118910069062014
0.527118563808708
0.353971367129278
0.118921603311697
0.534258561093786
0.346819835594518
0.118941645756647
0.54448204947088
0.336576304772473
0.118967612009789
0.559090516953931
0.32194187103628
0.118997792727728
0.582122533811349
0.298879673460922
0.119032565051407
0.627676618489346
0.253290816459248
0.119071838400215
0.772122882424331
0.108805279175454
0.119115601704892
0.880884398295108
0
0.119152099271205
0.880847900728795
0
0.1191721989854
0.8808278010146
0
0.118944949799339
0.549091006151384
0.331964044049277
0.118954585318601
0.558382658870443
0.322662755810956
0.118972848063711
0.571851968654118
0.309175183282171
0.11899894604273
0.592564075943722
0.288436978013548
0.119032565051407
0.627676618489346
0.253290816459248
0.119073501197927
0.712648194280573
0.1682783045215
0.119124787484144
0.880875212515856
0
0.119175951755237
0.880824048244763
0
0.119219224290608
0.880780775709392
0
0.11924365326818
0.88075634673182
0
0.118973643292505
0.591275701233115
0.28975065547438
0.1189833978239
0.607857442321544
0.273159159854557
0.119002775821333
0.633088886369065
0.247908337809602
0.119031512003412
0.676255744812997
0.204712743183591
0.119071838400215
0.772122882424331
0.108805279175454
0.119124787484144
0.880875212515856
0
0.119184370818375
0.880815629181625
0
0.119247699439647
0.880752300560353
0
0.119302331409501
0.880697668590499
0
0.119336188337132
0.880663811662868
0
0.118999615554046
0.711364004204466
0.169636380241488
0.119010715303264
0.769270652524135
0.111718632172601
0.119034367157354
0.859639886204064
0.021325746638583
0.11906860846856
0.88093139153144
0
0.119115601704892
0.880884398295108
0
0.119175951755237
0.880824048244763
0
0.119247699439647
0.880752300560353
0
0.119326089715834
0.880673910284166
0
0.119402715869315
0.880597284130685
0
0.119458963669792
0.880541036330208
0
0.119025147644172
0.880974852355828
0
0.11903718551223
0.88096281448777
0
0.119061626824175
0.880938373175825
0
0.119099817570204
0.880900182429796
0
0.119152099271205
0.880847900728795
0
0.119219224290608
0.880780775709392
0
0.119302331409501
0.880697668590499
0
0.119402715869315
0.880597284130685
0
0.119519475387576
0.880480524612424
0
0.119633825541378
0.880366174458622
0
0.119039774003572
0.880960225996428
0
0.119052495031634
0.880947504968366
0
0.119078169745005
0.880921830254995
0
0.11911770495497
0.88088229504503
0
0.1191721989854
0.8808278010146
0
0.11924365326818
0.88075634673182
0
0.119336188337132
0.880663811662868
0
0.119458963669792
0.880541036330208
0
0.119633825541378
0.880366174458622
0
0.119913024781342
0.880086975218658
0
0.118694405599741
0.475612167649678
0.405693426750581
0.118762515345876
0.6087508357318
0.272486648922323
0.118816556806498
0.881183443193502
0
0.118866858835327
0.881133141164673
0
0.1189105961601
0.8810894038399
0
0.118945481913559
0.881054518086441
0
0.118974128891353
0.881025871108647
0
0.118999830440747
0.881000169559253
0
0.119025132554681
0.880974867445319
0
0.119039697100075
0.880960302899925
0
0.118762515345876
0.608750835731806
0.272486648922317
0.118795825349581
0.881204174650419
0
0.118838697809475
0.881161302190525
0
0.118883238744554
0.881116761255446
0
0.118922143936806
0.881077856063194
0
0.118955134298526
0.881044865701474
0
0.118983823163035
0.881016176836965
0
0.119010891682819
0.880989108317181
0
0.119037149501835
0.880962850498165
0
0.119052415917507
0.880947584082493
0
0.118816556806498
0.881183443193502
0
0.118838697809475
0.881161302190525
0
0.118872686733505
0.881127313266495
0
0.118908329679557
0.881091670320443
0
0.11894219501633
0.88105780498367
0
0.118973440914187
0.881026559085813
0
0.119003165829015
0.880996834170985
0
0.119034495694344
0.880965504305656
0
0.119061591609302
0.880938408390698
0
0.119078091292443
0.880921908707557
0
0.118866858835328
0.881133141164673
0
0.118883238744554
0.881116761255446
0
0.118908329679557
0.881091670320443
0
0.118937504109496
0.881062495890504
0
0.118968190341938
0.881031809658062
0
0.11899948875976
0.88100051124024
0
0.119031848138796
0.880968151861204
0
0.11906866711472
0.88093133288528
0
0.119099768088761
0.880900231911239
0
0.119117629301361
0.880882370698639
0
0.1189105961601
0.8810894038399
0
0.118922143936806
0.881077856063194
0
0.11894219501633
0.88105780498367
0
0.118968190341938
0.881031809658062
0
0.118998448490495
0.881001551509505
0
0.11903299967217
0.88096700032783
0
0.119072042988855
0.880927957011145
0
0.119115606950327
0.880884393049673
0
0.119152039171662
0.880847960828338
0
0.119172128635237
0.880827871364763
0
0.118945481913559
0.881054518086441
0
0.118955134298526
0.881044865701474
0
0.118973440914187
0.881026559085813
0
0.11899948875976
0.88100051124024
0
0.11903299967217
0.880967000327831
0
0.119073796039047
0.880926203960953
0
0.119124844061855
0.880875155938145
0
0.119175930802678
0.880824069197322
0
0.119219164035965
0.880780835964035
0
0.119243591429856
0.880756408570144
0
0.118974128891353
0.881025871108647
0
0.118983823163035
0.881016176836965
0
0.119003165829015
0.880996834170985
0
0.119031848138796
0.880968151861205
0
0.119072042988855
0.880927957011145
0
0.119124844061855
0.880875155938145
0
0.119184377954543
0.880815622045457
0
0.119247650970449
0.880752349029551
0
0.119302279180298
0.880697720819703
0
0.119336139615065
0.880663860384935
0
0.118999830440747
0.881000169559253
0
0.119010891682819
0.880989108317181
0
0.119034495694344
0.880965504305656
0
0.11906866711472
0.88093133288528
0
0.119115606950327
0.880884393049673
0
0.119175930802678
0.880824069197322
0
0.119247650970449
0.880752349029551
0
0.119326042227509
0.880673957772491
0
0.119402678491678
0.880597321508322
0
0.11945893584
0.88054106416
0
0.119025132554681
0.880974867445319
0
0.119037149501835
0.880962850498165
0
0.119061591609302
0.880938408390698
0
0.119099768088761
0.880900231911239
0
0.119152039171662
0.880847960828338
0
0.119219164035965
0.880780835964035
0
0.119302279180298
0.880697720819703
0
0.119402678491678
0.880597321508322
0
0.119519459878117
0.880480540121883
0
0.119633858032661
0.880366141967339
0
0.119039697100075
0.880960302899925
0
0.119052415917507
0.880947584082493
0
0.119078091292443
0.880921908707557
0
0.119117629301361
0.880882370698639
0
0.119172128635237
0.880827871364763
0
0.119243591429856
0.880756408570144
0
0.119336139615065
0.880663860384935
0
0.11945893584
0.88054106416
0
0.119633858032661
0.880366141967339
0
0.119916029487612
0.880083970512388
0
0.118698253457232
0.603100984658814
0.278200761883954
0.11876449358864
0.739703960546542
0.141531545864818
0.118816728694542
0.881183271305457
0
0.118866746425841
0.881133253574159
0
0.118910496727349
0.881089503272651
0
0.11894540143457
0.88105459856543
0
0.118974081823064
0.881025918176936
0
0.118999817422959
0.881000182577041
0
0.119025025635951
0.880974974364049
0
0.119039560224682
0.880960439775318
0
0.11876449358864
0.739703960546542
0.141531545864818
0.118796067457668
0.881203932542332
0
0.118838585538049
0.881161414461951
0
0.118883131878678
0.881116868121322
0
0.118922052216336
0.881077947783664
0
0.118955063644376
0.881044936355624
0
0.118983788387355
0.881016211612645
0
0.119010888557446
0.880989111442554
0
0.119037045988284
0.880962954011716
0
0.119052276701091
0.880947723298909
0
0.118816728694542
0.881183271305457
0
0.118838585538049
0.881161414461951
0
0.118872577050459
0.881127422949541
0
0.118908232822376
0.881091767177624
0
0.118942113467199
0.881057886532801
0
0.118973389623098
0.881026610376902
0
0.119003159903172
0.880996840096828
0
0.119034443454178
0.880965556545822
0
0.119061508169298
0.880938491830702
0
0.119077953637228
0.880922046362772
0
0.118866746425841
0.881133253574159
0
0.118883131878678
0.881116868121322
0
0.118908232822376
0.881091767177624
0
0.118937419288153
0.881062580711847
0
0.118968126593786
0.881031873406214
0
0.118999462346802
0.881000537653198
0
0.119031893140552
0.880968106859448
0
0.119068626582876
0.880931373417124
0
0.119099669851691
0.880900330148309
0
0.11911749599894
0.88088250400106
0
0.118910496727349
0.881089503272651
0
0.118922052216336
0.881077947783664
0
0.118942113467199
0.881057886532801
0
0.118968126593786
0.881031873406214
0
0.118998422746157
0.881001577253843
0
0.11903300837744
0.88096699162256
0
0.119072104185992
0.880927895814008
0
0.119115566365218
0.880884433634782
0
0.119151927479762
0.880848072520238
0
0.119172002625345
0.880827997374655
0
0.11894540143457
0.88105459856543
0
0.118955063644376
0.881044936355624
0
0.118973389623098
0.881026610376902
0
0.118999462346802
0.881000537653198
0
0.11903300837744
0.88096699162256
0
0.119073888992264
0.880926111007736
0
0.1191248132935
0.8808751867065
0
0.119175873975221
0.880824126024779
0
0.11921905136952
0.88078094863048
0
0.119243476074695
0.880756523925305
0
0.118974081823064
0.881025918176936
0
0.118983788387355
0.881016211612645
0
0.119003159903172
0.880996840096828
0
0.119031893140552
0.880968106859448
0
0.119072104185992
0.880927895814008
0
0.1191248132935
0.8808751867065
0
0.119184361447017
0.880815638552983
0
0.119247554017978
0.880752445982022
0
0.119302174911342
0.880697825088658
0
0.119336038822138
0.880663961177862
0
0.118999817422959
0.881000182577041
0
0.119010888557446
0.880989111442554
0
0.119034443454178
0.880965556545822
0
0.119068626582876
0.880931373417124
0
0.119115566365218
0.880884433634782
0
0.119175873975221
0.880824126024779
0
0.119247554017978
0.880752445982022
0
0.119325943330397
0.880674056669603
0
0.119402588939382
0.880597411060618
0
0.11945885534305
0.88054114465695
0
0.119025025635951
0.880974974364049
0
0.119037045988284
0.880962954011716
0
0.119061508169297
0.880938491830703
0
0.119099669851691
0.880900330148309
0
0.119151927479762
0.880848072520238
0
0.11921905136952
0.88078094863048
0
0.119302174911342
0.880697825088658
0
0.119402588939382
0.880597411060618
0
0.119519389747201
0.880480610252799
0
0.119633851972141
0.880366148027859
0
0.119039560224682
0.880960439775318
0
0.119052276701091
0.880947723298909
0
0.119077953637228
0.880922046362772
0
0.11911749599894
0.88088250400106
0
0.119172002625345
0.880827997374655
0
0.119243476074695
0.880756523925305
0
0.119336038822138
0.880663961177862
0
0.11945885534305
0.88054114465695
0
0.119633851972141
0.880366148027859
0
0.119922284845974
0.880077715154026
0
