0.118671086529154
0.402289958978089
0.479038954492757
0.118738192064835
0.436839742765594
0.444422065169571
0.11879151279942
0.481789367710131
0.39941911949045
0.118842701977504
0.513683396374171
0.367473901648325
0.11888653368747
0.527578291468476
0.353535174844054
0.118921173218184
0.547721843903488
0.333356982878328
0.118949205302281
0.586606506609775
0.294444288087944
0.11897410712963
0.695044977540866
0.185980915329504
0.118998412057465
0.881001587942535
0
0.119012692302337
0.880987307697663
0
0.118738192064835
0.436839742765591
0.444422065169574
0.118771175281822
0.474799777545465
0.406429047172713
0.118814462781454
0.508210280535888
0.372975256682657
0.118859213457841
0.520513818945913
0.360626967596246
0.118898108405024
0.533958317900976
0.347143573694
0.118930804447699
0.556111532098356
0.324957663453945
0.118958863026195
0.60116388165301
0.279877255320795
0.118984797674042
0.743378324760857
0.137636877565101
0.119010154101281
0.880989845898719
0
0.119025205754911
0.880974794245089
0
0.11879151279942
0.481789367710127
0.399419119490453
0.118814462781454
0.508210280535887
0.372975256682659
0.118848665205268
0.51839899607512
0.362752338719612
0.118884382642595
0.52845612196151
0.352659495395894
0.118918133322068
0.543202754390127
0.337879112287806
0.118948964840177
0.568116201927736
0.312934833232088
0.118977960767565
0.622527898667925
0.25849414056451
0.119007372438793
0.822580165926874
0.058412461634333
0.119033897897738
0.880966102102262
0
0.119050456811554
0.880949543188446
0
0.118842701977504
0.513683396374169
0.367473901648327
0.118859213457841
0.520513818945912
0.360626967596247
0.118884382642595
0.528456121961511
0.352659495395894
0.118913509096327
0.539562692047259
0.341523798856414
0.118943926517501
0.556359896965334
0.324696176517165
0.118974531637483
0.58603969093699
0.294985777425527
0.119006165257654
0.657313157484714
0.223680677257631
0.119040691547299
0.880959308452701
0
0.119071279101844
0.880928720898156
0
0.119089556683059
0.880910443316941
0
0.11888653368747
0.527578291468474
0.353535174844056
0.118898108405024
0.533958317900976
0.347143573694001
0.118918133322068
0.543202754390126
0.337879112287806
0.118943926517501
0.556359896965334
0.324696176517165
0.118973730997572
0.576678056244345
0.304348212758084
0.119007411012878
0.61582498696569
0.265167602021431
0.119044448502132
0.727929549498151
0.153026001999718
0.119086505734852
0.880913494265148
0
0.119123284524233
0.880876715475767
0
0.119143925296611
0.880856074703389
0
0.118921173218184
0.547721843903488
0.333356982878328
0.118930804447699
0.556111532098356
0.324957663453946
0.118948964840177
0.568116201927735
0.312934833232088
0.118974531637483
0.58603969093699
0.294985777425527
0.119007411012878
0.61582498696569
0.265167602021432
0.119046487628758
0.680001118467608
0.200952393903634
0.119096003201163
0.880903996798837
0
0.119145743514555
0.880854256485445
0
0.119190480080584
0.880809519919416
0
0.119215661118257
0.880784338881743
0
0.118949205302281
0.586606506609775
0.294444288087944
0.118958863026195
0.601163881653009
0.279877255320795
0.118977960767565
0.622527898667925
0.258494140564511
0.119006165257654
0.657313157484714
0.223680677257631
0.119044448502132
0.727929549498151
0.153026001999717
0.119096003201163
0.880903996798837
0
0.1191531144287
0.8808468855713
0
0.11921822609846
0.88078177390154
0
0.119274387810487
0.880725612189513
0
0.11930903652667
0.88069096347333
0
0.11897410712963
0.695044977540866
0.185980915329505
0.118984797674041
0.743378324760858
0.137636877565101
0.119007372438793
0.822580165926875
0.0584124616343323
0.119040691547299
0.880959308452701
0
0.119086505734852
0.880913494265148
0
0.119145743514555
0.880854256485445
0
0.11921822609846
0.88078177390154
0
0.119298092618664
0.880701907381336
0
0.119376087576638
0.880623912423362
0
0.119433174541291
0.880566825458709
0
0.118998412057465
0.881001587942535
0
0.119010154101281
0.880989845898719
0
0.119033897897738
0.880966102102262
0
0.119071279101844
0.880928720898155
0
0.119123284524233
0.880876715475767
0
0.119190480080584
0.880809519919416
0
0.119274387810487
0.880725612189513
0
0.119376087576638
0.880623912423362
0
0.119494307728599
0.880505692271401
0
0.119609806597334
0.880390193402666
0
0.119012692302337
0.880987307697663
0
0.119025205754911
0.880974794245089
0
0.119050456811554
0.880949543188446
0
0.119089556683059
0.880910443316941
0
0.119143925296611
0.880856074703389
0
0.119215661118257
0.880784338881743
0
0.11930903652667
0.88069096347333
0
0.119433174541291
0.880566825458709
0
0.119609806597334
0.880390193402666
0
0.119890925202574
0.880109074797426
0
0.118673408088558
0.473101942067481
0.408224649843961
0.118740109067542
0.600532425186556
0.280727465745902
0.118792450323846
0.881207549676154
0
0.118843030172416
0.881156969827584
0
0.118887015950082
0.881112984049918
0
0.118921673944089
0.881078326055911
0
0.118949695326734
0.881050304673267
0
0.118974334771123
0.881025665228877
0
0.118998410224019
0.881001589775981
0
0.119012614667525
0.880987385332475
0
0.118740109067542
0.600532425186561
0.280727465745897
0.118772184857761
0.881227815142239
0
0.118814766282418
0.881185233717582
0
0.118859687175414
0.881140312824586
0
0.118898611949549
0.881101388050451
0
0.118931320105169
0.881068679894831
0
0.118959288677564
0.881040711322436
0
0.118984985348449
0.881015014651551
0
0.119010126045585
0.880989873954415
0
0.119025125223552
0.880974874776448
0
0.118792450323846
0.881207549676154
0
0.118814766282418
0.881185233717582
0
0.118849136810349
0.881150863189651
0
0.118884888380418
0.881115111619582
0
0.11891864760638
0.88108135239362
0
0.118949514736947
0.881050485263053
0
0.118978348499306
0.881021651500694
0
0.119007511187137
0.880992488812863
0
0.119033868361861
0.880966131638139
0
0.119050376540999
0.880949623459001
0
0.118843030172416
0.881156969827584
0
0.118859687175414
0.881140312824586
0
0.118884888380418
0.881115111619582
0
0.118914022475708
0.881085977524292
0
0.118944466556271
0.881055533443728
0
0.118975096474336
0.881024903525664
0
0.11900650043742
0.88099349956258
0
0.119040788544303
0.880959211455697
0
0.119071239361504
0.880928760638496
0
0.119089479104182
0.880910520895818
0
0.118887015950082
0.881112984049918
0
0.118898611949549
0.881101388050451
0
0.11891864760638
0.88108135239362
0
0.118944466556271
0.881055533443728
0
0.118974340440388
0.881025659559612
0
0.11900783807626
0.88099216192374
0
0.119044697591763
0.880955302408237
0
0.119086536689114
0.880913463310886
0
0.119123228179881
0.880876771820119
0
0.119143852850866
0.880856147149134
0
0.118921673944089
0.881078326055911
0
0.118931320105169
0.881068679894831
0
0.118949514736947
0.881050485263053
0
0.118975096474336
0.881024903525664
0
0.11900783807626
0.88099216192374
0
0.119046861178711
0.880953138821289
0
0.119096110139722
0.880903889860277
0
0.119145753477452
0.880854246522548
0
0.119190420034707
0.880809579965293
0
0.119215597113273
0.880784402886727
0
0.118949695326734
0.881050304673266
0
0.118959288677564
0.881040711322436
0
0.118978348499306
0.881021651500694
0
0.11900650043742
0.88099349956258
0
0.119044697591763
0.880955302408237
0
0.119096110139722
0.880903889860278
0
0.119153175480887
0.880846824519113
0
0.119218182553882
0.880781817446118
0
0.119274334128131
0.880725665871869
0
0.119308985619974
0.880691014380026
0
0.118974334771123
0.881025665228877
0
0.118984985348449
0.881015014651551
0
0.119007511187137
0.880992488812863
0
0.119040788544303
0.880959211455697
0
0.119086536689114
0.880913463310886
0
0.119145753477452
0.880854246522548
0
0.119218182553882
0.880781817446118
0
0.119298044297808
0.880701955702192
0
0.119376048235052
0.880623951764948
0
0.11943314455313
0.88056685544687
0
0.118998410224019
0.881001589775981
0
0.119010126045585
0.880989873954415
0
0.119033868361861
0.880966131638139
0
0.119071239361504
0.880928760638496
0
0.119123228179881
0.880876771820119
0
0.119190420034707
0.880809579965293
0
0.119274334128131
0.880725665871869
0
0.119376048235052
0.880623951764948
0
0.119494290148786
0.880505709851214
0
0.119609837101929
0.880390162898071
0
0.119012614667525
0.880987385332475
0
0.119025125223552
0.880974874776448
0
0.119050376540999
0.880949623459001
0
0.119089479104182
0.880910520895818
0
0.119143852850866
0.880856147149134
0
0.119215597113273
0.880784402886727
0
0.119308985619974
0.880691014380026
0
0.11943314455313
0.88056685544687
0
0.119609837101929
0.880390162898071
0
0.119893934810211
0.880106065189789
0
0.118677225862061
0.600642134620107
0.280680639517832
0.118742153484914
0.736282596583711
0.144975249931376
0.118792641191063
0.881207358808937
0
0.118842906160688
0.881157093839312
0
0.118886909917309
0.881113090082691
0
0.118921586912457
0.881078413087543
0
0.118949640521533
0.881050359478467
0
0.118974313785926
0.881025686214074
0
0.118998305460394
0.881001694539606
0
0.119012475742084
0.880987524257916
0
0.118742153484914
0.736282596583711
0.144975249931375
0.118772451507793
0.881227548492207
0
0.118814640955415
0.881185359044585
0
0.118859572865803
0.881140427134197
0
0.118898514072293
0.881101485927707
0
0.118931241632538
0.881068758367462
0
0.118959243424585
0.881040756575415
0
0.11898497579287
0.88101502420713
0
0.119010023760136
0.880989976239864
0
0.11902498309781
0.88097501690219
0
0.118792641191063
0.881207358808937
0
0.118814640955415
0.881185359044585
0
0.118849019502807
0.881150980497193
0
0.118884785373616
0.881115214626384
0
0.118918559234911
0.881081440765089
0
0.118949452674196
0.881050547325804
0
0.118978325804815
0.881021674195185
0
0.119007472692295
0.880992527307704
0
0.119033788357086
0.880966211642914
0
0.119050235462228
0.880949764537772
0
0.118842906160688
0.881157093839312
0
0.118859572865803
0.881140427134197
0
0.118884785373616
0.881115214626384
0
0.118913931100003
0.881086068899997
0
0.118944394116501
0.881055605883499
0
0.118975061544469
0.881024938455531
0
0.119006514319583
0.880993485680417
0
0.119040761184522
0.880959238815478
0
0.119071153448954
0.880928846551046
0
0.11908934224019
0.88091065775981
0
0.118886909917309
0.881113090082691
0
0.118898514072293
0.881101485927707
0
0.118918559234911
0.881081440765089
0
0.118944394116501
0.881055605883499
0
0.118974299253307
0.881025700746694
0
0.119007824536683
0.880992175463317
0
0.119044765818888
0.880955234181112
0
0.119086514770687
0.880913485229313
0
0.119123120502486
0.880876879497514
0
0.119143723012875
0.880856276987125
0
0.118921586912457
0.881078413087543
0
0.118931241632538
0.881068758367462
0
0.118949452674196
0.881050547325804
0
0.118975061544469
0.881024938455531
0
0.119007824536683
0.880992175463317
0
0.119046952204171
0.880953047795829
0
0.119096072532204
0.880903927467796
0
0.119145740471499
0.880854259528501
0
0.119190306572043
0.880809693427957
0
0.119215477788998
0.880784522211002
0
0.118949640521533
0.881050359478467
0
0.118959243424585
0.881040756575415
0
0.118978325804815
0.881021674195185
0
0.119006514319583
0.880993485680417
0
0.119044765818888
0.880955234181112
0
0.119096072532204
0.880903927467796
0
0.119153238641688
0.880846761358312
0
0.119218091312617
0.880781908687383
0
0.119274226779932
0.880725773220068
0
0.119308880873116
0.880691119126884
0
0.118974313785926
0.881025686214074
0
0.11898497579287
0.88101502420713
0
0.119007472692295
0.880992527307704
0
0.119040761184522
0.880959238815478
0
0.119086514770687
0.880913485229313
0
0.119145740471499
0.880854259528501
0
0.119218091312617
0.880781908687383
0
0.119297943127063
0.880702056872937
0
0.119375955022353
0.880624044977647
0
0.119433060237915
0.880566939762086
0
0.118998305460394
0.881001694539606
0
0.119010023760136
0.880989976239864
0
0.119033788357086
0.880966211642914
0
0.119071153448954
0.880928846551046
0
0.119123120502486
0.880876879497514
0
0.119190306572043
0.880809693427957
0
0.119274226779932
0.880725773220068
0
0.119375955022353
0.880624044977647
0
0.119494216317275
0.880505783682725
0
0.119609827529426
0.880390172470574
0
0.119012475742084
0.880987524257916
0
0.11902498309781
0.88097501690219
0
0.119050235462228
0.880949764537772
0
0.11908934224019
0.88091065775981
0
0.119143723012875
0.880856276987125
0
0.119215477788998
0.880784522211002
0
0.119308880873116
0.880691119126884
0
0.119433060237915
0.880566939762085
0
0.119609827529426
0.880390172470574
0
0.119900202071711
0.880099797928289
0
