0.118657937708154
0.402439541820027
0.478902520471819
0.118725673665942
0.436382612198627
0.444891714135431
0.11877927942493
0.477160801632317
0.404059918942752
0.118829069182583
0.509129941865012
0.372040988952405
0.118872128273672
0.523892246736792
0.357235624989536
0.118906219832251
0.544345904077361
0.336747876090388
0.118933699632901
0.582588754434929
0.29847754593217
0.118958150684489
0.687412569591424
0.193629279724087
0.118982159213857
0.881017840786143
0
0.118996060192747
0.881003939807253
0
0.118725673665942
0.436382612198624
0.444891714135434
0.118758960260254
0.471036277172919
0.410204762566827
0.118801452847931
0.503161485647265
0.378037061504804
0.118845303198918
0.516467954148768
0.364686742652315
0.118883571609093
0.530411709129088
0.350704719261819
0.118915745299646
0.55270961176721
0.328374642933144
0.118943229213023
0.596667931747884
0.284388839039093
0.118968619971147
0.732440099910398
0.148591280118455
0.118993684793375
0.881006315206625
0
0.11900833546672
0.88099166453328
0
0.11877927942493
0.477160801632314
0.404059918942755
0.118801452847931
0.503161485647263
0.378037061504805
0.118834972427113
0.514209586343538
0.366955441229349
0.118870104725776
0.52474513929204
0.356384755982184
0.118903340765995
0.539803920041667
0.341292739192338
0.118933668749936
0.564482118019043
0.316584213231022
0.1189620278696
0.617023167969587
0.264014804160813
0.118990447952573
0.807268391539363
0.0737411605080639
0.11901698701395
0.88098301298605
0
0.119033104073374
0.880966895926626
0
0.118829069182583
0.50912994186501
0.372040988952407
0.118845303198918
0.516467954148766
0.364686742652316
0.118870104725776
0.52474513929204
0.356384755982184
0.118898812960713
0.536138292040256
0.344962894999031
0.118928789733493
0.552924707366955
0.328146502899551
0.118958738310523
0.581615252546811
0.299426009142665
0.118989811043795
0.649423492251217
0.231586696704989
0.119023370582322
0.880976629417678
0
0.119053440164947
0.880946559835053
0
0.119071421973441
0.880928578026559
0
0.118872128273672
0.523892246736791
0.357235624989537
0.118883571609093
0.530411709129088
0.350704719261819
0.118903340765995
0.539803920041666
0.341292739192339
0.118928789733493
0.552924707366955
0.328146502899552
0.118958224653727
0.572647613549885
0.308394161796388
0.118991193341895
0.610038470376842
0.270970336281263
0.119027218871205
0.713286478240767
0.167686302888029
0.119068508920308
0.880931491079692
0
0.119104412784981
0.880895587215019
0
0.119124833923549
0.880875166076451
0
0.118906219832251
0.544345904077361
0.336747876090388
0.118915745299646
0.552709611767208
0.328374642933145
0.118933668749936
0.564482118019042
0.316584213231022
0.118958738310523
0.581615252546811
0.299426009142666
0.118991193341895
0.610038470376842
0.270970336281263
0.119029726652819
0.668622010251062
0.21234826309612
0.119077607375676
0.879921358971781
0.00100103365254304
0.119126314638517
0.880873685361483
0
0.119170508658421
0.880829491341579
0
0.119195503246613
0.880804496753387
0
0.118933699632901
0.582588754434929
0.29847754593217
0.118943229213023
0.596667931747884
0.284388839039093
0.1189620278696
0.617023167969586
0.264014804160813
0.118989811043794
0.649423492251216
0.231586696704989
0.119027218871204
0.713286478240767
0.167686302888029
0.119077607375676
0.879921358971781
0.00100103365254276
0.119133552580576
0.880866447419424
0
0.119197646161226
0.880802353838774
0
0.119253343920215
0.880746656079785
0
0.11928775072096
0.88071224927904
0
0.118958150684489
0.687412569591423
0.193629279724088
0.118968619971147
0.732440099910397
0.148591280118456
0.118990447952573
0.807268391539362
0.0737411605080655
0.119023370582322
0.880976629417678
0
0.119068508920308
0.880931491079692
0
0.119126314638517
0.880873685361483
0
0.119197646161226
0.880802353838774
0
0.119276672125751
0.880723327874249
0
0.119354016250284
0.880645983749716
0
0.119410700822831
0.880589299177168
0
0.118982159213857
0.881017840786143
0
0.118993684793375
0.881006315206625
0
0.11901698701395
0.88098301298605
0
0.119053440164947
0.880946559835053
0
0.119104412784981
0.880895587215019
0
0.119170508658421
0.880829491341579
0
0.119253343920215
0.880746656079785
0
0.119354016250284
0.880645983749716
0
0.119471277309385
0.880528722690615
0
0.119586081606153
0.880413918393847
0
0.118996060192747
0.881003939807253
0
0.11900833546672
0.88099166453328
0
0.119033104073374
0.880966895926626
0
0.119071421973441
0.880928578026559
0
0.119124833923549
0.880875166076451
0
0.119195503246613
0.880804496753387
0
0.11928775072096
0.88071224927904
0
0.119410700822831
0.880589299177168
0
0.119586081606153
0.880413918393847
0
0.119866136845888
0.880133863154112
0
0.118660256046307
0.473284855530943
0.40805488842275
0.11872758742825
0.595930260544117
0.285342152027633
0.118780157061319
0.881219842938681
0
0.118829453923079
0.881170546076921
0
0.118872636428051
0.881127363571949
0
0.118906740605642
0.881093259394358
0
0.118934235139755
0.881065764860245
0
0.118958394683194
0.881041605316806
0
0.11898216028743
0.88101783971257
0
0.118995981663306
0.881004018336694
0
0.11872758742825
0.595930260544122
0.285342152027628
0.118759879482252
0.881240120517748
0
0.11880181113531
0.88119818886469
0
0.118845804847696
0.881154195152304
0
0.118884100453694
0.881115899546306
0
0.118916276658012
0.881083723341988
0
0.118943685656814
0.881056314343186
0
0.118968817877717
0.881031182122283
0
0.118993656472862
0.881006343527138
0
0.119008253955174
0.880991746044826
0
0.118780157061319
0.881219842938681
0
0.11880181113531
0.88119818886469
0
0.118835470327168
0.881164529672832
0
0.11887063893766
0.881129361062341
0
0.118903876632513
0.881096123367487
0
0.118934230132408
0.881065769867592
0
0.118962434742508
0.881037565257492
0
0.118990598670604
0.881009401329396
0
0.119016951646067
0.880983048353933
0
0.119033022480282
0.880966977519718
0
0.118829453923079
0.881170546076921
0
0.118845804847696
0.881154195152304
0
0.11887063893766
0.881129361062341
0
0.118899349971471
0.881100650028529
0
0.118929345316186
0.881070654683814
0
0.118959366013528
0.881040633986472
0
0.118990164061622
0.881009835938378
0
0.119023484439157
0.880976515560843
0
0.119053399686114
0.880946600313886
0
0.119071342898576
0.880928657101424
0
0.118872636428051
0.881127363571949
0
0.118884100453694
0.881115899546306
0
0.118903876632513
0.881096123367487
0
0.118929345316186
0.881070654683814
0
0.118958834458568
0.881041165541432
0
0.118991645078169
0.881008354921831
0
0.119027493961565
0.880972506038435
0
0.119068540704101
0.880931459295899
0
0.119104357837166
0.880895642162834
0
0.119124759812186
0.880875240187814
0
0.118906740605642
0.881093259394358
0
0.118916276658012
0.881083723341988
0
0.118934230132408
0.881065769867592
0
0.118959366013528
0.881040633986472
0
0.118991645078169
0.881008354921831
0
0.119030110487079
0.880969889512921
0
0.119077738651314
0.880922261348686
0
0.119126327980105
0.880873672019896
0
0.11917044843289
0.88082955156711
0
0.119195437380817
0.880804562619183
0
0.118934235139755
0.881065764860245
0
0.118943685656814
0.881056314343186
0
0.118962434742508
0.881037565257492
0
0.118990164061622
0.881009835938378
0
0.119027493961565
0.880972506038435
0
0.119077738651314
0.880922261348686
0
0.119133614999938
0.880866385000062
0
0.119197605157216
0.880802394842784
0
0.119253288861542
0.880746711138458
0
0.119287697821612
0.880712302178388
0
0.118958394683194
0.881041605316806
0
0.118968817877717
0.881031182122283
0
0.118990598670604
0.881009401329396
0
0.119023484439158
0.880976515560842
0
0.119068540704101
0.880931459295899
0
0.119126327980105
0.880873672019896
0
0.119197605157216
0.880802394842784
0
0.119276622905037
0.880723377094964
0
0.119353975018891
0.880646024981109
0
0.119410668745323
0.880589331254677
0
0.11898216028743
0.88101783971257
0
0.118993656472862
0.881006343527138
0
0.119016951646067
0.880983048353933
0
0.119053399686114
0.880946600313886
0
0.119104357837166
0.880895642162834
0
0.11917044843289
0.88082955156711
0
0.119253288861542
0.880746711138458
0
0.11935397501889
0.88064602498111
0
0.119471257620199
0.880528742379801
0
0.119586109907892
0.880413890092108
0
0.118995981663306
0.881004018336694
0
0.119008253955174
0.880991746044827
0
0.119033022480282
0.880966977519718
0
0.119071342898576
0.880928657101424
0
0.119124759812186
0.880875240187814
0
0.119195437380817
0.880804562619183
0
0.119287697821612
0.880712302178388
0
0.119410668745323
0.880589331254677
0
0.119586109907892
0.880413890092108
0
0.119869147145962
0.880130852854038
0
0.118664071790473
0.599826913042885
0.281509015166642
0.118729682039879
0.73300992119197
0.148260396768151
0.118780363792799
0.881219636207201
0
0.118829333234887
0.881170666765113
0
0.118872527642007
0.881127472357993
0
0.118906650281524
0.881093349718476
0
0.118934176949678
0.881065823050322
0
0.118958370456017
0.881041629543983
0
0.118982049738383
0.881017950261617
0
0.118995841146879
0.881004158853121
0
0.11872968203988
0.73300992119197
0.14826039676815
0.118760170989489
0.88123982901051
0
0.11880169012509
0.88119830987491
0
0.118845687870557
0.881154312129443
0
0.118883999645179
0.881116000354821
0
0.118916194237827
0.881083805762173
0
0.118943636174761
0.881056363825239
0
0.118968803168126
0.881031196831874
0
0.118993547875576
0.881006452124425
0
0.119008110262081
0.880991889737919
0
0.118780363792799
0.881219636207201
0
0.11880169012509
0.88119830987491
0
0.11883535011019
0.88116464988981
0
0.11887053322448
0.88112946677552
0
0.118903785012116
0.881096214987884
0
0.118934162580104
0.881065837419896
0
0.118962404899515
0.881037595100485
0
0.118990569939513
0.881009430060487
0
0.119016859588913
0.880983140411087
0
0.119032879376435
0.880967120623565
0
0.118829333234887
0.881170666765113
0
0.118845687870557
0.881154312129443
0
0.11887053322448
0.88112946677552
0
0.118899255624162
0.881100744375839
0
0.118929268446335
0.881070731553665
0
0.118959328141364
0.881040671858636
0
0.118990167558122
0.881009832441878
0
0.119023455039179
0.880976544960821
0
0.119053311440917
0.880946688559083
0
0.11907120376439
0.88092879623561
0
0.118872527642007
0.881127472357993
0
0.118883999645179
0.881116000354821
0
0.118903785012116
0.881096214987884
0
0.118929268446335
0.881070731553665
0
0.118958784766866
0.881041215233134
0
0.118991624215973
0.881008375784027
0
0.11902755777452
0.88097244222548
0
0.119068507371402
0.880931492628598
0
0.119104251885039
0.880895748114961
0
0.119124627397889
0.880875372602111
0
0.118906650281524
0.881093349718476
0
0.118916194237827
0.881083805762173
0
0.118934162580104
0.881065837419896
0
0.118959328141364
0.881040671858636
0
0.118991624215973
0.881008375784027
0
0.119030177161518
0.880969822838482
0
0.119077702406469
0.880922297593531
0
0.119126318370824
0.880873681629176
0
0.119170334556801
0.880829665443199
0
0.119195315161251
0.880804684838749
0
0.118934176949678
0.881065823050322
0
0.118943636174761
0.881056363825239
0
0.118962404899515
0.881037595100485
0
0.118990167558122
0.881009832441878
0
0.11902755777452
0.88097244222548
0
0.119077702406469
0.880922297593531
0
0.11913367728635
0.88086632271365
0
0.119197517489031
0.880802482510969
0
0.119253179312254
0.880746820687746
0
0.119287589931126
0.880712410068874
0
0.118958370456017
0.881041629543983
0
0.118968803168127
0.881031196831873
0
0.118990569939513
0.881009430060487
0
0.119023455039179
0.880976544960821
0
0.119068507371402
0.880931492628598
0
0.119126318370824
0.880873681629176
0
0.119197517489031
0.880802482510969
0
0.119276520219114
0.880723479780886
0
0.119353878790296
0.880646121209704
0
0.119410581086797
0.880589418913203
0
0.118982049738383
0.881017950261617
0
0.118993547875575
0.881006452124425
0
0.119016859588913
0.880983140411087
0
0.119053311440917
0.880946688559083
0
0.119104251885039
0.880895748114961
0
0.119170334556801
0.880829665443199
0
0.119253179312254
0.880746820687746
0
0.119353878790296
0.880646121209704
0
0.119471180431298
0.880528819568702
0
0.119586096875461
0.880413903124539
0
0.118995841146879
0.881004158853121
0
0.119008110262081
0.880991889737919
0
0.119032879376435
0.880967120623565
0
0.11907120376439
0.88092879623561
0
0.119124627397889
0.880875372602111
0
0.119195315161251
0.880804684838749
0
0.119287589931126
0.880712410068874
0
0.119410581086797
0.880589418913203
0
0.119586096875461
0.880413903124539
0
0.119875418823921
0.880124581176079
0
