0.118644135886341
0.401889427927982
0.479466436185677
0.118711580165956
0.435169449630962
0.446118970203082
0.118764710618716
0.476345728050399
0.404889561330885
0.118814131693298
0.508413748180093
0.37277212012661
0.118856983872074
0.522746764247358
0.358396251880569
0.118890785498394
0.542613744412543
0.338495470089063
0.118917853912608
0.579499775281399
0.301582370805994
0.118941681890984
0.679120900510984
0.201937417598032
0.118965063826557
0.881034936173443
0
0.118978711180897
0.881021288819103
0
0.118711580165956
0.435169449630959
0.446118970203085
0.118744548043087
0.470236039889738
0.411019412067176
0.118786696331433
0.502556880588815
0.378656423079752
0.11883034452214
0.51550298252211
0.36566667295575
0.11886837428188
0.529013789007729
0.352117836710391
0.118900227465747
0.550656035028378
0.330443737505875
0.118927195685587
0.592731331007995
0.288341473306418
0.118951915187966
0.720119584893903
0.160928499918131
0.118976419661916
0.881023580338084
0
0.118990820710066
0.881009179289934
0
0.118764710618715
0.476345728050397
0.404889561330888
0.118786696331433
0.502556880588813
0.378656423079754
0.118820089904577
0.513298630706019
0.367881279389405
0.118855032277377
0.52347590273451
0.357669064988114
0.118888011416666
0.538099740769826
0.343012247813508
0.118917983861761
0.561880871137294
0.319201145000945
0.118945686480488
0.611594754441048
0.269459559078464
0.118972979695854
0.787999302079866
0.0930277182242796
0.118999370051936
0.881000629948064
0
0.119015243423822
0.880984756576178
0
0.118814131693297
0.50841374818009
0.372772120126612
0.11883034452214
0.515502982522109
0.365666672955751
0.118855032277377
0.52347590273451
0.357669064988114
0.118883541523637
0.534530648032715
0.346585810443648
0.118913228140676
0.550720373706349
0.330366398152975
0.118942733162888
0.577877606214328
0.303179660622784
0.118972928075338
0.640732088462708
0.240294983461954
0.119005440920055
0.880994559079945
0
0.119034996695204
0.880965003304796
0
0.119053012318605
0.880946987681395
0
0.118856983872074
0.522746764247356
0.35839625188057
0.11886837428188
0.529013789007728
0.352117836710392
0.118888011416666
0.538099740769826
0.343012247813509
0.118913228140676
0.550720373706349
0.330366398152976
0.118942255379658
0.569419146271469
0.311638598348873
0.118974418467057
0.604122827531013
0.27690275400193
0.119009255157117
0.695435388041712
0.18555535680117
0.119049662367523
0.880950337632477
0
0.119085340720567
0.880914659279433
0
0.119105923860702
0.880894076139298
0
0.118890785498394
0.542613744412543
0.338495470089063
0.118900227465747
0.550656035028377
0.330443737505876
0.118917983861761
0.561880871137294
0.319201145000945
0.118942733162888
0.577877606214328
0.303179660622784
0.118974418467057
0.604122827531012
0.27690275400193
0.11901216809109
0.655758384283032
0.225229447625878
0.119057940999874
0.843099438874774
0.0378426201253525
0.119106601578466
0.880893398421534
0
0.11915103395666
0.88084896604334
0
0.119176253324681
0.880823746675319
0
0.118917853912608
0.579499775281399
0.301582370805994
0.118927195685587
0.592731331007995
0.288341473306418
0.118945686480488
0.611594754441047
0.269459559078464
0.118972928075338
0.640732088462707
0.240294983461954
0.119009255157117
0.695435388041712
0.185555356801171
0.119057940999874
0.843099438874774
0.0378426201253523
0.119113692948597
0.880886307051403
0
0.119177707488719
0.880822292511281
0
0.119233754931584
0.880766245068416
0
0.119268373455551
0.880731626544449
0
0.118941681890984
0.679120900510984
0.201937417598032
0.118951915187966
0.720119584893902
0.160928499918133
0.118972979695854
0.787999302079865
0.0930277182242814
0.119005440920055
0.880994559079945
0
0.119049662367523
0.880950337632477
0
0.119106601578466
0.880893398421534
0
0.119177707488719
0.880822292511281
0
0.119256918265034
0.880743081734966
0
0.119334529640057
0.880665470359943
0
0.119391387462387
0.880608612537613
0
0.118965063826557
0.881034936173443
0
0.118976419661916
0.881023580338084
0
0.118999370051936
0.881000629948064
0
0.119034996695204
0.880965003304796
0
0.119085340720567
0.880914659279433
0
0.11915103395666
0.88084896604334
0
0.119233754931584
0.880766245068416
0
0.119334529640057
0.880665470359943
0
0.119451988599725
0.880548011400275
0
0.119566976954647
0.880433023045353
0
0.118978711180897
0.881021288819103
0
0.118990820710066
0.881009179289934
0
0.119015243423822
0.880984756576178
0
0.119053012318605
0.880946987681395
0
0.119105923860702
0.880894076139298
0
0.119176253324681
0.880823746675319
0
0.119268373455551
0.880731626544449
0
0.119391387462387
0.880608612537613
0
0.119566976954647
0.880433023045353
0
0.119847380144273
0.880152619855727
0
0.118646447745331
0.472411548059672
0.408942004194997
0.118713491286804
0.591505214244439
0.289781294468757
0.118765542686273
0.881234457313727
0
0.118814495543571
0.881185504456429
0
0.118857485662318
0.881142514337682
0
0.118891303442674
0.881108696557326
0
0.118918394636809
0.881081605363191
0
0.118941938750136
0.881058061249864
0
0.118965073051421
0.881034926948579
0
0.118978632180294
0.881021367819706
0
0.118713491286804
0.591505214244445
0.289781294468751
0.118745425411173
0.881254574588827
0
0.118787023688882
0.881212976311118
0
0.118830834508061
0.881169165491939
0
0.118868900435233
0.881131099564767
0
0.118900755049179
0.881099244950821
0
0.1189276692551
0.8810723307449
0
0.11895212236362
0.88104787763638
0
0.118976396047624
0.881023603952376
0
0.118990738441799
0.881009261558201
0
0.118765542686273
0.881234457313727
0
0.118787023688882
0.881212976311118
0
0.118820573673328
0.881179426326672
0
0.118855563277438
0.881144436722562
0
0.118888545001926
0.881111454998074
0
0.11891853606094
0.88108146393906
0
0.118946101383481
0.881053898616519
0
0.118973143808039
0.881026856191961
0
0.118999333068534
0.881000666931466
0
0.119015160716339
0.880984839283661
0
0.118814495543572
0.881185504456428
0
0.118830834508061
0.881169165491939
0
0.118855563277438
0.881144436722562
0
0.118884077012145
0.881115922987855
0
0.118913777486214
0.881086222513786
0
0.118943346848288
0.881056653151712
0
0.118973300012113
0.881026699987887
0
0.119005579817158
0.880994420182842
0
0.119034960570032
0.880965039429968
0
0.119052931990047
0.880947068009953
0
0.118857485662318
0.881142514337682
0
0.118868900435233
0.881131099564767
0
0.118888545001926
0.881111454998074
0
0.118913777486214
0.881086222513786
0
0.11894284958973
0.88105715041027
0
0.118974892801221
0.881025107198779
0
0.119009564251218
0.880990435748782
0
0.119049709057819
0.880950290942181
0
0.119085288776862
0.880914711223139
0
0.11910584831365
0.88089415168635
0
0.118891303442674
0.881108696557326
0
0.118900755049179
0.881099244950821
0
0.11891853606094
0.88108146393906
0
0.118943346848288
0.881056653151712
0
0.118974892801221
0.881025107198779
0
0.119012559209181
0.880987440790818
0
0.119058089522432
0.880941910477568
0
0.119106621697192
0.880893378302808
0
0.119150974151669
0.880849025848331
0
0.119176185852406
0.880823814147594
0
0.118918394636809
0.881081605363191
0
0.1189276692551
0.8810723307449
0
0.118946101383481
0.881053898616519
0
0.118973300012113
0.881026699987887
0
0.119009564251218
0.880990435748782
0
0.119058089522432
0.880941910477568
0
0.119113759651783
0.880886240348217
0
0.119177670410921
0.880822329589079
0
0.119233698886693
0.880766301113307
0
0.119268318862809
0.880731681137191
0
0.118941938750136
0.881058061249864
0
0.11895212236362
0.88104787763638
0
0.118973143808039
0.881026856191961
0
0.119005579817158
0.880994420182842
0
0.119049709057819
0.880950290942181
0
0.119106621697192
0.880893378302808
0
0.119177670410921
0.880822329589079
0
0.119256868643005
0.880743131356995
0
0.11933448688588
0.88066551311412
0
0.119391353667002
0.880608646332998
0
0.118965073051421
0.881034926948579
0
0.118976396047624
0.881023603952376
0
0.118999333068534
0.881000666931466
0
0.119034960570032
0.880965039429968
0
0.119085288776862
0.880914711223138
0
0.119150974151669
0.880849025848331
0
0.119233698886693
0.880766301113307
0
0.11933448688588
0.88066551311412
0
0.119451967232985
0.880548032767015
0
0.1195670035741
0.8804329964259
0
0.118978632180294
0.881021367819706
0
0.118990738441799
0.881009261558201
0
0.119015160716339
0.880984839283661
0
0.119052931990048
0.880947068009953
0
0.11910584831365
0.88089415168635
0
0.119176185852406
0.880823814147594
0
0.119268318862809
0.880731681137191
0
0.119391353667002
0.880608646332998
0
0.1195670035741
0.8804329964259
0
0.119850392715877
0.880149607284124
0
0.11865025056388
0.59865462922806
0.28269512020806
0.11871562705516
0.73042366812222
0.15086070482262
0.118765764427899
0.881234235572101
0
0.118814371537928
0.881185628462072
0
0.118857373273813
0.881142626726187
0
0.118891209449464
0.881108790550536
0
0.118918331067362
0.881081668932638
0
0.118941910420453
0.881058089579547
0
0.118964962287768
0.881035037712232
0
0.118978490317477
0.881021509682523
0
0.11871562705516
0.730423668122221
0.150860704822619
0.118745737735054
0.881254262264946
0
0.118786899443276
0.881213100556724
0
0.118830713564726
0.881169286435274
0
0.118868796219707
0.881131203780293
0
0.118900668510835
0.881099331489165
0
0.118927615051825
0.881072384948175
0
0.118952102285464
0.881047897714536
0
0.118976286358226
0.881023713641774
0
0.118990593140917
0.881009406859083
0
0.118765764427899
0.881234235572101
0
0.118786899443276
0.881213100556724
0
0.118820449318781
0.881179550681219
0
0.11885545418763
0.88114454581237
0
0.118888449762323
0.881111550237677
0
0.118918462842835
0.881081537157165
0
0.118946063581613
0.881053936418387
0
0.118973125144026
0.881026874855974
0
0.118999233685034
0.881000766314966
0
0.119015015546288
0.880984984453712
0
0.118814371537928
0.881185628462072
0
0.118830713564726
0.881169286435274
0
0.11885545418763
0.88114454581237
0
0.118883979218511
0.88111602078149
0
0.118913695868237
0.881086304131763
0
0.118943299893724
0.881056700106276
0
0.118973295296631
0.881026704703369
0
0.119005548930647
0.880994451069353
0
0.119034877120574
0.880965122879426
0
0.119052790641694
0.880947209358306
0
0.118857373273813
0.881142626726187
0
0.118868796219707
0.881131203780293
0
0.118888449762323
0.881111550237677
0
0.118913695868237
0.881086304131763
0
0.118942792067641
0.881057207932359
0
0.118974866105956
0.881025133894044
0
0.119009623644263
0.880990376355737
0
0.11904968039555
0.88095031960445
0
0.119085186387113
0.880914813612887
0
0.119105713436415
0.880894286563585
0
0.118891209449464
0.881108790550536
0
0.118900668510835
0.881099331489165
0
0.118918462842835
0.881081537157165
0
0.118943299893724
0.881056700106276
0
0.118974866105956
0.881025133894044
0
0.119012601331348
0.880987398668652
0
0.119058086139622
0.880941913860378
0
0.119106618613577
0.880893381386423
0
0.119150860416171
0.880849139583829
0
0.119176060932866
0.880823939067134
0
0.118918331067362
0.881081668932638
0
0.118927615051825
0.881072384948175
0
0.118946063581613
0.881053936418387
0
0.118973295296631
0.881026704703369
0
0.119009623644263
0.880990376355737
0
0.119058086139622
0.880941913860378
0
0.119113821736175
0.880886178263825
0
0.119177587873446
0.880822412126554
0
0.119233587534553
0.880766412465447
0
0.119268208149183
0.880731791850817
0
0.118941910420453
0.881058089579547
0
0.118952102285464
0.881047897714536
0
0.118973125144026
0.881026874855974
0
0.119005548930647
0.880994451069353
0
0.11904968039555
0.88095031960445
0
0.119106618613577
0.880893381386423
0
0.119177587873446
0.880822412126554
0
0.119256764996589
0.880743235003411
0
0.119334388081167
0.880665611918833
0
0.119391263148928
0.880608736851072
0
0.118964962287768
0.881035037712232
0
0.118976286358226
0.881023713641774
0
0.118999233685034
0.881000766314966
0
0.119034877120574
0.880965122879426
0
0.119085186387113
0.880914813612887
0
0.119150860416171
0.880849139583829
0
0.119233587534553
0.880766412465447
0
0.119334388081167
0.880665611918833
0
0.119451887243425
0.880548112756575
0
0.119566987756292
0.880433012243708
0
0.118978490317477
0.881021509682523
0
0.118990593140917
0.881009406859083
0
0.119015015546288
0.880984984453712
0
0.119052790641694
0.880947209358306
0
0.119105713436415
0.880894286563585
0
0.119176060932866
0.880823939067134
0
0.119268208149183
0.880731791850817
0
0.119391263148928
0.880608736851072
0
0.119566987756292
0.880433012243708
0
0.119856670855405
0.880143329144595
0
