0.11863005750386
0.400615171175735
0.480754771320406
0.118696298077343
0.433107049978981
0.448196651943676
0.118748175564165
0.478765590975256
0.402486233460579
0.118798114814313
0.511983051317182
0.369218833868505
0.118841480733092
0.524387466720153
0.356771052546755
0.118875350176495
0.542690892832638
0.338433756990867
0.118902217074521
0.577480919539752
0.303616863385727
0.118925439624217
0.670633799335485
0.210440761040298
0.118947669334489
0.881052330665511
0
0.118961148590446
0.881038851409554
0
0.118696298077343
0.433107049978978
0.448196651943679
0.118728373890132
0.471699107472739
0.40957251863713
0.118770411679584
0.506752925976834
0.374476662343583
0.118814660388271
0.51788736570228
0.363297973909449
0.118852958261485
0.529959713090131
0.351187328648384
0.118884811584683
0.550104405606579
0.331010782808738
0.118911457121934
0.589540575065617
0.291547967812449
0.118935460585504
0.706839755404505
0.174224784009991
0.118959079933505
0.881040920066495
0
0.118973314180009
0.881026685819991
0
0.118748175564165
0.478765590975253
0.402486233460582
0.118770411679584
0.506752925976834
0.374476662343583
0.118804332523765
0.515930416276409
0.365265251199826
0.118839586015675
0.524856285916745
0.356304128067581
0.118872692372427
0.538266023396955
0.342861284230618
0.118902616761808
0.560455296114194
0.320642087123998
0.118929937926888
0.606489970073848
0.274580091999264
0.118956272340961
0.76498170883062
0.116062018828419
0.118982135200905
0.881017864799095
0
0.118997770305042
0.881002229694958
0
0.118798114814313
0.511983051317179
0.369218833868507
0.118814660388271
0.517887365702279
0.36329797390945
0.118839586015674
0.524856285916745
0.35630412806758
0.118868233489737
0.534924682513647
0.346207083996616
0.118897936638486
0.549912721085241
0.331189342276274
0.118927336030366
0.574997768630885
0.306074895338749
0.118957120554811
0.63170617598687
0.249336703458319
0.118989634403964
0.858392023074211
0.0226183425218254
0.119017614105902
0.880982385894098
0
0.119035471750899
0.880964528249101
0
0.118841480733092
0.524387466720151
0.356771052546757
0.118852958261485
0.529959713090131
0.351187328648384
0.118872692372427
0.538266023396954
0.342861284230619
0.118897936638486
0.549912721085241
0.331189342276273
0.118926801952438
0.567143963540184
0.313929234507378
0.118958463315905
0.598464495234695
0.2825770414494
0.118992527412029
0.676271168614157
0.204736303973814
0.119032055305128
0.880967944694872
0
0.119067461296449
0.880932538703551
0
0.119088311026442
0.880911688973558
0
0.118875350176495
0.542690892832636
0.338433756990868
0.118884811584683
0.550104405606579
0.331010782808739
0.118902616761808
0.560455296114194
0.320642087123998
0.118927336030366
0.574997768630885
0.306074895338749
0.118958463315905
0.598464495234695
0.2825770414494
0.118995519372701
0.642491408398318
0.238513072228981
0.119039472960956
0.795123358006821
0.0858371690322227
0.119088496455377
0.880911503544623
0
0.11913334148163
0.88086665851837
0
0.119158963485638
0.880841036514362
0
0.118902217074521
0.577480919539752
0.303616863385728
0.118911457121934
0.589540575065616
0.29154796781245
0.118929937926888
0.606489970073848
0.274580091999264
0.118957120554811
0.63170617598687
0.249336703458319
0.118992527412029
0.676271168614157
0.204736303973814
0.119039472960956
0.795123358006821
0.0858371690322224
0.119095981626145
0.880904018373855
0
0.11915988915172
0.88084011084828
0
0.119216753320954
0.880783246679046
0
0.119251878490779
0.880748121509221
0
0.118925439624217
0.670633799335484
0.210440761040299
0.118935460585504
0.706839755404505
0.174224784009991
0.118956272340961
0.76498170883062
0.116062018828419
0.118989634403964
0.858392023074211
0.0226183425218247
0.119032055305128
0.880967944694872
0
0.119088496455377
0.880911503544623
0
0.11915988915172
0.88084011084828
0
0.119240018813883
0.880759981186117
0
0.119318631243136
0.880681368756864
0
0.119376163610882
0.880623836389118
0
0.118947669334489
0.881052330665511
0
0.118959079933505
0.881040920066495
0
0.118982135200905
0.881017864799095
0
0.119017614105902
0.880982385894098
0
0.119067461296449
0.880932538703551
0
0.11913334148163
0.88086665851837
0
0.119216753320954
0.880783246679046
0
0.119318631243136
0.880681368756864
0
0.119437391944917
0.880562608055083
0
0.119553475998209
0.880446524001791
0
0.118961148590446
0.881038851409554
0
0.118973314180009
0.881026685819991
0
0.118997770305042
0.881002229694958
0
0.119035471750899
0.880964528249101
0
0.119088311026441
0.880911688973559
0
0.119158963485638
0.880841036514362
0
0.119251878490779
0.880748121509221
0
0.119376163610882
0.880623836389118
0
0.119553475998209
0.880446524001791
0
0.119835898616252
0.880164101383748
0
0.118632359736863
0.470347280087598
0.411020360175539
0.118698207485319
0.586861478067477
0.294440314447204
0.118748990927508
0.881251009072492
0
0.118798372074336
0.881201627925664
0
0.118841933971466
0.881158066028534
0
0.118875835088877
0.881124164911123
0
0.118902725914435
0.881097274085565
0
0.118925693922841
0.881074306077159
0
0.118947692690066
0.881052307309934
0
0.118961069661145
0.881038930338855
0
0.118698207485319
0.586861478067481
0.2944403144472
0.118729279786479
0.881270720213521
0
0.118770610957169
0.881229389042831
0
0.11881509011971
0.88118490988029
0
0.118853444394345
0.881146555605655
0
0.118885308819402
0.881114691180598
0
0.118911926080298
0.881088073919703
0
0.118935676008688
0.881064323991312
0
0.118959065968933
0.881040934031067
0
0.118973231097741
0.881026768902259
0
0.118748990927508
0.881251009072493
0
0.118770610957169
0.881229389042831
0
0.118804753054979
0.881195246945021
0
0.118840072003426
0.881159927996574
0
0.118873191001659
0.881126808998341
0
0.118903134657599
0.881096865342401
0
0.118930346391787
0.881069653608213
0
0.118956451094235
0.881043548905765
0
0.118982100366554
0.881017899633446
0
0.118997686135094
0.881002313864906
0
0.118798372074336
0.881201627925664
0
0.11881509011971
0.88118490988029
0
0.118840072003426
0.881159927996574
0
0.118868732677829
0.881131267322171
0
0.11889845150918
0.88110154849082
0
0.118927906001856
0.881072093998144
0
0.118957504354182
0.881042495645818
0
0.11898975671109
0.88101024328891
0
0.119017582452018
0.880982417547982
0
0.119035389648741
0.880964610351259
0
0.118841933971466
0.881158066028534
0
0.118853444394345
0.881146555605655
0
0.118873191001659
0.881126808998341
0
0.11889845150918
0.88110154849082
0
0.118927356895888
0.881072643104112
0
0.118958941432314
0.881041058567686
0
0.118992864281542
0.881007135718458
0
0.11903212662596
0.88096787337404
0
0.119067414813746
0.880932585186254
0
0.119088233650548
0.880911766349452
0
0.118875835088877
0.881124164911123
0
0.118885308819402
0.881114691180598
0
0.118903134657599
0.881096865342401
0
0.118927906001856
0.881072093998144
0
0.118958941432314
0.881041058567686
0
0.118995913360078
0.881004086639922
0
0.119039652100695
0.880960347899305
0
0.11908852460088
0.88091147539912
0
0.11913328257456
0.88086671742544
0
0.119158894140636
0.880841105859364
0
0.118902725914435
0.881097274085565
0
0.118911926080298
0.881088073919703
0
0.118930346391787
0.881069653608213
0
0.118957504354182
0.881042495645818
0
0.118992864281542
0.881007135718458
0
0.119039652100695
0.880960347899305
0
0.119096047157078
0.880903952842922
0
0.119159859715807
0.880840140284193
0
0.119216696261407
0.880783303738593
0
0.119251822092519
0.880748177907481
0
0.118925693922841
0.881074306077159
0
0.118935676008688
0.881064323991312
0
0.118956451094235
0.881043548905766
0
0.11898975671109
0.88101024328891
0
0.11903212662596
0.88096787337404
0
0.11908852460088
0.88091147539912
0
0.119159859715807
0.880840140284193
0
0.119239968977257
0.880760031022743
0
0.119318586944702
0.880681413055298
0
0.119376128116602
0.880623871883398
0
0.118947692690066
0.881052307309934
0
0.118959065968933
0.881040934031067
0
0.118982100366555
0.881017899633445
0
0.119017582452018
0.880982417547982
0
0.119067414813746
0.880932585186254
0
0.11913328257456
0.88086671742544
0
0.119216696261407
0.880783303738593
0
0.119318586944702
0.880681413055298
0
0.119437369000465
0.880562630999535
0
0.119553501136771
0.880446498863229
0
0.118961069661145
0.881038930338855
0
0.118973231097741
0.881026768902259
0
0.118997686135094
0.881002313864906
0
0.119035389648741
0.880964610351259
0
0.119088233650548
0.880911766349452
0
0.119158894140636
0.880841105859364
0
0.119251822092519
0.880748177907481
0
0.119376128116602
0.880623871883398
0
0.119553501136771
0.880446498863229
0
0.119838913657751
0.880161086342249
0
0.11863613875069
0.597033087973693
0.284330773275617
0.118700382578717
0.72827476020465
0.153024857216633
0.118749226463151
0.881250773536849
0
0.118798236854131
0.881201763145869
0
0.118841816372638
0.881158183627362
0
0.1188757365638
0.8811242634362
0
0.118902655904974
0.881097344095025
0
0.118925656323841
0.881074343676159
0
0.118947589162286
0.881052410837714
0
0.118960927369259
0.881039072630741
0
0.118700382578716
0.728274760204651
0.153024857216632
0.118729608652899
0.881270391347101
0
0.118770473711928
0.881229526288072
0
0.11881496316312
0.88118503683688
0
0.118853335705139
0.881146664294861
0
0.118885217508926
0.881114782491075
0
0.118911866473838
0.881088133526162
0
0.118935651758751
0.881064348241249
0
0.118958960632198
0.881041039367802
0
0.118973084260548
0.881026915739452
0
0.118749226463151
0.881250773536849
0
0.118770473711928
0.881229526288072
0
0.118804622552464
0.881195377447536
0
0.118839958255318
0.881160041744682
0
0.118873091249696
0.881126908750304
0
0.118903055512463
0.881096944487537
0
0.118930300567852
0.881069699432148
0
0.118956443387937
0.881043556612063
0
0.118981998112995
0.881018001887005
0
0.118997538785552
0.881002461214448
0
0.118798236854131
0.881201763145869
0
0.11881496316312
0.88118503683688
0
0.118839958255318
0.881160041744682
0
0.118868630413539
0.881131369586461
0
0.118898364624957
0.881101635375043
0
0.11892785000919
0.88107214999081
0
0.118957491226354
0.881042508773646
0
0.118989681709147
0.881010318290853
0
0.119017503821888
0.880982496178112
0
0.119035245921428
0.880964754078572
0
0.118841816372638
0.881158183627362
0
0.118853335705139
0.881146664294861
0
0.118873091249696
0.881126908750305
0
0.118898364624957
0.881101635375043
0
0.118927291673496
0.881072708326504
0
0.118958907586405
0.881041092413595
0
0.118992911942425
0.881007088057575
0
0.119032110270035
0.880967889729965
0
0.119067320153763
0.880932679846237
0
0.119088096406178
0.880911903593822
0
0.1188757365638
0.8811242634362
0
0.118885217508925
0.881114782491075
0
0.118903055512463
0.881096944487537
0
0.11892785000919
0.88107214999081
0
0.118958907586405
0.881041092413595
0
0.118995933418513
0.881004066581487
0
0.119039688697271
0.880960311302729
0
0.119088525706614
0.880911474293386
0
0.119133170179792
0.880866829820208
0
0.119158766733894
0.880841233266106
0
0.118902655904974
0.881097344095026
0
0.118911866473838
0.881088133526162
0
0.118930300567852
0.881069699432148
0
0.118957491226354
0.881042508773646
0
0.118992911942425
0.881007088057575
0
0.119039688697271
0.880960311302729
0
0.119096089115632
0.880903910884368
0
0.119159788134721
0.880840211865279
0
0.119216583595108
0.880783416404892
0
0.119251708903856
0.880748291096144
0
0.118925656323841
0.881074343676159
0
0.118935651758751
0.881064348241249
0
0.118956443387937
0.881043556612063
0
0.118989681709148
0.881010318290853
0
0.119032110270035
0.880967889729965
0
0.119088525706614
0.880911474293386
0
0.119159788134721
0.880840211865279
0
0.119239865118975
0.880760134881025
0
0.119318486038739
0.880681513961261
0
0.119376035258987
0.880623964741013
0
0.118947589162286
0.881052410837714
0
0.118958960632198
0.881041039367802
0
0.118981998112995
0.881018001887005
0
0.119017503821888
0.880982496178112
0
0.119067320153763
0.880932679846237
0
0.119133170179792
0.880866829820208
0
0.119216583595108
0.880783416404892
0
0.119318486038739
0.880681513961261
0
0.119437286808658
0.880562713191342
0
0.119553483246735
0.880446516753265
0
0.118960927369259
0.881039072630741
0
0.118973084260548
0.881026915739452
0
0.118997538785552
0.881002461214448
0
0.119035245921428
0.880964754078572
0
0.119088096406178
0.880911903593822
0
0.119158766733894
0.880841233266106
0
0.119251708903856
0.880748291096144
0
0.119376035258987
0.880623964741013
0
0.119553483246735
0.880446516753265
0
0.119845197823926
0.880154802176073
0
