0.118616222816741
0.400118687307868
0.481265089875392
0.11868220118952
0.431971953109479
0.449345845701001
0.118733654136551
0.477942980437838
0.403323365425612
0.118783235897091
0.511630487012593
0.369586277090316
0.1188265099083
0.523489971846994
0.357683518244706
0.118860179370173
0.541175486253659
0.339964334376168
0.11888674577967
0.574806938456978
0.306306315763352
0.118909418783126
0.663712865669622
0.217377715547252
0.118930890390408
0.881069109609592
0
0.118944136931597
0.881055863068403
0
0.11868220118952
0.431971953109476
0.449345845701004
0.11871400241134
0.470799156106732
0.410486841481928
0.118755671727771
0.506539903112007
0.374704425160223
0.118799812336551
0.517212691606575
0.363987496056874
0.118837957276808
0.528773398691036
0.352388644032156
0.118869564965025
0.548290342247691
0.332840092787284
0.118895778626023
0.586125935894316
0.29497828547966
0.118919188397376
0.696665513320861
0.184415298281763
0.118942223529329
0.881057776470671
0
0.118956210098539
0.881043789901461
0
0.118733654136551
0.477942980437834
0.403323365425615
0.118755671727771
0.506539903112006
0.374704425160223
0.118789542487115
0.515324736723588
0.365885720789297
0.118824679640674
0.523806682711505
0.357368637647822
0.118857598736353
0.536774061889257
0.34436833937439
0.11888725029317
0.558197828265228
0.322914921441602
0.118914061008713
0.601948934113844
0.279137004877443
0.118939579880512
0.748423225303839
0.132637194815649
0.118964944039919
0.881035055960081
0
0.118980407698052
0.881019592301948
0
0.118783235897091
0.51163048701259
0.369586277090319
0.118799812336551
0.517212691606574
0.363987496056876
0.118824679640673
0.523806682711505
0.357368637647821
0.118853184553221
0.533521930566808
0.347624884879971
0.118882666009431
0.547995185876301
0.333122148114268
0.118911742173055
0.571898451410542
0.309189806416402
0.118940881999956
0.624827920732113
0.256231197267931
0.118971778687461
0.835140243821569
0.0458879774909698
0.118999751528253
0.881000248471747
0
0.119017696319002
0.880982303680998
0
0.1188265099083
0.523489971846992
0.357683518244708
0.118837957276808
0.528773398691036
0.352388644032156
0.118857598736353
0.536774061889256
0.344368339374391
0.118882666009431
0.547995185876302
0.333122148114267
0.118911204090691
0.564420312880994
0.316668483028314
0.118942259759547
0.593594882897392
0.287462857343061
0.118975815859128
0.66377083280029
0.217253351340582
0.119014055978824
0.880985944021176
0
0.119049111150824
0.880950888849176
0
0.11907016874335
0.88092983125665
0
0.118860179370173
0.541175486253658
0.339964334376169
0.118869564965025
0.548290342247691
0.332840092787284
0.11888725029317
0.558197828265228
0.322914921441603
0.118911742173055
0.571898451410542
0.309189806416403
0.118942259759547
0.593594882897391
0.287462857343061
0.118978452726756
0.633325739490202
0.247695807783042
0.119020850175796
0.762209459368175
0.118769690456028
0.119070306934836
0.880929693065164
0
0.119114873959902
0.880885126040098
0
0.119140629930188
0.880859370069812
0
0.11888674577967
0.574806938456978
0.306306315763352
0.118895778626023
0.586125935894316
0.294978285479661
0.118914061008713
0.601948934113844
0.279137004877443
0.118940881999956
0.624827920732113
0.256231197267931
0.118975815859128
0.66377083280029
0.217253351340582
0.119020850175796
0.762209459368176
0.118769690456028
0.119078642448057
0.880921357551943
0
0.119141273413806
0.880858726586194
0
0.119198231695438
0.880801768304562
0
0.119233479214098
0.880766520785902
0
0.118909418783126
0.663712865669622
0.217377715547252
0.118919188397376
0.696665513320861
0.184415298281762
0.118939579880512
0.748423225303839
0.132637194815649
0.118971778687461
0.83514024382157
0.045887977490969
0.119014055978824
0.880985944021176
0
0.119070306934836
0.880929693065164
0
0.119141273413806
0.880858726586194
0
0.119221408990568
0.880778591009432
0
0.119300177460957
0.880699822539043
0
0.119357833401649
0.880642166598351
0
0.118930890390408
0.881069109609592
0
0.118942223529329
0.881057776470671
0
0.118964944039919
0.881035055960081
0
0.118999751528253
0.881000248471747
0
0.119049111150824
0.880950888849176
0
0.119114873959902
0.880885126040098
0
0.119198231695438
0.880801768304562
0
0.119300177460957
0.880699822539043
0
0.119419100048976
0.880580899951024
0
0.119535365575256
0.880464634424744
0
0.118944136931597
0.881055863068403
0
0.118956210098539
0.881043789901461
0
0.118980407698052
0.881019592301948
0
0.119017696319002
0.880982303680998
0
0.11907016874335
0.88092983125665
0
0.119140629930188
0.880859370069812
0
0.119233479214098
0.880766520785902
0
0.119357833401649
0.880642166598351
0
0.119535365575256
0.880464634424744
0
0.119818217935919
0.880181782064081
0
0.118618518493488
0.469468923701565
0.411912557804948
0.11868410671443
0.583054237917239
0.298261655368331
0.118734440466732
0.881265559533268
0
0.11878346785233
0.88121653214767
0
0.118826952840547
0.881173047159453
0
0.118860659715399
0.881139340284601
0
0.118887245752877
0.881112754247123
0
0.118909679082627
0.881090320917373
0
0.118930924380211
0.881069075619789
0
0.11894405790781
0.88105594209219
0
0.11868410671443
0.583054237917243
0.298261655368327
0.118714892862748
0.881285107137252
0
0.118755835368132
0.881244164631868
0
0.11880022559157
0.88119977440843
0
0.118838437682438
0.881161562317561
0
0.118870058424048
0.881129941575952
0
0.118896267350678
0.881103732649322
0
0.118919416250293
0.881080583749707
0
0.118942215547588
0.881057784452412
0
0.118956126522848
0.881043873477152
0
0.118734440466732
0.881265559533268
0
0.118755835368132
0.881244164631868
0
0.118789943865187
0.881210056134813
0
0.118825158357744
0.881174841642256
0
0.118858093738335
0.881141906261665
0
0.118887761389271
0.881112238610729
0
0.118914480084389
0.881085519915611
0
0.11893976735165
0.88106023264835
0
0.118964912437894
0.881035087562106
0
0.11898032278955
0.88101967721045
0
0.11878346785233
0.88121653214767
0
0.118800225591569
0.881199774408431
0
0.118825158357744
0.881174841642256
0
0.118853680247313
0.881146319752687
0
0.11888317543052
0.88111682456948
0
0.118912297426812
0.881087702573188
0
0.118941270308522
0.881058729691478
0
0.118971914923465
0.881028085076535
0
0.118999723623837
0.881000276376163
0
0.119017613302968
0.880982386697032
0
0.118826952840547
0.881173047159453
0
0.118838437682438
0.881161562317561
0
0.118858093738335
0.881141906261665
0
0.11888317543052
0.88111682456948
0
0.11891174836761
0.88108825163239
0
0.118942764251331
0.881057235748669
0
0.118976157614652
0.881023842385348
0
0.119014149639207
0.880985850360793
0
0.119049070783582
0.880950929216418
0
0.119070090238433
0.880929909761567
0
0.118860659715399
0.881139340284601
0
0.118870058424048
0.881129941575952
0
0.118887761389271
0.881112238610729
0
0.118912297426812
0.881087702573188
0
0.118942764251331
0.881057235748669
0
0.118978865176031
0.881021134823969
0
0.11902107547109
0.88097892452891
0
0.119070336249682
0.880929663750318
0
0.119114817166591
0.880885182833409
0
0.119140559146343
0.880859440853657
0
0.118887245752877
0.881112754247123
0
0.118896267350678
0.881103732649322
0
0.118914480084389
0.881085519915611
0
0.118941270308522
0.881058729691478
0
0.118976157614652
0.881023842385348
0
0.11902107547109
0.88097892452891
0
0.119078694771734
0.880921305228266
0
0.119141253972435
0.880858746027565
0
0.11919817426454
0.88080182573546
0
0.11923342116877
0.88076657883123
0
0.118909679082627
0.881090320917373
0
0.118919416250293
0.881080583749707
0
0.11893976735165
0.88106023264835
0
0.118971914923465
0.881028085076535
0
0.119014149639207
0.880985850360793
0
0.119070336249682
0.880929663750318
0
0.119141253972435
0.880858746027565
0
0.119221359839968
0.880778640160032
0
0.119300131785871
0.880699868214129
0
0.119357796155532
0.880642203844468
0
0.118930924380211
0.881069075619789
0
0.118942215547588
0.881057784452412
0
0.118964912437894
0.881035087562106
0
0.118999723623837
0.881000276376163
0
0.119049070783582
0.880950929216418
0
0.119114817166591
0.880885182833409
0
0.11919817426454
0.88080182573546
0
0.119300131785871
0.880699868214129
0
0.119419075405639
0.880580924594361
0
0.119535388955922
0.880464611044078
0
0.11894405790781
0.88105594209219
0
0.118956126522848
0.881043873477152
0
0.11898032278955
0.88101967721045
0
0.119017613302968
0.880982386697032
0
0.119070090238433
0.880929909761567
0
0.119140559146343
0.880859440853657
0
0.11923342116877
0.88076657883123
0
0.119357796155532
0.880642203844468
0
0.119535388955922
0.880464611044078
0
0.119821235483381
0.880178764516619
0
0.1186222844132
0.595944465965919
0.285433249620882
0.118686319444867
0.725618940703843
0.155694739851289
0.118734692132842
0.881265307867158
0
0.118783328845501
0.881216671154499
0
0.118826831401957
0.881173168598044
0
0.118860557532028
0.881139442467972
0
0.118887170122123
0.881112829877877
0
0.118909635393215
0.881090364606785
0
0.118930822833576
0.881069177166424
0
0.118943914803775
0.881056085196225
0
0.118686319444867
0.725618940703844
0.155694739851289
0.118715244034376
0.881284755965624
0
0.118755694268152
0.881244305731848
0
0.118800094325341
0.881199905674659
0
0.118838325461549
0.881161674538451
0
0.118869963312882
0.881130036687118
0
0.118896203934498
0.881103796065502
0
0.118919388749594
0.881080611250406
0
0.118942109029451
0.881057890970549
0
0.118955978377606
0.881044021622394
0
0.118734692132842
0.881265307867158
0
0.118755694268152
0.881244305731848
0
0.118789808845714
0.881210191154286
0
0.11882504100719
0.88117495899281
0
0.118857990471604
0.881142009528396
0
0.118887677439867
0.881112322560133
0
0.118914428127716
0.881085571872284
0
0.118939754549272
0.881060245450728
0
0.118964808705376
0.881035191294624
0
0.118980173757093
0.881019826242907
0
0.118783328845501
0.881216671154499
0
0.118800094325341
0.881199905674659
0
0.11882504100719
0.88117495899281
0
0.118853574563108
0.881146425436892
0
0.11888308432372
0.88111691567628
0
0.118912233991237
0.881087766008763
0
0.118941245942153
0.881058754057847
0
0.118971866144225
0.881028133855775
0
0.118999647476985
0.881000352523015
0
0.119017467588629
0.880982532411371
0
0.118826831401957
0.881173168598043
0
0.118838325461549
0.881161674538451
0
0.118857990471604
0.881142009528396
0
0.11888308432372
0.88111691567628
0
0.118911677058192
0.881088322941808
0
0.118942726019098
0.881057273980902
0
0.11897618409468
0.88102381590532
0
0.119014141083301
0.880985858916699
0
0.119048983799155
0.880951016200845
0
0.119069950831878
0.880930049168122
0
0.118860557532028
0.881139442467972
0
0.118869963312882
0.881130036687118
0
0.118887677439868
0.881112322560132
0
0.118912233991237
0.881087766008763
0
0.118942726019098
0.881057273980902
0
0.118978872300412
0.881021127699588
0
0.119021157294612
0.880978842705388
0
0.119070328043845
0.880929671956155
0
0.119114707142553
0.880885292857447
0
0.119140429279842
0.880859570720158
0
0.118887170122123
0.881112829877877
0
0.118896203934498
0.881103796065502
0
0.118914428127716
0.881085571872284
0
0.118941245942153
0.881058754057847
0
0.11897618409468
0.88102381590532
0
0.119021157294612
0.880978842705388
0
0.119078688552999
0.880921311447001
0
0.119141196216517
0.880858803783483
0
0.119198060696852
0.880801939303148
0
0.119233305332331
0.88076669466767
0
0.118909635393215
0.881090364606785
0
0.118919388749594
0.881080611250406
0
0.118939754549272
0.881060245450728
0
0.118971866144225
0.881028133855775
0
0.119014141083301
0.880985858916699
0
0.119070328043845
0.880929671956155
0
0.119141196216517
0.880858803783483
0
0.119221256596977
0.880778743403023
0
0.11930002864423
0.88069997135577
0
0.119357700574346
0.880642299425654
0
0.118930822833576
0.881069177166424
0
0.118942109029451
0.881057890970549
0
0.118964808705376
0.881035191294624
0
0.118999647476985
0.881000352523015
0
0.119048983799155
0.880951016200845
0
0.119114707142553
0.880885292857447
0
0.119198060696852
0.880801939303148
0
0.11930002864423
0.88069997135577
0
0.119418990581918
0.880581009418082
0
0.11953536840215
0.88046463159785
0
0.118943914803775
0.881056085196225
0
0.118955978377606
0.881044021622394
0
0.118980173757093
0.881019826242907
0
0.119017467588629
0.880982532411371
0
0.119069950831878
0.880930049168122
0
0.119140429279842
0.880859570720158
0
0.119233305332331
0.88076669466767
0
0.119357700574346
0.880642299425654
0
0.11953536840215
0.88046463159785
0
0.119827526731071
0.880172473268929
0
