0.118602280527434
0.399652068573084
0.481745650899483
0.118668009899607
0.430884099570216
0.450447890530177
0.118719085409622
0.47723842833485
0.404042486255528
0.118768352844936
0.511403996445406
0.369827650709657
0.118811562789551
0.522680129436171
0.358508307774278
0.118845045570995
0.539737430770464
0.341417523658541
0.11887131553667
0.572289438986711
0.308839245476619
0.118893458547133
0.657293487031018
0.223813054421849
0.118914203961454
0.881085796038546
0
0.11892719059441
0.88107280940559
0
0.118668009899607
0.430884099570214
0.45044789053018
0.1186995706575
0.469998245203977
0.411302184138523
0.118740905025054
0.506482133230156
0.374776961744791
0.118784977895461
0.516647140851015
0.364567881253524
0.118822998456045
0.527661948200516
0.353515053343438
0.118854379858282
0.546559559847634
0.334586060294085
0.118880186999679
0.582909489463423
0.298210323536898
0.11890303923104
0.687310621953484
0.193786338815476
0.118925471915241
0.881074528084759
0
0.118939177528533
0.881060822471467
0
0.118719085409622
0.477238428334847
0.404042486255531
0.118740905025054
0.506482133230155
0.374776961744791
0.118774761220433
0.514837413683175
0.366387825096392
0.118809818778178
0.52283661148655
0.358353569735272
0.118842583302688
0.535353475453753
0.345803941243559
0.118871993591377
0.556060518638908
0.325067487769715
0.118898349646601
0.597726974969142
0.283374675384257
0.118923188958756
0.733641084088194
0.14743572695305
0.118947921501732
0.881052078498268
0
0.118963136695596
0.881036863304404
0
0.118768352844936
0.511403996445403
0.369827650709661
0.118784977895461
0.516647140851014
0.364567881253525
0.118809818778178
0.522836611486551
0.358353569735272
0.118838222461512
0.532187025390958
0.34897475214753
0.118867534519849
0.546172589508707
0.334959875971445
0.118896347453745
0.569016349388049
0.312087303158205
0.118924932623093
0.618615912910995
0.262459154465912
0.118954521222684
0.812381643724264
0.0686638350530512
0.118982310640489
0.881017689359511
0
0.11900004385649
0.88099995614351
0
0.118811562789551
0.52268012943617
0.358508307774279
0.118822998456045
0.527661948200516
0.353515053343439
0.118842583302688
0.535353475453752
0.34580394124356
0.118867534519848
0.546172589508707
0.334959875971445
0.11889585272554
0.561859955374175
0.319244191900285
0.118926474098486
0.58907982901825
0.291993696883264
0.118959564830376
0.652911279893001
0.228129155276624
0.118996612114445
0.881003387885555
0
0.119030846286574
0.880969153713426
0
0.119052006193537
0.880947993806463
0
0.118845045570995
0.539737430770463
0.341417523658542
0.118854379858282
0.546559559847634
0.334586060294085
0.118871993591377
0.556060518638907
0.325067487769715
0.118896347453745
0.569016349388049
0.312087303158205
0.118926474098486
0.589079829018249
0.291993696883265
0.118962302241399
0.625280565268148
0.255757132490453
0.119003561011919
0.734725005853915
0.146271433134166
0.119051705706594
0.880948294293406
0
0.119096116590446
0.880903883409554
0
0.11912209653872
0.88087790346128
0
0.11887131553667
0.572289438986711
0.308839245476619
0.118880186999679
0.582909489463422
0.298210323536899
0.118898349646601
0.597726974969142
0.283374675384257
0.118924932623093
0.618615912910995
0.262459154465912
0.118959564830376
0.652911279893001
0.228129155276624
0.119003561011919
0.734725005853915
0.146271433134166
0.119060308011435
0.880939691988565
0
0.119121849330033
0.880878150669967
0
0.119179268430139
0.880820731569861
0
0.119214789782667
0.880785210217333
0
0.118893458547133
0.657293487031018
0.223813054421849
0.11890303923104
0.687310621953484
0.193786338815476
0.118923188958756
0.733641084088194
0.147435726953051
0.118954521222684
0.812381643724265
0.0686638350530506
0.118996612114445
0.881003387885555
0
0.119051705706594
0.880948294293406
0
0.119121849330033
0.880878150669967
0
0.119202198940641
0.880797801059359
0
0.119281337847752
0.880718662152248
0
0.11933922417859
0.88066077582141
0
0.118914203961454
0.881085796038546
0
0.118925471915241
0.881074528084759
0
0.118947921501732
0.881052078498268
0
0.118982310640489
0.881017689359511
0
0.119030846286575
0.880969153713426
0
0.119096116590446
0.880903883409554
0
0.119179268430139
0.880820731569861
0
0.119281337847752
0.880718662152248
0
0.119400518528584
0.880599481471416
0
0.119517023003577
0.880482976996423
0
0.11892719059441
0.88107280940559
0
0.118939177528533
0.881060822471467
0
0.118963136695596
0.881036863304404
0
0.11900004385649
0.88099995614351
0
0.119052006193537
0.880947993806463
0
0.11912209653872
0.88087790346128
0
0.119214789782667
0.880785210217333
0
0.11933922417859
0.88066077582141
0
0.119517023003577
0.880482976996423
0
0.119800332606464
0.880199667393536
0
0.118604569554536
0.468612379762327
0.412783050683138
0.118669913219009
0.579464162684458
0.301865924096533
0.118719821993258
0.881280178006742
0
0.118768553681586
0.881231446318414
0
0.118811993133822
0.881188006866177
0
0.118845520190442
0.881154479809558
0
0.118871807003661
0.881128192996339
0
0.118893725169674
0.881106274830326
0
0.118914248849152
0.881085751150848
0
0.118927111473369
0.881072888526631
0
0.118669913219009
0.579464162684463
0.301865924096528
0.118700421245629
0.881299578754371
0
0.118741025701775
0.881258974298225
0
0.118785371511488
0.881214628488512
0
0.11882347111994
0.88117652888006
0
0.118854868512664
0.881145131487336
0
0.118880696142332
0.881119303857668
0
0.118903280627972
0.881096719372028
0
0.118925470281923
0.881074529718077
0
0.11893909338776
0.88106090661224
0
0.118719821993258
0.881280178006743
0
0.118741025701775
0.881258974298225
0
0.118775139979115
0.881224860020885
0
0.118810287672133
0.881189712327867
0
0.11884307285926
0.88115692714074
0
0.118872497111643
0.881127502888357
0
0.118898779566643
0.881101220433356
0
0.118923383865552
0.881076616134448
0
0.118947894048115
0.881052105951885
0
0.118963050910879
0.881036949089121
0
0.118768553681586
0.881231446318414
0
0.118785371511488
0.881214628488512
0
0.118810287672133
0.881189712327867
0
0.118838712578933
0.881161287421067
0
0.118868037088231
0.881131962911769
0
0.118896888592042
0.881103111407958
0
0.118925324485968
0.881074675514032
0
0.118954669400673
0.881045330599327
0
0.118982280791775
0.881017719208225
0
0.118999959611421
0.881000040388579
0
0.118811993133822
0.881188006866178
0
0.11882347111994
0.88117652888006
0
0.11884307285926
0.88115692714074
0
0.118868037088231
0.881131962911769
0
0.118896386334399
0.881103613665602
0
0.118927006074066
0.881072993925934
0
0.118959914929057
0.881040085070943
0
0.11899672376285
0.88100327623715
0
0.119030812706927
0.880969187293073
0
0.119051926432063
0.880948073567937
0
0.118845520190442
0.881154479809558
0
0.118854868512664
0.881145131487336
0
0.118872497111643
0.881127502888357
0
0.118896888592042
0.881103111407958
0
0.118927006074066
0.881072993925934
0
0.11896271353552
0.881037286464481
0
0.119003811143044
0.880996188856956
0
0.119051751017377
0.880948248982623
0
0.119096063273452
0.880903936726548
0
0.119122024377597
0.880877975622403
0
0.118871807003661
0.881128192996339
0
0.118880696142332
0.881119303857668
0
0.118898779566644
0.881101220433356
0
0.118925324485968
0.881074675514032
0
0.118959914929057
0.881040085070943
0
0.119003811143044
0.880996188856956
0
0.119060380773835
0.880939619226165
0
0.119121846071403
0.880878153928597
0
0.119179211256107
0.880820788743893
0
0.119214730250453
0.880785269749547
0
0.118893725169674
0.881106274830326
0
0.118903280627972
0.881096719372028
0
0.118923383865552
0.881076616134448
0
0.118954669400673
0.881045330599327
0
0.11899672376285
0.88100327623715
0
0.119051751017377
0.880948248982623
0
0.119121846071403
0.880878153928597
0
0.119202151604815
0.880797848395184
0
0.119281291123143
0.880718708876857
0
0.119339185379409
0.880660814620591
0
0.118914248849152
0.881085751150848
0
0.118925470281923
0.881074529718077
0
0.118947894048115
0.881052105951885
0
0.118982280791775
0.881017719208225
0
0.119030812706927
0.880969187293073
0
0.119096063273452
0.880903936726548
0
0.119179211256107
0.880820788743893
0
0.119281291123143
0.880718708876857
0
0.119400492422765
0.880599507577235
0
0.11951704483569
0.88048295516431
0
0.118927111473369
0.881072888526631
0
0.11893909338776
0.88106090661224
0
0.118963050910879
0.881036949089121
0
0.118999959611421
0.881000040388579
0
0.119051926432063
0.880948073567937
0
0.119122024377597
0.880877975622403
0
0.119214730250453
0.880785269749547
0
0.119339185379409
0.880660814620591
0
0.11951704483569
0.88048295516431
0
0.119803353153542
0.880196646846458
0
0.118608322249052
0.59490982481788
0.286481852933068
0.118672151859669
0.723043561188422
0.158284286951909
0.11872009107116
0.88127990892884
0
0.118768410358498
0.881231589641502
0
0.118811867685743
0.881188132314257
0
0.118845414307604
0.881154585692396
0
0.118871726082204
0.881128273917796
0
0.118893675830734
0.881106324169266
0
0.11891414856394
0.88108585143606
0
0.11892696760992
0.88107303239008
0
0.118672151859669
0.723043561188423
0.158284286951909
0.118700796444804
0.881299203555196
0
0.118740880148082
0.881259119851918
0
0.118785235688613
0.881214764311387
0
0.118823355237285
0.881176644762715
0
0.118854769612979
0.881145230387021
0
0.118880628951259
0.881119371048741
0
0.118903249931318
0.881096750068682
0
0.118925362416357
0.881074637583643
0
0.118938943957205
0.881061056042795
0
0.11872009107116
0.88127990892884
0
0.118740880148082
0.881259119851918
0
0.118775000169816
0.881224999830184
0
0.118810166545582
0.881189833454418
0
0.118842965999411
0.881157034000589
0
0.118872408530568
0.881127591469433
0
0.11889872191751
0.88110127808249
0
0.118923363431977
0.881076636568023
0
0.118947789694948
0.881052210305052
0
0.118962900266738
0.881037099733261
0
0.118768410358498
0.881231589641502
0
0.118785235688613
0.881214764311387
0
0.118810166545582
0.881189833454418
0
0.118838603370371
0.881161396629629
0
0.118867941824212
0.881132058175788
0
0.118896818438861
0.881103181561139
0
0.118925290095838
0.881074709904162
0
0.118954634253903
0.881045365746096
0
0.11898219780134
0.88101780219866
0
0.118999811828684
0.881000188171316
0
0.118811867685743
0.881188132314257
0
0.118823355237285
0.881176644762715
0
0.118842965999411
0.881157034000589
0
0.118867941824212
0.881132058175788
0
0.118896309445156
0.881103690554844
0
0.118926963709066
0.881073036290934
0
0.118959925217887
0.881040074782113
0
0.11899670634483
0.88100329365517
0
0.119030734742493
0.880969265257507
0
0.119051784897722
0.880948215102278
0
0.118845414307604
0.881154585692396
0
0.118854769612979
0.881145230387021
0
0.118872408530568
0.881127591469432
0
0.118896818438861
0.881103181561139
0
0.118926963709066
0.881073036290934
0
0.118962703700038
0.881037296299962
0
0.11900388648619
0.88099611351381
0
0.119051755193904
0.880948244806096
0
0.119095957669382
0.880904042330618
0
0.119121892111936
0.880878107888064
0
0.118871726082204
0.881128273917796
0
0.118880628951259
0.881119371048741
0
0.11889872191751
0.88110127808249
0
0.118925290095838
0.881074709904162
0
0.118959925217887
0.881040074782113
0
0.11900388648619
0.88099611351381
0
0.11906037306818
0.88093962693182
0
0.119121811452622
0.880878188547378
0
0.11917909747608
0.88082090252392
0
0.119214611801089
0.880785388198911
0
0.118893675830734
0.881106324169266
0
0.118903249931318
0.881096750068682
0
0.118923363431977
0.881076636568023
0
0.118954634253904
0.881045365746096
0
0.11899670634483
0.88100329365517
0
0.119051755193904
0.880948244806096
0
0.119121811452622
0.880878188547378
0
0.11920205029509
0.88079794970491
0
0.119281185924841
0.880718814075159
0
0.119339087101183
0.880660912898818
0
0.11891414856394
0.88108585143606
0
0.118925362416357
0.881074637583643
0
0.118947789694948
0.881052210305052
0
0.11898219780134
0.88101780219866
0
0.119030734742493
0.880969265257508
0
0.119095957669382
0.880904042330618
0
0.11917909747608
0.88082090252392
0
0.11928118592484
0.88071881407516
0
0.119400405023518
0.880599594976482
0
0.11951702164901
0.88048297835099
0
0.11892696760992
0.88107303239008
0
0.118938943957205
0.881061056042795
0
0.118962900266738
0.881037099733262
0
0.118999811828684
0.881000188171316
0
0.119051784897722
0.880948215102278
0
0.119121892111936
0.880878107888064
0
0.119214611801089
0.880785388198911
0
0.119339087101183
0.880660912898818
0
0.11951702164901
0.88048297835099
0
0.119809652029078
0.880190347970922
0
