0.11858820464518
0.399984440423398
0.481427354931422
0.118654634330464
0.430826726193565
0.450518639475971
0.118706184441384
0.474093665263454
0.407200150295162
0.118754640216932
0.506708827424845
0.374536532358222
0.118797081038504
0.518977823320889
0.362225095640607
0.118830092258603
0.536462456942749
0.344707450798649
0.11885598225817
0.568890517373699
0.312253500368131
0.118877637043758
0.651758733459757
0.229363629496486
0.118897971113606
0.881102028886394
0
0.118910768324644
0.881089231675356
0
0.118654634330464
0.430826726193562
0.450518639475975
0.118686508367725
0.467992346293305
0.41332114533897
0.118727657099692
0.501480006555075
0.379792336345233
0.118770918531089
0.512638897890509
0.368590183578402
0.118808370284681
0.52413712224753
0.357054507467788
0.118839298993198
0.543326211675434
0.337834489331367
0.118864671177118
0.579178338016117
0.301956990806765
0.118887025197365
0.68007676589288
0.201036208909755
0.118909207790505
0.881090792209495
0
0.118922584074116
0.881077415925884
0
0.118706184441384
0.47409366526345
0.407200150295166
0.118727657099692
0.501480006555073
0.379792336345235
0.118760867889145
0.510728219664836
0.370510912446019
0.118795400179422
0.51914236982887
0.362062229991708
0.118827700588362
0.532016936002753
0.349155363408886
0.118856678321691
0.552830838807981
0.328312482870327
0.118882504310571
0.593554779361071
0.287562716328357
0.118906840560812
0.723543632895861
0.157549526543327
0.118931358037737
0.881068641962263
0
0.11894617761287
0.88105382238713
0
0.118754640216932
0.506708827424842
0.374536532358226
0.118770918531089
0.512638897890507
0.368590183578403
0.118795400179422
0.51914236982887
0.362062229991708
0.118823416128262
0.528790576285197
0.352386007586541
0.118852332002512
0.54297549939708
0.338172168600409
0.11888072479479
0.565558516798304
0.315560758406905
0.118908713546107
0.613494750459252
0.267596535994642
0.118937355327376
0.797207723895677
0.0838549207769471
0.118965216869726
0.881034783130274
0
0.118982485858625
0.881017514141376
0
0.118797081038504
0.518977823320887
0.362225095640609
0.118808370284681
0.524137122247529
0.35705450746779
0.118827700588362
0.532016936002751
0.349155363408887
0.118852332002512
0.542975499397079
0.33817216860041
0.118880248837346
0.558525798366483
0.322593952796171
0.118910310712347
0.584727383581942
0.296362305705712
0.11894291845156
0.645547826319981
0.235509255228459
0.118979064199742
0.881020935800258
0
0.119012738486583
0.880987261513417
0
0.119033534003576
0.880966465996424
0
0.118830092258603
0.536462456942749
0.344707450798649
0.118839298993198
0.543326211675433
0.337834489331369
0.118856678321691
0.55283083880798
0.328312482870329
0.11888072479479
0.565558516798303
0.315560758406906
0.118910310712347
0.58472738358194
0.296362305705713
0.118945733563896
0.619375053962168
0.261679212473937
0.118986029433916
0.719611498457795
0.161402472108289
0.119033472573551
0.880966527426449
0
0.119076786350796
0.880923213649204
0
0.119102484573213
0.880897515426787
0
0.11885598225817
0.568890517373699
0.312253500368131
0.118864671177118
0.579178338016117
0.301956990806765
0.118882504310571
0.593554779361071
0.287562716328358
0.118908713546107
0.613494750459251
0.267596535994642
0.11894291845156
0.64554782631998
0.23550925522846
0.118986029433916
0.719611498457794
0.16140247210829
0.119041877799891
0.880958122200109
0
0.11910183593764
0.88089816406236
0
0.119158637095005
0.880841362904995
0
0.119193889267253
0.880806110732748
0
0.118877637043758
0.651758733459756
0.229363629496486
0.118887025197365
0.680076765892878
0.201036208909757
0.118906840560812
0.723543632895859
0.157549526543329
0.118937355327376
0.797207723895676
0.0838549207769479
0.118979064199742
0.881020935800258
0
0.119033472573551
0.880966527426449
0
0.11910183593764
0.88089816406236
0
0.119181092407022
0.880818907592978
0
0.119259505021845
0.880740494978155
0
0.119316933716306
0.880683066283694
0
0.118897971113606
0.881102028886394
0
0.118909207790505
0.881090792209495
0
0.118931358037737
0.881068641962263
0
0.118965216869726
0.881034783130275
0
0.119012738486583
0.880987261513417
0
0.119076786350796
0.880923213649204
0
0.119158637095005
0.880841362904995
0
0.119259505021845
0.880740494978155
0
0.119377561985826
0.880622438014174
0
0.119493192455421
0.880506807544579
0
0.118910768324644
0.881089231675356
0
0.118922584074116
0.881077415925884
0
0.11894617761287
0.88105382238713
0
0.118982485858624
0.881017514141376
0
0.119033534003576
0.880966465996424
0
0.119102484573213
0.880897515426787
0
0.119193889267253
0.880806110732748
0
0.119316933716306
0.880683066283694
0
0.119493192455421
0.880506807544579
0
0.11977491129795
0.88022508870205
0
0.118590489741892
0.469113710421998
0.41229579983611
0.118656533227934
0.576934011202399
0.304409455569667
0.118706816576496
0.881293183423504
0
0.118754885546719
0.881245114453281
0
0.118797536518076
0.881202463481924
0
0.118830588976886
0.881169411023114
0
0.118856485526639
0.881143514473361
0
0.118877919328765
0.881122080671235
0
0.118898025162506
0.881101974837494
0
0.118910687817784
0.881089312182217
0
0.118656533227934
0.576934011202404
0.304409455569662
0.118687185381834
0.881312814618166
0
0.11872782673144
0.88127217326856
0
0.118771334446235
0.881228665553765
0
0.118808869639294
0.881191130360706
0
0.118839807793623
0.881160192206377
0
0.118865207853153
0.881134792146848
0
0.118887286310603
0.881112713689397
0
0.118909208965809
0.881090791034191
0
0.11892249902048
0.88107750097952
0
0.118706816576496
0.881293183423504
0
0.11872782673144
0.88127217326856
0
0.118761265839889
0.881238734160111
0
0.118795897314276
0.881204102685724
0
0.11882821561536
0.88117178438464
0
0.118857199965396
0.881142800034604
0
0.118882969515376
0.881117030484624
0
0.118907047243747
0.881092952756253
0
0.118931330185594
0.881068669814406
0
0.118946090934398
0.881053909065602
0
0.118754885546719
0.881245114453281
0
0.118771334446235
0.881228665553765
0
0.118795897314276
0.881204102685724
0
0.118823933373356
0.881176066626644
0
0.118852855206686
0.881147144793314
0
0.118881277675855
0.881118722324145
0
0.118909126727912
0.881090873272088
0
0.118937517316005
0.881062482683995
0
0.118965181133814
0.881034818866186
0
0.11898240039461
0.88101759960539
0
0.118797536518076
0.881202463481924
0
0.118808869639294
0.881191130360706
0
0.11882821561536
0.88117178438464
0
0.118852855206686
0.881147144793314
0
0.118880797878455
0.881119202121545
0
0.118910900947928
0.881089099052072
0
0.118943289153306
0.881056710846694
0
0.118979195292795
0.881020804707205
0
0.119012703585251
0.880987296414749
0
0.119033452880652
0.880966547119349
0
0.118830588976886
0.881169411023114
0
0.118839807793623
0.881160192206377
0
0.118857199965396
0.881142800034604
0
0.118881277675855
0.881118722324145
0
0.118910900947928
0.881089099052072
0
0.118946156413309
0.881053843586691
0
0.118986307944509
0.881013692055491
0
0.119033515580207
0.880966484419793
0
0.119076735250345
0.880923264749655
0
0.119102410833204
0.880897589166796
0
0.118856485526639
0.881143514473361
0
0.118865207853152
0.881134792146848
0
0.118882969515376
0.881117030484624
0
0.118909126727912
0.881090873272088
0
0.118943289153306
0.881056710846694
0
0.118986307944509
0.881013692055491
0
0.119041961385016
0.880958038614984
0
0.119101840755144
0.880898159244856
0
0.119158580097141
0.880841419902859
0
0.119193827915409
0.880806172084591
0
0.118877919328765
0.881122080671235
0
0.118887286310603
0.881112713689397
0
0.118907047243747
0.881092952756253
0
0.118937517316005
0.881062482683995
0
0.118979195292795
0.881020804707205
0
0.119033515580207
0.880966484419793
0
0.119101840755144
0.880898159244856
0
0.11918104691828
0.88081895308172
0
0.119259456987713
0.880740543012287
0
0.119316892942674
0.880683107057326
0
0.118898025162506
0.881101974837494
0
0.118909208965809
0.881090791034191
0
0.118931330185594
0.881068669814406
0
0.118965181133814
0.881034818866186
0
0.119012703585251
0.880987296414749
0
0.119076735250345
0.880923264749655
0
0.119158580097141
0.880841419902859
0
0.119259456987713
0.880740543012287
0
0.119377533965479
0.880622466034521
0
0.119493212161838
0.880506787838162
0
0.118910687817784
0.881089312182216
0
0.11892249902048
0.88107750097952
0
0.118946090934398
0.881053909065602
0
0.11898240039461
0.88101759960539
0
0.119033452880652
0.880966547119349
0
0.119102410833204
0.880897589166796
0
0.119193827915409
0.880806172084591
0
0.119316892942674
0.880683107057326
0
0.119493212161838
0.880506787838162
0
0.119777930819822
0.880222069180178
0
0.118594239781149
0.594508276162823
0.286897484056029
0.118658782517026
0.720390209487169
0.160951007995804
0.118707106126121
0.881292893873879
0
0.118754746647529
0.881245253352471
0
0.118797408597757
0.881202591402243
0
0.118830480198962
0.881169519801038
0
0.118856399805652
0.881143600194348
0
0.118877866402709
0.881122133597291
0
0.118897923806551
0.881102076193449
0
0.118910541352679
0.881089458647321
0
0.118658782517026
0.72039020948717
0.160951007995804
0.118687590528423
0.881312409471577
0
0.118727688541694
0.881272311458306
0
0.118771196143529
0.881228803856471
0
0.118808751072417
0.881191248927583
0
0.11883970581932
0.881160294180681
0
0.118865136041298
0.881134863958702
0
0.118887253840478
0.881112746159523
0
0.11890909508252
0.88109090491748
0
0.118922347976601
0.881077652023399
0
0.118707106126121
0.881292893873879
0
0.118727688541694
0.881272311458306
0
0.118761123369471
0.881238876630529
0
0.118795773568034
0.881204226431966
0
0.118828106050952
0.881171893949048
0
0.118857107660245
0.881142892339755
0
0.118882908641053
0.881117091358947
0
0.118907022674302
0.881092977325698
0
0.118931218868451
0.881068781131549
0
0.11894593879358
0.88105406120642
0
0.118754746647529
0.881245253352471
0
0.118771196143529
0.881228803856471
0
0.118795773568034
0.881204226431966
0
0.118823821598078
0.881176178401922
0
0.118852756582174
0.881147243417826
0
0.118881202018379
0.881118797981621
0
0.118909086104113
0.881090913895887
0
0.118937492942215
0.881062507057785
0
0.118965085559103
0.881034914440897
0
0.118982250688939
0.881017749311061
0
0.118797408597757
0.881202591402243
0
0.118808751072417
0.881191248927583
0
0.118828106050952
0.881171893949048
0
0.118852756582174
0.881147243417826
0
0.118880716565503
0.881119283434497
0
0.118910856211745
0.881089143788255
0
0.118943288870208
0.881056711129792
0
0.118979174678107
0.881020825321893
0
0.119012622099202
0.880987377900798
0
0.11903330917624
0.880966690823761
0
0.118830480198962
0.881169519801038
0
0.11883970581932
0.881160294180681
0
0.118857107660245
0.881142892339755
0
0.118881202018379
0.881118797981621
0
0.118910856211745
0.881089143788255
0
0.11894613454464
0.88105386545536
0
0.118986381344074
0.881013618655926
0
0.119033502642251
0.880966497357749
0
0.11907663252252
0.880923367477481
0
0.119102276059627
0.880897723940373
0
0.118856399805652
0.881143600194348
0
0.118865136041298
0.881134863958702
0
0.118882908641053
0.881117091358947
0
0.118909086104113
0.881090913895887
0
0.118943288870208
0.881056711129792
0
0.118986381344074
0.881013618655926
0
0.119041937723276
0.880958062276724
0
0.119101817357593
0.880898182642407
0
0.11915846635233
0.88084153364767
0
0.119193706553427
0.880806293446573
0
0.118877866402709
0.881122133597291
0
0.118887253840478
0.881112746159522
0
0.118907022674302
0.881092977325698
0
0.118937492942215
0.881062507057785
0
0.118979174678107
0.881020825321893
0
0.119033502642251
0.880966497357749
0
0.119101817357593
0.880898182642407
0
0.119180948099188
0.880819051900812
0
0.119259349556
0.880740650444
0
0.119316791444393
0.880683208555607
0
0.118897923806551
0.881102076193449
0
0.11890909508252
0.88109090491748
0
0.118931218868451
0.881068781131549
0
0.118965085559103
0.881034914440897
0
0.119012622099202
0.880987377900798
0
0.119076632522519
0.880923367477481
0
0.11915846635233
0.88084153364767
0
0.119259349556
0.880740650444
0
0.119377443442354
0.880622556557646
0
0.119493185528084
0.880506814471916
0
0.118910541352679
0.881089458647321
0
0.118922347976601
0.881077652023399
0
0.11894593879358
0.88105406120642
0
0.118982250688939
0.881017749311061
0
0.11903330917624
0.88096669082376
0
0.119102276059627
0.880897723940373
0
0.119193706553427
0.880806293446573
0
0.119316791444393
0.880683208555607
0
0.119493185528084
0.880506814471916
0
0.119784229861653
0.880215770138347
0
