0.118573858605521
0.398812687798914
0.482613453595565
0.118639123475778
0.428836063202262
0.45252481332196
0.118689570198933
0.476241913485959
0.405068516315107
0.118738367831773
0.5113864277605
0.369875204407727
0.118781554916153
0.521343497765303
0.359874947318544
0.11881473547899
0.537089153862147
0.344096110658863
0.118840478086403
0.567673441726997
0.3134860801866
0.118861611026165
0.645765118846691
0.235373270127144
0.118880938902668
0.881119061097332
0
0.118893364006362
0.881106635993638
0
0.118639123475778
0.428836063202259
0.452524813321963
0.118670281303401
0.468746275236846
0.412583443459753
0.118711027152199
0.507145526949228
0.374143445898573
0.118755130096324
0.515874374706599
0.365370495197077
0.118792975876252
0.525674374827657
0.355532649296091
0.118823980292008
0.543345719730214
0.337830299977778
0.118849174581193
0.577077911036487
0.30407291438232
0.118870949977215
0.670876359602574
0.210252690420211
0.118891935419738
0.881108064580262
0
0.118905153342841
0.881094846657159
0
0.118689570198933
0.476241913485957
0.40506851631511
0.118711027152199
0.507145526949228
0.374143445898574
0.118744988858667
0.514240154500655
0.367014856640679
0.118779945093022
0.521150613741447
0.36006944116553
0.118812432140455
0.532726371302783
0.348461196556762
0.118841375768809
0.552111186823483
0.329047437407709
0.118866831626964
0.590091396506449
0.291041771866587
0.118890374395875
0.708290321871577
0.172819303732547
0.118914006327106
0.881085993672894
0
0.118928704313928
0.881071295686072
0
0.118738367831773
0.511386427760497
0.36987520440773
0.118755130096324
0.515874374706598
0.365370495197078
0.118779945093022
0.521150613741448
0.36006944116553
0.118808161922345
0.529724643201879
0.351467194875776
0.118837140970461
0.542792674621492
0.338370184408046
0.118865429676937
0.563805041287073
0.317329529035989
0.118892987445951
0.607807170960284
0.273299841593765
0.118920388501694
0.76980675505218
0.111272856446126
0.118947823541939
0.881052176458062
0
0.118964930056163
0.881035069943837
0
0.118781554916153
0.521343497765302
0.359874947318545
0.118792975876252
0.525674374827656
0.355532649296091
0.118812432140455
0.532726371302782
0.348461196556763
0.118837140970461
0.542792674621492
0.338370184408046
0.118865026635807
0.5571661478326
0.323968825531594
0.118894829858179
0.581028465568926
0.300076704572895
0.118927080135196
0.634922471902851
0.246150447961953
0.118962851288552
0.867225457631167
0.0138116910802806
0.118994873532788
0.881005126467212
0
0.119015788458813
0.880984211541187
0
0.11881473547899
0.537089153862146
0.344096110658864
0.118823980292008
0.543345719730214
0.337830299977778
0.118841375768809
0.552111186823482
0.329047437407709
0.118865429676937
0.563805041287073
0.317329529035989
0.118894829858179
0.581028465568926
0.300076704572895
0.118929888671074
0.611857733577505
0.269212377751421
0.118968965087903
0.692515456416443
0.188515578495653
0.11901488907891
0.88098511092109
0
0.1190583548904
0.8809416451096
0
0.119084692408638
0.880915307591362
0
0.118840478086403
0.567673441726997
0.3134860801866
0.118849174581193
0.577077911036487
0.304072914382321
0.118866831626964
0.590091396506448
0.291041771866587
0.118892987445951
0.607807170960285
0.273299841593764
0.118927080135196
0.634922471902851
0.246150447961953
0.118968965087903
0.692515456416444
0.188515578495653
0.119023426231446
0.880976573768554
0
0.119081677668834
0.880918322331166
0
0.119140394137232
0.880859605862769
0
0.119176638068288
0.880823361931712
0
0.118861611026165
0.64576511884669
0.235373270127145
0.118870949977214
0.670876359602574
0.210252690420212
0.118890374395875
0.708290321871577
0.172819303732548
0.118920388501694
0.76980675505218
0.111272856446125
0.118962851288552
0.867225457631168
0.0138116910802801
0.11901488907891
0.88098511092109
0
0.119081677668834
0.880918322331166
0
0.119162416077273
0.880837583922727
0
0.119242546407257
0.880757453592743
0
0.119301036327196
0.880698963672804
0
0.118880938902668
0.881119061097332
0
0.118891935419738
0.881108064580262
0
0.118914006327106
0.881085993672894
0
0.118947823541939
0.881052176458062
0
0.118994873532788
0.881005126467211
0
0.1190583548904
0.8809416451096
0
0.119140394137232
0.880859605862769
0
0.119242546407257
0.880757453592743
0
0.119362293628401
0.880637706371599
0
0.119479336622514
0.880520663377486
0
0.118893364006362
0.881106635993638
0
0.118905153342841
0.881094846657159
0
0.118928704313928
0.881071295686072
0
0.118964930056163
0.881035069943837
0
0.119015788458813
0.880984211541187
0
0.119084692408638
0.880915307591362
0
0.119176638068288
0.880823361931712
0
0.119301036327196
0.880698963672804
0
0.119479336622514
0.880520663377486
0
0.119763581722643
0.880236418277357
0
0.118576133997225
0.466977034596234
0.414446831406541
0.118641024559517
0.572564335258257
0.308794640182226
0.118690192496462
0.881309807503538
0
0.118738496044011
0.881261503955989
0
0.118781956864779
0.881218043135221
0
0.118815198509438
0.881184801490562
0
0.118840954238514
0.881159045761486
0
0.118861891617213
0.881138108382787
0
0.118881006720373
0.881118993279628
0
0.118893284945069
0.881106715054931
0
0.118641024559517
0.572564335258262
0.308794640182221
0.118671038996853
0.881328961003147
0
0.11871114002039
0.88128885997961
0
0.118755480605678
0.881244519394322
0
0.11879343167181
0.881206568328191
0
0.118824458831893
0.881175541168107
0
0.118849679506948
0.881150320493052
0
0.118871207874883
0.881128792125117
0
0.118891951505969
0.881108048494031
0
0.118905068422757
0.881094931577244
0
0.118690192496462
0.881309807503538
0
0.11871114002039
0.88128885997961
0
0.11874532076085
0.88125467923915
0
0.118780392652585
0.881219607347415
0
0.118812911773986
0.881187088226014
0
0.118841867939332
0.881158132060668
0
0.11886729558778
0.88113270441222
0
0.118890591700055
0.881109408299945
0
0.118913989101054
0.881086010898946
0
0.118928617079406
0.881071382920594
0
0.118738496044011
0.881261503955989
0
0.118755480605678
0.881244519394322
0
0.118780392652585
0.881219607347415
0
0.118808641785523
0.881191358214477
0
0.118837633520908
0.881162366479092
0
0.118865950878844
0.881134049121156
0
0.11889339367785
0.88110660632215
0
0.118920568922706
0.881079431077294
0
0.11894779011682
0.88105220988318
0
0.118964843550646
0.881035156449354
0
0.118781956864779
0.881218043135221
0
0.11879343167181
0.881206568328191
0
0.118812911773986
0.881187088226014
0
0.118837633520908
0.881162366479092
0
0.118865546508178
0.881134453491822
0
0.11889542771751
0.88110457228249
0
0.118927458502844
0.881072541497156
0
0.118962980771004
0.881037019228996
0
0.118994848259054
0.881005151740946
0
0.119015706121382
0.880984293878618
0
0.118815198509438
0.881184801490562
0
0.118824458831893
0.881175541168107
0
0.118841867939332
0.881158132060668
0
0.118865950878844
0.881134049121156
0
0.11889542771751
0.88110457228249
0
0.118930296595134
0.881069703404866
0
0.118969286678763
0.881030713321237
0
0.119014961716643
0.880985038283357
0
0.119058311379839
0.880941688620161
0
0.119084617463825
0.880915382536175
0
0.118840954238514
0.881159045761486
0
0.118849679506948
0.881150320493052
0
0.11886729558778
0.88113270441222
0
0.11889339367785
0.88110660632215
0
0.118927458502844
0.881072541497156
0
0.118969286678763
0.881030713321237
0
0.119023557741054
0.880976442258946
0
0.119081723909282
0.880918276090718
0
0.119140339099513
0.880859660900487
0
0.119176575503701
0.880823424496299
0
0.118861891617213
0.881138108382787
0
0.118871207874883
0.881128792125117
0
0.118890591700055
0.881109408299945
0
0.118920568922706
0.881079431077294
0
0.118962980771004
0.881037019228995
0
0.119014961716643
0.880985038283357
0
0.119081723909282
0.880918276090718
0
0.119162375728852
0.880837624271148
0
0.11924249796474
0.880757502035259
0
0.119300994381019
0.880699005618981
0
0.118881006720372
0.881118993279628
0
0.118891951505969
0.881108048494031
0
0.118913989101054
0.881086010898946
0
0.11894779011682
0.88105220988318
0
0.118994848259054
0.881005151740946
0
0.119058311379839
0.880941688620161
0
0.119140339099513
0.880859660900487
0
0.11924249796474
0.880757502035259
0
0.119362264662337
0.880637735337663
0
0.119479355362668
0.880520644637332
0
0.118893284945069
0.881106715054931
0
0.118905068422757
0.881094931577244
0
0.118928617079406
0.881071382920594
0
0.118964843550646
0.881035156449354
0
0.119015706121382
0.880984293878618
0
0.119084617463825
0.880915382536175
0
0.119176575503701
0.880823424496299
0
0.119300994381019
0.880699005618981
0
0.119479355362668
0.880520644637332
0
0.119766608496314
0.880233391503686
0
0.118579859828352
0.593005164883595
0.288414975288053
0.118643293801872
0.718298855498584
0.163057850699544
0.118690500627954
0.881309499372046
0
0.118738343068262
0.881261656931738
0
0.118781823107716
0.881218176892284
0
0.118815085345283
0.881184914654717
0
0.118840863480822
0.881159136519178
0
0.118861831966395
0.881138168033605
0
0.118880907139171
0.881119092860829
0
0.118893139788118
0.881106860211882
0
0.118643293801872
0.718298855498585
0.163057850699543
0.118671467857509
0.881328532142491
0
0.118710982299254
0.881289017700746
0
0.118755335304484
0.881244664695516
0
0.118793308372523
0.881206691627477
0
0.118824352408277
0.881175647591723
0
0.118849601134353
0.881150398865647
0
0.118871164872877
0.881128835127123
0
0.118891846891547
0.881108153108453
0
0.118904916805703
0.881095083194297
0
0.118690500627954
0.881309499372046
0
0.118710982299254
0.881289017700746
0
0.118745171239101
0.881254828760899
0
0.118780263829116
0.881219736170884
0
0.118812797905432
0.881187202094568
0
0.118841770928428
0.881158229071572
0
0.118867229838839
0.881132770161161
0
0.118890563839767
0.881109436160233
0
0.118913883204349
0.881086116795651
0
0.118928463563895
0.881071536436105
0
0.118738343068262
0.881261656931738
0
0.118755335304484
0.881244664695516
0
0.118780263829116
0.881219736170884
0
0.118808525663259
0.881191474336741
0
0.118837530573154
0.881162469426846
0
0.11886586933769
0.88113413066231
0
0.118893343607592
0.881106656392408
0
0.118920561051393
0.881079438948607
0
0.118947691003866
0.881052308996134
0
0.11896469189588
0.88103530810412
0
0.118781823107716
0.881218176892284
0
0.118793308372523
0.881206691627477
0
0.118812797905432
0.881187202094568
0
0.118837530573154
0.881162469426846
0
0.118865460015151
0.881134539984849
0
0.118895377815948
0.881104622184052
0
0.118927445797719
0.881072554202281
0
0.118962916162177
0.881037083837823
0
0.118994779048136
0.881005220951864
0
0.119015560389151
0.880984439610849
0
0.118815085345283
0.881184914654717
0
0.118824352408277
0.881175647591723
0
0.118841770928428
0.881158229071572
0
0.11886586933769
0.88113413066231
0
0.118895377815948
0.881104622184052
0
0.118930258853408
0.881069741146593
0
0.118969353437125
0.881030646562875
0
0.11901496956568
0.88098503043432
0
0.119058218919779
0.880941781080221
0
0.119084480595051
0.880915519404949
0
0.118840863480822
0.881159136519178
0
0.118849601134353
0.881150398865647
0
0.118867229838839
0.881132770161161
0
0.118893343607592
0.881106656392408
0
0.118927445797719
0.881072554202281
0
0.118969353437125
0.881030646562875
0
0.119023527001921
0.880976472998079
0
0.119081762939359
0.880918237060641
0
0.119140227531188
0.880859772468812
0
0.119176451871739
0.880823548128261
0
0.118861831966395
0.881138168033605
0
0.118871164872877
0.881128835127123
0
0.118890563839767
0.881109436160233
0
0.118920561051393
0.881079438948607
0
0.118962916162177
0.881037083837823
0
0.11901496956568
0.88098503043432
0
0.119081762939359
0.880918237060641
0
0.119162283516082
0.880837716483918
0
0.119242389283545
0.880757610716455
0
0.119300890651561
0.880699109348439
0
0.118880907139171
0.881119092860829
0
0.118891846891547
0.881108153108453
0
0.118913883204349
0.881086116795651
0
0.118947691003866
0.881052308996134
0
0.118994779048136
0.881005220951864
0
0.119058218919779
0.880941781080221
0
0.119140227531188
0.880859772468812
0
0.119242389283545
0.880757610716455
0
0.1193621721695
0.8806378278305
0
0.119479326826339
0.880520673173661
0
0.118893139788118
0.881106860211882
0
0.118904916805703
0.881095083194297
0
0.118928463563895
0.881071536436105
0
0.11896469189588
0.88103530810412
0
0.119015560389151
0.880984439610849
0
0.119084480595051
0.880915519404949
0
0.119176451871739
0.880823548128261
0
0.119300890651561
0.880699109348439
0
0.119479326826339
0.880520673173661
0
0.119772923016718
0.880227076983282
0
