0.118558326059393
0.398407278629759
0.483034395310848
0.118623359381933
0.427800294628395
0.453576345989671
0.118673489572222
0.475875346863378
0.4054511635644
0.118722103374104
0.511686804440422
0.369591092185475
0.118765355090368
0.520792372127621
0.360442272782011
0.118798404848908
0.535790072216831
0.345411522934261
0.118823884336482
0.565398264801837
0.315777850861681
0.118844509337094
0.640197787252057
0.240957703410849
0.118863123003728
0.881136876996272
0
0.118875224185403
0.881124775814597
0
0.118623359381933
0.427800294628393
0.453576345989674
0.118654308686433
0.468212185515434
0.413133505798133
0.118694777212883
0.507914081313335
0.373391141473782
0.118738982987504
0.515681936176198
0.365579080836298
0.118776781186408
0.524744509617893
0.356478709195698
0.118807609476687
0.541751099398031
0.339441291125281
0.118832514490365
0.574250572096971
0.306916913412664
0.118853749142188
0.663174521900128
0.217971728957685
0.118873926849308
0.881126073150693
0
0.118886886462682
0.881113113537318
0
0.118673489572222
0.475875346863375
0.405451163564403
0.118694777212883
0.507914081313335
0.373391141473782
0.118728869523582
0.514164450743528
0.36710667973289
0.118763819166422
0.520399170754254
0.360837010079325
0.118796186492031
0.531431843566935
0.349771969941034
0.118824890129618
0.550146957591117
0.331028152279265
0.118849864308367
0.586370149755021
0.294779985936612
0.118872745098465
0.696532649746248
0.184594605155287
0.118895776833367
0.881104223166633
0
0.118910203118999
0.881089796881001
0
0.118722103374104
0.511686804440419
0.369591092185477
0.118738982987504
0.515681936176197
0.365579080836299
0.118763819166422
0.520399170754254
0.360837010079324
0.118791968560149
0.528517338996769
0.352690692443083
0.118820799256125
0.541109032111252
0.340070168632622
0.118848818668506
0.561268182600579
0.319882998730915
0.118875789673941
0.602724819389587
0.278399390936471
0.118902236186753
0.74973678418708
0.131360979626167
0.118929177469622
0.881070822530378
0
0.118946037464916
0.881053962535084
0
0.118765355090368
0.52079237212762
0.360442272782012
0.118776781186408
0.524744509617893
0.356478709195699
0.118796186492031
0.531431843566934
0.349771969941035
0.118820799256125
0.541109032111252
0.340070168632622
0.118848524199732
0.554864019022306
0.326287456777962
0.118878010468813
0.577258527744664
0.303863461786522
0.118909461422771
0.626865604082688
0.254224934494541
0.118943748579199
0.838735910439973
0.0423203409808285
0.118975436793555
0.881024563206445
0
0.118996327598131
0.881003672401869
0
0.118798404848908
0.53579007221683
0.345411522934263
0.118807609476687
0.541751099398031
0.339441291125282
0.118824890129618
0.550146957591117
0.331028152279265
0.118848818668506
0.561268182600579
0.319882998730915
0.118878010468814
0.577258527744664
0.303863461786522
0.118912372361845
0.60560608095027
0.275481546687885
0.118950709050206
0.675166202519502
0.205883088430292
0.118995364464782
0.881004635535218
0
0.119038129896037
0.880961870103963
0
0.119064670308282
0.880935329691718
0
0.118823884336482
0.565398264801837
0.315777850861681
0.118832514490365
0.574250572096971
0.306916913412664
0.118849864308367
0.58637014975502
0.294779985936613
0.118875789673941
0.602724819389588
0.278399390936471
0.118909461422771
0.626865604082688
0.254224934494542
0.118950709050206
0.675166202519502
0.205883088430292
0.119004075097247
0.846314626314113
0.0346812985886398
0.119061127901677
0.880938872098323
0
0.119119821602046
0.880880178397954
0
0.119156295879597
0.880843704120403
0
0.118844509337094
0.640197787252056
0.24095770341085
0.118853749142188
0.663174521900127
0.217971728957685
0.118872745098465
0.696532649746248
0.184594605155287
0.118902236186753
0.74973678418708
0.131360979626167
0.118943748579199
0.838735910439973
0.042320340980828
0.118995364464782
0.881004635535218
0
0.119061127901677
0.880938872098323
0
0.119141560490085
0.880858439509915
0
0.119221942167494
0.880778057832506
0
0.119280651272584
0.880719348727416
0
0.118863123003728
0.881136876996272
0
0.118873926849308
0.881126073150693
0
0.118895776833367
0.881104223166633
0
0.118929177469622
0.881070822530378
0
0.118975436793555
0.881024563206445
0
0.119038129896037
0.880961870103963
0
0.119119821602046
0.880880178397954
0
0.119221942167494
0.880778057832506
0
0.119341889756758
0.880658110243242
0
0.119459166801438
0.880540833198562
0
0.118875224185403
0.881124775814597
0
0.118886886462682
0.881113113537318
0
0.118910203118999
0.881089796881001
0
0.118946037464916
0.881053962535084
0
0.118996327598131
0.881003672401869
0
0.119064670308282
0.880935329691718
0
0.119156295879597
0.880843704120403
0
0.119280651272584
0.880719348727416
0
0.119459166801438
0.880540833198562
0
0.119743879552902
0.880256120447098
0
0.118560593968027
0.466136506380036
0.415302899651937
0.118625258293474
0.56901228720897
0.312362454497556
0.118674073327646
0.881325926672354
0
0.118722219903362
0.881277780096638
0
0.118765740761515
0.881234259238486
0
0.118798861802214
0.881201138197786
0
0.118824353853494
0.881175646146506
0
0.118844798469799
0.881155201530201
0
0.118863203798463
0.881136796201537
0
0.118875145310578
0.881124854689422
0
0.118625258293474
0.569012287208975
0.312362454497551
0.118655038086538
0.881344961913462
0
0.118694887541069
0.881305112458931
0
0.118739307714811
0.881260692285189
0
0.118777226741407
0.881222773258593
0
0.118808082977218
0.881191917022783
0
0.118833009607158
0.881166990392842
0
0.118854012778848
0.881145987221152
0
0.118873953903038
0.881126046096962
0
0.118886801318657
0.881113198681343
0
0.118674073327646
0.881325926672354
0
0.118694887541069
0.881305112458931
0
0.118729171545883
0.881270828454117
0
0.118764253037008
0.881235746962993
0
0.118796660523935
0.881203339476065
0
0.118825377548945
0.881174622451055
0
0.118850350726546
0.881149649273454
0
0.118872977834307
0.881127022165693
0
0.118895766155154
0.881104233844846
0
0.118910115348553
0.881089884651448
0
0.118722219903362
0.881277780096638
0
0.118739307714811
0.881260692285189
0
0.118764253037008
0.881235746962992
0
0.118792442262464
0.881207557737536
0
0.118821287008652
0.881178712991348
0
0.118849330182975
0.881150669817025
0
0.118876206173369
0.881123793826631
0
0.11890242934016
0.88109757065984
0
0.118929146722302
0.881070853277698
0
0.11894595014357
0.88105404985643
0
0.118765740761515
0.881234259238486
0
0.118777226741407
0.881222773258593
0
0.118796660523935
0.881203339476065
0
0.118821287008652
0.881178712991348
0
0.118849034746954
0.881150965253046
0
0.118878584907867
0.881121415092133
0
0.118909853870412
0.881090146129588
0
0.118943887752467
0.881056112247533
0
0.118975414822182
0.881024585177818
0
0.118996244198197
0.881003755801803
0
0.118798861802214
0.881201138197786
0
0.118808082977218
0.881191917022783
0
0.118825377548945
0.881174622451054
0
0.118849330182975
0.881150669817025
0
0.118878584907867
0.881121415092133
0
0.118912805711797
0.881087194288203
0
0.118951065453853
0.881048934546147
0
0.118995455320544
0.881004544679456
0
0.119038094040556
0.880961905959444
0
0.119064594072178
0.880935405927822
0
0.118824353853494
0.881175646146506
0
0.118833009607158
0.881166990392842
0
0.118850350726546
0.881149649273454
0
0.118876206173369
0.881123793826631
0
0.118909853870412
0.881090146129588
0
0.118951065453853
0.881048934546147
0
0.119004214593966
0.880995785406035
0
0.119061185672595
0.880938814327405
0
0.11911976842937
0.88088023157063
0
0.119156231644339
0.880843768355661
0
0.118844798469799
0.881155201530201
0
0.118854012778848
0.881145987221152
0
0.118872977834307
0.881127022165693
0
0.11890242934016
0.88109757065984
0
0.118943887752467
0.881056112247533
0
0.118995455320544
0.881004544679456
0
0.119061185672595
0.880938814327405
0
0.119141525168857
0.880858474831143
0
0.11922189294471
0.88077810705529
0
0.11928060747761
0.88071939252239
0
0.118863203798463
0.881136796201537
0
0.118873953903038
0.881126046096962
0
0.118895766155154
0.881104233844846
0
0.118929146722302
0.881070853277698
0
0.118975414822182
0.881024585177818
0
0.119038094040556
0.880961905959444
0
0.11911976842937
0.88088023157063
0
0.11922189294471
0.88077810705529
0
0.119341859131512
0.880658140868488
0
0.119459183687612
0.880540816312388
0
0.118875145310578
0.881124854689422
0
0.118886801318657
0.881113198681343
0
0.118910115348553
0.881089884651447
0
0.11894595014357
0.88105404985643
0
0.118996244198197
0.881003755801803
0
0.119064594072178
0.880935405927822
0
0.119156231644339
0.880843768355661
0
0.11928060747761
0.88071939252239
0
0.119459183687612
0.880540816312388
0
0.119746909471341
0.880253090528659
0
0.118564305181761
0.592060635097954
0.289375059720286
0.118627541001412
0.715930778504548
0.165441680494041
0.118674404463831
0.88132559553617
0
0.11872206101554
0.88127793898446
0
0.118765602478315
0.881234397521685
0
0.118798744795146
0.881201255204854
0
0.118824258255692
0.881175741744308
0
0.118844733803333
0.881155266196668
0
0.118863103641361
0.881136896358639
0
0.118874999573133
0.881125000426867
0
0.118627541001412
0.715930778504548
0.16544168049404
0.11865549801568
0.88134450198432
0
0.118694723881134
0.881305276118866
0
0.118739157073803
0.881260842926197
0
0.118777099371561
0.881222900628439
0
0.118807972624438
0.881192027375562
0
0.118832925167258
0.881167074832742
0
0.118853962294239
0.881146037705761
0
0.118873851673066
0.881126148326934
0
0.1188866487174
0.8811133512826
0
0.118674404463831
0.88132559553617
0
0.118694723881134
0.881305276118866
0
0.118729016323651
0.881270983676349
0
0.118764119889614
0.881235880110386
0
0.118796542912075
0.881203457087925
0
0.118825276338136
0.881174723661864
0
0.118850281282712
0.881149718717289
0
0.118872947595629
0.881127052404371
0
0.118895659215492
0.881104340784508
0
0.118909960487054
0.881090039512947
0
0.11872206101554
0.88127793898446
0
0.118739157073803
0.881260842926197
0
0.118764119889614
0.881235880110386
0
0.118792322403525
0.881207677596475
0
0.118821180116973
0.881178819883027
0
0.118849242955728
0.881150757044272
0
0.1188761489637
0.8811238510363
0
0.118902419875255
0.881097580124745
0
0.118929044439979
0.881070955560021
0
0.118945796756963
0.881054203243037
0
0.118765602478315
0.881234397521685
0
0.118777099371561
0.881222900628439
0
0.118796542912075
0.881203457087925
0
0.118821180116973
0.881178819883027
0
0.118848942940501
0.881151057059499
0
0.118878524867352
0.881121475132648
0
0.1189098310098
0.8810901689902
0
0.118943839220639
0.881056160779361
0
0.118975347102224
0.881024652897776
0
0.118996096396284
0.881003903603716
0
0.118798744795146
0.881201255204854
0
0.118807972624438
0.881192027375562
0
0.118825276338136
0.881174723661864
0
0.118849242955728
0.881150757044272
0
0.118878524867352
0.881121475132648
0
0.118912764312097
0.881087235687903
0
0.118951120000659
0.881048879999341
0
0.11899546102367
0.88100453897633
0
0.119038011793524
0.880961988206476
0
0.119064454954858
0.880935545045142
0
0.118824258255692
0.881175741744308
0
0.118832925167258
0.881167074832742
0
0.118850281282712
0.881149718717289
0
0.1188761489637
0.8811238510363
0
0.1189098310098
0.8810901689902
0
0.118951120000659
0.881048879999341
0
0.119004179736812
0.880995820263188
0
0.119061238321943
0.880938761678058
0
0.119119659221343
0.880880340778657
0
0.119156105336287
0.880843894663713
0
0.118844733803333
0.881155266196668
0
0.118853962294239
0.881146037705761
0
0.118872947595629
0.881127052404371
0
0.118902419875255
0.881097580124745
0
0.118943839220639
0.881056160779361
0
0.11899546102367
0.88100453897633
0
0.119061238321943
0.880938761678058
0
0.119141439982205
0.880858560017795
0
0.119221782919022
0.880778217080978
0
0.119280500849338
0.880719499150662
0
0.118863103641361
0.881136896358639
0
0.118873851673066
0.881126148326934
0
0.118895659215492
0.881104340784508
0
0.118929044439979
0.881070955560021
0
0.118975347102224
0.881024652897776
0
0.119038011793524
0.880961988206476
0
0.119119659221343
0.880880340778657
0
0.119221782919022
0.880778217080978
0
0.119341764019191
0.880658235980809
0
0.119459152267052
0.880540847732948
0
0.118874999573133
0.881125000426867
0
0.1188866487174
0.8811133512826
0
0.118909960487053
0.881090039512947
0
0.118945796756963
0.881054203243037
0
0.118996096396284
0.881003903603716
0
0.119064454954858
0.880935545045142
0
0.119156105336287
0.880843894663713
0
0.119280500849338
0.880719499150662
0
0.119459152267052
0.880540847732948
0
0.119753232295299
0.880246767704701
0
