0.118546961744944
0.398915932375598
0.482537105879458
0.118612774652811
0.428162910784694
0.453224314562495
0.118663549295778
0.473751376913775
0.407585073790447
0.118711780721242
0.506804234585647
0.374483984693111
0.118754218919195
0.517172587092538
0.364073193988267
0.118786839726732
0.532802687778807
0.348410472494462
0.118812017806128
0.562679994540913
0.31850798765296
0.11883229631666
0.636566984882097
0.244600718801243
0.118850608664465
0.881149391335535
0
0.118862740492001
0.881137259507999
0
0.118612774652811
0.428162910784691
0.453224314562498
0.118644070201959
0.467667288421405
0.413688641376635
0.118684854762484
0.502432960825035
0.378882184412481
0.118728220959457
0.511689986314648
0.369581792725896
0.118765490336859
0.521403856740074
0.359830652923068
0.118795938134636
0.538900531487273
0.342303530378091
0.11882055188483
0.571455011362746
0.309724436752423
0.118841474355447
0.658863751308291
0.222294774336262
0.118861445193105
0.881138554806895
0
0.118874238744266
0.881125761255734
0
0.118663549295778
0.473751376913771
0.407585073790451
0.118684854762484
0.502432960825034
0.378882184412482
0.118718236515216
0.510060435352563
0.371221328132222
0.118752697614367
0.516855776106015
0.364391526279618
0.118784659061413
0.528366579432886
0.352848761505701
0.118813007819489
0.547423885957441
0.33376310622307
0.118837593998431
0.583354798686913
0.297807607314657
0.118860190772608
0.691035176740622
0.19010463248677
0.118883143064187
0.881116856935814
0
0.118897264139965
0.881102735860035
0
0.118711780721242
0.506804234585643
0.374483984693115
0.118728220959457
0.511689986314646
0.369581792725897
0.118752697614367
0.516855776106015
0.364391526279618
0.11878050170187
0.525363615291837
0.355855883006293
0.118809002857548
0.538310710654123
0.342880286488329
0.118836695184494
0.558592002527731
0.322571302287775
0.118863252744272
0.599446055441402
0.281690691814326
0.118889348052613
0.741784070917522
0.139326581029865
0.118916124228373
0.881083875771627
0
0.118932617120608
0.881067382879392
0
0.118754218919195
0.517172587092534
0.36407319398827
0.118765490336859
0.521403856740072
0.359830652923069
0.118784659061413
0.528366579432885
0.352848761505702
0.118809002857548
0.538310710654122
0.34288028648833
0.118836431403445
0.552195393256537
0.328968175340018
0.118865566876944
0.574316717735374
0.306817715387682
0.118896529088293
0.622852528682542
0.258250942229165
0.118930111455549
0.827601709357471
0.0534681791869799
0.118961705902075
0.881038294097925
0
0.11898218433377
0.881017815666229
0
0.118786839726732
0.532802687778806
0.348410472494462
0.118795938134635
0.538900531487272
0.342303530378092
0.118813007819489
0.54742388595744
0.333763106223071
0.118836695184494
0.55859200252773
0.322571302287776
0.118865566876944
0.574316717735372
0.306817715387684
0.118899296882171
0.601994130358881
0.279106572758947
0.118937163756385
0.668881240296536
0.21218159594708
0.118981229256283
0.881018770743717
0
0.11902332206892
0.88097667793108
0
0.119049512208374
0.880950487791626
0
0.118812017806128
0.562679994540912
0.31850798765296
0.11882055188483
0.571455011362747
0.309724436752422
0.118837593998431
0.583354798686912
0.297807607314657
0.118863252744272
0.5994460554414
0.281690691814328
0.118896529088293
0.622852528682541
0.258250942229166
0.118937163756385
0.668881240296535
0.21218159594708
0.118989041582836
0.830753557657847
0.0502574007593172
0.119046030639294
0.880953969360706
0
0.119103793330507
0.880896206669493
0
0.119139891204153
0.880860108795847
0
0.11883229631666
0.636566984882098
0.244600718801242
0.118841474355447
0.65886375130829
0.222294774336263
0.118860190772608
0.691035176740621
0.190104632486771
0.118889348052613
0.741784070917521
0.139326581029867
0.118930111455549
0.82760170935747
0.0534681791869809
0.118981229256283
0.881018770743717
0
0.119046030639294
0.880953969360706
0
0.119125157111716
0.880874842888284
0
0.119204623997553
0.880795376002447
0
0.119262770546194
0.880737229453806
0
0.118850608664465
0.881149391335535
0
0.118861445193105
0.881138554806895
0
0.118883143064187
0.881116856935814
0
0.118916124228373
0.881083875771627
0
0.118961705902075
0.881038294097925
0
0.11902332206892
0.88097667793108
0
0.119103793330507
0.880896206669493
0
0.119204623997553
0.880795376002447
0
0.119323292580965
0.880676707419035
0
0.119439535163858
0.880560464836142
0
0.118862740492001
0.881137259507999
0
0.118874238744265
0.881125761255734
0
0.118897264139965
0.881102735860035
0
0.118932617120607
0.881067382879393
0
0.11898218433377
0.881017815666229
0
0.119049512208374
0.880950487791626
0
0.119139891204153
0.880860108795847
0
0.119262770546194
0.880737229453806
0
0.119439535163858
0.880560464836142
0
0.119722264540589
0.880277735459411
0
0.118549226926642
0.467000832361061
0.414449940712296
0.118614667413733
0.567908540870515
0.313476791715753
0.118663999429499
0.881336000570501
0
0.118711917032687
0.881288082967313
0
0.118754631437625
0.881245368562375
0
0.118787321918864
0.881212678081136
0
0.118812503339282
0.881187496660718
0
0.118832602404193
0.881167397595807
0
0.118850699302323
0.881149300697677
0
0.118862659408488
0.881137340591512
0
0.118614667413733
0.56790854087052
0.313476791715747
0.118644552767396
0.881355447232604
0
0.118684970482641
0.881315029517359
0
0.118728570479326
0.881271429520674
0
0.118765965324278
0.881234034675722
0
0.118796434591318
0.881203565408682
0
0.118821061447072
0.881178938552928
0
0.118841750938699
0.881158249061301
0
0.118861476335686
0.881138523664314
0
0.118874152566901
0.881125847433099
0
0.118663999429499
0.881336000570501
0
0.118684970482641
0.881315029517359
0
0.1187185613638
0.8812814386362
0
0.11875316223708
0.88124683776292
0
0.118785161323462
0.881214838676538
0
0.118813517408195
0.881186482591805
0
0.118838123720722
0.881161876279278
0
0.118860438943979
0.881139561056021
0
0.118883132107256
0.881116867892744
0
0.118897175686384
0.881102824313616
0
0.118711917032687
0.881288082967313
0
0.118728570479326
0.881271429520674
0
0.11875316223708
0.88124683776292
0
0.118781005088308
0.881218994911692
0
0.118809514469979
0.881190485530021
0
0.118837223073016
0.881162776926984
0
0.11886369458433
0.88113630541567
0
0.118889549571125
0.881110450428875
0
0.118916091342486
0.881083908657514
0
0.118932529067922
0.881067470932078
0
0.118754631437625
0.881245368562375
0
0.118765965324278
0.881234034675722
0
0.118785161323462
0.881214838676538
0
0.118809514469979
0.881190485530021
0
0.118836959199853
0.881163040800147
0
0.118866150074046
0.881133849925954
0
0.118896937801397
0.881103062198603
0
0.118930257280797
0.881069742719203
0
0.118961679114678
0.881038320885322
0
0.11898210003066
0.88101789996934
0
0.118787321918864
0.881212678081136
0
0.118796434591318
0.881203565408682
0
0.118813517408195
0.881186482591805
0
0.118837223073016
0.881162776926984
0
0.118866150074046
0.881133849925954
0
0.118899766140195
0.881100233859805
0
0.118937532912444
0.881062467087556
0
0.118981326449286
0.881018673550714
0
0.119023286060629
0.880976713939371
0
0.119049434947794
0.880950565052206
0
0.118812503339282
0.881187496660718
0
0.118821061447072
0.881178938552928
0
0.118838123720722
0.881161876279278
0
0.11886369458433
0.88113630541567
0
0.118896937801397
0.881103062198603
0
0.118937532912444
0.881062467087556
0
0.118989195705265
0.881010804294735
0
0.119046082075912
0.880953917924088
0
0.119103741136743
0.880896258863257
0
0.119139825686897
0.880860174313103
0
0.118832602404193
0.881167397595807
0
0.118841750938699
0.881158249061301
0
0.118860438943979
0.881139561056021
0
0.118889549571125
0.881110450428875
0
0.118930257280797
0.881069742719203
0
0.118981326449286
0.881018673550714
0
0.119046082075912
0.880953917924088
0
0.119125124431293
0.880874875568707
0
0.119204574253068
0.880795425746932
0
0.119262725244369
0.88073727475563
0
0.118850699302323
0.881149300697677
0
0.118861476335686
0.881138523664314
0
0.118883132107256
0.881116867892744
0
0.118916091342486
0.881083908657514
0
0.118961679114678
0.881038320885322
0
0.119023286060628
0.880976713939372
0
0.119103741136743
0.880896258863257
0
0.119204574253068
0.880795425746932
0
0.119323260561731
0.880676739438269
0
0.11943955028113
0.88056044971887
0
0.118862659408489
0.881137340591512
0
0.118874152566901
0.881125847433099
0
0.118897175686385
0.881102824313615
0
0.118932529067922
0.881067470932078
0
0.11898210003066
0.88101789996934
0
0.119049434947794
0.880950565052206
0
0.119139825686897
0.880860174313103
0
0.119262725244369
0.88073727475563
0
0.11943955028113
0.88056044971887
0
0.119725289103505
0.880274710896495
0
0.118552938328369
0.592060835575999
0.289386226095632
0.118616948523374
0.714281214802232
0.167101836674394
0.11866434755214
0.88133565244786
0
0.11871176578788
0.88128823421212
0
0.118754491794792
0.881245508205208
0
0.118787203110712
0.881212796889288
0
0.118812404735506
0.881187595264494
0
0.118832535629215
0.881167464370785
0
0.118850600510914
0.881149399489086
0
0.118862509746324
0.881137490253676
0
0.118616948523374
0.714281214802233
0.167101836674394
0.118645037398729
0.881354962601271
0
0.118684818700561
0.881315181299439
0
0.118728418871038
0.881271581128962
0
0.118765836321516
0.881234163678484
0
0.118796322273226
0.881203677726774
0
0.118820973360003
0.881179026639996
0
0.118841697412542
0.881158302587458
0
0.118861370581265
0.881138629418735
0
0.118873998148657
0.881126001851343
0
0.11866434755214
0.88133565244786
0
0.118684818700561
0.881315181299439
0
0.118718405222202
0.881281594777798
0
0.118753027564483
0.881246972435517
0
0.118785042010151
0.881214957989849
0
0.118813413965994
0.881186586034006
0
0.118838052694841
0.881161947305159
0
0.118860407835483
0.881139592164518
0
0.118883018301647
0.881116981698353
0
0.11889701962783
0.88110298037217
0
0.11871176578788
0.88128823421212
0
0.118728418871038
0.881271581128962
0
0.118753027564483
0.881246972435517
0
0.118780883619521
0.881219116380479
0
0.118809405430368
0.881190594569632
0
0.118837132465981
0.881162867534019
0
0.118863634327868
0.881136365672131
0
0.118889535352149
0.881110464647851
0
0.11891598225302
0.88108401774698
0
0.118932374478651
0.881067625521349
0
0.118754491794792
0.881245508205208
0
0.118765836321516
0.881234163678484
0
0.118785042010151
0.881214957989849
0
0.118809405430368
0.881190594569632
0
0.118836864334237
0.881163135665763
0
0.118866084157005
0.881133915842995
0
0.118896908070992
0.881103091929008
0
0.118930213896875
0.881069786103125
0
0.118961602161984
0.881038397838016
0
0.118981950721607
0.881018049278393
0
0.118787203110712
0.881212796889288
0
0.118796322273226
0.881203677726774
0
0.118813413965994
0.881186586034006
0
0.118837132465981
0.881162867534019
0
0.118866084157005
0.881133915842995
0
0.118899724139114
0.881100275860886
0
0.118937575694209
0.881062424305791
0
0.118981324745029
0.881018675254971
0
0.119023202729694
0.880976797270307
0
0.119049294114382
0.880950705885618
0
0.118812404735506
0.881187595264494
0
0.118820973360004
0.881179026639996
0
0.118838052694841
0.881161947305159
0
0.118863634327868
0.881136365672131
0
0.118896908070992
0.881103091929008
0
0.118937575694209
0.881062424305791
0
0.118989186191715
0.881010813808285
0
0.119046121728634
0.880953878271366
0
0.119103633057831
0.880896366942169
0
0.119139697267438
0.880860302732562
0
0.118832535629215
0.881167464370785
0
0.118841697412542
0.881158302587458
0
0.118860407835482
0.881139592164518
0
0.118889535352149
0.881110464647851
0
0.118930213896875
0.881069786103125
0
0.118981324745029
0.881018675254971
0
0.119046121728634
0.880953878271366
0
0.119125042782423
0.880874957217577
0
0.119204463176014
0.880795536823986
0
0.119262616131726
0.880737383868274
0
0.118850600510914
0.881149399489086
0
0.118861370581265
0.881138629418735
0
0.118883018301647
0.881116981698353
0
0.11891598225302
0.88108401774698
0
0.118961602161984
0.881038397838016
0
0.119023202729693
0.880976797270307
0
0.119103633057831
0.880896366942169
0
0.119204463176014
0.880795536823986
0
0.119323163149782
0.880676836850218
0
0.119439516009486
0.880560483990514
0
0.118862509746324
0.881137490253676
0
0.118873998148657
0.881126001851343
0
0.11889701962783
0.88110298037217
0
0.118932374478651
0.881067625521349
0
0.118981950721607
0.881018049278393
0
0.119049294114382
0.880950705885618
0
0.119139697267438
0.880860302732562
0
0.119262616131726
0.880737383868274
0
0.119439516009486
0.880560483990514
0
0.119731602556341
0.880268397443659
0
