0.118535518875555
0.398666498978001
0.482797982146444
0.11860117764668
0.427498393051902
0.453900429301418
0.118651758250058
0.473810159081622
0.40753808266832
0.118699984338655
0.507038656277374
0.374261359383971
0.118742464002489
0.516814872642787
0.364442663354724
0.118774993845479
0.531909050942911
0.34931595521161
0.118799984695991
0.561148714364279
0.32005130093973
0.118819917194527
0.632912308312663
0.248267774492809
0.118837738744596
0.881162261255404
0
0.118849691338848
0.881150308661152
0
0.11860117764668
0.427498393051899
0.453900429301421
0.118632318518528
0.467736103068142
0.41363157841333
0.118673040795962
0.502999293318943
0.378327665885095
0.118716492579298
0.511599731571419
0.369683775849283
0.118753737340224
0.520772489024285
0.360473773635492
0.118784064581483
0.537804084984737
0.34341185043378
0.11880847668503
0.569578267861378
0.311613255453592
0.118829034889542
0.653903438704152
0.227267526406306
0.118848469527094
0.881151530472906
0
0.118861096381056
0.881138903618944
0
0.118651758250058
0.473810159081619
0.407538082668323
0.118673040795962
0.502999293318941
0.378327665885097
0.118706518257939
0.510056822304089
0.371236659437973
0.118740985522724
0.516357085730532
0.364901928746745
0.118772868605282
0.52747082944401
0.353756301950709
0.118801056249361
0.546077353693655
0.335121590056984
0.118825338824688
0.580883876940428
0.300290784234885
0.118847498851411
0.683537813615629
0.19761468753296
0.118870021276264
0.881129978723735
0
0.118883949743584
0.881116050256416
0
0.118699984338655
0.507038656277369
0.374261359383975
0.118716492579298
0.511599731571417
0.369683775849285
0.118740985522724
0.516357085730531
0.364901928746746
0.118768742478842
0.52452816319773
0.356703094323428
0.118797135104704
0.53714942449166
0.344053440403636
0.118824638653018
0.556895366185237
0.324279995161745
0.118850825220371
0.596146206334781
0.285002968444849
0.118876395362643
0.729591468466414
0.151532136170943
0.118902711026516
0.881097288973484
0
0.118919024298194
0.881080975701807
0
0.118742464002489
0.516814872642783
0.364442663354727
0.118753737340224
0.520772489024283
0.360473773635493
0.118772868605282
0.527470829444009
0.35375630195071
0.118797135104704
0.537149424491659
0.344053440403637
0.118824432893634
0.550648821094095
0.330526746012271
0.118853333571571
0.571909074019345
0.309237592409085
0.118883787939962
0.617845610653352
0.263270601406686
0.118916229849423
0.807849336154998
0.0732344339955789
0.118947909614365
0.881052090385635
0
0.118968223235
0.881031776765
0
0.118774993845479
0.531909050942911
0.34931595521161
0.118784064581483
0.537804084984736
0.343411850433781
0.118801056249361
0.546077353693654
0.335121590056985
0.118824638653018
0.556895366185236
0.324279995161746
0.118853333571571
0.571909074019343
0.309237592409086
0.118886603418535
0.597946336555894
0.283167060025571
0.11892396444988
0.658908590041963
0.222167445508157
0.118967177084885
0.881032822915115
0
0.11900880415705
0.88099119584295
0
0.119035107423705
0.880964892576295
0
0.118799984695991
0.561148714364278
0.320051300939731
0.11880847668503
0.569578267861379
0.311613255453591
0.118825338824688
0.580883876940427
0.300290784234885
0.118850825220371
0.596146206334779
0.285002968444851
0.118883787939962
0.617845610653351
0.263270601406687
0.11892396444988
0.658908590041963
0.222167445508157
0.118973833832319
0.800384364993637
0.0806418011740439
0.119031490113275
0.880968509886725
0
0.119088995130998
0.880911004869002
0
0.119125231915579
0.880874768084421
0
0.118819917194527
0.632912308312664
0.248267774492809
0.118829034889542
0.653903438704152
0.227267526406307
0.118847498851411
0.683537813615628
0.197614687532961
0.118876395362643
0.729591468466412
0.151532136170945
0.118916229849423
0.807849336154998
0.0732344339955796
0.118967177084885
0.881032822915115
0
0.119031490113275
0.880968509886725
0
0.119110158378895
0.880889841621105
0
0.119189758008609
0.880810241991391
0
0.119248051025109
0.880751948974891
0
0.118837738744596
0.881162261255404
0
0.118848469527094
0.881151530472906
0
0.118870021276264
0.881129978723735
0
0.118902711026516
0.881097288973484
0
0.118947909614365
0.881052090385635
0
0.119008804157049
0.880991195842951
0
0.119088995130998
0.880911004869002
0
0.119189758008609
0.880810241991391
0
0.119308544125751
0.880691455874249
0
0.119424931982001
0.880575068017999
0
0.118849691338848
0.881150308661152
0
0.118861096381056
0.881138903618944
0
0.118883949743584
0.881116050256416
0
0.118919024298193
0.881080975701807
0
0.118968223235
0.881031776765
0
0.119035107423705
0.880964892576295
0
0.119125231915579
0.880874768084421
0
0.119248051025109
0.880751948974891
0
0.119424931982001
0.880575068017999
0
0.119707926188515
0.880292073811485
0
0.118537778511917
0.466467015580993
0.41499520590709
0.11860306806627
0.565604050504578
0.315792881429152
0.118652175721025
0.881347824278975
0
0.11870010453849
0.88129989546151
0
0.118742864866434
0.881257135133566
0
0.118775472708492
0.881224527291508
0
0.118800466988627
0.881199533011373
0
0.118820230879169
0.881179769120831
0
0.118837839974776
0.881162160025224
0
0.118849610139129
0.881150389860871
0
0.11860306806627
0.565604050504584
0.315792881429146
0.118632764922148
0.881367235077852
0
0.118673155125083
0.881326844874917
0
0.118716823376175
0.881283176623825
0
0.118754205684816
0.881245794315184
0
0.118784558773931
0.881215441226069
0
0.118808981368537
0.881191018631463
0
0.11882931690995
0.88117068309005
0
0.11884850924938
0.88115149075062
0
0.118861009957015
0.881138990042985
0
0.118652175721025
0.881347824278975
0
0.118673155125083
0.881326844874917
0
0.118706821835537
0.881293178164463
0
0.11874144086659
0.88125855913341
0
0.118773368167427
0.881226631832573
0
0.118801564200885
0.881198435799115
0
0.118825885608861
0.881174114391139
0
0.11884776122631
0.881152238773691
0
0.118870015699879
0.881129984300121
0
0.118883860882953
0.881116139117047
0
0.11870010453849
0.88129989546151
0
0.118716823376175
0.881283176623825
0
0.11874144086659
0.88125855913341
0
0.118769242773016
0.881230757226984
0
0.118797645250468
0.881202354749532
0
0.118825162436278
0.881174837563722
0
0.118851278307828
0.881148721692172
0
0.11887660408723
0.88112339591277
0
0.118902681961635
0.881097318038365
0
0.118918935697847
0.881081064302153
0
0.118742864866434
0.881257135133566
0
0.118754205684816
0.881245794315184
0
0.118773368167427
0.881226631832573
0
0.118797645250468
0.881202354749532
0
0.118824957000138
0.881175042999862
0
0.11885390529653
0.88114609470347
0
0.11888420061602
0.88111579938398
0
0.118916390307525
0.881083609692475
0
0.118947880443734
0.881052119556266
0
0.118968138095038
0.881031861904962
0
0.118775472708492
0.881224527291508
0
0.118784558773931
0.881215441226069
0
0.118801564200885
0.881198435799115
0
0.118825162436278
0.881174837563722
0
0.11885390529653
0.88114609470347
0
0.118887093251805
0.881112906748195
0
0.118924338689738
0.881075661310262
0
0.118967292583286
0.881032707416714
0
0.119008773529135
0.880991226470865
0
0.119035029234974
0.880964970765026
0
0.118800466988627
0.881199533011373
0
0.118808981368537
0.881191018631463
0
0.118825885608861
0.881174114391139
0
0.118851278307828
0.881148721692172
0
0.11888420061602
0.88111579938398
0
0.118924338689738
0.881075661310262
0
0.118974022450108
0.881025977549892
0
0.119031539278987
0.880968460721013
0
0.1190889451459
0.8809110548541
0
0.119125165230967
0.880874834769033
0
0.118820230879169
0.881179769120831
0
0.11882931690995
0.88117068309005
0
0.11884776122631
0.881152238773691
0
0.11887660408723
0.88112339591277
0
0.118916390307525
0.881083609692475
0
0.118967292583286
0.881032707416714
0
0.119031539278987
0.880968460721013
0
0.119110131189068
0.880889868810932
0
0.119189708060016
0.880810291939985
0
0.119248004428114
0.880751995571886
0
0.118837839974776
0.881162160025224
0
0.118848509249379
0.881151490750621
0
0.11887001569988
0.881129984300121
0
0.118902681961635
0.881097318038365
0
0.118947880443734
0.881052119556266
0
0.119008773529135
0.880991226470865
0
0.1190889451459
0.8809110548541
0
0.119189708060016
0.880810291939985
0
0.119308511022677
0.880691488977323
0
0.119424945788153
0.880575054211847
0
0.118849610139129
0.881150389860871
0
0.118861009957015
0.881138990042985
0
0.118883860882953
0.881116139117046
0
0.118918935697847
0.881081064302153
0
0.118968138095038
0.881031861904962
0
0.119035029234974
0.880964970765026
0
0.119125165230967
0.880874834769033
0
0.119248004428114
0.880751995571886
0
0.119424945788153
0.880575054211847
0
0.11971095208705
0.88028904791295
0
0.118541479296742
0.591465215760438
0.289993304942821
0.118605355805312
0.712767346622002
0.168627297572686
0.118652541196066
0.881347458803934
0
0.118699949728188
0.881300050271812
0
0.118742722046496
0.881257277953504
0
0.118775351257609
0.881224648742391
0
0.118800365235775
0.881199634764225
0
0.118820160744557
0.881179839255444
0
0.118837741432995
0.881162258567005
0
0.118849459583949
0.881150540416051
0
0.118605355805313
0.712767346622002
0.168627297572685
0.118633272825451
0.881366727174549
0
0.118672999931082
0.881327000068919
0
0.118716668070992
0.881283331929008
0
0.118754073847469
0.881245926152531
0
0.11878444380322
0.88121555619678
0
0.118808889495932
0.881191110504068
0
0.118829258728935
0.881170741271065
0
0.118848404825644
0.881151595174356
0
0.118860854637396
0.881139145362604
0
0.118652541196066
0.881347458803934
0
0.118672999931082
0.881327000068919
0
0.118706661813205
0.881293338186795
0
0.118741303181335
0.881258696818665
0
0.118773246287997
0.881226753712003
0
0.118801457998132
0.881198542001868
0
0.11882581165305
0.88117418834695
0
0.118847728567343
0.881152271432657
0
0.11886990108309
0.88113009891691
0
0.118883703812742
0.881116296187258
0
0.118699949728188
0.881300050271812
0
0.118716668070992
0.881283331929008
0
0.118741303181335
0.881258696818665
0
0.118769118733252
0.881230881266748
0
0.118797533597814
0.881202466402186
0
0.118825068312586
0.881174931687414
0
0.118851213811729
0.881148786188271
0
0.118876583283468
0.881123416716532
0
0.118902572592773
0.881097427407227
0
0.118918780005721
0.881081219994279
0
0.118742722046496
0.881257277953504
0
0.118754073847469
0.881245926152531
0
0.118773246287997
0.881226753712003
0
0.118797533597814
0.881202466402186
0
0.118824858820234
0.881175141179766
0
0.118853833585109
0.881146166414891
0
0.1188841625836
0.8811158374164
0
0.118916364176814
0.881083635823186
0
0.118947796046985
0.881052203953015
0
0.118967987340974
0.881032012659026
0
0.118775351257609
0.881224648742391
0
0.11878444380322
0.88121555619678
0
0.118801457998132
0.881198542001868
0
0.118825068312586
0.881174931687414
0
0.118853833585109
0.881146166414891
0
0.118887047974701
0.881112952025299
0
0.118924363430078
0.881075636569922
0
0.118967288340474
0.881032711659526
0
0.119008697324239
0.880991302675761
0
0.119034886905972
0.880965113094028
0
0.118800365235775
0.881199634764225
0
0.118808889495933
0.881191110504068
0
0.11882581165305
0.88117418834695
0
0.118851213811729
0.881148786188271
0
0.1188841625836
0.8811158374164
0
0.118924363430078
0.881075636569922
0
0.118974060633197
0.881025939366803
0
0.119031567973499
0.880968432026501
0
0.119088840094003
0.880911159905997
0
0.119125034989836
0.880874965010164
0
0.118820160744557
0.881179839255444
0
0.118829258728935
0.881170741271065
0
0.118847728567343
0.881152271432657
0
0.118876583283468
0.881123416716532
0
0.118916364176814
0.881083635823186
0
0.118967288340474
0.881032711659526
0
0.119031567973499
0.880968432026501
0
0.119110057413326
0.880889942586675
0
0.119189596562404
0.880810403437596
0
0.119247893283469
0.880752106716531
0
0.118837741432995
0.881162258567005
0
0.118848404825644
0.881151595174356
0
0.11886990108309
0.88113009891691
0
0.118902572592773
0.881097427407227
0
0.118947796046985
0.881052203953015
0
0.119008697324239
0.880991302675761
0
0.119088840094003
0.880911159905997
0
0.119189596562404
0.880810403437596
0
0.119308411876085
0.880691588123915
0
0.119424909449234
0.880575090550766
0
0.118849459583949
0.881150540416051
0
0.118860854637396
0.881139145362604
0
0.118883703812742
0.881116296187258
0
0.118918780005721
0.881081219994279
0
0.118967987340974
0.881032012659026
0
0.119034886905972
0.880965113094028
0
0.119125034989836
0.880874965010164
0
0.119247893283469
0.880752106716531
0
0.119424909449234
0.880575090550766
0
0.11971726946711
0.88028273053289
0
