0.118524073873295
0.397650451282266
0.48382547484444
0.118588639198097
0.42573979394815
0.455671566853753
0.118638118320861
0.475391969698068
0.405969911981071
0.118686449052687
0.513084538442582
0.36822901250473
0.118730005950403
0.520005194333558
0.361264799716039
0.118762834280046
0.533275365483669
0.347961800236284
0.118787782880918
0.560911241336718
0.320300975782365
0.118807401879026
0.629429610686919
0.251762987434055
0.118824549397861
0.881175450602139
0
0.118835954021375
0.881164045978625
0
0.118588639198097
0.425739793948147
0.455671566853756
0.118619145334237
0.467333193283975
0.414047661381788
0.11865907411032
0.510380137901398
0.370960787988282
0.118703663444184
0.515796261593267
0.365500074962549
0.11874145258016
0.523069673220951
0.35818887419889
0.118771951008083
0.538607446302063
0.342620602689854
0.118796278365001
0.568738855441913
0.312464866193087
0.118816423990453
0.648603085499171
0.232580490510377
0.118834950746525
0.881165049253475
0
0.118847327539777
0.881152672460223
0
0.118638118320861
0.475391969698066
0.405969911981074
0.11865907411032
0.510380137901398
0.370960787988283
0.118693576166912
0.514593230036383
0.366713193796705
0.118728592955054
0.519153883883057
0.362117523161889
0.118760744197432
0.528916487082014
0.352322768720554
0.118788982079025
0.546247343818771
0.334963674102204
0.118813107846285
0.579145184059093
0.302041708094622
0.11883474285879
0.674702899728058
0.206462357413152
0.118856214773122
0.881143785226878
0
0.118870084575461
0.881129915424539
0
0.118686449052687
0.51308453844258
0.368229012504732
0.118703663444184
0.515796261593266
0.365500074962549
0.118728592955053
0.519153883883056
0.36211752316189
0.118756605496954
0.526192162534049
0.355051231968997
0.118785100357568
0.537772467671296
0.343442431971136
0.118812534252114
0.556316674165974
0.324870791581912
0.11883834887281
0.593074275314885
0.288087375812306
0.118863158926175
0.714282307483269
0.166854533590556
0.118888714117826
0.881111285882174
0
0.11890505237513
0.88109494762487
0
0.118730005950403
0.520005194333557
0.36126479971604
0.11874145258016
0.52306967322095
0.358188874198891
0.118760744197432
0.528916487082013
0.352322768720556
0.118785100357568
0.537772467671295
0.343442431971137
0.118812403042011
0.550362807393309
0.330824789564681
0.118841150713911
0.570206268593393
0.310952580692696
0.118871069093338
0.612365787725987
0.268763143180675
0.118902163827456
0.780283510600784
0.100814325571761
0.118933726710215
0.881066273289785
0
0.11895417127812
0.88104582872188
0
0.118762834280046
0.533275365483668
0.347961800236286
0.118771951008083
0.538607446302063
0.342620602689854
0.118788982079025
0.54624734381877
0.334963674102205
0.118812534252114
0.556316674165973
0.324870791581913
0.118841150713911
0.570206268593393
0.310952580692696
0.118874072532147
0.593859492115066
0.287266435352787
0.118910862150569
0.646871497668637
0.234217640180794
0.118953335839544
0.881046664160456
0
0.118993934369438
0.881006065630562
0
0.119021066722652
0.880978933277348
0
0.118787782880918
0.560911241336717
0.320300975782366
0.118796278365001
0.568738855441913
0.312464866193086
0.118813107846285
0.579145184059092
0.302041708094623
0.11883834887281
0.593074275314884
0.288087375812306
0.118871069093338
0.612365787725987
0.268763143180675
0.118910862150569
0.646871497668637
0.234217640180795
0.118958234585482
0.758268767387989
0.122772998026529
0.119016309451711
0.880983690548289
0
0.119074757683774
0.880925242316226
0
0.119111925053661
0.880888074946339
0
0.118807401879026
0.629429610686919
0.251762987434056
0.118816423990453
0.64860308549917
0.232580490510377
0.11883474285879
0.674702899728058
0.206462357413152
0.118863158926175
0.714282307483269
0.166854533590556
0.118902163827456
0.780283510600784
0.10081432557176
0.118953335839544
0.881046664160456
0
0.119016309451711
0.880983690548289
0
0.119095675594225
0.880904324405775
0
0.119176868792188
0.880823131207812
0
0.11923621990948
0.88076378009052
0
0.118824549397861
0.881175450602139
0
0.118834950746525
0.881165049253475
0
0.118856214773121
0.881143785226879
0
0.118888714117826
0.881111285882174
0
0.118933726710215
0.881066273289785
0
0.118993934369438
0.881006065630562
0
0.119074757683774
0.880925242316226
0
0.119176868792188
0.880823131207812
0
0.119297399656726
0.880702600343274
0
0.119415279827671
0.880584720172329
0
0.118835954021375
0.881164045978625
0
0.118847327539777
0.881152672460224
0
0.118870084575461
0.881129915424539
0
0.11890505237513
0.88109494762487
0
0.118954171278119
0.881045828721881
0
0.119021066722652
0.880978933277348
0
0.119111925053661
0.880888074946339
0
0.11923621990948
0.88076378009052
0
0.119415279827671
0.880584720172329
0
0.119701062689582
0.880298937310418
0
0.118526325273073
0.464444920395222
0.417028754331705
0.118590531532513
0.561784482558964
0.319624985908524
0.118638642698559
0.881361357301441
0
0.118686561386606
0.881313438613394
0
0.118730354401101
0.881269645598899
0
0.118763279564579
0.881236720435421
0
0.118788241948225
0.881211758051775
0
0.118807709482698
0.881192290517302
0
0.118824660528173
0.881175339471827
0
0.118835875994212
0.881164124005788
0
0.118590531532513
0.561784482558968
0.319624985908519
0.118619832983129
0.881380167016871
0
0.118659179426589
0.881340820573411
0
0.118703929820749
0.881296070179251
0
0.118741875768046
0.881258124231954
0
0.118772416117007
0.881227583882993
0
0.118796757734417
0.881203242265584
0
0.118816703131936
0.881183296868064
0
0.118835002857014
0.881164997142986
0
0.118847242285614
0.881152757714386
0
0.118638642698559
0.881361357301441
0
0.118659179426589
0.881340820573411
0
0.118693810194448
0.881306189805552
0
0.118728995956363
0.881271004043637
0
0.118761207922196
0.881238792077804
0
0.118789462303519
0.881210537696481
0
0.118813623723181
0.881186376276819
0
0.118835004408422
0.881164995591578
0
0.118856222611758
0.881143777388242
0
0.118869996021117
0.881130003978883
0
0.118686561386606
0.881313438613394
0
0.118703929820749
0.881296070179251
0
0.118728995956363
0.881271004043637
0
0.118757067582829
0.881242932417171
0
0.118785581942254
0.881214418057746
0
0.11881303221472
0.88118696778528
0
0.118838798769733
0.881161201230267
0
0.118863377109472
0.881136622890528
0
0.118888695700856
0.881111304299144
0
0.118904963736027
0.881095036263973
0
0.118730354401101
0.881269645598899
0
0.118741875768046
0.881258124231954
0
0.118761207922196
0.881238792077804
0
0.118785581942254
0.881214418057746
0
0.118812901187118
0.881187098812882
0
0.118841690281461
0.881158309718539
0
0.118871472442709
0.881128527557291
0
0.118902343222013
0.881097656777987
0
0.118933700460123
0.881066299539877
0
0.118954085761936
0.881045914238064
0
0.118763279564579
0.881236720435421
0
0.118772416117007
0.881227583882993
0
0.118789462303519
0.881210537696481
0
0.11881303221472
0.88118696778528
0
0.118841690281461
0.881158309718539
0
0.118874563762079
0.881125436237921
0
0.118911235344432
0.881088764655568
0
0.118953477017549
0.881046522982451
0
0.118993924060507
0.881006075939493
0
0.119020988245558
0.880979011754442
0
0.118788241948225
0.881211758051775
0
0.118796757734417
0.881203242265583
0
0.118813623723181
0.881186376276819
0
0.118838798769733
0.881161201230267
0
0.118871472442709
0.881128527557291
0
0.118911235344432
0.881088764655568
0
0.118958476678995
0.881041523321005
0
0.119016382877156
0.880983617122844
0
0.119074713777092
0.880925286222908
0
0.119111857822839
0.880888142177161
0
0.118807709482698
0.881192290517302
0
0.118816703131936
0.881183296868064
0
0.118835004408422
0.881164995591578
0
0.118863377109472
0.881136622890528
0
0.118902343222013
0.881097656777987
0
0.118953477017549
0.881046522982451
0
0.119016382877156
0.880983617122844
0
0.119095661810735
0.880904338189265
0
0.119176819816834
0.880823180183166
0
0.119236172638057
0.880763827361943
0
0.118824660528173
0.881175339471827
0
0.118835002857014
0.881164997142986
0
0.118856222611758
0.881143777388242
0
0.118888695700856
0.881111304299144
0
0.118933700460123
0.881066299539877
0
0.118993924060507
0.881006075939493
0
0.119074713777092
0.880925286222908
0
0.119176819816834
0.880823180183166
0
0.11929736621917
0.88070263378083
0
0.119415293119531
0.880584706880469
0
0.118835875994212
0.881164124005788
0
0.118847242285614
0.881152757714386
0
0.118869996021117
0.881130003978883
0
0.118904963736027
0.881095036263973
0
0.118954085761936
0.881045914238064
0
0.119020988245558
0.880979011754442
0
0.119111857822839
0.880888142177161
0
0.119236172638058
0.880763827361943
0
0.119415293119531
0.880584706880469
0
0.119704099794804
0.880295900205196
0
0.118530004639466
0.590222571421371
0.291247423939163
0.118592837389662
0.711222487894026
0.170184674716312
0.118639026619009
0.881360973380991
0
0.118686389737457
0.881313610262543
0
0.11873020598866
0.88126979401134
0
0.118763154440428
0.881236845559572
0
0.118788136807002
0.881211863192998
0
0.118807634278803
0.881192365721197
0
0.118824559081612
0.881175440918388
0
0.118835729346262
0.881164270653738
0
0.118592837389661
0.711222487894027
0.170184674716311
0.118620363877833
0.881379636122167
0
0.11865900382011
0.88134099617989
0
0.118703767090617
0.881296232909383
0
0.118741739520566
0.881258260479434
0
0.11877229766108
0.88122770233892
0
0.118796661740989
0.881203338259011
0
0.118816639109535
0.881183360890465
0
0.118834904086354
0.881165095913646
0
0.118847087828344
0.881152912171656
0
0.118639026619009
0.881360973380991
0
0.11865900382011
0.88134099617989
0
0.118693641863517
0.881306358136483
0
0.118728853226843
0.881271146773157
0
0.118761082395726
0.881238917604274
0
0.118789352574583
0.881210647425417
0
0.118813544159643
0.881186455840357
0
0.11883496298877
0.88116503701123
0
0.118856117457745
0.881143882542255
0
0.118869838604307
0.881130161395693
0
0.118686389737457
0.881313610262543
0
0.118703767090617
0.881296232909383
0
0.118728853226843
0.881271146773157
0
0.118756939769553
0.881243060230447
0
0.118785467070025
0.881214532929975
0
0.118812934289397
0.881187065710603
0
0.118838729800604
0.881161270199396
0
0.11886335309122
0.88113664690878
0
0.118888593008286
0.881111406991714
0
0.118904807240449
0.881095192759551
0
0.11873020598866
0.88126979401134
0
0.118741739520566
0.881258260479434
0
0.118761082395726
0.881238917604274
0
0.118785467070025
0.881214532929975
0
0.118812799291871
0.881187200708129
0
0.118841612711011
0.881158387288989
0
0.118871425656769
0.881128574343231
0
0.118902337756529
0.881097662243471
0
0.118933613766853
0.881066386233147
0
0.118953933786302
0.881046066213698
0
0.118763154440428
0.881236845559572
0
0.11877229766108
0.88122770233892
0
0.118789352574583
0.881210647425417
0
0.118812934289397
0.881187065710603
0
0.118841612711011
0.881158387288989
0
0.118874513108906
0.881125486891094
0
0.118911239794393
0.881088760205607
0
0.118953454694781
0.881046545305219
0
0.118993877348561
0.881006122651439
0
0.119020844905958
0.880979155094042
0
0.118788136807002
0.881211863192998
0
0.118796661740989
0.881203338259011
0
0.118813544159643
0.881186455840357
0
0.118838729800604
0.881161270199396
0
0.118871425656769
0.881128574343231
0
0.118911239794393
0.881088760205607
0
0.118958568199155
0.881041431800845
0
0.119016436889082
0.880983563110918
0
0.119074616610191
0.880925383389809
0
0.119111726182205
0.880888273817795
0
0.118807634278803
0.881192365721197
0
0.118816639109535
0.881183360890465
0
0.11883496298877
0.88116503701123
0
0.11886335309122
0.88113664690878
0
0.118902337756529
0.881097662243471
0
0.118953454694781
0.881046545305219
0
0.119016436889082
0.880983563110918
0
0.119095606605378
0.880904393394622
0
0.119176708989673
0.880823291010327
0
0.119236059992332
0.880763940007668
0
0.118824559081612
0.881175440918388
0
0.118834904086354
0.881165095913646
0
0.118856117457745
0.881143882542255
0
0.118888593008286
0.881111406991714
0
0.118933613766853
0.881066386233147
0
0.118993877348561
0.881006122651439
0
0.119074616610191
0.880925383389809
0
0.119176708989673
0.880823291010328
0
0.119297266008277
0.880702733991723
0
0.119415255611547
0.880584744388453
0
0.118835729346262
0.881164270653738
0
0.118847087828344
0.881152912171656
0
0.118869838604307
0.881130161395693
0
0.118904807240449
0.881095192759551
0
0.118953933786302
0.881046066213698
0
0.119020844905958
0.880979155094042
0
0.119111726182205
0.880888273817795
0
0.119236059992332
0.880763940007668
0
0.119415255611547
0.880584744388453
0
0.119710440699778
0.880289559300222
0
