0.118512087967651
0.398224036838033
0.483263875194316
0.11857745322838
0.426249481197454
0.455173065574166
0.11862766213089
0.474076159713517
0.407296178155594
0.118675927289713
0.507858888370417
0.373465184339871
0.118718569420045
0.516284591467232
0.364996839112723
0.118750958612564
0.53025142222855
0.350997619158885
0.118775615320907
0.558262726794636
0.322961657884457
0.118794923893188
0.626156524733864
0.255048551372948
0.118811693897568
0.881188306102432
0
0.118823306612333
0.881176693387667
0
0.11857745322838
0.426249481197451
0.455173065574169
0.1186082854726
0.468040613001031
0.413351101526369
0.118648916793517
0.504482155353088
0.376868927853395
0.118692602119905
0.511660347026453
0.369647050853641
0.118729842561736
0.519664182052415
0.36160597538585
0.118759968330327
0.535741570437429
0.345498461232244
0.118784028697521
0.566073116430112
0.315142854872367
0.11880387366765
0.644825632271668
0.236370494060681
0.118822217070902
0.881177782929098
0
0.11883450733348
0.88116549266652
0
0.11862766213089
0.474076159713513
0.407296178155598
0.118648916793517
0.504482155353086
0.376868927853397
0.118682628376505
0.51031838317787
0.370998988445625
0.118717134550086
0.515536282685488
0.365746582764426
0.118748879460499
0.525806752776326
0.355444367763175
0.118776788967701
0.543539140333268
0.337684070699031
0.118800655466743
0.576353400384474
0.304845944148783
0.118821991527365
0.670172436438389
0.211005572034246
0.118843314697378
0.881156685302622
0
0.118856957670126
0.881143042329874
0
0.118675927289713
0.507858888370413
0.373465184339875
0.118692602119905
0.511660347026451
0.369647050853644
0.118717134550086
0.515536282685487
0.365746582764427
0.118744782521198
0.522987348443644
0.358267869035158
0.11877293426909
0.534957694576156
0.346269371154754
0.118800029507069
0.553719086257574
0.327480884235357
0.118825404472872
0.590059880678906
0.291114714848223
0.118849877902554
0.70819010052074
0.172960021576706
0.118875466787455
0.881124533212545
0
0.118891482343854
0.881108517656146
0
0.118718569420045
0.516284591467229
0.364996839112725
0.118729842561735
0.519664182052413
0.361605975385852
0.118748879460499
0.525806752776326
0.355444367763176
0.11877293426909
0.534957694576155
0.346269371154755
0.118799916999647
0.547751442798653
0.3334486402017
0.118828307120413
0.567520489748933
0.313651203130654
0.118857754330079
0.608978063429281
0.27216418224064
0.118888155789151
0.770674937399531
0.110436906811318
0.118919972374627
0.881080027625373
0
0.118939978183265
0.881060021816735
0
0.118750958612565
0.530251422228549
0.350997619158886
0.118759968330327
0.535741570437428
0.345498461232245
0.118776788967701
0.543539140333267
0.337684070699033
0.118800029507069
0.553719086257573
0.327480884235358
0.118828307120413
0.567520489748932
0.313651203130655
0.118860707752812
0.590607815059719
0.290531477187469
0.118897114125789
0.642287111886833
0.238815773987378
0.118938750958444
0.881061249041556
0
0.118979366267675
0.881020633732325
0
0.11900597126074
0.88099402873926
0
0.118775615320907
0.558262726794635
0.322961657884458
0.118784028697521
0.566073116430113
0.315142854872366
0.118800655466743
0.576353400384474
0.304845944148783
0.118825404472872
0.590059880678904
0.291114714848224
0.118857754330079
0.60897806342928
0.272164182240642
0.118897114125789
0.642287111886833
0.238815773987378
0.118944184178628
0.746797381388772
0.1342584344326
0.119001922277879
0.880998077722121
0
0.119058945421488
0.880941054578512
0
0.119095583280762
0.880904416719238
0
0.118794923893188
0.626156524733864
0.255048551372948
0.11880387366765
0.644825632271669
0.236370494060681
0.118821991527365
0.670172436438388
0.211005572034247
0.118849877902554
0.708190100520739
0.172960021576708
0.118888155789151
0.77067493739953
0.110436906811318
0.118938750958444
0.881061249041556
0
0.119001922277879
0.880998077722121
0
0.119079574941524
0.880920425058476
0
0.119159617383638
0.880840382616362
0
0.119218308209459
0.880781691790541
0
0.118811693897568
0.881188306102432
0
0.118822217070902
0.881177782929098
0
0.118843314697378
0.881156685302622
0
0.118875466787455
0.881124533212545
0
0.118919972374627
0.881080027625374
0
0.118979366267675
0.881020633732325
0
0.119058945421488
0.880941054578512
0
0.119159617383639
0.880840382616361
0
0.119278730585348
0.880721269414652
0
0.11939546640775
0.88060453359225
0
0.118823306612333
0.881176693387667
0
0.11883450733348
0.88116549266652
0
0.118856957670126
0.881143042329874
0
0.118891482343854
0.881108517656146
0
0.118939978183265
0.881060021816735
0
0.11900597126074
0.88099402873926
0
0.119095583280762
0.880904416719238
0
0.119218308209459
0.880781691790541
0
0.11939546640775
0.88060453359225
0
0.119679024297757
0.880320975702243
0
0.118514336236291
0.46545804172028
0.416027622043429
0.118579338153568
0.561189616531348
0.320231045315084
0.118628031213736
0.881371968786264
0
0.118676045328934
0.881323954671066
0
0.118718946457355
0.881281053542645
0
0.118751431042783
0.881248568957217
0
0.118776092315469
0.881223907684531
0
0.118795245602157
0.881204754397843
0
0.118811818057341
0.881188181942659
0
0.118823225331158
0.881176774668842
0
0.118579338153568
0.561189616531354
0.320231045315079
0.118608672975132
0.881391327024868
0
0.118649028878668
0.881350971121332
0
0.118692895131599
0.881307104868401
0
0.118730296994157
0.881269703005843
0
0.118760458536521
0.881239541463479
0
0.118784524422575
0.881215475577425
0
0.118804168693889
0.881195831306111
0
0.118822274702162
0.881177725297838
0
0.118834420560697
0.881165579439303
0
0.118628031213736
0.881371968786264
0
0.118649028878668
0.881350971121332
0
0.118682887761585
0.881317112238415
0
0.118717570098944
0.881282429901056
0
0.118749373590597
0.881250626409403
0
0.118777292769466
0.881222707230534
0
0.118801184481185
0.881198815518815
0
0.118822265077921
0.881177734922079
0
0.118843324606813
0.881156675393187
0
0.118856868310529
0.881143131689471
0
0.118676045328934
0.881323954671066
0
0.118692895131599
0.881307104868401
0
0.118717570098944
0.881282429901056
0
0.118745276462153
0.881254723537847
0
0.118773442252273
0.881226557747727
0
0.118800547292556
0.881199452707444
0
0.118825893445796
0.881174106554204
0
0.11885011027932
0.88114988972068
0
0.118875446959862
0.881124553040138
0
0.118891393020384
0.881108606979616
0
0.118718946457355
0.881281053542645
0
0.118730296994157
0.881269703005843
0
0.118749373590597
0.881250626409403
0
0.118773442252273
0.881226557747727
0
0.118800435551005
0.881199564448995
0
0.118828861083558
0.881171138916442
0
0.118858179379992
0.881141820620008
0
0.118888349510996
0.881111650489004
0
0.118919940390384
0.881080059609616
0
0.118939891841292
0.881060108158708
0
0.118751431042783
0.881248568957217
0
0.118760458536521
0.881239541463479
0
0.118777292769466
0.881222707230534
0
0.118800547292556
0.881199452707444
0
0.118828861083558
0.881171138916442
0
0.118861243394723
0.881138756605277
0
0.118897508204582
0.881102491795418
0
0.118938915539588
0.881061084460412
0
0.118979349181721
0.881020650818279
0
0.119005891742171
0.880994108257829
0
0.118776092315469
0.881223907684531
0
0.118784524422575
0.881215475577425
0
0.118801184481185
0.881198815518815
0
0.118825893445796
0.881174106554204
0
0.118858179379992
0.881141820620008
0
0.118897508204582
0.881102491795418
0
0.118944441076248
0.881055558923752
0
0.119001981994777
0.880998018005223
0
0.119058903067901
0.880941096932099
0
0.119095514768626
0.880904485231374
0
0.118795245602157
0.881204754397843
0
0.118804168693889
0.881195831306111
0
0.118822265077921
0.881177734922079
0
0.11885011027932
0.88114988972068
0
0.118888349510996
0.881111650489004
0
0.118938915539588
0.881061084460412
0
0.119001981994777
0.880998018005223
0
0.119079564960056
0.880920435039944
0
0.119159568385108
0.880840431614892
0
0.119218259382769
0.880781740617231
0
0.118811818057341
0.881188181942659
0
0.118822274702162
0.881177725297838
0
0.118843324606813
0.881156675393187
0
0.118875446959862
0.881124553040138
0
0.118919940390384
0.881080059609616
0
0.11897934918172
0.88102065081828
0
0.119058903067901
0.880941096932099
0
0.119159568385108
0.880840431614892
0
0.11927869583094
0.88072130416906
0
0.119395477830838
0.880604522169162
0
0.118823225331158
0.881176774668842
0
0.118834420560697
0.881165579439303
0
0.118856868310529
0.881143131689471
0
0.118891393020384
0.881108606979616
0
0.118939891841292
0.881060108158708
0
0.119005891742171
0.880994108257829
0
0.119095514768626
0.880904485231374
0
0.119218259382769
0.880781740617231
0
0.119395477830838
0.880604522169162
0
0.119682053096494
0.880317946903506
0
0.11851801548161
0.5903653983047
0.29111658621369
0.118581636927893
0.709908992565528
0.171509370506579
0.118628433176103
0.881371566823897
0
0.118675883203629
0.881324116796371
0
0.118718797191756
0.881281202808244
0
0.118751304324674
0.881248695675326
0
0.118775984528746
0.881224015471254
0
0.118795167350638
0.881204832649362
0
0.118811721188391
0.881188278811609
0
0.118823072993371
0.88117692700663
0
0.118581636927893
0.709908992565529
0.171509370506578
0.118609229479357
0.881390770520643
0
0.118648867760936
0.881351132239064
0
0.118692732296285
0.881307267703715
0
0.118730159397717
0.881269840602283
0
0.118760338330574
0.881239661669426
0
0.118784425275639
0.881215574724361
0
0.11880410249096
0.88119589750904
0
0.118822172037666
0.881177827962333
0
0.118834263424507
0.881165736575493
0
0.118628433176103
0.881371566823897
0
0.118648867760936
0.881351132239064
0
0.11868271962724
0.88131728037276
0
0.118717426225003
0.881282573774997
0
0.11874924654205
0.88125075345795
0
0.118777180917557
0.881222819082443
0
0.118801100354739
0.881198899645261
0
0.118822219907631
0.881177780092369
0
0.118843214685395
0.881156785314605
0
0.118856709448486
0.881143290551514
0
0.118675883203629
0.881324116796371
0
0.118692732296285
0.881307267703715
0
0.118717426225003
0.881282573774997
0
0.118745147216949
0.881254852783051
0
0.118773325443136
0.881226674556864
0
0.118800446589162
0.881199553410838
0
0.118825823776439
0.881174176223561
0
0.118850085786518
0.881149914213482
0
0.118875336948282
0.881124663051718
0
0.118891235388234
0.881108764611766
0
0.118718797191756
0.881281202808244
0
0.118730159397717
0.881269840602283
0
0.11874924654205
0.88125075345795
0
0.118773325443136
0.881226674556864
0
0.118800331085043
0.881199668914957
0
0.118828779226161
0.881171220773839
0
0.118858127706415
0.881141872293585
0
0.1188883519237
0.8811116480763
0
0.118919841692682
0.881080158307318
0
0.118939738528784
0.881060261471216
0
0.118751304324674
0.881248695675326
0
0.118760338330575
0.881239661669425
0
0.118777180917557
0.881222819082443
0
0.118800446589162
0.881199553410838
0
0.118828779226161
0.881171220773839
0
0.118861191927015
0.881138808072985
0
0.118897507230048
0.881102492769952
0
0.118938905375075
0.881061094624925
0
0.11897929043121
0.88102070956879
0
0.119005746790468
0.880994253209532
0
0.118775984528746
0.881224015471254
0
0.118784425275639
0.881215574724361
0
0.118801100354739
0.881198899645261
0
0.118825823776439
0.881174176223561
0
0.118858127706415
0.881141872293585
0
0.118897507230048
0.881102492769952
0
0.118944526541681
0.88105547345832
0
0.119002005142157
0.880997994857843
0
0.119058808053883
0.880941191946117
0
0.119095381198983
0.880904618801017
0
0.118795167350638
0.881204832649362
0
0.118804102490961
0.881195897509039
0
0.118822219907631
0.881177780092369
0
0.118850085786518
0.881149914213482
0
0.1188883519237
0.8811116480763
0
0.118938905375075
0.881061094624925
0
0.119002005142157
0.880997994857843
0
0.119079515298088
0.880920484701912
0
0.119159457475616
0.880840542524384
0
0.119218144340129
0.88078185565987
0
0.118811721188391
0.881188278811609
0
0.118822172037666
0.881177827962334
0
0.118843214685395
0.881156785314605
0
0.118875336948282
0.881124663051718
0
0.118919841692682
0.881080158307318
0
0.11897929043121
0.88102070956879
0
0.119058808053883
0.880941191946117
0
0.119159457475616
0.880840542524384
0
0.119278593595217
0.880721406404783
0
0.119395437441015
0.880604562558985
0
0.118823072993371
0.88117692700663
0
0.118834263424507
0.881165736575493
0
0.118856709448486
0.881143290551514
0
0.118891235388234
0.881108764611766
0
0.118939738528784
0.881060261471216
0
0.119005746790468
0.880994253209532
0
0.119095381198983
0.880904618801017
0
0.119218144340129
0.880781855659871
0
0.119395437441015
0.880604562558985
0
0.119688378482856
0.880311621517144
0
