0.11850069782946
0.397221404247424
0.484277897923117
0.11856498699286
0.42448165597412
0.45695335703302
0.118614080428809
0.475212631956409
0.406173287614783
0.118662312784787
0.51460477529498
0.366732911920233
0.118706261032879
0.519845079290671
0.361448659676449
0.118739052331055
0.531826470668193
0.349434477000752
0.118763725490935
0.558202195638601
0.323034078870464
0.118782782447779
0.623107308395114
0.258109909157107
0.1187989551619
0.8812010448381
0
0.118809873049097
0.881190126950903
0
0.11856498699286
0.424481655974117
0.456953357033023
0.118595223538582
0.466844851961821
0.414559924499597
0.118634832894499
0.512626348913833
0.368738818191668
0.118679849822552
0.516351220418688
0.36496892975876
0.118717778909261
0.522239849945262
0.359042371145478
0.118748164420849
0.536729470507532
0.344522365071619
0.118772195710496
0.565449571240263
0.315778233049242
0.118791676047071
0.640178974365589
0.24102934958734
0.118809168678132
0.881190831321868
0
0.118821119574758
0.881178880425242
0
0.118614080428809
0.475212631956406
0.406173287614786
0.118634832894499
0.512626348913832
0.368738818191669
0.118669750716944
0.515409915841184
0.365920333441871
0.118704955104808
0.518659851881401
0.362635193013791
0.118737086652195
0.527460705119468
0.353802208228337
0.11876514597008
0.543887835129734
0.337347018900186
0.118788936679108
0.574930456885348
0.306280606435544
0.11880984928379
0.66265773325438
0.21853241746183
0.118830097824829
0.881169902175171
0
0.118843621504771
0.881156378495229
0
0.118662312784787
0.514604775294978
0.366732911920235
0.118679849822552
0.516351220418687
0.364968929758761
0.118704955104808
0.518659851881401
0.362635193013791
0.118732988802067
0.524870802335857
0.356396208862077
0.118761381550958
0.535755741325597
0.345482877123445
0.118788558839354
0.553339011049477
0.327872430111169
0.118813736708702
0.587407261484296
0.293779001807002
0.118837601139467
0.695091140222601
0.186071258637933
0.118862332955379
0.881137667044621
0
0.118878278798039
0.881121721201961
0
0.118706261032879
0.51984507929067
0.361448659676451
0.118717778909261
0.522239849945261
0.359042371145478
0.118737086652195
0.527460705119466
0.353802208228338
0.118761381550958
0.535755741325597
0.345482877123445
0.118788566792874
0.547652505914881
0.333558927292246
0.118817056252764
0.566121590183649
0.315061353563587
0.11884633467764
0.60431039266938
0.276843272652981
0.118876096685193
0.746037305334107
0.1350865979807
0.118907027395089
0.881092972604911
0
0.118926991554142
0.881073008445858
0
0.118739052331055
0.531826470668191
0.349434477000755
0.118748164420849
0.536729470507532
0.344522365071619
0.11876514597008
0.543887835129734
0.337347018900187
0.118788558839354
0.553339011049476
0.327872430111169
0.118817056252764
0.566121590183649
0.315061353563587
0.118849532679197
0.587086851934392
0.294063615386411
0.118885919554122
0.632569736304815
0.248544344141063
0.118927245297195
0.843626591613306
0.0374461630894996
0.118966499187152
0.881033500812848
0
0.11899328463217
0.88100671536783
0
0.118763725490935
0.5582021956386
0.323034078870465
0.118772195710496
0.565449571240263
0.315778233049242
0.118788936679108
0.574930456885347
0.306280606435545
0.118813736708702
0.587407261484296
0.293779001807002
0.11884633467764
0.604310392669379
0.276843272652981
0.118885919554122
0.632569736304814
0.248544344141064
0.118932316810423
0.71512634719604
0.165941335993537
0.118988896280786
0.881011103719214
0
0.119046096129545
0.880953903870455
0
0.119083457487876
0.880916542512124
0
0.118782782447779
0.623107308395113
0.258109909157108
0.118791676047071
0.64017897436559
0.241029349587339
0.11880984928379
0.662657733254381
0.218532417461829
0.118837601139467
0.695091140222601
0.186071258637933
0.118876096685193
0.746037305334107
0.1350865979807
0.118927245297195
0.843626591613306
0.0374461630894995
0.118988896280786
0.881011103719214
0
0.119066249617895
0.880933750382105
0
0.119147770806196
0.880852229193804
0
0.119207467268553
0.880792532731447
0
0.1187989551619
0.8812010448381
0
0.118809168678132
0.881190831321868
0
0.118830097824829
0.881169902175171
0
0.118862332955379
0.881137667044621
0
0.118907027395089
0.881092972604911
0
0.118966499187152
0.881033500812848
0
0.119046096129545
0.880953903870455
0
0.119147770806196
0.880852229193804
0
0.119268519372398
0.880731480627602
0
0.119386731524695
0.880613268475305
0
0.118809873049097
0.881190126950903
0
0.118821119574758
0.881178880425242
0
0.118843621504771
0.881156378495229
0
0.118878278798039
0.881121721201961
0
0.118926991554142
0.881073008445858
0
0.11899328463217
0.88100671536783
0
0.119083457487876
0.880916542512124
0
0.119207467268553
0.880792532731447
0
0.119386731524695
0.880613268475305
0
0.119673145709418
0.880326854290582
0
0.118502937845859
0.463394445541598
0.418102616612543
0.118566873510959
0.557273192477598
0.324159934011442
0.118614587981917
0.881385412018084
0
0.118662422249872
0.881337577750128
0
0.118706575588305
0.881293424411695
0
0.118739484617838
0.881260515382162
0
0.118764176187466
0.881235823812534
0
0.11878309461275
0.88121690538725
0
0.118799088313952
0.881200911686048
0
0.118809795676798
0.881190204323202
0
0.118566873510959
0.557273192477603
0.324159934011438
0.118595913036012
0.881404086963988
0
0.118634935034968
0.881365064965032
0
0.118680068595982
0.881319931404018
0
0.118718179138652
0.881281820861348
0
0.118748619905631
0.881251380094369
0
0.118772664265958
0.881227335734042
0
0.118791967885461
0.881208032114539
0
0.1188092382436
0.8811907617564
0
0.118821034243976
0.881178965756024
0
0.118614587981917
0.881385412018084
0
0.118634935034968
0.881365064965032
0
0.118669931346887
0.881330068653113
0
0.118705327836182
0.881294672163819
0
0.118737537095991
0.881262462904009
0
0.118765617500365
0.881234382499635
0
0.118789435272866
0.881210564727134
0
0.118810118140677
0.881189881859323
0
0.118830121606464
0.881169878393536
0
0.118843532506021
0.881156467493979
0
0.118662422249872
0.881337577750128
0
0.118680068595982
0.881319931404018
0
0.118705327836182
0.881294672163819
0
0.11873343576648
0.88126656423352
0
0.118761854479888
0.881238145520112
0
0.118789047149762
0.881210952850238
0
0.118814220048591
0.881185779951409
0
0.11883784619135
0.88116215380865
0
0.118862324605324
0.881137675394676
0
0.118878189359848
0.881121810640152
0
0.118706575588305
0.881293424411695
0
0.118718179138652
0.881281820861348
0
0.118737537095991
0.881262462904009
0
0.118761854479888
0.881238145520112
0
0.118789054989083
0.881210945010917
0
0.118817578097512
0.881182421902489
0
0.118846751804277
0.881153248195723
0
0.118876301827593
0.881123698172407
0
0.118907003876541
0.881092996123459
0
0.11892690477923
0.88107309522077
0
0.118739484617838
0.881260515382162
0
0.118748619905631
0.881251380094369
0
0.118765617500365
0.881234382499635
0
0.118789047149762
0.881210952850238
0
0.118817578097512
0.881182421902489
0
0.118850070712688
0.881149929287312
0
0.1188863198802
0.8811136801198
0
0.118927391153156
0.881072608846844
0
0.118966491755945
0.881033508244055
0
0.118993204436631
0.881006795563369
0
0.118764176187467
0.881235823812534
0
0.118772664265958
0.881227335734042
0
0.118789435272866
0.881210564727134
0
0.118814220048591
0.881185779951409
0
0.118846751804277
0.881153248195723
0
0.1188863198802
0.8811136801198
0
0.118932603665912
0.881067396334088
0
0.118988983909079
0.881011016090921
0
0.119046063318763
0.880953936681237
0
0.119083388235127
0.880916611764873
0
0.11878309461275
0.88121690538725
0
0.118791967885461
0.881208032114539
0
0.118810118140677
0.881189881859323
0
0.11883784619135
0.88116215380865
0
0.118876301827593
0.881123698172407
0
0.118927391153156
0.881072608846844
0
0.118988983909079
0.881011016090921
0
0.119066262186997
0.880933737813003
0
0.11914772347136
0.88085227652864
0
0.119207417520592
0.880792582479408
0
0.118799088313952
0.881200911686048
0
0.1188092382436
0.8811907617564
0
0.118830121606464
0.881169878393536
0
0.118862324605324
0.881137675394676
0
0.118907003876541
0.881092996123459
0
0.118966491755945
0.881033508244055
0
0.119046063318763
0.880953936681237
0
0.11914772347136
0.88085227652864
0
0.119268484196543
0.880731515803457
0
0.119386742193314
0.880613257806686
0
0.118809795676798
0.881190204323202
0
0.118821034243976
0.881178965756024
0
0.118843532506021
0.881156467493979
0
0.118878189359848
0.881121810640152
0
0.11892690477923
0.88107309522077
0
0.118993204436631
0.881006795563369
0
0.119083388235127
0.880916611764872
0
0.119207417520592
0.880792582479408
0
0.119386742193314
0.880613257806686
0
0.119676187177192
0.880323812822808
0
0.118506595613455
0.589121983474159
0.292371420912387
0.118569190903478
0.708318956899557
0.173111852196965
0.118615009935915
0.881384990064085
0
0.118662242344342
0.881337757655658
0
0.118706419584774
0.881293580415226
0
0.118739353688025
0.881260646311975
0
0.118764064865744
0.881235935134257
0
0.118783011193977
0.881216988806023
0
0.118798985832751
0.881201014167249
0
0.118809648653545
0.881190351346455
0
0.118569190903478
0.708318956899558
0.173111852196964
0.118596494938771
0.881403505061229
0
0.118634752282724
0.881365247717276
0
0.11867989677727
0.88132010322273
0
0.118718036309084
0.881281963690915
0
0.118748495822112
0.881251504177888
0
0.118772561107832
0.881227438892168
0
0.118791896632469
0.881208103367531
0
0.118809140011208
0.881190859988792
0
0.118820878687394
0.881179121312606
0
0.118615009935915
0.881384990064085
0
0.118634752282725
0.881365247717275
0
0.118669753149227
0.881330246850773
0
0.118705177899874
0.881294822100126
0
0.11873740582517
0.88126259417483
0
0.1187655019208
0.8812344980792
0
0.118789346243891
0.881210653756109
0
0.118810063945239
0.881189936054761
0
0.118830021105152
0.881169978894848
0
0.118843373750268
0.881156626249732
0
0.118662242344342
0.881337757655658
0
0.11867989677727
0.88132010322273
0
0.118705177899874
0.881294822100126
0
0.118733302098083
0.881266697901917
0
0.118761734092427
0.881238265907573
0
0.118788942700813
0.881211057299187
0
0.118814146369582
0.881185853630418
0
0.118837820757143
0.881162179242857
0
0.118862221176868
0.881137778823132
0
0.118878031232757
0.881121968767243
0
0.118706419584774
0.881293580415226
0
0.118718036309085
0.881281963690915
0
0.11873740582517
0.88126259417483
0
0.118761734092427
0.881238265907573
0
0.118788946787237
0.881211053212763
0
0.118817491322839
0.881182508677161
0
0.118846693932969
0.881153306067031
0
0.118876302194937
0.881123697805063
0
0.118906910388989
0.881093089611011
0
0.118926750664277
0.881073249335723
0
0.118739353688025
0.881260646311975
0
0.118748495822112
0.881251504177888
0
0.118765501920801
0.8812344980792
0
0.118788942700813
0.881211057299187
0
0.118817491322839
0.881182508677161
0
0.118850015230323
0.881149984769677
0
0.118886306056002
0.881113693943998
0
0.118927352481138
0.881072647518862
0
0.118966444612028
0.881033555387972
0
0.118993058450384
0.881006941549616
0
0.118764064865743
0.881235935134257
0
0.118772561107832
0.881227438892168
0
0.118789346243891
0.881210653756109
0
0.118814146369582
0.881185853630418
0
0.118846693932969
0.881153306067031
0
0.118886306056002
0.881113693943998
0
0.118932677587688
0.881067322412312
0
0.118989028952622
0.881010971047378
0
0.119045981893515
0.880954018106485
0
0.119083253582471
0.880916746417529
0
0.118783011193977
0.881216988806024
0
0.118791896632469
0.881208103367531
0
0.118810063945239
0.881189936054761
0
0.118837820757143
0.881162179242857
0
0.118876302194937
0.881123697805063
0
0.118927352481138
0.881072647518862
0
0.118989028952622
0.881010971047378
0
0.119066245779138
0.880933754220862
0
0.119147614778893
0.880852385221107
0
0.119207301155993
0.880792698844007
0
0.118798985832751
0.881201014167248
0
0.118809140011208
0.881190859988792
0
0.118830021105152
0.881169978894848
0
0.118862221176868
0.881137778823132
0
0.118906910388989
0.881093089611011
0
0.118966444612028
0.881033555387972
0
0.119045981893515
0.880954018106485
0
0.119147614778893
0.880852385221107
0
0.119268381267558
0.880731618732442
0
0.119386700772637
0.880613299227363
0
0.118809648653545
0.881190351346455
0
0.118820878687394
0.881179121312606
0
0.118843373750268
0.881156626249732
0
0.118878031232757
0.881121968767243
0
0.118926750664277
0.881073249335723
0
0.118993058450384
0.881006941549616
0
0.119083253582471
0.880916746417529
0
0.119207301155993
0.880792698844007
0
0.119386700772637
0.880613299227363
0
0.119682539796229
0.880317460203771
0
