0.118489115275024
0.397015697427632
0.484495187297343
0.118553280458116
0.423872602550142
0.457574116991742
0.118602212501642
0.475143017099501
0.406254770398857
0.118650461707417
0.515537514544373
0.36581202374821
0.118694767883036
0.519883264265802
0.361421967851162
0.11872776415161
0.531165209129509
0.350107026718881
0.118752683229849
0.556889906628838
0.324357410141313
0.118772244022924
0.61998638840304
0.261241367574036
0.118789918646789
0.87762224533454
0.0035878360186715
0.11879966345798
0.88120033654202
0
0.118553280458116
0.42387260255014
0.457574116991744
0.118583392965076
0.466604115503094
0.41481249153183
0.118622858775759
0.513917889164408
0.367459252059833
0.118668174951868
0.516781821801251
0.364550003246881
0.118706291423724
0.521917027170211
0.359376681406065
0.118736784471202
0.535848735275169
0.345414480253628
0.118760927043764
0.563879915386357
0.31735915756988
0.11878051450143
0.636176087835373
0.245043397663197
0.118798216281406
0.881201783718594
0
0.118809834229303
0.881190165770697
0
0.118602212501642
0.475143017099498
0.40625477039886
0.118622858775759
0.513917889164408
0.367459252059833
0.118658023808877
0.515986531133107
0.365355445058015
0.118693372198878
0.518523607123882
0.362783020677239
0.118725557083648
0.526801542960672
0.35447289995568
0.118753619632255
0.542771562094625
0.33847481827312
0.118777382076013
0.57296211813045
0.308260499793537
0.118798145065055
0.657176258920291
0.224025596014655
0.118818073089244
0.881181926910756
0
0.118831447945926
0.881168552054074
0
0.118650461707417
0.51553751454437
0.365812023748213
0.118668174951868
0.516781821801251
0.364550003246881
0.118693372198878
0.518523607123882
0.36278302067724
0.118721417011442
0.524283440131772
0.356995142856786
0.118749766722205
0.534807635738721
0.346442597539074
0.118776844896586
0.551932072241505
0.329291082861909
0.118801778434463
0.584764362717695
0.296433858847842
0.118825288015896
0.68652645094774
0.194648261036364
0.118849665468206
0.881150334531794
0
0.118865440213971
0.881134559786029
0
0.118694767883036
0.5198832642658
0.361421967851164
0.118706291423724
0.521917027170211
0.359376681406065
0.118725557083648
0.52680154296067
0.354472899955682
0.118749766722205
0.534807635738721
0.346442597539075
0.11877684080211
0.546374972622755
0.334848186575135
0.118805161536208
0.564229068438575
0.316965770025216
0.118834131393691
0.600666232421739
0.28049963618457
0.118863391618376
0.731629545081331
0.149507063300293
0.118893786104712
0.881106213895289
0
0.118913582974886
0.881086417025114
0
0.118727764151611
0.531165209129506
0.350107026718883
0.118736784471202
0.535848735275169
0.345414480253628
0.118753619632255
0.542771562094624
0.338474818273121
0.118776844896586
0.551932072241506
0.329291082861908
0.118805161536208
0.564229068438575
0.316965770025216
0.118837300225035
0.584000314211514
0.297162385563451
0.118873372449559
0.62650055620368
0.254626071346761
0.11891355321989
0.818998862784574
0.0620875839955358
0.118952651044835
0.881047348955165
0
0.118979345346119
0.881020654653881
0
0.118752683229849
0.556889906628837
0.324357410141314
0.118760927043764
0.563879915386357
0.31735915756988
0.118777382076013
0.572962118130449
0.308260499793537
0.118801778434463
0.584764362717696
0.296433858847842
0.118834131393691
0.600666232421738
0.280499636184571
0.118873372449559
0.62650055620368
0.254626071346762
0.118918983254874
0.697919692447507
0.183161324297619
0.118975014546596
0.881024985453404
0
0.119031472241369
0.880968527758631
0
0.119069048923283
0.880930951076717
0
0.118772244022924
0.61998638840304
0.261241367574036
0.11878051450143
0.636176087835373
0.245043397663197
0.118798145065055
0.65717625892029
0.224025596014655
0.118825288015896
0.68652645094774
0.194648261036365
0.118863391618376
0.731629545081331
0.149507063300293
0.11891355321989
0.818998862784574
0.0620875839955357
0.118975014546596
0.881024985453404
0
0.119051082729025
0.880948917270975
0
0.119132910430538
0.880867089569462
0
0.119192885020373
0.880807114979627
0
0.118789918646789
0.877622245334539
0.00358783601867223
0.118798216281406
0.881201783718594
0
0.118818073089244
0.881181926910756
0
0.118849665468206
0.881150334531794
0
0.118893786104712
0.881106213895289
0
0.118952651044835
0.881047348955165
0
0.119031472241369
0.880968527758631
0
0.119132910430538
0.880867089569462
0
0.119253843043624
0.880746156956376
0
0.119372279374979
0.880627720625021
0
0.11879966345798
0.88120033654202
0
0.118809834229303
0.881190165770697
0
0.118831447945926
0.881168552054074
0
0.118865440213971
0.881134559786029
0
0.118913582974886
0.881086417025114
0
0.118979345346119
0.881020654653881
0
0.119069048923283
0.880930951076717
0
0.119192885020373
0.880807114979627
0
0.119372279374979
0.880627720625021
0
0.119659040190495
0.880340959809505
0
0.118491349559272
0.462877387174905
0.418631263265823
0.118555163678142
0.555092313601682
0.326352522720176
0.11860271142304
0.88139728857696
0
0.118650569320793
0.881349430679207
0
0.118695057576718
0.881304942423282
0
0.118728181775167
0.881271818224833
0
0.118753123535909
0.881246876464091
0
0.118772558406917
0.881227441593083
0
0.118790030477407
0.881209969522593
0
0.118799580398822
0.881200419601178
0
0.118555163678142
0.555092313601687
0.326352522720171
0.118584085644421
0.881415914355579
0
0.118622959048231
0.881377040951769
0
0.118668364317067
0.881331635682933
0
0.118706673216983
0.881293326783017
0
0.118737228750503
0.881262771249497
0
0.118761385722509
0.881238614277491
0
0.118780812795856
0.881219187204144
0
0.118798293044554
0.881201706955446
0
0.118809747738844
0.881190252261156
0
0.11860271142304
0.88139728857696
0
0.118622959048231
0.881377040951769
0
0.118658173061444
0.881341826938556
0
0.118693723855146
0.881306276144854
0
0.118725995588693
0.881274004411307
0
0.118754082501647
0.881245917498353
0
0.118777869921481
0.881222130078519
0
0.118798417755507
0.881201582244493
0
0.118818104726662
0.881181895273338
0
0.118831358255466
0.881168641744534
0
0.118650569320793
0.881349430679207
0
0.118668364317067
0.881331635682933
0
0.118693723855146
0.881306276144854
0
0.118721851563145
0.881278148436855
0
0.118750231666788
0.881249768333212
0
0.118777325871271
0.881222674128729
0
0.118802277972548
0.881197722027453
0
0.118825548264457
0.881174451735544
0
0.118849662496881
0.881150337503119
0
0.118865350200881
0.881134649799119
0
0.118695057576718
0.881304942423282
0
0.118706673216983
0.881293326783017
0
0.118725995588693
0.881274004411307
0
0.118750231666788
0.881249768333212
0
0.118777321689893
0.881222678310107
0
0.118805673691033
0.881194326308967
0
0.118834555162841
0.881165444837159
0
0.118863604733051
0.881136395266949
0
0.118893767003643
0.881106232996357
0
0.118913495697014
0.881086504302986
0
0.118728181775167
0.881271818224833
0
0.118737228750503
0.881262771249497
0
0.118754082501647
0.881245917498353
0
0.118777325871271
0.881222674128729
0
0.118805673691033
0.881194326308967
0
0.118837860834907
0.881162139165093
0
0.118873770131429
0.881126229868571
0
0.118913709320032
0.881086290679968
0
0.118952643658745
0.881047356341255
0
0.118979264479018
0.881020735520982
0
0.118753123535909
0.881246876464091
0
0.118761385722509
0.881238614277491
0
0.118777869921481
0.881222130078519
0
0.118802277972548
0.881197722027453
0
0.118834555162841
0.881165444837159
0
0.118873770131429
0.881126229868571
0
0.118919306904581
0.881080693095419
0
0.118975109057805
0.881024890942195
0
0.119031447562079
0.880968552437921
0
0.119068978933238
0.880931021066762
0
0.118772558406917
0.881227441593083
0
0.118780812795856
0.881219187204144
0
0.118798417755507
0.881201582244493
0
0.118825548264457
0.881174451735544
0
0.118863604733052
0.881136395266949
0
0.118913709320032
0.881086290679968
0
0.118975109057805
0.881024890942195
0
0.119051113727933
0.880948886272067
0
0.119132864905638
0.880867135094362
0
0.119192834283152
0.880807165716848
0
0.118790030477407
0.881209969522593
0
0.118798293044554
0.881201706955446
0
0.118818104726662
0.881181895273338
0
0.118849662496882
0.881150337503118
0
0.118893767003643
0.881106232996357
0
0.118952643658745
0.881047356341255
0
0.119031447562079
0.880968552437921
0
0.119132864905638
0.880867135094362
0
0.119253807388094
0.880746192611906
0
0.119372288954926
0.880627711045074
0
0.118799580398822
0.881200419601178
0
0.118809747738844
0.881190252261156
0
0.118831358255466
0.881168641744534
0
0.118865350200881
0.881134649799119
0
0.118913495697014
0.881086504302986
0
0.118979264479018
0.881020735520982
0
0.119068978933238
0.880931021066762
0
0.119192834283152
0.880807165716848
0
0.119372288954926
0.880627711045074
0
0.119662084073156
0.880337915926844
0
0.118494996554637
0.588587630819815
0.292917372625547
0.118557485721448
0.706903605586634
0.174538908691918
0.118603153251347
0.881396846748653
0
0.118650385005774
0.881349614994226
0
0.118694897194765
0.881305102805235
0
0.118728047409707
0.881271952590293
0
0.118753008974733
0.881246991025267
0
0.11877247253391
0.88122752746609
0
0.11878987484717
0.88121012515283
0
0.118799425688382
0.881200574311618
0
0.118557485721448
0.706903605586635
0.174538908691917
0.118584694198136
0.881415305801864
0
0.118622772688267
0.881377227311733
0
0.118668187414478
0.881331812585522
0
0.118706526606195
0.881293473393805
0
0.118737101433525
0.881262898566475
0
0.118761278918397
0.881238721081603
0
0.118780738966553
0.881219261033447
0
0.118798191098514
0.881201808901486
0
0.118809591353213
0.881190408646787
0
0.118603153251347
0.881396846748653
0
0.118622772688267
0.881377227311733
0
0.118657989502022
0.881342010497978
0
0.118693569874274
0.881306430125726
0
0.118725861070289
0.881274138929711
0
0.118753963720721
0.881246036279279
0
0.118777776367349
0.881222223632651
0
0.118798358307646
0.881201641692354
0
0.118818005778537
0.881181994221463
0
0.118831198942499
0.881168801057501
0
0.118650385005774
0.881349614994226
0
0.118668187414478
0.881331812585522
0
0.118693569874274
0.881306430125726
0
0.118721714615306
0.881278285384694
0
0.118750108258304
0.881249891741696
0
0.118777218041256
0.881222781958744
0
0.118802201756122
0.881197798243878
0
0.118825521978683
0.881174478021317
0
0.118849558424299
0.881150441575701
0
0.118865191394846
0.881134808605154
0
0.118694897194765
0.881305102805235
0
0.118706526606195
0.881293473393805
0
0.118725861070289
0.881274138929711
0
0.118750108258304
0.881249891741696
0
0.118777210197453
0.881222789802547
0
0.118805582478381
0.881194417521619
0
0.118834492018218
0.881165507981782
0
0.118863596920462
0.881136403079538
0
0.118893673791253
0.881106326208747
0
0.118913340841216
0.881086659158784
0
0.118728047409707
0.881271952590293
0
0.118737101433525
0.881262898566475
0
0.118753963720721
0.881246036279279
0
0.118777218041256
0.881222781958744
0
0.118805582478381
0.881194417521619
0
0.118837802318148
0.881162197681852
0
0.118873743001356
0.881126256998644
0
0.118913684012656
0.881086315987344
0
0.118952593074688
0.881047406925312
0
0.118979117396158
0.881020882603842
0
0.118753008974733
0.881246991025267
0
0.118761278918397
0.881238721081603
0
0.118777776367349
0.881222223632651
0
0.118802201756122
0.881197798243878
0
0.118834492018218
0.881165507981782
0
0.118873743001356
0.881126256998644
0
0.118919381786178
0.881080618213822
0
0.118975140047004
0.881024859952996
0
0.119031377704912
0.880968622295088
0
0.119068843009183
0.880931156990817
0
0.11877247253391
0.88122752746609
0
0.118780738966553
0.881219261033447
0
0.118798358307646
0.881201641692354
0
0.118825521978683
0.881174478021317
0
0.118863596920462
0.881136403079538
0
0.118913684012656
0.881086315987344
0
0.118975140047004
0.881024859952996
0
0.119051124747304
0.880948875252696
0
0.119132758506345
0.880867241493655
0
0.119192716189546
0.880807283810454
0
0.11878987484717
0.88121012515283
0
0.118798191098514
0.881201808901486
0
0.118818005778537
0.881181994221463
0
0.118849558424299
0.881150441575701
0
0.118893673791253
0.881106326208747
0
0.118952593074688
0.881047406925312
0
0.119031377704912
0.880968622295088
0
0.119132758506345
0.880867241493655
0
0.119253703414256
0.880746296585744
0
0.119372245654831
0.880627754345169
0
0.118799425688382
0.881200574311618
0
0.118809591353213
0.881190408646787
0
0.118831198942499
0.881168801057501
0
0.118865191394846
0.881134808605154
0
0.118913340841216
0.881086659158784
0
0.118979117396158
0.881020882603842
0
0.119068843009183
0.880931156990817
0
0.119192716189546
0.880807283810454
0
0.119372245654831
0.880627754345169
0
0.119668442666766
0.880331557333234
0
