0.118477422823958
0.39682380417816
0.484698772997883
0.11854145719931
0.423286156295134
0.458172386505557
0.118590203958642
0.475086410985106
0.406323385056252
0.118638417509146
0.516567748730924
0.364793833759931
0.118682981214359
0.520007473049591
0.36130954573605
0.118715962029176
0.530558058049899
0.350725979920924
0.118740662926571
0.555647727039203
0.325611610034226
0.118759674099165
0.617126489107191
0.264113836793645
0.118775902912412
0.870123580248311
0.0111005168392771
0.11878637130417
0.88121362869583
0
0.11854145719931
0.423286156295131
0.458172386505559
0.118571438836112
0.46636464961263
0.415063911551258
0.118610738823682
0.515303596881849
0.366085664294469
0.118656324624415
0.517320173771986
0.364023501603599
0.118694552449377
0.521662128400269
0.359643319150354
0.118724992547977
0.535015838428811
0.346259169023212
0.118748954152084
0.562386105771785
0.31886494007613
0.11876814517621
0.632434940146819
0.24879691467697
0.118785227819957
0.881214772180043
0
0.118796789191354
0.881203210808646
0
0.118590203958642
0.475086410985104
0.406323385056254
0.118610738823682
0.515303596881849
0.366085664294469
0.118646154778058
0.516679817187676
0.364674028034266
0.118681636279888
0.518467369196402
0.362850994523711
0.118713826265778
0.526192770459815
0.355093403274406
0.11874179765439
0.541702382966186
0.339555819379424
0.118765384573971
0.571093367317182
0.310141248108847
0.118785803427228
0.65207350553653
0.229140691036242
0.1188051567499
0.8811948432501
0
0.118818388411288
0.881181611588712
0
0.118638417509146
0.516567748730921
0.364793833759934
0.118656324624415
0.517320173771986
0.364023501603599
0.118681636279888
0.518467369196401
0.362850994523711
0.118709697357471
0.523749149422764
0.357541153219765
0.118737983613659
0.533902009365044
0.347360007021296
0.118764918996081
0.55057997808987
0.330655102914049
0.118789560128106
0.582251909230934
0.29895853064096
0.118812712795389
0.678666782883689
0.202520504320922
0.118836562068193
0.881163437931807
0
0.118852171321355
0.881147828678645
0
0.11868298121436
0.520007473049589
0.361309545736052
0.118694552449377
0.521662128400269
0.359643319150355
0.118713826265778
0.526192770459813
0.355093403274408
0.118737983613659
0.533902009365044
0.347360007021297
0.118764950774885
0.545148554519752
0.336086494705363
0.118793084423728
0.562427931255444
0.318778984320828
0.118821706947343
0.597254049620845
0.283924243431812
0.11885037799695
0.718698098413015
0.162451523590035
0.118880354974419
0.881119645025582
0
0.118899981115835
0.881100018884165
0
0.118715962029177
0.530558058049897
0.350725979920927
0.118724992547977
0.53501583842881
0.346259169023213
0.11874179765439
0.541702382966186
0.339555819379424
0.118764918996081
0.55057997808987
0.330655102914049
0.118793084423728
0.562427931255444
0.318778984320828
0.118824902842057
0.581102491028504
0.30007260612944
0.118860637882827
0.621033776945846
0.260105585171326
0.118899514201185
0.795392294138524
0.0857081916602919
0.11893884378681
0.88106115621319
0
0.118965341678296
0.881034658321704
0
0.118740662926571
0.555647727039202
0.325611610034227
0.118748954152084
0.562386105771785
0.31886494007613
0.118765384573971
0.571093367317181
0.310141248108848
0.118789560128106
0.582251909230934
0.29895853064096
0.118821706947343
0.597254049620845
0.283924243431812
0.118860637882827
0.621033776945846
0.260105585171327
0.118905590870296
0.682904427394779
0.198189981734925
0.118961332382384
0.881038667617616
0
0.119016776523619
0.880983223476381
0
0.119054562566784
0.880945437433216
0
0.118759674099165
0.61712648910719
0.264113836793645
0.11876814517621
0.632434940146819
0.248796914676971
0.118785803427228
0.652073505536529
0.229140691036243
0.118812712795389
0.678666782883688
0.202520504320923
0.11885037799695
0.718698098413016
0.162451523590035
0.118899514201185
0.795392294138524
0.0857081916602917
0.118961332382384
0.881038667617616
0
0.119035769889239
0.880964230110761
0
0.119117916004856
0.880882083995144
0
0.119178194346074
0.880821805653926
0
0.118775902912412
0.87012358024831
0.0111005168392781
0.118785227819957
0.881214772180043
0
0.1188051567499
0.8811948432501
0
0.118836562068193
0.881163437931807
0
0.118880354974418
0.881119645025581
0
0.11893884378681
0.88106115621319
0
0.119016776523619
0.880983223476381
0
0.119117916004856
0.880882083995144
0
0.119239037784196
0.880760962215804
0
0.119357711335317
0.880642288664684
0
0.11878637130417
0.88121362869583
0
0.118796789191354
0.881203210808646
0
0.118818388411288
0.881181611588712
0
0.118852171321355
0.881147828678645
0
0.118899981115835
0.881100018884165
0
0.118965341678296
0.881034658321704
0
0.119054562566784
0.880945437433216
0
0.119178194346074
0.880821805653926
0
0.119357711335316
0.880642288664684
0
0.11964482245496
0.88035517754504
0
0.118479651413157
0.462375584972296
0.419144763614547
0.118543337148383
0.5529728453704
0.328483817481218
0.1185907047653
0.8814092952347
0
0.118638524098394
0.881361475901606
0
0.118683256505122
0.881316743494878
0
0.118716379184851
0.881283620815149
0
0.118741108320391
0.881258891679609
0
0.118759996859644
0.881240003140356
0
0.118776033162457
0.881223966837543
0
0.118786291023355
0.881213708976645
0
0.118543337148383
0.552972845370404
0.328483817481213
0.118572144694383
0.881427855305617
0
0.118610837903471
0.881389162096529
0
0.118656491582682
0.881343508417318
0
0.118694924772768
0.881305075227233
0
0.118725437051684
0.881274562948316
0
0.118749414736007
0.881250585263993
0
0.118768454117285
0.881231545882715
0
0.118785314945638
0.881214685054361
0
0.118796704239714
0.881203295760286
0
0.1185907047653
0.8814092952347
0
0.118610837903471
0.881389162096529
0
0.11864627883888
0.88135372116112
0
0.118681972915402
0.881318027084598
0
0.118714260137013
0.881285739862987
0
0.118742260279006
0.881257739720994
0
0.118765869980479
0.881234130019521
0
0.118786082547416
0.881213917452584
0
0.118805197610983
0.881194802389017
0
0.118818299371029
0.881181700628971
0
0.118638524098394
0.881361475901606
0
0.118656491582682
0.881343508417318
0
0.118681972915402
0.881318027084598
0
0.118710125359709
0.881289874640291
0
0.11873844662153
0.88126155337847
0
0.118765398849419
0.881234601150581
0
0.118790081249064
0.881209918750936
0
0.118812984822965
0.881187015177035
0
0.118836566465179
0.881163433534822
0
0.118852081511138
0.881147918488862
0
0.118683256505122
0.881316743494878
0
0.118694924772768
0.881305075227233
0
0.118714260137013
0.881285739862987
0
0.11873844662153
0.88126155337847
0
0.11876542972428
0.88123457027572
0
0.118793592129872
0.881206407870127
0
0.118822140874941
0.881177859125059
0
0.118850602463832
0.881149397536168
0
0.118880341244087
0.881119658755913
0
0.11889989381896
0.88110010618104
0
0.118716379184851
0.881283620815149
0
0.118725437051684
0.881274562948316
0
0.118742260279006
0.881257739720994
0
0.118765398849419
0.881234601150581
0
0.118793592129873
0.881206407870127
0
0.118825489608398
0.881174510391602
0
0.118861032493783
0.881138967506217
0
0.118899691222458
0.881100308777542
0
0.118938833286677
0.881061166713323
0
0.118965260421402
0.881034739578598
0
0.118741108320391
0.881258891679609
0
0.118749414736007
0.881250585263993
0
0.118765869980479
0.881234130019521
0
0.118790081249064
0.881209918750936
0
0.118822140874941
0.881177859125059
0
0.118861032493783
0.881138967506217
0
0.11890596196823
0.88109403803177
0
0.118961432509634
0.881038567490366
0
0.119016762093537
0.880983237906463
0
0.119054492028548
0.880945507971452
0
0.118759996859644
0.881240003140356
0
0.118768454117285
0.881231545882715
0
0.118786082547416
0.881213917452584
0
0.118812984822965
0.881187015177035
0
0.118850602463832
0.881149397536168
0
0.118899691222458
0.881100308777542
0
0.118961432509634
0.881038567490366
0
0.119035823523461
0.880964176476539
0
0.119117873016631
0.880882126983369
0
0.119178142693218
0.880821857306782
0
0.118776033162457
0.881223966837543
0
0.118785314945638
0.881214685054361
0
0.118805197610983
0.881194802389017
0
0.118836566465179
0.881163433534821
0
0.118880341244087
0.881119658755913
0
0.118938833286677
0.881061166713323
0
0.119016762093537
0.880983237906463
0
0.119117873016631
0.880882126983369
0
0.119239001821291
0.880760998178709
0
0.119357719842942
0.880642280157058
0
0.118786291023355
0.881213708976645
0
0.118796704239713
0.881203295760287
0
0.118818299371029
0.881181700628971
0
0.118852081511138
0.881147918488862
0
0.11889989381896
0.88110010618104
0
0.118965260421402
0.881034739578598
0
0.119054492028548
0.880945507971452
0
0.119178142693218
0.880821857306781
0
0.119357719842942
0.880642280157058
0
0.1196478687628
0.8803521312372
0
0.118483287667573
0.588075707652147
0.293441004680281
0.118545663903307
0.705527337894333
0.17592699820236
0.118591167012442
0.881408832987558
0
0.118638336346785
0.881361663653215
0
0.118683092425753
0.881316907574247
0
0.118716242416569
0.881283757583431
0
0.118740991634537
0.881259008365463
0
0.118759907916907
0.881240092083093
0
0.118775917228606
0.881224082771394
0
0.118786137387373
0.881213862612627
0
0.118545663903307
0.705527337894334
0.175926998202359
0.118572780620822
0.881427219379178
0
0.118610648780177
0.881389351219823
0
0.118656309995155
0.881343690004845
0
0.118694774988924
0.881305225011076
0
0.118725307396532
0.881274692603468
0
0.118749305314656
0.881250694685344
0
0.118768377630081
0.881231622369919
0
0.118785212613497
0.881214787386503
0
0.118796548128963
0.881203451871037
0
0.118591167012442
0.881408832987558
0
0.118610648780177
0.881389351219823
0
0.118646090243307
0.881353909756693
0
0.118681815271582
0.881318184728418
0
0.118714122912245
0.881285877087755
0
0.118742139041892
0.881257860958108
0
0.118765772852707
0.881234227147293
0
0.118786018491792
0.881213981508208
0
0.118805100525686
0.881194899474314
0
0.118818139814939
0.881181860185061
0
0.118638336346785
0.881361663653215
0
0.118656309995155
0.881343690004845
0
0.118681815271582
0.881318184728418
0
0.118709985555551
0.881290014444449
0
0.118738320702591
0.881261679297409
0
0.118765288283676
0.881234711716324
0
0.1187900029657
0.8812099970343
0
0.118812954163806
0.881187045836194
0
0.118836463687097
0.881163536312903
0
0.118851922254167
0.881148077745833
0
0.118683092425754
0.881316907574246
0
0.118694774988924
0.881305225011076
0
0.118714122912245
0.881285877087755
0
0.118738320702591
0.881261679297409
0
0.118765315482229
0.881234684517771
0
0.118793497176628
0.881206502823372
0
0.118822073217012
0.881177926782988
0
0.11885059017555
0.88114940982445
0
0.118880248311685
0.881119751688315
0
0.118899738450591
0.881100261549409
0
0.118716242416569
0.881283757583431
0
0.118725307396532
0.881274692603468
0
0.118742139041892
0.881257860958108
0
0.118765288283676
0.881234711716324
0
0.118793497176628
0.881206502823372
0
0.118825428327229
0.881174571672771
0
0.118860993323413
0.881139006676587
0
0.118899691546034
0.881100308453965
0
0.11893877252246
0.88106122747754
0
0.118965112406747
0.881034887593253
0
0.118740991634537
0.881259008365463
0
0.118749305314656
0.881250694685344
0
0.118765772852707
0.881234227147293
0
0.1187900029657
0.8812099970343
0
0.118822073217012
0.881177926782988
0
0.118860993323413
0.881139006676587
0
0.11890604004966
0.88109395995034
0
0.11896143699945
0.88103856300055
0
0.119016706857931
0.880983293142069
0
0.119054355022916
0.880945644977084
0
0.118759907916907
0.881240092083093
0
0.118768377630081
0.881231622369919
0
0.118786018491792
0.881213981508208
0
0.118812954163806
0.881187045836194
0
0.11885059017555
0.88114940982445
0
0.118899691546034
0.881100308453965
0
0.11896143699945
0.88103856300055
0
0.119035868636565
0.880964131363435
0
0.119117769940791
0.880882230059209
0
0.119178022956795
0.880821977043205
0
0.118775917228606
0.881224082771394
0
0.118785212613497
0.881214787386503
0
0.118805100525686
0.881194899474314
0
0.118836463687097
0.881163536312903
0
0.118880248311685
0.881119751688315
0
0.11893877252246
0.88106122747754
0
0.119016706857931
0.880983293142069
0
0.119117769940791
0.880882230059209
0
0.119238897042038
0.880761102957962
0
0.119357674691809
0.880642325308191
0
0.118786137387373
0.881213862612627
0
0.118796548128963
0.881203451871037
0
0.118818139814939
0.881181860185061
0
0.118851922254167
0.881148077745833
0
0.118899738450591
0.881100261549409
0
0.118965112406747
0.881034887593253
0
0.119054355022916
0.880945644977084
0
0.119178022956795
0.880821977043205
0
0.119357674691809
0.880642325308191
0
0.119654233397221
0.880345766602779
0
