0.11846555287575
0.396648560439603
0.484885886684647
0.118529458640592
0.422724975187849
0.458745566171558
0.118578019261008
0.475039198919029
0.406382781819963
0.118626195054004
0.517692322778069
0.363681482167927
0.118671042143689
0.5202190547654
0.361109903090911
0.118704041267323
0.530002755543805
0.351293203188871
0.11872860907271
0.554454396477247
0.326816994450043
0.118747345691358
0.614391502375757
0.266861151932885
0.118763133734851
0.862534966587648
0.0187018996775008
0.118773442630393
0.881226557369607
0
0.118529458640592
0.422724975187847
0.458745566171561
0.118559309640117
0.466122527973605
0.415318162386278
0.118598436101929
0.516772119028282
0.364629444869789
0.118644306802825
0.517967402925541
0.363388290271634
0.118682663841242
0.521477311871672
0.359840024287085
0.118713068778133
0.534228773685966
0.347058157535902
0.118736890258528
0.560953175458442
0.320309934283029
0.118755798329876
0.628892709292148
0.252351492377976
0.1187724110743
0.8812275889257
0
0.118783742920728
0.881216257079272
0
0.118578019261008
0.475039198919027
0.406382781819965
0.118598436101929
0.516772119028281
0.36462944486979
0.118634109052925
0.517526159123639
0.363839731823436
0.118669746691517
0.518492971749531
0.362837281558952
0.118701949057428
0.525635659897817
0.355662391044755
0.118729836155741
0.54067811750341
0.340592046340849
0.118753259538052
0.569312956944635
0.311933783517314
0.118773334075249
0.647285212992586
0.233941452932165
0.118792113560212
0.881207886439788
0
0.118805142170414
0.881194857829586
0
0.118626195054004
0.517692322778066
0.36368148216793
0.118644306802824
0.517967402925541
0.363388290271634
0.118669746691517
0.518492971749531
0.362837281558952
0.118697831070104
0.523269758808259
0.358032410121637
0.118726057165262
0.533038917163806
0.348235025670932
0.118752860318372
0.549282051400334
0.331965088281295
0.118777260994369
0.579881081392989
0.301341657612642
0.118800061014526
0.671515748329815
0.209684190655659
0.118823172916635
0.881176827083365
0
0.118838620073314
0.881161379926686
0
0.118671042143689
0.520219054765397
0.361109903090913
0.118682663841242
0.521477311871672
0.359840024287085
0.118701949057428
0.525635659897816
0.355662391044756
0.118726057165262
0.533038917163806
0.348235025670932
0.118752914915259
0.54397142829335
0.337275656791391
0.118780862987003
0.560716374147252
0.320502762865745
0.118809034184256
0.594043757327977
0.287147208487768
0.118836993427034
0.706999520433747
0.174163486139219
0.118866587470694
0.881133412529306
0
0.118886045017051
0.881113954982949
0
0.118704041267324
0.530002755543803
0.351293203188873
0.118713068778132
0.534228773685965
0.347058157535902
0.118729836155741
0.54067811750341
0.340592046340849
0.118752860318372
0.549282051400334
0.331965088281295
0.118780862987003
0.560716374147252
0.320502762865744
0.118812494868944
0.578423938637764
0.302763566493292
0.118847681816584
0.616031030654961
0.265121287528455
0.118885148520455
0.773068080392907
0.108046771086638
0.11892462398284
0.88107537601716
0
0.118950938779564
0.881049061220436
0
0.11872860907271
0.554454396477247
0.326816994450043
0.118736890258528
0.560953175458443
0.320309934283029
0.118753259538052
0.569312956944635
0.311933783517314
0.118777260994369
0.579881081392989
0.301341657612642
0.118809034184256
0.594043757327977
0.287147208487768
0.118847681816584
0.616031030654961
0.265121287528455
0.118892514781535
0.670139875073246
0.210967610145219
0.118946935506473
0.881053064493527
0
0.119001420395823
0.880998579604177
0
0.119039572989448
0.880960427010552
0
0.118747345691358
0.614391502375756
0.266861151932886
0.118755798329876
0.628892709292148
0.252351492377976
0.118773334075249
0.647285212992586
0.233941452932165
0.118800061014526
0.671515748329814
0.20968419065566
0.118836993427034
0.706999520433747
0.174163486139219
0.118885148520455
0.773068080392907
0.108046771086638
0.118946935506473
0.881053064493527
0
0.119019557801159
0.880980442198841
0
0.119102259957702
0.880897740042298
0
0.119162981576568
0.880837018423432
0
0.118763133734851
0.862534966587647
0.0187018996775019
0.1187724110743
0.8812275889257
0
0.118792113560212
0.881207886439788
0
0.118823172916635
0.881176827083365
0
0.118866587470694
0.881133412529306
0
0.11892462398284
0.88107537601716
0
0.119001420395823
0.880998579604177
0
0.119102259957702
0.880897740042298
0
0.119223677654561
0.880776322345439
0
0.119342663380284
0.880657336619716
0
0.118773442630393
0.881226557369607
0
0.118783742920728
0.881216257079272
0
0.118805142170414
0.881194857829586
0
0.118838620073314
0.881161379926686
0
0.118886045017051
0.88111395498295
0
0.118950938779564
0.881049061220436
0
0.119039572989448
0.880960427010552
0
0.119162981576568
0.880837018423432
0
0.119342663380284
0.880657336619716
0
0.11963016825661
0.88036983174339
0
0.118467775690606
0.461892934185839
0.419639290123556
0.118531335137145
0.550918194784202
0.330550470078654
0.118578526058401
0.881421473941599
0
0.118626300647028
0.881373699352972
0
0.118671300395459
0.881328699604541
0
0.118704452280157
0.881295547719843
0
0.118729051241069
0.881270948758931
0
0.118747670620836
0.881252329379164
0
0.118763264315753
0.881236735684247
0
0.118773361263968
0.881226638736032
0
0.118531335137145
0.550918194784206
0.330550470078649
0.118560034256431
0.881439965743569
0
0.118598534219206
0.881401465780794
0
0.118644451439514
0.881355548560486
0
0.118683024413184
0.881316975586816
0
0.118713509696628
0.881286490303372
0
0.118737347615192
0.881262652384808
0
0.118756111081078
0.881243888918922
0
0.118772507587788
0.881227492412212
0
0.118783658154465
0.881216341845535
0
0.118578526058401
0.881421473941599
0
0.118598534219206
0.881401465780794
0
0.118634229848181
0.881365770151819
0
0.118670068151811
0.881329931848189
0
0.118702377008222
0.881297622991778
0
0.118730296659015
0.881269703340985
0
0.118753740111628
0.881246259888372
0
0.118773619761894
0.881226380238106
0
0.118792163223445
0.881207836776555
0
0.118805053300747
0.881194946699253
0
0.118626300647028
0.881373699352972
0
0.118644451439514
0.881355548560486
0
0.118670068151811
0.881329931848188
0
0.118698251958447
0.881301748041552
0
0.118726517728583
0.881273482271417
0
0.118753337821345
0.881246662178655
0
0.118777784707654
0.881222215292346
0
0.118800334964011
0.881199665035989
0
0.118823186390608
0.881176813609392
0
0.11883853044325
0.88116146955675
0
0.118671300395459
0.881328699604541
0
0.118683024413184
0.881316975586816
0
0.118702377008222
0.881297622991778
0
0.118726517728583
0.881273482271417
0
0.118753391817186
0.881246608182814
0
0.118781365373489
0.881218634626511
0
0.118809483274633
0.881190516725367
0
0.118837234070687
0.881162765929313
0
0.118866579748537
0.881133420251463
0
0.118885957892753
0.881114042107247
0
0.118704452280157
0.881295547719843
0
0.118713509696628
0.881286490303372
0
0.118730296659015
0.881269703340985
0
0.118753337821345
0.881246662178655
0
0.118781365373489
0.881218634626511
0
0.118813064280049
0.881186935719951
0
0.118848081852878
0.881151918147122
0
0.118885348877354
0.881114651122646
0
0.118924611420113
0.881075388579887
0
0.118950857473733
0.881049142526267
0
0.118729051241069
0.881270948758931
0
0.118737347615192
0.881262652384808
0
0.118753740111628
0.881246259888372
0
0.118777784707654
0.881222215292346
0
0.118809483274633
0.881190516725367
0
0.118848081852878
0.881151918147122
0
0.118892891651793
0.881107108348207
0
0.118947053704634
0.881052946295366
0
0.119001419562707
0.880998580437293
0
0.119039502316879
0.880960497683121
0
0.118747670620836
0.881252329379164
0
0.118756111081077
0.881243888918922
0
0.118773619761894
0.881226380238106
0
0.118800334964011
0.881199665035989
0
0.118837234070687
0.881162765929313
0
0.118885348877354
0.881114651122646
0
0.118947053704634
0.881052946295366
0
0.119019640371181
0.880980359628819
0
0.11910222073271
0.88089777926729
0
0.119162929321062
0.880837070678938
0
0.118763264315753
0.881236735684248
0
0.118772507587788
0.881227492412212
0
0.118792163223445
0.881207836776555
0
0.118823186390608
0.881176813609392
0
0.118866579748537
0.881133420251463
0
0.118924611420113
0.881075388579887
0
0.119001419562707
0.880998580437293
0
0.11910222073271
0.88089777926729
0
0.119223641843137
0.880776358156863
0
0.119342671047985
0.880657328952015
0
0.118773361263968
0.881226638736032
0
0.118783658154465
0.881216341845535
0
0.118805053300747
0.881194946699253
0
0.11883853044325
0.88116146955675
0
0.118885957892753
0.881114042107247
0
0.118950857473733
0.881049142526267
0
0.119039502316879
0.880960497683121
0
0.119162929321062
0.880837070678938
0
0.119342671047985
0.880657328952015
0
0.119633217274927
0.880366782725073
0
0.118471401123339
0.587590206907006
0.293938391969654
0.118533666145633
0.704193293937859
0.177273039916508
0.118579009235454
0.881420990764546
0
0.118626109539727
0.881373890460272
0
0.118671132356294
0.881328867643706
0
0.118704312627918
0.881295687372082
0
0.118728931687525
0.881271068312475
0
0.118747577852994
0.881252422147006
0
0.118763146374784
0.881236853625216
0
0.118773205356429
0.881226794643571
0
0.118533666145633
0.70419329393786
0.177273039916507
0.118560698279397
0.881439301720603
0
0.118598342744693
0.881401657255307
0
0.118644265078645
0.881355734921355
0
0.118682871240215
0.881317128759785
0
0.118713377363617
0.881286622636383
0
0.118737235090965
0.881262764909035
0
0.11875603034191
0.88124396965809
0
0.118772403613857
0.881227596386143
0
0.118783501652738
0.881216498347262
0
0.118579009235454
0.881420990764545
0
0.118598342744694
0.881401657255307
0
0.118634035602041
0.881365964397959
0
0.11866990680127
0.88133009319873
0
0.118702236951679
0.881297763048321
0
0.118730172793566
0.881269827206434
0
0.118753639211118
0.881246360788882
0
0.118773551588471
0.881226448411529
0
0.118792067064338
0.881207932935662
0
0.11880489331447
0.88119510668553
0
0.118626109539727
0.881373890460273
0
0.118644265078645
0.881355734921355
0
0.11866990680127
0.88133009319873
0
0.118698109229358
0.881301890770642
0
0.118726389245842
0.881273610754158
0
0.118753224379017
0.881246775620983
0
0.118777702166766
0.881222297833234
0
0.118800294566577
0.881199705433423
0
0.118823087398212
0.881176912601788
0
0.118838370794363
0.881161629205637
0
0.118671132356294
0.881328867643706
0
0.118682871240215
0.881317128759785
0
0.118702236951679
0.881297763048321
0
0.118726389245842
0.881273610754158
0
0.118753274830685
0.881246725169315
0
0.11878126658986
0.88121873341014
0
0.118809412571911
0.881190587428089
0
0.118837221804508
0.881162778195492
0
0.118866486964774
0.881133513035225
0
0.11888580214892
0.881114197851081
0
0.118704312627918
0.881295687372082
0
0.118713377363617
0.881286622636383
0
0.118730172793566
0.881269827206434
0
0.118753224379017
0.881246775620983
0
0.11878126658986
0.88121873341014
0
0.118812995435421
0.881187004564579
0
0.118848035073467
0.881151964926533
0
0.11888537126095
0.88111462873905
0
0.118924540754532
0.881075459245468
0
0.118950708736237
0.881049291263763
0
0.118728931687525
0.881271068312475
0
0.118737235090965
0.881262764909035
0
0.118753639211118
0.881246360788882
0
0.118777702166766
0.881222297833234
0
0.118809412571911
0.881190587428089
0
0.118848035073467
0.881151964926533
0
0.118892945061685
0.881107054938315
0
0.118947044901563
0.881052955098437
0
0.119001383677266
0.880998616322734
0
0.119039364490775
0.880960635509225
0
0.118747577852994
0.881252422147006
0
0.11875603034191
0.88124396965809
0
0.118773551588471
0.881226448411529
0
0.118800294566577
0.881199705433423
0
0.118837221804508
0.881162778195492
0
0.11888537126095
0.88111462873905
0
0.118947044901563
0.881052955098437
0
0.119019729512164
0.880980270487836
0
0.119102122378851
0.880897877621149
0
0.119162808063398
0.880837191936602
0
0.118763146374784
0.881236853625216
0
0.118772403613857
0.881227596386143
0
0.118792067064338
0.881207932935662
0
0.118823087398212
0.881176912601788
0
0.118866486964775
0.881133513035225
0
0.118924540754532
0.881075459245468
0
0.119001383677266
0.880998616322734
0
0.119102122378851
0.880897877621149
0
0.119223536581421
0.880776463418579
0
0.119342624094522
0.880657375905478
0
0.118773205356429
0.881226794643571
0
0.118783501652738
0.881216498347262
0
0.11880489331447
0.88119510668553
0
0.118838370794363
0.881161629205637
0
0.118885802148919
0.881114197851081
0
0.118950708736237
0.881049291263763
0
0.119039364490775
0.880960635509225
0
0.119162808063398
0.880837191936602
0
0.119342624094522
0.880657375905478
0
0.119639588204517
0.880360411795484
0
