0.118452926250555
0.397304960271417
0.484242113478028
0.118517658402415
0.4234467489938
0.458035592603785
0.118567129678436
0.4753755616745
0.406057308647064
0.118615904630225
0.511783994756328
0.369600100613447
0.118659601830612
0.516176943228748
0.36516345494064
0.118692103888939
0.52685639504733
0.354451501063731
0.118716378864188
0.551840671128225
0.329442950007586
0.118734852537592
0.611497927684248
0.269767219778161
0.118750410401701
0.856956263661465
0.0242933259368344
0.118760833456371
0.881239166543629
0
0.118517658402415
0.423446748993797
0.458035592603788
0.118547760155686
0.469661380962793
0.411790858881521
0.118588464559486
0.509964242522654
0.371447292917861
0.118633278281929
0.513353518213216
0.368013203504854
0.118671008341787
0.517868557853345
0.363460433804868
0.118701026101843
0.531285396169328
0.350013577728829
0.118724586715869
0.558392399522938
0.322883013761194
0.118743239676526
0.625703346623136
0.255553413700338
0.118759552329355
0.881240447670645
0
0.11877101820251
0.88122898179749
0
0.118567129678436
0.475375561674497
0.406057308647067
0.118588464559486
0.509964242522653
0.371447292917861
0.118623184578064
0.512662723167979
0.368714092253958
0.118658239795815
0.514625671906861
0.366716088297324
0.118690030064094
0.52239783748292
0.358912132452987
0.118717607593169
0.537941204367216
0.343341188039615
0.118740803012774
0.56675051605625
0.314508680930976
0.118760603026227
0.643706176438938
0.237533220534834
0.118779274731718
0.881220725268282
0
0.118792159709349
0.881207840290651
0
0.118615904630225
0.511783994756324
0.369600100613451
0.118633278281929
0.513353518213214
0.368013203504857
0.118658239795815
0.514625671906861
0.366716088297324
0.118685951479371
0.519922226207065
0.361391822313564
0.118713853709894
0.53014825278587
0.351137893504236
0.118740375638034
0.54671660017765
0.334543024184316
0.118764526419554
0.577179258919599
0.304056214660847
0.118787042704915
0.667220928317512
0.213992028977574
0.118810026699312
0.881189973300688
0
0.118825202271287
0.881174797728713
0
0.118659601830612
0.516176943228744
0.365163454940645
0.118671008341787
0.517868557853344
0.363460433804869
0.118690030064094
0.522397837482919
0.358912132452987
0.118713853709894
0.53014825278587
0.351137893504236
0.118740405285122
0.541367494371497
0.339892100343381
0.118768033704587
0.55822014977153
0.323011816523882
0.118795741621597
0.591148097112394
0.290056161266009
0.118823294943812
0.70128765168224
0.179889053373947
0.118852955665125
0.881147044334875
0
0.118872005342088
0.881127994657912
0
0.118692103888939
0.526856395047328
0.354451501063733
0.118701026101843
0.531285396169327
0.350013577728829
0.118717607593169
0.537941204367216
0.343341188039615
0.118740375638034
0.54671660017765
0.334543024184316
0.118768033704587
0.55822014977153
0.323011816523883
0.118799309716144
0.575682498563579
0.305518191720277
0.118833923533008
0.612769650452568
0.268396426014424
0.118870637872841
0.763226115263352
0.117903246863806
0.11891031026993
0.88108968973007
0
0.11893602544293
0.88106397455707
0
0.118716378864188
0.551840671128225
0.329442950007586
0.118724586715869
0.558392399522939
0.322883013761192
0.118740803012774
0.566750516056251
0.314508680930976
0.118764526419554
0.577179258919598
0.304056214660848
0.118795741621597
0.591148097112392
0.290056161266011
0.118833923533008
0.612769650452568
0.268396426014424
0.118878409735244
0.664652988673266
0.21646860159149
0.118931975156379
0.881068024843621
0
0.118985870601558
0.881014129398442
0
0.119023380630082
0.880976619369918
0
0.118734852537592
0.611497927684249
0.269767219778159
0.118743239676526
0.625703346623136
0.255553413700338
0.118760603026227
0.643706176438938
0.237533220534835
0.118787042704915
0.667220928317512
0.213992028977573
0.118823294943812
0.70128765168224
0.179889053373948
0.118870637872841
0.763226115263351
0.117903246863808
0.118931975156379
0.881068024843621
0
0.119003989589419
0.880996010410581
0
0.119085138769482
0.880914861230518
0
0.119145106878496
0.880854893121504
0
0.118750410401701
0.856956263661464
0.0242933259368347
0.118759552329355
0.881240447670645
0
0.118779274731718
0.881220725268282
0
0.118810026699312
0.881189973300688
0
0.118852955665125
0.881147044334875
0
0.11891031026993
0.88108968973007
0
0.118985870601558
0.881014129398442
0
0.119085138769482
0.880914861230518
0
0.119204973388123
0.880795026611877
0
0.119322685094055
0.880677314905945
0
0.118760833456371
0.881239166543629
0
0.11877101820251
0.88122898179749
0
0.118792159709349
0.881207840290651
0
0.118825202271287
0.881174797728713
0
0.118872005342088
0.881127994657912
0
0.11893602544293
0.88106397455707
0
0.119023380630082
0.880976619369918
0
0.119145106878496
0.880854893121504
0
0.119322685094055
0.880677314905945
0
0.119607604648459
0.880392395351541
0
0.118455145463252
0.463131298188912
0.418413556347836
0.118519525924127
0.551111461618781
0.330369012457092
0.118567407640291
0.881432592359709
0
0.118616017524419
0.881383982475581
0
0.118659889782004
0.881340110217996
0
0.118692543939955
0.881307456060045
0
0.118716840870257
0.881283159129743
0
0.118735194470416
0.881264805529584
0
0.118750543781333
0.881249456218667
0
0.118760749356579
0.881239250643421
0
0.118519525924127
0.551111461618787
0.330369012457086
0.118548087609291
0.881451912390709
0
0.118588571924539
0.881411428075461
0
0.118633450849209
0.881366549150791
0
0.118671402175387
0.881328597824613
0
0.118701494323849
0.881298505676151
0
0.118725062805879
0.881274937194121
0
0.118743566774544
0.881256433225456
0
0.118759660512449
0.881240339487551
0
0.118770930589157
0.881229069410843
0
0.118567407640291
0.881432592359709
0
0.118588571924539
0.881411428075461
0
0.118623310822302
0.881376689177698
0
0.11865859529578
0.88134140470422
0
0.118690490837006
0.881309509162994
0
0.118718094381655
0.881281905618345
0
0.118741300260361
0.881258699739639
0
0.118760905882018
0.881239094117982
0
0.118779328855074
0.881220671144926
0
0.118792069368763
0.881207930631237
0
0.118616017524419
0.881383982475581
0
0.118633450849209
0.881366549150791
0
0.11865859529578
0.88134140470422
0
0.118686406636287
0.881313593363713
0
0.118714343535881
0.881285656464119
0
0.118740875463077
0.881259124536924
0
0.118765063794634
0.881234936205366
0
0.118787329558043
0.881212670441957
0
0.11881004194102
0.88118995805898
0
0.118825111815332
0.881174888184668
0
0.118659889782004
0.881340110217996
0
0.118671402175387
0.881328597824613
0
0.118690490837006
0.881309509162994
0
0.118714343535881
0.881285656464119
0
0.118740906156902
0.881259093843098
0
0.118768555144416
0.881231444855584
0
0.118796230759866
0.881203769240134
0
0.11882355324729
0.88117644675271
0
0.118852946153515
0.881147053846485
0
0.118871917681065
0.881128082318935
0
0.118692543939955
0.881307456060045
0
0.118701494323849
0.881298505676151
0
0.118718094381655
0.881281905618345
0
0.118740875463077
0.881259124536924
0
0.118768555144416
0.881231444855584
0
0.118799890734397
0.881200109265603
0
0.11883434720799
0.88116565279201
0
0.118870855569385
0.881129144430615
0
0.11891029026222
0.88108970973778
0
0.118935943495054
0.881064056504946
0
0.118716840870257
0.881283159129743
0
0.118725062805879
0.881274937194121
0
0.118741300260361
0.881258699739639
0
0.118765063794634
0.881234936205366
0
0.118796230759866
0.881203769240134
0
0.11883434720799
0.88116565279201
0
0.118878801219441
0.881121198780559
0
0.118932106958479
0.881067893041521
0
0.118985865958627
0.881014134041373
0
0.119023309096719
0.880976690903281
0
0.118735194470416
0.881264805529584
0
0.118743566774544
0.881256433225456
0
0.118760905882018
0.881239094117982
0
0.118787329558043
0.881212670441957
0
0.11882355324729
0.88117644675271
0
0.118870855569385
0.881129144430615
0
0.118932106958479
0.881067893041521
0
0.119004060412634
0.880995939587366
0
0.119085101088977
0.880914898911023
0
0.119145053377744
0.880854946622255
0
0.118750543781333
0.881249456218667
0
0.118759660512449
0.881240339487551
0
0.118779328855074
0.881220671144926
0
0.11881004194102
0.88118995805898
0
0.118852946153515
0.881147053846485
0
0.11891029026222
0.88108970973778
0
0.118985865958627
0.881014134041373
0
0.119085101088977
0.880914898911023
0
0.119204936989559
0.880795063010441
0
0.119322691013053
0.880677308986948
0
0.118760749356579
0.881239250643421
0
0.118770930589157
0.881229069410843
0
0.118792069368763
0.881207930631237
0
0.118825111815332
0.881174888184668
0
0.118871917681065
0.881128082318935
0
0.118935943495054
0.881064056504946
0
0.119023309096719
0.880976690903281
0
0.119145053377744
0.880854946622255
0
0.119322691013053
0.880677308986948
0
0.119610640797549
0.880389359202451
0
0.118458770542114
0.587924819457892
0.293616409999994
0.118521842030095
0.703372595464403
0.178105562505502
0.118567910843447
0.881432089156553
0
0.118615839090232
0.881384160909768
0
0.118659722142422
0.881340277857578
0
0.118692403171755
0.881307596828244
0
0.118716719124668
0.881283280875332
0
0.118735099246417
0.881264900753583
0
0.118750425661144
0.881249574338856
0
0.118760588718277
0.881239411281723
0
0.118521842030095
0.703372595464404
0.178105562505501
0.118548777255375
0.881451222744625
0
0.118588399517431
0.881411600482569
0
0.118633266442013
0.881366733557987
0
0.118671248480912
0.881328751519088
0
0.118701360638258
0.881298639361742
0
0.11872494779126
0.88127505220874
0
0.118743482752883
0.881256517247117
0
0.118759559582691
0.881240440417309
0
0.118770769172895
0.881229230827105
0
0.118567910843447
0.881432089156553
0
0.118588399517431
0.881411600482569
0
0.118623119683956
0.881376880316044
0
0.118658433840213
0.881341566159787
0
0.118690349752949
0.881309650247051
0
0.118717968839672
0.881282031160328
0
0.118741196010231
0.881258803989769
0
0.118760835977701
0.881239164022299
0
0.118779227076949
0.881220772923051
0
0.118791906703031
0.881208093296969
0
0.118615839090232
0.881384160909768
0
0.118633266442013
0.881366733557987
0
0.118658433840213
0.881341566159787
0
0.118686263019807
0.881313736980193
0
0.118714213511037
0.881285786488963
0
0.118740759728105
0.881259240271895
0
0.118764976837735
0.881235023162265
0
0.118787284912717
0.881212715087283
0
0.118809937515543
0.881190062484457
0
0.118824950628136
0.881175049371864
0
0.118659722142422
0.881340277857578
0
0.118671248480912
0.881328751519088
0
0.118690349752949
0.881309650247051
0
0.118714213511037
0.881285786488963
0
0.118740787195307
0.881259212804693
0
0.118768453328491
0.881231546671509
0
0.118796158632285
0.881203841367715
0
0.118823541914055
0.881176458085945
0
0.118852844587502
0.881147155412498
0
0.118871760888491
0.881128239111509
0
0.118692403171755
0.881307596828244
0
0.118701360638258
0.881298639361742
0
0.118717968839672
0.881282031160328
0
0.118740759728105
0.881259240271895
0
0.118768453328491
0.881231546671509
0
0.118799816354824
0.881200183645176
0
0.11883429770247
0.88116570229753
0
0.118870887548181
0.881129112451819
0
0.118910204368062
0.881089795631938
0
0.118935793617966
0.881064206382034
0
0.118716719124667
0.881283280875333
0
0.11872494779126
0.88127505220874
0
0.118741196010231
0.881258803989769
0
0.118764976837735
0.881235023162265
0
0.118796158632285
0.881203841367715
0
0.11883429770247
0.88116570229753
0
0.118878842877608
0.881121157122392
0
0.118932096241562
0.881067903758438
0
0.118985822992235
0.881014177007765
0
0.119023169900529
0.880976830099471
0
0.118735099246417
0.881264900753583
0
0.118743482752883
0.881256517247117
0
0.118760835977701
0.881239164022299
0
0.118787284912717
0.881212715087283
0
0.118823541914055
0.881176458085945
0
0.118870887548181
0.881129112451819
0
0.118932096241562
0.881067903758438
0
0.119004128317767
0.880995871682233
0
0.119085004968761
0.880914995031239
0
0.119144930177745
0.880855069822255
0
0.118750425661144
0.881249574338856
0
0.118759559582691
0.881240440417309
0
0.118779227076949
0.881220772923051
0
0.118809937515543
0.881190062484457
0
0.118852844587502
0.881147155412497
0
0.118910204368062
0.881089795631938
0
0.118985822992235
0.881014177007765
0
0.119085004968761
0.880914995031239
0
0.119204830812686
0.880795169187314
0
0.119322641343662
0.880677358656338
0
0.118760588718277
0.881239411281723
0
0.118770769172895
0.881229230827105
0
0.118791906703031
0.881208093296969
0
0.118824950628136
0.881175049371864
0
0.118871760888491
0.881128239111509
0
0.118935793617966
0.881064206382034
0
0.119023169900529
0.880976830099471
0
0.119144930177745
0.880855069822255
0
0.119322641343662
0.880677358656338
0
0.119616986473563
0.880383013526437
0
