0.118440580507811
0.397169518993557
0.484389900498633
0.118505192861177
0.422959312768997
0.458535494369826
0.118554523869347
0.475731797345537
0.405713678785116
0.118603421798455
0.512834230363059
0.368562347838486
0.118647367812264
0.516387609705398
0.364965022482338
0.118679896426473
0.526320354869953
0.354999748703574
0.118704070807321
0.550697175595549
0.33059875359713
0.118722338817043
0.608950049075508
0.27232761210745
0.118737573155415
0.849543238314839
0.0317191885297461
0.118747820265356
0.881252179734644
0
0.118505192861177
0.422959312768994
0.458535494369829
0.118535138294948
0.470168168219684
0.411296693485368
0.118575885018719
0.511291842971818
0.370132272009462
0.118620953916289
0.513974728173091
0.36740431791062
0.118658804549889
0.517697049624236
0.363644145825874
0.118688793540519
0.530523116069606
0.350788090389874
0.118712232488205
0.55703249786892
0.324255269642875
0.118730644185202
0.622464316744343
0.258805039070455
0.118746505202887
0.881253494797113
0
0.11875780900027
0.88124219099973
0
0.118554523869347
0.475731797345534
0.405713678785119
0.118575885018719
0.511291842971818
0.370132272009463
0.118610823098895
0.513465281452625
0.367923895448479
0.118646017163197
0.514661786021119
0.366692196815684
0.118677812505568
0.521859279452071
0.359462908042361
0.118705303191145
0.536951529896994
0.34434316691186
0.118728338129393
0.56508880320423
0.316182858666377
0.118747799517515
0.639349978711138
0.241902221771347
0.118765940468351
0.881234059531649
0
0.118778643705582
0.881221356294418
0
0.118603421798455
0.512834230363054
0.368562347838491
0.118620953916289
0.513974728173089
0.367404317910622
0.118646017163197
0.51466178602112
0.366692196815684
0.118673733455162
0.519460653971221
0.361865612573617
0.118701556827478
0.529309072726294
0.351989370446228
0.118727933798225
0.545478057670101
0.335794008531674
0.118751865257147
0.575028592992034
0.306219541750818
0.118773973023269
0.660950600756766
0.220275426219965
0.118796261752546
0.881203738247454
0
0.118811252569917
0.881188747430083
0
0.118647367812264
0.516387609705394
0.364965022482342
0.118658804549889
0.517697049624236
0.363644145825875
0.118677812505568
0.52185927945207
0.359462908042362
0.118701556827478
0.529309072726293
0.351989370446229
0.118727958770048
0.540236399096758
0.341035642133194
0.118755360470292
0.556620688671542
0.324623950858165
0.118782609784945
0.588184113880032
0.293033276335024
0.1188095550281
0.691142564398916
0.190047880572984
0.118838664650564
0.881161335349436
0
0.118857500894099
0.881142499105901
0
0.118679896426473
0.526320354869951
0.354999748703576
0.118688793540519
0.530523116069606
0.350788090389875
0.118705303191145
0.536951529896995
0.34434316691186
0.118727933798225
0.5454780576701
0.335794008531675
0.118755360470292
0.556620688671542
0.324623950858165
0.118786365605529
0.573306894385323
0.307906740009148
0.118820405623758
0.608339152909935
0.272840441466307
0.118856264094746
0.744402153451203
0.136741582454051
0.118895207304876
0.881104792695124
0
0.11892082244463
0.88107917755537
0
0.118704070807321
0.550697175595549
0.330598753597129
0.118712232488205
0.557032497868922
0.324255269642873
0.118728338129393
0.56508880320423
0.316182858666377
0.118751865257147
0.575028592992034
0.306219541750819
0.118782609784945
0.58818411388003
0.293033276335025
0.118820405623758
0.608339152909935
0.272840441466307
0.118864196969761
0.6545270844441
0.226608718586139
0.11891592632795
0.88108407367205
0
0.118969431274952
0.881030568725048
0
0.119007431628138
0.880992568371862
0
0.118722338817043
0.608950049075509
0.272327612107448
0.118730644185202
0.622464316744343
0.258805039070454
0.118747799517515
0.639349978711138
0.241902221771347
0.118773973023269
0.660950600756766
0.220275426219965
0.1188095550281
0.691142564398916
0.190047880572984
0.118856264094746
0.744402153451202
0.136741582454052
0.11891592632795
0.88108407367205
0
0.11898664098248
0.88101335901752
0
0.119068371557732
0.880931628442268
0
0.119128880666199
0.880871119333801
0
0.118737573155415
0.849543238314839
0.0317191885297459
0.118746505202887
0.881253494797113
0
0.118765940468351
0.881234059531649
0
0.118796261752546
0.881203738247454
0
0.118838664650564
0.881161335349437
0
0.118895207304876
0.881104792695124
0
0.118969431274952
0.881030568725048
0
0.119068371557732
0.880931628442268
0
0.119188550565972
0.880811449434028
0
0.119306620630052
0.880693379369948
0
0.118747820265356
0.881252179734644
0
0.11875780900027
0.88124219099973
0
0.118778643705582
0.881221356294418
0
0.118811252569917
0.881188747430083
0
0.118857500894099
0.881142499105901
0
0.11892082244463
0.88107917755537
0
0.119007431628138
0.880992568371862
0
0.119128880666199
0.880871119333801
0
0.119306620630052
0.880693379369948
0
0.119591910756043
0.880408089243957
0
0.118442793697963
0.462722300374712
0.418834905927325
0.11850705643605
0.549281972124444
0.332210971439506
0.118554794579153
0.881445205420847
0
0.11860353422698
0.88139646577302
0
0.118647639772276
0.881352360227724
0
0.118680331723997
0.881319668276003
0
0.118704531977666
0.881295468022334
0
0.118722685836891
0.88127731416311
0
0.118737707560038
0.881262292439962
0
0.118747735724605
0.881252264275395
0
0.11850705643605
0.54928197212445
0.332210971439501
0.118535475099615
0.881464524900385
0
0.118575992090108
0.881424007909892
0
0.118621106026888
0.881378893973112
0
0.118659187702193
0.881340812297807
0
0.118689259552879
0.881310740447121
0
0.118712707219557
0.881287292780443
0
0.118730974833145
0.881269025166855
0
0.118746624869089
0.881253375130911
0
0.118757721360333
0.881242278639667
0
0.118554794579153
0.881445205420847
0
0.118575992090108
0.881424007909892
0
0.118610946275584
0.881389053724416
0
0.118646358695285
0.881353641304715
0
0.118678268583257
0.881321731416744
0
0.118705789338901
0.881294210661099
0
0.118728832220839
0.881271167779161
0
0.118748110899034
0.881251889100966
0
0.118766004276648
0.881233995723352
0
0.118778553336747
0.881221446663253
0
0.11860353422698
0.88139646577302
0
0.118621106026888
0.881378893973112
0
0.118646358695285
0.881353641304715
0
0.118674182739343
0.881325817260657
0
0.118702045700388
0.881297954299612
0
0.118728432693044
0.881271567306957
0
0.118752395055544
0.881247604944456
0
0.118774264522216
0.881225735477784
0
0.1187962863993
0.8812037136007
0
0.118811162176947
0.881188837823053
0
0.118647639772276
0.881352360227724
0
0.118659187702193
0.881340812297807
0
0.118678268583257
0.881321731416744
0
0.118702045700388
0.881297954299612
0
0.118728459334951
0.881271540665049
0
0.118755879037112
0.881244120962888
0
0.118783120265508
0.881216879734492
0
0.118809832782839
0.881190167217161
0
0.118838661832728
0.881161338167272
0
0.118857413450084
0.881142586549916
0
0.118680331723997
0.881319668276003
0
0.118689259552879
0.881310740447121
0
0.118705789338901
0.881294210661099
0
0.118728432693044
0.881271567306957
0
0.118755879037112
0.881244120962888
0
0.118786934676771
0.881213065323229
0
0.118820836802729
0.881179163197271
0
0.118856492493079
0.88114350750692
0
0.118895192748801
0.881104807251199
0
0.118920740885535
0.881079259114465
0
0.118704531977666
0.881295468022334
0
0.118712707219557
0.881287292780443
0
0.118728832220839
0.881271167779161
0
0.118752395055544
0.881247604944456
0
0.118783120265508
0.881216879734492
0
0.118820836802729
0.881179163197271
0
0.118864594113127
0.881135405886873
0
0.118916100166317
0.881083899833683
0
0.118969439825914
0.881030560174086
0
0.119007360360489
0.880992639639511
0
0.118722685836891
0.88127731416311
0
0.118730974833145
0.881269025166855
0
0.118748110899034
0.881251889100966
0
0.118774264522216
0.881225735477784
0
0.118809832782839
0.881190167217161
0
0.118856492493079
0.88114350750692
0
0.118916100166317
0.881083899833683
0
0.11898673672005
0.88101326327995
0
0.119068339070733
0.880931660929267
0
0.119128826872964
0.880871173127036
0
0.118737707560038
0.881262292439962
0
0.118746624869089
0.881253375130911
0
0.118766004276648
0.881233995723352
0
0.1187962863993
0.8812037136007
0
0.118838661832728
0.881161338167272
0
0.118895192748801
0.881104807251199
0
0.118969439825914
0.881030560174086
0
0.119068339070733
0.880931660929267
0
0.119188514942406
0.880811485057594
0
0.119306625919967
0.880693374080033
0
0.118747735724605
0.881252264275395
0
0.118757721360333
0.881242278639667
0
0.118778553336747
0.881221446663253
0
0.118811162176947
0.881188837823053
0
0.118857413450084
0.881142586549916
0
0.118920740885535
0.881079259114465
0
0.119007360360489
0.880992639639511
0
0.119128826872964
0.880871173127036
0
0.119306625919967
0.880693374080033
0
0.119594949003769
0.880405050996231
0
0.118446407717246
0.587512489965999
0.294041102316755
0.118509374824525
0.702188633691551
0.179301991483925
0.1185553197307
0.8814446802693
0
0.118603353333564
0.881396646666436
0
0.118647468431485
0.881352531568515
0
0.118680188213397
0.881319811786603
0
0.118704407657187
0.881295592342813
0
0.118722587486152
0.881277412513848
0
0.118737587691328
0.881262412308672
0
0.118747573353734
0.881252426646266
0
0.118509374824525
0.702188633691551
0.179301991483924
0.118536193591404
0.881463806408596
0
0.118575818442485
0.881424181557515
0
0.118620917291038
0.881379082708962
0
0.118659030788291
0.881340969211709
0
0.118689123305887
0.881310876694113
0
0.118712589369334
0.881287410630666
0
0.118730886691435
0.881269113308565
0
0.118746524435324
0.881253475564676
0
0.118757559034526
0.881242440965474
0
0.1185553197307
0.881444680269299
0
0.118575818442485
0.881424181557515
0
0.1186107500863
0.8813892499137
0
0.118646193759136
0.881353806240864
0
0.118678124771555
0.881321875228445
0
0.118705661286492
0.881294338713508
0
0.118728724524381
0.881271275475619
0
0.118748037401948
0.881251962598052
0
0.118765903145615
0.881234096854385
0
0.118778389840691
0.881221610159309
0
0.118603353333564
0.881396646666436
0
0.118620917291038
0.881379082708962
0
0.118646193759136
0.881353806240864
0
0.118674036310494
0.881325963689506
0
0.118701913200688
0.881298086799312
0
0.118728314202203
0.881271685797797
0
0.118752303211049
0.881247696788951
0
0.118774212557444
0.881225787442556
0
0.118796184469279
0.881203815530721
0
0.118811000357268
0.881188999642732
0
0.118647468431485
0.881352531568515
0
0.118659030788291
0.881340969211708
0
0.118678124771555
0.881321875228445
0
0.118701913200688
0.881298086799312
0
0.118728337775013
0.881271662224987
0
0.118755773799465
0.881244226200535
0
0.118783045758392
0.881216954241608
0
0.118809820682102
0.881190179317898
0
0.118838559710406
0.881161440289594
0
0.118857256225931
0.881142743774069
0
0.118680188213397
0.881319811786603
0
0.118689123305887
0.881310876694113
0
0.118705661286492
0.881294338713508
0
0.118728314202203
0.881271685797797
0
0.118755773799465
0.881244226200535
0
0.118786854157279
0.881213145842721
0
0.118820780480413
0.881179219519587
0
0.118856514219016
0.881143485780984
0
0.118895107376431
0.881104892623569
0
0.118920590754758
0.881079409245242
0
0.118704407657187
0.881295592342813
0
0.118712589369334
0.881287410630666
0
0.118728724524381
0.881271275475619
0
0.118752303211049
0.881247696788951
0
0.118783045758392
0.881216954241608
0
0.118820780480413
0.881179219519587
0
0.118864615396682
0.881135384603318
0
0.118916106292541
0.881083893707459
0
0.118969414919912
0.881030585080088
0
0.119007220692989
0.880992779307011
0
0.118722587486152
0.881277412513848
0
0.118730886691435
0.881269113308565
0
0.118748037401948
0.881251962598052
0
0.118774212557444
0.881225787442556
0
0.118809820682102
0.881190179317898
0
0.118856514219016
0.881143485780984
0
0.118916106292541
0.881083893707459
0
0.11898684107992
0.88101315892008
0
0.119068249522051
0.880931750477949
0
0.11912870235362
0.88087129764638
0
0.118737587691328
0.881262412308672
0
0.118746524435324
0.881253475564676
0
0.118765903145615
0.881234096854385
0
0.118796184469279
0.881203815530721
0
0.118838559710406
0.881161440289594
0
0.118895107376431
0.881104892623569
0
0.118969414919912
0.881030585080088
0
0.119068249522051
0.880931750477949
0
0.119188408938733
0.880811591061267
0
0.119306574494025
0.880693425505975
0
0.118747573353734
0.881252426646266
0
0.118757559034526
0.881242440965474
0
0.118778389840691
0.881221610159309
0
0.118811000357268
0.881188999642732
0
0.118857256225931
0.881142743774069
0
0.118920590754758
0.881079409245242
0
0.119007220692989
0.880992779307011
0
0.11912870235362
0.88087129764638
0
0.119306574494025
0.880693425505975
0
0.119601299375935
0.880398700624065
0
