0.118428924204476
0.39621535401398
0.485355721781544
0.118492476675351
0.421185222296522
0.460322301028127
0.118540514460942
0.474912507506833
0.406546978032225
0.118588616190431
0.52157803520189
0.359833348607679
0.118634539281081
0.521399880017728
0.359965580701191
0.118667773482116
0.528662861198905
0.352669365318979
0.118692102968452
0.551149294751163
0.330158602280385
0.118710250953339
0.606857098678435
0.274432650368227
0.118725095232896
0.840290699845368
0.0409842049217356
0.118734821066221
0.881265178933779
0
0.118492476675351
0.421185222296519
0.46032230102813
0.118521959391302
0.465324848047552
0.416153192561146
0.118560545886003
0.521619036826742
0.359820417287255
0.118607418971255
0.520679830502283
0.360712750526461
0.118646369817776
0.521371285656164
0.359982344526061
0.118676799725813
0.532148094737887
0.349175105536299
0.118700317137982
0.556985112962641
0.324314569899377
0.118718545497805
0.619324564436907
0.261956890065288
0.118733924596069
0.881266075403931
0
0.11874455959469
0.88125544040531
0
0.118540514460942
0.474912507506831
0.406546978032227
0.118560545886003
0.52161903682674
0.359820417287257
0.118597095160014
0.520951207994026
0.36045169684596
0.118633392278583
0.519107533771347
0.36225907395007
0.118665755116169
0.524294031475129
0.357040213408702
0.118693484601209
0.537866409595038
0.343440105803754
0.118716495700383
0.564437548225164
0.316845956074453
0.118735590155079
0.634516147103345
0.246748262741576
0.118752821500124
0.881247178499876
0
0.118765181281329
0.881234818718671
0
0.118588616190431
0.521578035201888
0.359833348607682
0.118607418971255
0.520679830502282
0.360712750526462
0.118633392278583
0.519107533771347
0.36225907395007
0.118661653445659
0.522185934880552
0.35915241167379
0.118689792119247
0.530706686574422
0.350603521306332
0.118716302740822
0.545692165906571
0.335591531352607
0.118740162928696
0.573551975216986
0.307707861854318
0.118761803707036
0.653306417452726
0.227931778840239
0.118782853578169
0.881217146421831
0
0.118797641377779
0.881202358622221
0
0.118634539281081
0.521399880017724
0.359965580701195
0.118646369817776
0.521371285656163
0.359982344526061
0.118665755116169
0.524294031475128
0.357040213408703
0.118689792119246
0.530706686574421
0.350603521306333
0.118716406679668
0.540710314057739
0.340573279262593
0.118743915940139
0.556026576273997
0.325229507785864
0.118770965778204
0.585364051120254
0.295864983101542
0.118797358504326
0.677803804230845
0.20339883726483
0.118825146542775
0.881174853457225
0
0.118843843938367
0.881156156061633
0
0.118667773482116
0.528662861198903
0.352669365318981
0.118676799725813
0.532148094737887
0.3491751055363
0.118693484601209
0.537866409595037
0.343440105803754
0.118716302740822
0.54569216590657
0.335591531352608
0.118743915940139
0.556026576273999
0.325229507785862
0.118775145492065
0.571418792252769
0.309806062255166
0.118809125365247
0.603139254305762
0.278051620328991
0.118844296531641
0.719380926221799
0.161774777246559
0.118881688660146
0.881118311339854
0
0.118907278553428
0.881092721446572
0
0.118692102968452
0.551149294751163
0.330158602280385
0.118700317137982
0.556985112962641
0.324314569899377
0.118716495700383
0.564437548225165
0.316845956074453
0.118740162928696
0.573551975216986
0.307707861854318
0.118770965778204
0.585364051120253
0.295864983101543
0.118809125365247
0.603139254305762
0.278051620328991
0.118853185148973
0.641388343964595
0.239758470886432
0.118904219730379
0.831855940478166
0.0492398397914558
0.118955878648626
0.881044121351375
0
0.118994324469081
0.881005675530919
0
0.118710250953339
0.606857098678434
0.274432650368228
0.118718545497805
0.619324564436908
0.261956890065288
0.118735590155078
0.634516147103346
0.246748262741576
0.118761803707036
0.653306417452725
0.227931778840239
0.118797358504326
0.677803804230845
0.203398837264829
0.118844296531641
0.7193809262218
0.161774777246559
0.118904219730379
0.831855940478166
0.0492398397914553
0.118972963364251
0.881027036635749
0
0.119055381994683
0.880944618005317
0
0.119116907319661
0.880883092680339
0
0.118725095232896
0.840290699845367
0.0409842049217364
0.118733924596069
0.881266075403931
0
0.118752821500124
0.881247178499876
0
0.118782853578169
0.881217146421831
0
0.118825146542775
0.881174853457225
0
0.118881688660146
0.881118311339854
0
0.118955878648626
0.881044121351375
0
0.119055381994683
0.880944618005317
0
0.119177145208109
0.880822854791891
0
0.119296833068183
0.880703166931817
0
0.118734821066221
0.881265178933779
0
0.11874455959469
0.88125544040531
0
0.118765181281329
0.881234818718671
0
0.118797641377779
0.881202358622221
0
0.118843843938366
0.881156156061634
0
0.118907278553428
0.881092721446572
0
0.118994324469081
0.881005675530919
0
0.119116907319661
0.880883092680339
0
0.119296833068183
0.880703166931817
0
0.119585386734108
0.880414613265892
0
0.118431129107376
0.460556804014924
0.421012066877701
0.118494341515711
0.545132613104517
0.336373045379773
0.118541054113156
0.881458945886844
0
0.118588719142395
0.881411280857605
0
0.11863474158902
0.88136525841098
0
0.118668160928371
0.881331839071629
0
0.118692536561841
0.881307463438159
0
0.118710587817691
0.881289412182309
0
0.118725228488314
0.881274771511686
0
0.118734737910836
0.881265262089164
0
0.118494341515711
0.545132613104522
0.336373045379768
0.118522765403393
0.881477234596607
0
0.118560641477164
0.881439358522836
0
0.118607538866198
0.881392461133802
0
0.118646688143687
0.881353311856313
0
0.118677225296727
0.881322774703273
0
0.118700765056409
0.881299234943591
0
0.118718866576609
0.881281133423391
0
0.118734052586655
0.881265947413345
0
0.118744475738088
0.881255524261912
0
0.118541054113156
0.881458945886844
0
0.118560641477164
0.881439358522836
0
0.118597211874683
0.881402788125317
0
0.11863365982082
0.88136634017918
0
0.118666158220273
0.881333841779727
0
0.118693935372798
0.881306064627202
0
0.118716962284252
0.881283037715748
0
0.118735899030174
0.881264100969826
0
0.118752898804814
0.881247101195186
0
0.118765092803156
0.881234907196844
0
0.118588719142395
0.881411280857605
0
0.118607538866198
0.881392461133802
0
0.11863365982082
0.88136634017918
0
0.118662045166767
0.881337954833233
0
0.118690240576637
0.881309759423363
0
0.118716770756827
0.881283229243173
0
0.118740660723158
0.881259339276842
0
0.118762090628485
0.881237909371515
0
0.118782894220256
0.881217105779744
0
0.118797552073005
0.881202447926995
0
0.11863474158902
0.88136525841098
0
0.118646688143687
0.881353311856313
0
0.118666158220273
0.881333841779727
0
0.118690240576637
0.881309759423363
0
0.11871687527073
0.88128312472927
0
0.118744404672929
0.881255595327071
0
0.118771473286786
0.881228526713214
0
0.118797649092538
0.881202350907462
0
0.118825160229211
0.881174839770789
0
0.118843757254057
0.881156242745943
0
0.118668160928371
0.881331839071629
0
0.118677225296727
0.881322774703273
0
0.118693935372798
0.881306064627202
0
0.118716770756827
0.881283229243173
0
0.118744404672929
0.881255595327071
0
0.118775677738824
0.881224322261176
0
0.118809548164927
0.881190451835073
0
0.118844540209073
0.881155459790927
0
0.118881690206747
0.881118309793253
0
0.118907197755041
0.881092802244959
0
0.118692536561841
0.881307463438159
0
0.118700765056409
0.881299234943591
0
0.118716962284252
0.881283037715748
0
0.118740660723158
0.881259339276842
0
0.118771473286786
0.881228526713214
0
0.118809548164927
0.881190451835073
0
0.118853584289025
0.881146415710974
0
0.118904374756793
0.881095625243207
0
0.118955904721336
0.881044095278664
0
0.118994253206861
0.881005746793139
0
0.118710587817691
0.881289412182309
0
0.118718866576609
0.881281133423392
0
0.118735899030174
0.881264100969826
0
0.118762090628485
0.881237909371515
0
0.118797649092538
0.881202350907462
0
0.118844540209073
0.881155459790927
0
0.118904374756793
0.881095625243207
0
0.11897309084271
0.88102690915729
0
0.119055357367068
0.880944642632932
0
0.119116852870614
0.880883147129386
0
0.118725228488314
0.881274771511686
0
0.118734052586655
0.881265947413345
0
0.118752898804814
0.881247101195186
0
0.118782894220257
0.881217105779744
0
0.118825160229211
0.881174839770789
0
0.118881690206747
0.881118309793253
0
0.118955904721336
0.881044095278664
0
0.119055357367068
0.880944642632932
0
0.119177110471871
0.880822889528129
0
0.119296837632993
0.880703162367007
0
0.118734737910836
0.881265262089164
0
0.118744475738088
0.881255524261912
0
0.118765092803156
0.881234907196844
0
0.118797552073005
0.881202447926995
0
0.118843757254057
0.881156242745943
0
0.118907197755041
0.881092802244959
0
0.118994253206861
0.881005746793139
0
0.119116852870614
0.880883147129386
0
0.119296837632993
0.880703162367007
0
0.119588443365958
0.880411556634042
0
0.118434721473549
0.586278223439095
0.295287055087356
0.118496682014526
0.700414512407629
0.181088805577845
0.118541603168392
0.881458396831608
0
0.118588518827288
0.881411481172712
0
0.118634560787977
0.881365439212023
0
0.118668012120165
0.881331987879835
0
0.118692408729023
0.881307591270977
0
0.118710485475003
0.881289514524997
0
0.118725105004953
0.881274894995047
0
0.118734576505976
0.881265423494024
0
0.118496682014525
0.70041451240763
0.181088805577844
0.118523518254515
0.881476481745485
0
0.118560444076221
0.881439555923779
0
0.118607336549227
0.881392663450772
0
0.118646524065882
0.881353475934118
0
0.118677084518938
0.881322915481062
0
0.118700643574751
0.881299356425249
0
0.118718773467358
0.881281226532642
0
0.118733944715524
0.881266055284476
0
0.118744318461814
0.881255681538186
0
0.118541603168392
0.881458396831608
0
0.118560444076221
0.881439555923779
0
0.118597000987526
0.881402999012474
0
0.118633486344894
0.881366513655106
0
0.118666008992233
0.881333991007767
0
0.118693803392288
0.881306196607712
0
0.118716850720975
0.881283149279025
0
0.118735820460406
0.881264179539594
0
0.118752803764382
0.881247196235618
0
0.118764931609672
0.881235068390328
0
0.118588518827288
0.881411481172712
0
0.118607336549227
0.881392663450772
0
0.118633486344894
0.881366513655106
0
0.118661892905559
0.881338107094441
0
0.118690103999478
0.881309896000522
0
0.118716648640712
0.881283351359288
0
0.118740563452085
0.881259436547915
0
0.118762029634108
0.881237970365892
0
0.118782801893348
0.881217198106652
0
0.11879739138599
0.88120260861401
0
0.118634560787977
0.881365439212023
0
0.118646524065882
0.881353475934118
0
0.118666008992233
0.881333991007767
0
0.118690103999478
0.881309896000522
0
0.118716750066141
0.881283249933859
0
0.118744295482889
0.881255704517111
0
0.118771396294258
0.881228603705742
0
0.118797630297696
0.881202369702304
0
0.118825068353717
0.881174931646283
0
0.11884360084522
0.881156399154781
0
0.118668012120165
0.881331987879835
0
0.118677084518938
0.881322915481062
0
0.118693803392288
0.881306196607712
0
0.118716648640712
0.881283351359288
0
0.118744295482889
0.881255704517111
0
0.118775590940543
0.881224409059457
0
0.11880948336816
0.88119051663184
0
0.118844551721218
0.881155448278782
0
0.118881616599243
0.881118383400757
0
0.118907048653705
0.881092951346295
0
0.118692408729023
0.881307591270977
0
0.118700643574751
0.881299356425249
0
0.118716850720975
0.881283149279025
0
0.118740563452085
0.881259436547915
0
0.118771396294258
0.881228603705742
0
0.11880948336816
0.88119051663184
0
0.118853584963537
0.881146415036463
0
0.118904347915751
0.881095652084249
0
0.118955903276483
0.881044096723517
0
0.118994113741408
0.881005886258592
0
0.118710485475003
0.881289514524997
0
0.118718773467358
0.881281226532643
0
0.118735820460406
0.881264179539594
0
0.118762029634108
0.881237970365892
0
0.118797630297696
0.881202369702304
0
0.118844551721218
0.881155448278782
0
0.118904347915751
0.881095652084249
0
0.118973239497238
0.881026760502762
0
0.119055279282149
0.880944720717851
0
0.119116727688758
0.880883272311242
0
0.118725105004953
0.881274894995047
0
0.118733944715524
0.881266055284476
0
0.118752803764382
0.881247196235618
0
0.118782801893348
0.881217198106652
0
0.118825068353717
0.881174931646283
0
0.118881616599243
0.881118383400757
0
0.118955903276483
0.881044096723517
0
0.119055279282149
0.880944720717851
0
0.119177005879094
0.880822994120906
0
0.119296785489896
0.880703214510104
0
0.118734576505976
0.881265423494024
0
0.118744318461814
0.881255681538186
0
0.118764931609672
0.881235068390328
0
0.11879739138599
0.88120260861401
0
0.118843600845219
0.881156399154781
0
0.118907048653705
0.881092951346295
0
0.118994113741408
0.881005886258592
0
0.119116727688758
0.880883272311242
0
0.119296785489896
0.880703214510104
0
0.119594833568679
0.880405166431321
0
