0.11842015994336
0.395922912365971
0.48565692769067
0.118483721224912
0.420522004482999
0.460994274292089
0.118530994930604
0.474760981777761
0.406708023291635
0.118578158522205
0.52301769446954
0.358404147008254
0.118623755315593
0.521962871350866
0.359413373333541
0.118656648547145
0.528329853540163
0.353013497912692
0.118680636542748
0.550139546985014
0.331179816472238
0.118698431083976
0.604551589642746
0.276749979273278
0.118712880440645
0.833084512486883
0.0482026070724715
0.118722342836354
0.881277657163646
0
0.118483721224912
0.420522004482997
0.460994274292092
0.118513913470893
0.463279690658308
0.418206395870799
0.118551124466137
0.521597756718186
0.359851118815677
0.118596983009936
0.521693048395144
0.35970996859492
0.118635540997864
0.521478164120565
0.359886294881571
0.118665606651794
0.531552770668334
0.349781622679873
0.118688783460305
0.555768061964126
0.325543154575569
0.118706642937329
0.616443741755427
0.264849615307244
0.118721551624994
0.881278448375006
0
0.118731876334924
0.881268123665076
0
0.118530994930604
0.474760981777759
0.406708023291637
0.118551124466137
0.521597756718185
0.359851118815678
0.118586910887885
0.522087553354215
0.3593255357579
0.118622785249859
0.519467545011954
0.361909669738187
0.118654767391529
0.523961643064497
0.357383589543974
0.118682143322141
0.53701847051044
0.344299386167419
0.118704819100295
0.56295134869974
0.318343832199966
0.118723486725345
0.630724033859434
0.250552479415221
0.11874014004319
0.88125985995681
0
0.11875220982421
0.88124779017579
0
0.118578158522205
0.523017694469537
0.358404147008257
0.118596983009936
0.521693048395143
0.359709968594921
0.118622785249859
0.519467545011954
0.361909669738188
0.118650748500258
0.521947154307751
0.359402097191992
0.118678556762796
0.530019665003028
0.351301778234176
0.118704739227005
0.544592259783635
0.33670300098936
0.118728271625325
0.571659409108524
0.309612319266152
0.118749476885598
0.648085685557473
0.233164837556929
0.118769797871452
0.881230202128548
0
0.118784302463855
0.881215697536145
0
0.118623755315593
0.521962871350863
0.359413373333544
0.118635540997864
0.521478164120564
0.359886294881571
0.118654767391529
0.523961643064496
0.357383589543975
0.118678556762796
0.530019665003027
0.351301778234177
0.118704872769116
0.539711754979498
0.341583372251386
0.118732049618626
0.554594724487344
0.32667322589403
0.118758660619813
0.58276006864041
0.298481270739778
0.118784739292432
0.669891899203625
0.211323361503943
0.118811609469158
0.881188390530842
0
0.118830077183012
0.881169922816988
0
0.118656648547145
0.52832985354016
0.353013497912695
0.118665606651794
0.531552770668333
0.349781622679873
0.118682143322141
0.537018470510439
0.344299386167419
0.118704739227005
0.544592259783634
0.336703000989361
0.118732049618626
0.554594724487345
0.326673225894029
0.118762916128739
0.569366832847089
0.311870251024172
0.118796324750365
0.59943585251846
0.281767822731175
0.11883071159836
0.705480356541171
0.175688931860469
0.118867749324523
0.881132250675477
0
0.118893118614192
0.881106881385809
0
0.118680636542748
0.550139546985013
0.331179816472239
0.118688783460305
0.555768061964126
0.325543154575569
0.118704819100295
0.56295134869974
0.318343832199965
0.118728271625325
0.571659409108524
0.309612319266152
0.118758660619813
0.582760068640409
0.298481270739778
0.118796324750365
0.59943585251846
0.281767822731175
0.11883972644632
0.634058469219966
0.247101804333715
0.118889546024652
0.801964589821404
0.0791458641539443
0.11894177531776
0.88105822468224
0
0.118979895593413
0.881020104406587
0
0.118698431083976
0.604551589642745
0.276749979273279
0.118706642937329
0.616443741755427
0.264849615307243
0.118723486725345
0.630724033859435
0.25055247941522
0.118749476885598
0.648085685557473
0.23316483755693
0.118784739292432
0.669891899203626
0.211323361503943
0.11883071159836
0.705480356541172
0.175688931860468
0.118889546024652
0.801964589821405
0.0791458641539435
0.118959598437831
0.881040401562169
0
0.119040723518075
0.880959276481925
0
0.11910224677451
0.88089775322549
0
0.118712880440645
0.833084512486882
0.0482026070724727
0.118721551624994
0.881278448375006
0
0.118740140043189
0.881259859956811
0
0.118769797871452
0.881230202128548
0
0.118811609469158
0.881188390530842
0
0.118867749324523
0.881132250675477
0
0.11894177531776
0.88105822468224
0
0.119040723518075
0.880959276481925
0
0.119162370324767
0.880837629675232
0
0.119282178694521
0.880717821305479
0
0.118722342836354
0.881277657163646
0
0.118731876334924
0.881268123665076
0
0.11875220982421
0.88124779017579
0
0.118784302463855
0.881215697536145
0
0.118830077183012
0.881169922816988
0
0.118893118614191
0.881106881385809
0
0.118979895593413
0.881020104406587
0
0.11910224677451
0.88089775322549
0
0.119282178694521
0.880717821305479
0
0.119571015091458
0.880428984908542
0
0.118422359591443
0.459936104322587
0.421641536085971
0.118485584282166
0.543049452868296
0.338464962849537
0.118531498460285
0.881468501539715
0
0.118578258368259
0.881421741631741
0
0.118623916864631
0.881376083135369
0
0.11865701005097
0.88134298994903
0
0.118681056511741
0.881318943488259
0
0.11869876798011
0.88130123201989
0
0.118713014066514
0.881286985933486
0
0.118722258775019
0.881277741224981
0
0.118485584282167
0.543049452868301
0.338464962849532
0.118515902159479
0.881484097840521
0
0.118551248733277
0.881448751266723
0
0.118597101764864
0.881402898235137
0
0.118635823692938
0.881364176307062
0
0.118666010525389
0.881333989474611
0
0.11868921875104
0.88131078124896
0
0.118706963827888
0.881293036172113
0
0.118721690311905
0.881278309688095
0
0.118731792555072
0.881268207444928
0
0.118531498460285
0.881468501539715
0
0.118551248733277
0.881448751266723
0
0.118587027813629
0.881412972186371
0
0.11862301301769
0.88137698698231
0
0.118655141287831
0.881344858712169
0
0.118682577100474
0.881317422899526
0
0.118705273665061
0.881294726334939
0
0.118723800511804
0.881276199488196
0
0.118740226733123
0.881259773266877
0
0.118752121297646
0.881247878702354
0
0.118578258368259
0.881421741631741
0
0.118597101764863
0.881402898235137
0
0.11862301301769
0.88137698698231
0
0.11865110797802
0.88134889202198
0
0.118678984854023
0.881321015145977
0
0.118705194040826
0.881294805959174
0
0.118728756688656
0.881271243311344
0
0.118749767940804
0.881250232059196
0
0.118769847532344
0.881230152467656
0
0.118784213172972
0.881215786827028
0
0.118623916864631
0.881376083135369
0
0.118635823692938
0.881364176307062
0
0.118655141287831
0.881344858712169
0
0.118678984854023
0.881321015145977
0
0.118705327525022
0.881294672474978
0
0.118732527471352
0.881267472528648
0
0.118759184906065
0.881240815093935
0
0.118785028756684
0.881214971243316
0
0.11881163367137
0.88118836632863
0
0.11882999076144
0.88117000923856
0
0.11865701005097
0.88134298994903
0
0.118666010525389
0.881333989474611
0
0.118682577100474
0.881317422899526
0
0.118705194040826
0.881294805959174
0
0.118732527471352
0.881267472528648
0
0.118763434227316
0.881236565772684
0
0.118796755034383
0.881203244965617
0
0.118830977047365
0.881169022952635
0
0.118867758316232
0.881132241683768
0
0.11889303828595
0.88110696171405
0
0.118681056511741
0.881318943488259
0
0.11868921875104
0.88131078124896
0
0.118705273665061
0.881294726334939
0
0.118728756688656
0.881271243311344
0
0.118759184906065
0.881240815093935
0
0.118796755034383
0.881203244965617
0
0.118840138165439
0.881159861834561
0
0.118889727296989
0.881110272703011
0
0.11894179538246
0.88105820461754
0
0.118979824238998
0.881020175761002
0
0.11869876798011
0.88130123201989
0
0.118706963827887
0.881293036172113
0
0.118723800511804
0.881276199488196
0
0.118749767940804
0.881250232059196
0
0.118785028756684
0.881214971243316
0
0.118830977047365
0.881169022952635
0
0.118889727296989
0.881110272703011
0
0.118959703127224
0.881040296872776
0
0.119040706425392
0.880959293574608
0
0.119102191607809
0.880897808392191
0
0.118713014066514
0.881286985933486
0
0.118721690311905
0.881278309688095
0
0.118740226733123
0.881259773266877
0
0.118769847532344
0.881230152467656
0
0.11881163367137
0.88118836632863
0
0.118867758316232
0.881132241683768
0
0.11894179538246
0.88105820461754
0
0.119040706425392
0.880959293574608
0
0.119162336445294
0.880837663554706
0
0.119282182144873
0.880717817855127
0
0.118722258775019
0.881277741224981
0
0.118731792555072
0.881268207444928
0
0.118752121297646
0.881247878702354
0
0.118784213172972
0.881215786827028
0
0.11882999076144
0.881170009238559
0
0.11889303828595
0.88110696171405
0
0.118979824238998
0.881020175761002
0
0.119102191607809
0.880897808392191
0
0.119282182144873
0.880717817855127
0
0.119574073942945
0.880425926057055
0
0.118425942374069
0.585621643356798
0.295952414269133
0.118487941098571
0.698813281813721
0.182698777087708
0.118532069298025
0.881467930701975
0
0.118578054198481
0.881421945801519
0
0.118623730313471
0.881376269686529
0
0.118656856760676
0.881343143239324
0
0.118680924810386
0.881319075189614
0
0.118698661622244
0.881301338377756
0
0.118712887823493
0.881287112176507
0
0.118722095270809
0.881277904729191
0
0.11848794109857
0.698813281813722
0.182698777087708
0.118516885640589
0.879022343592428
0.0024607707669835
0.118551106771764
0.881448893228236
0
0.1185968969021
0.8814031030979
0
0.118635654628161
0.881364345371839
0
0.118665865553537
0.881334134446463
0
0.118689093283989
0.881310906716011
0
0.118706866050456
0.881293133949544
0
0.118721579706652
0.881278420293348
0
0.118731634895589
0.881268365104411
0
0.118532069298025
0.881467930701975
0
0.118551106771764
0.881448893228236
0
0.118586817150299
0.881413182849701
0
0.11862283441767
0.88137716558233
0
0.118654987464219
0.881345012535781
0
0.118682441189539
0.881317558810461
0
0.11870515781913
0.88129484218087
0
0.118723717597273
0.881276282402727
0
0.118740131214242
0.881259868785758
0
0.118751959638423
0.881248040361577
0
0.118578054198481
0.881421945801519
0
0.1185968969021
0.8814031030979
0
0.11862283441767
0.88137716558233
0
0.118650950948909
0.881349049051091
0
0.118678844239008
0.881321155760992
0
0.118705068102441
0.881294931897559
0
0.118728654374626
0.881271345625374
0
0.118749700918162
0.881250299081838
0
0.11876975588631
0.88123024411369
0
0.118784052176406
0.881215947823594
0
0.118623730313471
0.881376269686529
0
0.118635654628161
0.881364345371839
0
0.118654987464219
0.881345012535781
0
0.118678844239008
0.881321155760992
0
0.118705198584841
0.881294801415159
0
0.118732414268044
0.881267585731957
0
0.118759105004338
0.881240894995662
0
0.118784996109426
0.881215003890574
0
0.118811546376521
0.881188453623479
0
0.118829834479965
0.881170165520035
0
0.118656856760676
0.881343143239324
0
0.118665865553537
0.881334134446463
0
0.118682441189539
0.881317558810461
0
0.118705068102441
0.881294931897559
0
0.118732414268043
0.881267585731957
0
0.118763341750682
0.881236658249318
0
0.118796684748732
0.881203315251268
0
0.118830989463303
0.881169010536697
0
0.118867685392979
0.88113231460702
0
0.11889288976196
0.88110711023804
0
0.118680924810386
0.881319075189614
0
0.118689093283989
0.881310906716011
0
0.11870515781913
0.88129484218087
0
0.118728654374626
0.881271345625374
0
0.118759105004338
0.881240894995662
0
0.118796684748732
0.881203315251268
0
0.118840127491489
0.881159872508511
0
0.11888973630628
0.88111026369372
0
0.118941778534248
0.881058221465752
0
0.118979684729913
0.881020315270087
0
0.118698661622244
0.881301338377756
0
0.118706866050456
0.881293133949544
0
0.118723717597273
0.881276282402727
0
0.118749700918162
0.881250299081838
0
0.118784996109426
0.881215003890574
0
0.118830989463303
0.881169010536697
0
0.11888973630628
0.88111026369372
0
0.118959798620904
0.881040201379096
0
0.119040639548295
0.880959360451705
0
0.119102065556992
0.880897934443008
0
0.118712887823493
0.881287112176507
0
0.118721579706652
0.881278420293348
0
0.118740131214242
0.881259868785758
0
0.11876975588631
0.88123024411369
0
0.118811546376521
0.881188453623479
0
0.11886768539298
0.88113231460702
0
0.118941778534248
0.881058221465752
0
0.119040639548295
0.880959360451705
0
0.119162233231717
0.880837766768283
0
0.119282128508556
0.880717871491444
0
0.118722095270809
0.881277904729191
0
0.118731634895589
0.881268365104411
0
0.118751959638423
0.881248040361577
0
0.118784052176406
0.881215947823594
0
0.118829834479965
0.881170165520035
0
0.11889288976196
0.88110711023804
0
0.118979684729913
0.881020315270087
0
0.119102065556992
0.880897934443008
0
0.119282128508556
0.880717871491444
0
0.119580470392271
0.880419529607729
0
