0.118406820936726
0.396654782708058
0.484938396355216
0.118471049795424
0.421421823290905
0.46010712691367
0.118519434535005
0.477016822419593
0.404463743045402
0.118568225852233
0.516393523704667
0.3650382504431
0.11861257530762
0.517487386844252
0.363900037848128
0.118644953529593
0.525018545395143
0.356336501075264
0.118668645590953
0.547523977583336
0.333807376825712
0.118686173035806
0.601908293966398
0.279405532997796
0.118700394110435
0.827958587703037
0.053341018186528
0.118710074257419
0.881289925742581
0
0.118471049795425
0.421421823290902
0.460107126913674
0.118500906891883
0.46812951967645
0.413369573431667
0.118540750266441
0.514055931580897
0.367403318152663
0.118586052266066
0.516282301647487
0.365131646086447
0.118624065465924
0.517567828302817
0.363808106231259
0.118653791025758
0.52850200492146
0.352844204052782
0.118676718346089
0.553249268754521
0.32807401289939
0.118694312239937
0.613647039959787
0.267658647800276
0.118708827997125
0.881291172002876
0
0.11871956459212
0.88128043540788
0
0.118519434535005
0.47701682241959
0.404463743045405
0.118540750266441
0.514055931580895
0.367403318152664
0.118575886909657
0.516307037735248
0.365117075355095
0.118611342573032
0.515201077443098
0.36618757998387
0.118643026672326
0.520548558762932
0.360808414564742
0.118670153302967
0.53422422878098
0.347105617916053
0.118692634280531
0.560491451879417
0.320815913840052
0.118711099563339
0.627648042947527
0.253640857489134
0.118727609741807
0.881272390258193
0
0.118739695643784
0.881260304356216
0
0.118568225852232
0.516393523704665
0.365038250443103
0.118586052266066
0.516282301647485
0.365131646086449
0.118611342573032
0.515201077443098
0.366187579983871
0.118639013718321
0.518399759783996
0.362961226497683
0.11866657218728
0.52703152473757
0.35430190307515
0.1186925250487
0.542021160158545
0.339286314792755
0.118715855398688
0.569175142362764
0.312109002238549
0.118736829341815
0.644618628882289
0.236644541775896
0.118757086612879
0.881242913387121
0
0.118771400325256
0.881228599674744
0
0.11861257530762
0.517487386844249
0.363900037848131
0.118624065465924
0.517567828302816
0.36380810623126
0.118643026672326
0.520548558762931
0.360808414564743
0.11866657218728
0.527031524737569
0.354301903075151
0.11869263054279
0.537074982515078
0.344232386942132
0.118719540190733
0.552163875897628
0.329116583911638
0.118745867667723
0.580094337160696
0.301159795171581
0.118771724029898
0.66579385908902
0.215434416881082
0.118798471486045
0.881201528513955
0
0.118816592029913
0.881183407970087
0
0.118644953529593
0.525018545395141
0.356336501075265
0.118653791025758
0.52850200492146
0.352844204052782
0.118670153302967
0.53422422878098
0.347105617916054
0.1186925250487
0.542021160158545
0.339286314792756
0.118719540190733
0.552163875897628
0.329116583911639
0.118750036962399
0.566912126704809
0.314337836332792
0.118782961987161
0.596617212565292
0.284599825447547
0.118816975131935
0.699555854468519
0.181627170399546
0.118854051514966
0.881145948485034
0
0.118878834317123
0.881121165682877
0
0.118668645590953
0.547523977583337
0.333807376825711
0.118676718346089
0.553249268754521
0.32807401289939
0.11869263428053
0.560491451879418
0.320815913840051
0.118715855398688
0.569175142362763
0.312109002238549
0.118745867667723
0.580094337160695
0.301159795171582
0.118782961987161
0.596617212565291
0.284599825447548
0.118825911874363
0.630499477727978
0.250674610397659
0.118875078595324
0.791869157028602
0.0892557643760734
0.118927318159398
0.881072681840602
0
0.118964480128874
0.881035519871126
0
0.118686173035806
0.601908293966399
0.279405532997795
0.118694312239937
0.613647039959789
0.267658647800274
0.118711099563339
0.627648042947527
0.253640857489134
0.118736829341815
0.64461862888229
0.236644541775895
0.118771724029898
0.66579385908902
0.215434416881082
0.118816975131935
0.699555854468518
0.181627170399547
0.118875078595324
0.791869157028602
0.0892557643760734
0.118945657583134
0.881054342416866
0
0.119024594765233
0.880975405234767
0
0.119085097308611
0.880914902691389
0
0.118700394110435
0.827958587703037
0.0533410181865278
0.118708827997124
0.881291172002876
0
0.118727609741807
0.881272390258193
0
0.118757086612879
0.881242913387121
0
0.118798471486045
0.881201528513955
0
0.118854051514966
0.881145948485034
0
0.118927318159398
0.881072681840602
0
0.119024594765233
0.880975405234767
0
0.119144365216909
0.880855634783091
0
0.11926270762175
0.88073729237825
0
0.118710074257419
0.881289925742581
0
0.11871956459212
0.88128043540788
0
0.118739695643784
0.881260304356216
0
0.118771400325256
0.881228599674744
0
0.118816592029913
0.881183407970087
0
0.118878834317123
0.881121165682877
0
0.118964480128874
0.881035519871126
0
0.119085097308611
0.880914902691389
0
0.11926270762175
0.88073729237825
0
0.119548616951766
0.880451383048234
0
0.118409017708142
0.461364503699686
0.420226478592173
0.118472904151166
0.543819268119494
0.337707827729341
0.118519744254501
0.881480255745499
0
0.118568337197755
0.881431662802245
0
0.118612785217374
0.881387214782626
0
0.118645355905415
0.881354644094585
0
0.118669091030169
0.881330908969831
0
0.118686530327961
0.881313469672039
0
0.118700531274989
0.881299468725011
0
0.118709987455372
0.881290012544628
0
0.118472904151166
0.543819268119499
0.337707827729335
0.118501875083657
0.881498124916343
0
0.118540868950372
0.881459131049628
0
0.118586177456411
0.881413822543589
0
0.118624401008141
0.881375598991859
0
0.118654232805774
0.881345767194226
0
0.118677177250659
0.88132282274934
0
0.118694650127579
0.881305349872421
0
0.118708983240972
0.881291016759028
0
0.118719476269756
0.881280523730244
0
0.118519744254501
0.881480255745499
0
0.118540868950372
0.881459131049628
0
0.118576010066854
0.881423989933146
0
0.118611630679742
0.881388369320258
0
0.118643449551489
0.881356550448511
0
0.11867062136618
0.88132937863382
0
0.118693109507944
0.881306890492056
0
0.118711427858912
0.881288572141088
0
0.118727704163931
0.881272295836069
0
0.118739604510595
0.881260395489405
0
0.118568337197755
0.881431662802245
0
0.118586177456411
0.881413822543589
0
0.118611630679742
0.881388369320258
0
0.118639426169721
0.881360573830279
0
0.118667040018634
0.881332959981366
0
0.118693007656009
0.881306992343992
0
0.118716358612575
0.881283641387425
0
0.118737138513459
0.881262861486541
0
0.118757140124479
0.881242859875521
0
0.118771309381191
0.881228690618809
0
0.118612785217374
0.881387214782626
0
0.118624401008141
0.881375598991859
0
0.118643449551489
0.881356550448511
0
0.118667040018634
0.881332959981366
0
0.118693115240869
0.881306884759131
0
0.118720040514423
0.881279959485577
0
0.118746425188285
0.881253574811715
0
0.11877202638708
0.88122797361292
0
0.118798497269618
0.881201502730382
0
0.118816504574501
0.881183495425499
0
0.118645355905415
0.881354644094585
0
0.118654232805774
0.881345767194226
0
0.11867062136618
0.88132937863382
0
0.118693007656009
0.881306992343992
0
0.118720040514423
0.881279959485576
0
0.118750572036037
0.881249427963963
0
0.118783426219556
0.881216573780444
0
0.118817260724285
0.881182739275716
0
0.11885405764666
0.881145942353341
0
0.118878753345901
0.881121246654099
0
0.118669091030169
0.881330908969831
0
0.118677177250659
0.881322822749341
0
0.118693109507944
0.881306890492056
0
0.118716358612575
0.881283641387425
0
0.118746425188285
0.881253574811715
0
0.118783426219556
0.881216573780444
0
0.118826345167188
0.881173654832812
0
0.118875276079079
0.881124723920921
0
0.118927327070905
0.881072672929095
0
0.118964408162294
0.881035591837706
0
0.118686530327961
0.881313469672039
0
0.118694650127579
0.881305349872421
0
0.118711427858912
0.881288572141088
0
0.118737138513459
0.881262861486541
0
0.11877202638708
0.88122797361292
0
0.118817260724285
0.881182739275716
0
0.118875276079079
0.881124723920921
0
0.118945736753209
0.881054263246791
0
0.11902457978718
0.88097542021282
0
0.119085041178293
0.880914958821707
0
0.118700531274989
0.881299468725011
0
0.118708983240972
0.881291016759028
0
0.118727704163931
0.881272295836069
0
0.118757140124479
0.881242859875521
0
0.118798497269618
0.881201502730382
0
0.118854057646659
0.881145942353341
0
0.118927327070905
0.881072672929095
0
0.11902457978718
0.88097542021282
0
0.119144331690293
0.880855668309707
0
0.119262709416829
0.880737290583171
0
0.118709987455372
0.881290012544628
0
0.118719476269756
0.881280523730244
0
0.118739604510595
0.881260395489405
0
0.118771309381191
0.881228690618809
0
0.118816504574501
0.881183495425499
0
0.118878753345901
0.881121246654099
0
0.118964408162294
0.881035591837706
0
0.119085041178293
0.880914958821707
0
0.119262709416829
0.880737290583171
0
0.119551659030886
0.880448340969114
0
0.118412601016723
0.586120756426215
0.295466642557063
0.118475239661942
0.698371531585547
0.183153228752511
0.118520337255357
0.881479662744643
0
0.118568150800849
0.881431849199151
0
0.118612601848228
0.881387398151772
0
0.118645202975181
0.881354797024819
0
0.118668957984113
0.881331042015888
0
0.118686422040319
0.881313577959681
0
0.11870040544538
0.88129959455462
0
0.118709819023113
0.881290180976887
0
0.118475239661942
0.698371531585548
0.18315322875251
0.118502697797495
0.87279294461419
0.00870435758831545
0.118540711019068
0.881459288980932
0
0.118585978207278
0.881414021792722
0
0.118624233720911
0.881375766279089
0
0.118654087745625
0.881345912254375
0
0.118677050135089
0.881322949864911
0
0.118694549867696
0.881305450132304
0
0.118708881937344
0.881291118062656
0
0.118719310930277
0.881280689069723
0
0.118520337255357
0.881479662744643
0
0.118540711019068
0.881459288980932
0
0.118575804885666
0.881424195114334
0
0.118611454913519
0.881388545086481
0
0.118643296478231
0.881356703521769
0
0.118670484765738
0.881329515234262
0
0.118692991240306
0.881307008759694
0
0.118711341744258
0.881288658255743
0
0.118727604328403
0.881272395671597
0
0.11873943833986
0.88126056166014
0
0.118568150800849
0.881431849199151
0
0.118585978207278
0.881414021792722
0
0.118611454913519
0.881388545086481
0
0.118639270265565
0.881360729734435
0
0.118666899023007
0.881333100976993
0
0.118692880235569
0.881307119764431
0
0.118716253357426
0.881283746642574
0
0.11873706977046
0.88126293022954
0
0.118757042415875
0.881242957584125
0
0.118771145597554
0.881228854402446
0
0.118612601848228
0.881387398151772
0
0.118624233720911
0.881375766279089
0
0.118643296478231
0.881356703521769
0
0.118666899023007
0.881333100976993
0
0.1186929851128
0.8813070148872
0
0.118719925058572
0.881280074941428
0
0.118746341492926
0.881253658507074
0
0.118771989181264
0.881228010818736
0
0.118798403680339
0.881201596319661
0
0.118816346570145
0.881183653429855
0
0.118645202975181
0.881354797024819
0
0.118654087745625
0.881345912254375
0
0.118670484765738
0.881329515234262
0
0.118692880235569
0.881307119764431
0
0.118719925058572
0.881280074941428
0
0.118750476008319
0.881249523991681
0
0.118783355356907
0.881216644643093
0
0.118817273950622
0.881182726049378
0
0.11885397372772
0.88114602627228
0
0.118878603859968
0.881121396140032
0
0.118668957984112
0.881331042015888
0
0.118677050135089
0.881322949864911
0
0.118692991240306
0.881307008759694
0
0.118716253357426
0.881283746642574
0
0.118746341492926
0.881253658507074
0
0.118783355356907
0.881216644643093
0
0.1188263283592
0.8811736716408
0
0.118875298757809
0.881124701242191
0
0.118927289289455
0.881072710710545
0
0.118964267834885
0.881035732165115
0
0.118686422040319
0.881313577959681
0
0.118694549867696
0.881305450132304
0
0.118711341744257
0.881288658255743
0
0.11873706977046
0.88126293022954
0
0.118771989181264
0.881228010818736
0
0.118817273950622
0.881182726049378
0
0.118875298757809
0.881124701242191
0
0.118945778553467
0.881054221446533
0
0.119024516025109
0.880975483974891
0
0.119084913857358
0.880915086142643
0
0.11870040544538
0.88129959455462
0
0.118708881937344
0.881291118062656
0
0.118727604328403
0.881272395671597
0
0.118757042415876
0.881242957584124
0
0.118798403680339
0.881201596319661
0
0.11885397372772
0.88114602627228
0
0.118927289289455
0.881072710710545
0
0.119024516025109
0.880975483974891
0
0.119144229230829
0.880855770769171
0
0.119262653426233
0.880737346573767
0
0.118709819023113
0.881290180976887
0
0.118719310930277
0.881280689069723
0
0.11873943833986
0.88126056166014
0
0.118771145597554
0.881228854402446
0
0.118816346570145
0.881183653429855
0
0.118878603859968
0.881121396140032
0
0.118964267834885
0.881035732165115
0
0.119084913857358
0.880915086142642
0
0.119262653426233
0.880737346573767
0
0.119558022361799
0.880441977638201
0
