0.118398151082197
0.395575735784388
0.486026113133415
0.118461459777423
0.419482947693739
0.462055592528838
0.118508273215838
0.474532594447095
0.406959132337067
0.118555023751539
0.526044041254833
0.355400934993628
0.118601294184391
0.523380584543743
0.358018121271866
0.118634431316497
0.52784049655739
0.353525072126112
0.118658412050707
0.548221335286102
0.333120252663191
0.118676079345545
0.600077711852034
0.281246208802421
0.11869028888818
0.818420014762003
0.0628896963498171
0.118699646916014
0.881300353083986
0
0.118461459777423
0.419482947693736
0.46205559252884
0.118491562341322
0.461026366448739
0.420482071209939
0.118528237519698
0.521921323353724
0.359550439126578
0.11857414261225
0.523725940557395
0.357699916830355
0.118613139007459
0.521909709357782
0.359477151634759
0.118643321069728
0.530503444685456
0.350853234244816
0.118666464773898
0.55344252533636
0.327891009889743
0.118684236290416
0.610894572961539
0.270421190748045
0.11869916741797
0.870483451646819
0.0108173809352106
0.118708991931114
0.881291008068886
0
0.118508273215838
0.474532594447093
0.406959132337069
0.118528237519698
0.521921323353723
0.359550439126579
0.118564001401667
0.524175263133018
0.357260735465315
0.118600225290183
0.520409685214408
0.360990089495409
0.118632354331712
0.523472874886175
0.357894770782113
0.118659683383717
0.535445888943255
0.345894427673028
0.118682225676441
0.560133477294555
0.321184297029004
0.118700630687179
0.623650057895473
0.257649311417348
0.118716781225583
0.881283218774417
0
0.118728281343858
0.881271718656142
0
0.118555023751539
0.526044041254829
0.355400934993631
0.11857414261225
0.523725940557394
0.357699916830356
0.118600225290183
0.520409685214408
0.360990089495409
0.118628279205108
0.521658874996059
0.359712845798833
0.118655998698375
0.528781510109586
0.352562491192039
0.118681978280742
0.542522868436508
0.338795153282751
0.118705222962591
0.568130807502912
0.313163969534497
0.118725802861797
0.638539312006873
0.24273488513133
0.118745127463906
0.881254872536094
0
0.118759168369582
0.881240831630418
0
0.118601294184391
0.52338058454374
0.358018121271869
0.118613139007459
0.521909709357782
0.359477151634759
0.118632354331712
0.523472874886174
0.357894770782114
0.118655998698375
0.528781510109585
0.35256249119204
0.118682048416354
0.53784094053326
0.343477011050385
0.118708855529969
0.55190971964851
0.329381424821521
0.118734966234423
0.577996534726451
0.303268499039126
0.118760296182096
0.656142461578058
0.225097242239846
0.118785728389675
0.881214271610325
0
0.118803756288114
0.881196243711886
0
0.118634431316497
0.527840496557388
0.353525072126115
0.118643321069728
0.530503444685456
0.350853234244816
0.118659683383717
0.535445888943255
0.345894427673028
0.118681978280741
0.542522868436506
0.338795153282753
0.118708855529969
0.55190971964851
0.329381424821521
0.11873910425439
0.565595024057366
0.315665871688244
0.118771543173962
0.59268003547267
0.288548421353368
0.118804580366818
0.681900306617576
0.199295113015607
0.118840892342751
0.881159107657249
0
0.1188657630303
0.8811342369697
0
0.118658412050707
0.548221335286101
0.333120252663193
0.118666464773898
0.55344252533636
0.327891009889742
0.118682225676441
0.560133477294556
0.321184297029003
0.118705222962591
0.568130807502912
0.313163969534496
0.118734966234423
0.57799653472645
0.303268499039127
0.118771543173962
0.59268003547267
0.288548421353368
0.118814168472627
0.621765642726873
0.2594201888005
0.118861792951677
0.74875894859858
0.132379258449743
0.118914241343832
0.881085758656168
0
0.118951747992958
0.881048252007042
0
0.118676079345545
0.600077711852032
0.281246208802422
0.118684236290416
0.610894572961538
0.270421190748046
0.118700630687179
0.623650057895474
0.257649311417347
0.118725802861797
0.638539312006872
0.242734885131331
0.118760296182096
0.656142461578058
0.225097242239846
0.118804580366818
0.681900306617576
0.199295113015607
0.118861792951677
0.748758948598581
0.132379258449742
0.118933351423428
0.881066648576572
0
0.119011601790239
0.880988398209761
0
0.119073423956735
0.880926576043265
0
0.11869028888818
0.818420014762001
0.0628896963498184
0.11869916741797
0.870483451646818
0.0108173809352116
0.118716781225582
0.881283218774418
0
0.118745127463906
0.881254872536094
0
0.118785728389675
0.881214271610325
0
0.118840892342751
0.881159107657249
0
0.118914241343832
0.881085758656168
0
0.119011601790239
0.880988398209761
0
0.119133150481437
0.880866849518563
0
0.119253354211098
0.880746645788902
0
0.118699646916014
0.881300353083986
0
0.118708991931114
0.881291008068886
0
0.118728281343858
0.881271718656142
0
0.118759168369582
0.881240831630418
0
0.118803756288113
0.881196243711886
0
0.1188657630303
0.8811342369697
0
0.118951747992958
0.881048252007042
0
0.119073423956735
0.880926576043265
0
0.119253354211098
0.880746645788902
0
0.119542784283029
0.880457215716971
0
0.118400340123658
0.458973051563435
0.422626608312907
0.118463314993458
0.53937525099365
0.342161434012892
0.118508816904322
0.881491183095679
0
0.118555122697453
0.881444877302548
0
0.118601419276328
0.881398580723672
0
0.118634768981438
0.881365231018562
0
0.118658822628057
0.881341177371943
0
0.118676426477365
0.881323573522635
0
0.118690427043871
0.881309572956129
0
0.118699561049986
0.881300438950014
0
0.118463314993458
0.539375250993655
0.342161434012887
0.118493528236329
0.87451730304482
0.00698916871885143
0.118528367950664
0.881471632049336
0
0.118574262967306
0.881425737032694
0
0.118613392702468
0.881386607297532
0
0.118643707588913
0.881356292411087
0
0.118666891435526
0.881333108564474
0
0.118684565824505
0.881315434175495
0
0.118699301534834
0.881300698465166
0
0.118708904703812
0.881291095296188
0
0.118508816904321
0.881491183095679
0
0.118528367950664
0.881471632049336
0
0.11856412205097
0.88143587794903
0
0.11860042682097
0.88139957317903
0
0.118632704621573
0.881367295378427
0
0.118660103881512
0.881339896118488
0
0.118682669074917
0.881317330925083
0
0.118700948461212
0.881299051538788
0
0.118716885925522
0.881283114074478
0
0.118728193236013
0.881271806763987
0
0.118555122697453
0.881444877302548
0
0.118574262967305
0.881425737032695
0
0.11860042682097
0.88139957317903
0
0.118628613016013
0.881371386983988
0
0.118656410423351
0.881343589576649
0
0.118682420978108
0.881317579021892
0
0.118705691361781
0.881294308638219
0
0.118726109979153
0.881273890020847
0
0.11874519689365
0.88125480310635
0
0.118759079628886
0.881240920371114
0
0.118601419276328
0.881398580723672
0
0.118613392702468
0.881386607297532
0
0.118632704621573
0.881367295378427
0
0.118656410423351
0.881343589576649
0
0.118682490480781
0.881317509519219
0
0.118709318831849
0.881290681168151
0
0.11873548119828
0.88126451880172
0
0.118760592193844
0.881239407806156
0
0.118785774373033
0.881214225626967
0
0.118803670947227
0.881196329052773
0
0.118634768981438
0.881365231018562
0
0.118643707588913
0.881356292411087
0
0.118660103881512
0.881339896118488
0
0.118682420978108
0.881317579021892
0
0.118709318831849
0.881290681168151
0
0.11873960091531
0.88126039908469
0
0.118772002702966
0.881227997297033
0
0.118804898907206
0.881195101092794
0
0.11884091884375
0.88115908115625
0
0.118865684630476
0.881134315369524
0
0.118658822628057
0.881341177371943
0
0.118666891435526
0.881333108564474
0
0.118682669074917
0.881317330925083
0
0.118705691361781
0.881294308638219
0
0.118735481198281
0.88126451880172
0
0.118772002702966
0.881227997297033
0
0.118814572177432
0.881185427822568
0
0.118862032072237
0.881137967927763
0
0.118914260782046
0.881085739217954
0
0.118951678381668
0.881048321618332
0
0.118676426477365
0.881323573522635
0
0.118684565824505
0.881315434175495
0
0.118700948461212
0.881299051538788
0
0.118726109979153
0.881273890020847
0
0.118760592193845
0.881239407806156
0
0.118804898907206
0.881195101092794
0
0.118862032072237
0.881137967927763
0
0.118933440174766
0.881066559825234
0
0.119011611003849
0.880988388996151
0
0.119073368845792
0.880926631154208
0
0.118690427043871
0.881309572956129
0
0.118699301534834
0.881300698465166
0
0.118716885925523
0.881283114074477
0
0.11874519689365
0.88125480310635
0
0.118785774373033
0.881214225626967
0
0.11884091884375
0.88115908115625
0
0.118914260782046
0.881085739217954
0
0.119011611003849
0.880988388996152
0
0.11913312125579
0.88086687874421
0
0.119253356339116
0.880746643660884
0
0.118699561049986
0.881300438950014
0
0.118708904703812
0.881291095296188
0
0.118728193236013
0.881271806763987
0
0.118759079628886
0.881240920371114
0
0.118803670947227
0.881196329052773
0
0.118865684630476
0.881134315369524
0
0.118951678381668
0.881048321618332
0
0.119073368845792
0.880926631154208
0
0.119253356339116
0.880746643660884
0
0.119545847930713
0.880454152069287
0
0.118403902762768
0.584671667235593
0.296924430001639
0.118465673390691
0.696201829680311
0.185332496928998
0.118509435125784
0.881490564874215
0
0.118554914892127
0.881445085107873
0
0.118601223936624
0.881398776063376
0
0.118634609165648
0.881365390834352
0
0.118658685561815
0.881341314438185
0
0.118676315221471
0.881323684778529
0
0.118690301073587
0.881309698926413
0
0.118699392720331
0.881300607279669
0
0.11846567339069
0.696201829680312
0.185332496928997
0.118494240022765
0.870456621440337
0.0110491385368974
0.118528228588248
0.881471771411752
0
0.118574054928586
0.881425945071414
0
0.118613216674151
0.881386783325849
0
0.118643556724179
0.881356443275821
0
0.11866676041813
0.88133323958187
0
0.118684462072225
0.881315537927775
0
0.118699173838497
0.881300826161503
0
0.118708739793469
0.881291260206531
0
0.118509435125784
0.881490564874216
0
0.118528228588249
0.881471771411751
0
0.118563911765245
0.881436088234755
0
0.118600241450577
0.881399758549423
0
0.118632544424667
0.881367455575333
0
0.11865996232281
0.88134003767719
0
0.11868254679583
0.88131745320417
0
0.118700856471821
0.881299143528179
0
0.118716782412035
0.881283217587965
0
0.118728031112125
0.881271968887875
0
0.118554914892127
0.881445085107874
0
0.118574054928586
0.881425945071414
0
0.118600241450577
0.881399758549423
0
0.118628449441403
0.881371550558597
0
0.118656263995644
0.881343736004356
0
0.118682289160862
0.881317710839138
0
0.118705580768134
0.881294419231866
0
0.118726035700716
0.881273964299284
0
0.118745106827966
0.881254893172034
0
0.11875891865818
0.88124108134182
0
0.118601223936624
0.881398776063376
0
0.118613216674151
0.881386783325849
0
0.118632544424667
0.881367455575333
0
0.118656263995644
0.881343736004356
0
0.118682355758423
0.881317644241577
0
0.118709198728544
0.881290801271456
0
0.118735391021277
0.881264608978723
0
0.118760541347106
0.881239458652894
0
0.118785693701471
0.881214306298529
0
0.118803515629213
0.881196484370787
0
0.118634609165648
0.881365390834352
0
0.118643556724179
0.881356443275821
0
0.11865996232281
0.88134003767719
0
0.118682289160862
0.881317710839138
0
0.118709198728544
0.881290801271456
0
0.11873949891399
0.88126050108601
0
0.118771926297488
0.881228073702512
0
0.118804912836745
0.881195087163255
0
0.118840846133511
0.881159153866489
0
0.118865538406065
0.881134461593935
0
0.118658685561815
0.881341314438185
0
0.11866676041813
0.88133323958187
0
0.11868254679583
0.88131745320417
0
0.118705580768134
0.881294419231866
0
0.118735391021277
0.881264608978723
0
0.118771926297488
0.881228073702512
0
0.118814532725895
0.881185467274105
0
0.118862084929183
0.881137915070817
0
0.118914224682446
0.881085775317554
0
0.118951540939938
0.881048459060062
0
0.118676315221471
0.881323684778529
0
0.118684462072225
0.881315537927775
0
0.118700856471821
0.881299143528179
0
0.118726035700716
0.881273964299284
0
0.118760541347106
0.881239458652894
0
0.118804912836745
0.881195087163255
0
0.118862084929183
0.881137915070817
0
0.118933452599803
0.881066547400198
0
0.119011582459932
0.880988417540068
0
0.119073242490574
0.880926757509426
0
0.118690301073587
0.881309698926413
0
0.118699173838497
0.881300826161503
0
0.118716782412034
0.881283217587966
0
0.118745106827966
0.881254893172034
0
0.118785693701471
0.881214306298529
0
0.118840846133511
0.881159153866489
0
0.118914224682446
0.881085775317554
0
0.119011582459932
0.880988417540068
0
0.119133024232516
0.880866975767484
0
0.11925330044698
0.88074669955302
0
0.118699392720331
0.881300607279669
0
0.118708739793469
0.881291260206531
0
0.118728031112125
0.881271968887876
0
0.11875891865818
0.88124108134182
0
0.118803515629213
0.881196484370787
0
0.118865538406065
0.881134461593935
0
0.118951540939938
0.881048459060062
0
0.119073242490574
0.880926757509426
0
0.11925330044698
0.88074669955302
0
0.11955225702312
0.88044774297688
0
