0.118385740995887
0.39548076332706
0.486133495677053
0.118448824278041
0.419061960706588
0.462489215015371
0.118495695530949
0.474430412087727
0.407073892381324
0.118542566787831
0.527621863155239
0.353835570056931
0.118589437303502
0.524239088541825
0.357171474154673
0.118622817367531
0.527692161945075
0.353685020687394
0.11864678863269
0.547335238681587
0.334017972685724
0.118664294478744
0.597999857934522
0.283335847586734
0.118678227744403
0.811519071685265
0.0698027005703328
0.118687516185713
0.881312483814287
0
0.118448824278041
0.419061960706586
0.462489215015373
0.118478320269596
0.460165201136131
0.421356478594274
0.118515499607937
0.521941982136518
0.359542518255545
0.118561900509102
0.524697636352441
0.356740463138457
0.118601363171107
0.522226045558396
0.359172591270497
0.118631713590092
0.530056146506055
0.351312139903852
0.118654827305916
0.552357521466541
0.328987651227543
0.118672419342505
0.608343865319216
0.272983715338279
0.118687021326835
0.862764463648995
0.01854851502417
0.118696706523926
0.881303293476074
0
0.118495695530949
0.474430412087725
0.407073892381326
0.118515499607937
0.521941982136517
0.359542518255546
0.118551611068113
0.525063986680456
0.356384402251431
0.118588286717303
0.520968372097626
0.360443341185071
0.118620684379807
0.523316732672847
0.358062582947347
0.118648081048045
0.53472651205525
0.346625406896705
0.118670556224359
0.558815612242044
0.322513831533597
0.118688747994208
0.620423634600505
0.260887617405287
0.118704501814511
0.881295498185489
0
0.118715722170591
0.881284277829409
0
0.118542566787831
0.527621863155236
0.353835570056934
0.118561900509102
0.52469763635244
0.356740463138458
0.118588286717303
0.520968372097624
0.360443341185073
0.118616571263033
0.521607493691691
0.359775935045276
0.118644386553044
0.528232195111027
0.353123418335929
0.118670346816928
0.541554461667069
0.339775191516003
0.118693472145097
0.56649482206201
0.314811705792893
0.118713708959224
0.634215850713753
0.247070440327023
0.11873246492366
0.88126753507634
0
0.118746215684883
0.881253784315117
0
0.118589437303503
0.524239088541822
0.357171474154675
0.118601363171107
0.522226045558395
0.359172591270498
0.118620684379807
0.523316732672846
0.358062582947347
0.118644386553044
0.528232195111026
0.35312341833593
0.118670422277553
0.536968082604371
0.344361495118076
0.118697139085822
0.55065314529705
0.330649715617127
0.118723084136649
0.575835296346099
0.305441619517251
0.118748016956083
0.650115600144338
0.231136382899579
0.118772575342286
0.881227424657715
0
0.118790270508718
0.881209729491283
0
0.118622817367531
0.527692161945073
0.353685020687396
0.118631713590092
0.530056146506055
0.351312139903853
0.118648081048045
0.53472651205525
0.346625406896705
0.118670346816928
0.541554461667068
0.339775191516004
0.118697139085822
0.55065314529705
0.330649715617128
0.118727198158791
0.563850125906895
0.317422675934314
0.118759283722231
0.589579026176399
0.291661690101371
0.118792032939122
0.672155865062436
0.209052101998441
0.118827023623565
0.881172976376435
0
0.118851599987953
0.881148400012047
0
0.11864678863269
0.547335238681586
0.334017972685725
0.118654827305916
0.552357521466541
0.328987651227542
0.118670556224359
0.558815612242045
0.322513831533596
0.118693472145097
0.56649482206201
0.314811705792893
0.11872308413665
0.575835296346098
0.305441619517252
0.118759283722231
0.589579026176399
0.291661690101371
0.118801537984872
0.616558101348495
0.264640360666633
0.118848159723
0.727463289071841
0.153688551205159
0.118899552024763
0.881100447975237
0
0.118936879570456
0.881063120429543
0
0.118664294478744
0.597999857934521
0.283335847586735
0.118672419342505
0.608343865319215
0.27298371533828
0.118688747994207
0.620423634600506
0.260887617405287
0.118713708959224
0.634215850713753
0.247070440327023
0.118748016956083
0.650115600144338
0.231136382899579
0.118792032939123
0.672155865062437
0.209052101998441
0.118848159723
0.727463289071842
0.153688551205159
0.11891877527865
0.88108122472135
0
0.118995603499892
0.881004396500108
0
0.119057984274039
0.880942015725961
0
0.118678227744402
0.811519071685263
0.0698027005703346
0.118687021326835
0.862764463648994
0.0185485150241712
0.118704501814511
0.881295498185489
0
0.11873246492366
0.88126753507634
0
0.118772575342286
0.881227424657714
0
0.118827023623564
0.881172976376436
0
0.118899552024763
0.881100447975237
0
0.118995603499891
0.881004396500109
0
0.119117330958942
0.880882669041058
0
0.119237959352257
0.880762040647743
0
0.118687516185713
0.881312483814287
0
0.118696706523926
0.881303293476074
0
0.118715722170591
0.881284277829409
0
0.118746215684883
0.881253784315117
0
0.118790270508717
0.881209729491283
0
0.118851599987953
0.881148400012047
0
0.118936879570456
0.881063120429543
0
0.119057984274039
0.880942015725961
0
0.119237959352257
0.880762040647743
0
0.119527789387461
0.880472210612539
0
0.118387924775332
0.458583851532651
0.423028223692017
0.118450675439959
0.53771107237225
0.343838252187791
0.118496304436283
0.881503695563717
0
0.118542667378263
0.881457332621737
0
0.118589562765928
0.881410437234072
0
0.118623153374267
0.881376846625733
0
0.118647199855842
0.881352800144158
0
0.118664647133204
0.881335352866796
0
0.118678367996361
0.881321632003639
0
0.118687429383044
0.881312570616956
0
0.11845067543996
0.537711072372254
0.343838252187786
0.11847965978554
0.869723313715483
0.0117970264989772
0.118515629997245
0.881484370002755
0
0.118562023850312
0.881437976149689
0
0.118601618302802
0.881398381697198
0
0.118632101250983
0.881367898749017
0
0.118655254399371
0.881344745600629
0
0.118672752643897
0.881327247356103
0
0.11868715575047
0.88131284424953
0
0.118696618370305
0.881303381629695
0
0.118496304436283
0.881503695563718
0
0.118515629997245
0.881484370002755
0
0.118551736021524
0.881448263978476
0
0.118588495280574
0.881411504719426
0
0.11862103645133
0.88137896354867
0
0.118648503647919
0.881351496352081
0
0.118670999162395
0.881329000837605
0
0.118689068793366
0.881310931206634
0
0.118704616391194
0.881295383608806
0
0.11871563441718
0.88128436558282
0
0.118542667378263
0.881457332621737
0
0.118562023850311
0.881437976149688
0
0.118588495280574
0.881411504719426
0
0.118616907315621
0.881383092684379
0
0.118644800654708
0.881355199345292
0
0.118670790907126
0.881329209092874
0
0.118693937373084
0.881306062626916
0
0.118714025688197
0.881285974311803
0
0.118732544711263
0.881267455288737
0
0.118746127470119
0.881253872529881
0
0.118589562765928
0.881410437234072
0
0.118601618302802
0.881398381697198
0
0.11862103645133
0.88137896354867
0
0.118644800654708
0.881355199345292
0
0.118670866078013
0.881329133921987
0
0.118697601191391
0.881302398808609
0
0.118723590168466
0.881276409831534
0
0.118748318806409
0.881251681193591
0
0.118772632491091
0.881227367508909
0
0.118790186089675
0.881209813910325
0
0.118623153374267
0.881376846625733
0
0.118632101250983
0.881367898749017
0
0.11864850364792
0.88135149635208
0
0.118670790907126
0.881329209092874
0
0.118697601191391
0.881302398808609
0
0.11872768994223
0.88127231005777
0
0.118759763282521
0.881240236717479
0
0.118792350574178
0.881207649425822
0
0.118827064537134
0.881172935462866
0
0.118851523355298
0.881148476644702
0
0.118647199855842
0.881352800144158
0
0.118655254399371
0.881344745600629
0
0.118670999162395
0.881329000837605
0
0.118693937373084
0.881306062626916
0
0.118723590168466
0.881276409831534
0
0.118759763282521
0.881240236717479
0
0.118801937609356
0.881198062390644
0
0.118848423247919
0.881151576752081
0
0.118899581751809
0.881100418248191
0
0.118936812311146
0.881063187688854
0
0.118664647133204
0.881335352866796
0
0.118672752643897
0.881327247356103
0
0.118689068793366
0.881310931206634
0
0.118714025688197
0.881285974311803
0
0.118748318806409
0.881251681193591
0
0.118792350574178
0.881207649425822
0
0.118848423247919
0.881151576752081
0
0.11891888464756
0.88108111535244
0
0.11899563500265
0.88100436499735
0
0.119057930365617
0.880942069634383
0
0.118678367996361
0.881321632003639
0
0.11868715575047
0.88131284424953
0
0.118704616391194
0.881295383608806
0
0.118732544711263
0.881267455288737
0
0.118772632491091
0.881227367508909
0
0.118827064537134
0.881172935462866
0
0.118899581751809
0.881100418248191
0
0.11899563500265
0.88100436499735
0
0.119117306314667
0.880882693685333
0
0.119237961597082
0.880762038402918
0
0.118687429383044
0.881312570616956
0
0.118696618370305
0.881303381629695
0
0.11871563441718
0.88128436558282
0
0.118746127470119
0.881253872529881
0
0.118790186089675
0.881209813910325
0
0.118851523355298
0.881148476644702
0
0.118936812311146
0.881063187688853
0
0.119057930365617
0.880942069634383
0
0.119237961597082
0.880762038402918
0
0.119530856177206
0.880469143822793
0
0.118391477168596
0.584317012106015
0.297291510725389
0.118453032613933
0.695075638705388
0.186471328680679
0.118496948026544
0.881503051973456
0
0.118542459524586
0.881457540475414
0
0.118589364007544
0.881410635992456
0
0.118622991068709
0.881377008931291
0
0.118647060589545
0.881352939410455
0
0.118664533293098
0.881335466706902
0
0.118678241307754
0.881321758692246
0
0.118687258404091
0.881312741595909
0
0.118453032613933
0.695075638705389
0.186471328680678
0.118480420620709
0.86640762933332
0.015111950045971
0.118515487825397
0.881484512174603
0
0.118561816201245
0.881438183798755
0
0.118601439973487
0.881398560026513
0
0.118631948245233
0.881368051754767
0
0.118655121081037
0.881344878918963
0
0.118672645659801
0.881327354340199
0
0.118687025823579
0.881312974176421
0
0.118696451332331
0.881303548667669
0
0.118496948026544
0.881503051973456
0
0.118515487825397
0.881484512174603
0
0.118551528025734
0.881448471974266
0
0.118588308053861
0.881411691946139
0
0.11862087410834
0.88137912589166
0
0.118648360055051
0.881351639944949
0
0.118670874286302
0.881329125713698
0
0.11868897267711
0.88131102732289
0
0.118704509582678
0.881295490417322
0
0.118715472085159
0.881284527914841
0
0.118542459524586
0.881457540475414
0
0.118561816201245
0.881438183798755
0
0.118588308053861
0.881411691946139
0
0.11861674159923
0.88138325840077
0
0.118644652212464
0.881355347787536
0
0.118670656924037
0.881329343075963
0
0.118693823427312
0.881306176572688
0
0.118713948209874
0.881286051790126
0
0.118732454806856
0.881267545193144
0
0.1187459665173
0.8812540334827
0
0.118589364007544
0.881410635992456
0
0.118601439973487
0.881398560026513
0
0.11862087410834
0.88137912589166
0
0.118644652212464
0.881355347787536
0
0.118670729263978
0.881329270736022
0
0.118697478398497
0.881302521601503
0
0.118723494920709
0.881276505079291
0
0.118748261160988
0.881251738839012
0
0.118772553447914
0.881227446552087
0
0.118790031343286
0.881209968656714
0
0.118622991068709
0.881377008931291
0
0.118631948245233
0.881368051754767
0
0.118648360055051
0.881351639944949
0
0.118670656924037
0.881329343075963
0
0.118697478398497
0.881302521601503
0
0.118727584224415
0.881272415775585
0
0.118759684856246
0.881240315143754
0
0.118792345664691
0.881207654335309
0
0.118826999323143
0.881173000676857
0
0.118851378877465
0.881148621122535
0
0.118647060589545
0.881352939410455
0
0.118655121081037
0.881344878918963
0
0.118670874286302
0.881329125713698
0
0.118693823427312
0.881306176572688
0
0.118723494920709
0.881276505079291
0
0.118759684856246
0.881240315143754
0
0.118801886055876
0.881198113944124
0
0.118848474737932
0.881151525262068
0
0.118899549672547
0.881100450327453
0
0.118936677418012
0.881063322581988
0
0.118664533293098
0.881335466706902
0
0.118672645659801
0.881327354340199
0
0.11868897267711
0.88131102732289
0
0.118713948209875
0.881286051790126
0
0.118748261160988
0.881251738839012
0
0.118792345664691
0.881207654335309
0
0.118848474737932
0.881151525262068
0
0.1189188892217
0.8810811107783
0
0.118995639346444
0.881004360653556
0
0.11905780483593
0.88094219516407
0
0.118678241307754
0.881321758692246
0
0.118687025823579
0.881312974176421
0
0.118704509582678
0.881295490417322
0
0.118732454806856
0.881267545193144
0
0.118772553447914
0.881227446552087
0
0.118826999323143
0.881173000676857
0
0.118899549672547
0.881100450327453
0
0.118995639346444
0.881004360653556
0
0.119117214945107
0.880882785054893
0
0.119237904975903
0.880762095024097
0
0.118687258404091
0.881312741595909
0
0.118696451332331
0.881303548667669
0
0.118715472085159
0.881284527914841
0
0.1187459665173
0.8812540334827
0
0.118790031343286
0.881209968656714
0
0.118851378877465
0.881148621122535
0
0.118936677418012
0.881063322581988
0
0.11905780483593
0.88094219516407
0
0.119237904975903
0.880762095024097
0
0.119537272277023
0.880462727722977
0
