0.118373019596369
0.396212877605689
0.485414102797941
0.118436972398413
0.420013665981517
0.46154936162007
0.118484512329799
0.478492735310834
0.403022752359367
0.118533393005763
0.520444277621815
0.361022329372422
0.118578589070129
0.519308590481312
0.362112820448559
0.118611296316206
0.524190330012584
0.357198373671211
0.118634961338522
0.544676338305564
0.336688700355914
0.118652255604239
0.595458119654727
0.285889624741034
0.118666056411514
0.806663141387341
0.0746708022011447
0.118675571906056
0.881324428093944
0
0.118436972398413
0.420013665981514
0.461549361620073
0.118467025845378
0.463941814752964
0.417591159401658
0.118505896008858
0.514987189735142
0.366506914255999
0.118551499202866
0.518893338394557
0.362555162402577
0.11859014229207
0.517995837290326
0.363414020417604
0.118620050359426
0.526873731084509
0.354506218556065
0.11864291314382
0.549826284399134
0.331530802457045
0.11866030451027
0.605714313563732
0.275625381925998
0.118674740248937
0.857474252820823
0.0238510069302401
0.118684640424689
0.881315359575311
0
0.118484512329799
0.47849273531083
0.403022752359371
0.118505896008858
0.514987189735141
0.366506914256001
0.11854115890132
0.51902855275253
0.36243028834615
0.118577167066766
0.516310607449618
0.365112225483616
0.118609115973017
0.519702353676789
0.361688530350194
0.118636216581451
0.531852659272509
0.34951112414604
0.118658491361645
0.556385760646094
0.32495574799226
0.118676466113257
0.61764597939932
0.263677554487423
0.118691929319674
0.881308070680326
0
0.118703462105669
0.881296537894331
0
0.118533393005763
0.520444277621812
0.361022329372425
0.118551499202866
0.518893338394555
0.362555162402579
0.118577167066766
0.516310607449618
0.365112225483617
0.118605021729501
0.517832030289828
0.363562947980671
0.118632532759887
0.525129439965154
0.356238027274959
0.118658258790971
0.538947196599447
0.342394544609582
0.118681197981355
0.56410331999296
0.317215482025685
0.118701213137072
0.631136319607934
0.250162467254994
0.118719896444353
0.881280103555647
0
0.118733615594146
0.881266384405854
0
0.118578589070129
0.519308590481309
0.362112820448562
0.11859014229207
0.517995837290325
0.363414020417605
0.118609115973017
0.519702353676789
0.361688530350194
0.118632532759887
0.525129439965152
0.35623802727496
0.118658309923007
0.534277027904241
0.347064662172752
0.118684786455046
0.548241229537118
0.333073984007837
0.118710534751894
0.573382661386023
0.307906803862083
0.118735184616969
0.646704227311154
0.234560588071877
0.118759624399829
0.881240375600171
0
0.11877707505794
0.88122292494206
0
0.118611296316206
0.524190330012582
0.357198373671213
0.118620050359426
0.526873731084508
0.354506218556067
0.118636216581451
0.531852659272509
0.34951112414604
0.118658258790971
0.538947196599447
0.342394544609582
0.118684786455046
0.548241229537117
0.333073984007838
0.118714500349806
0.561496616886384
0.31978888276381
0.118746165971425
0.586918153361744
0.294335680666831
0.118778748968536
0.66793181397016
0.213289437061303
0.118813420145788
0.881186579854212
0
0.118837493678416
0.881162506321584
0
0.118634961338522
0.544676338305565
0.336688700355913
0.11864291314382
0.549826284399135
0.331530802457045
0.118658491361645
0.556385760646095
0.324955747992259
0.118681197981355
0.56410331999296
0.317215482025685
0.118710534751894
0.573382661386022
0.307906803862084
0.118746165971425
0.586918153361743
0.294335680666832
0.118787996251701
0.613712002436507
0.267500001311793
0.118833951943441
0.720713173483523
0.160452874573036
0.118885001997226
0.881114998002774
0
0.118921448070586
0.881078551929414
0
0.118652255604239
0.595458119654727
0.285889624741034
0.11866030451027
0.605714313563733
0.275625381925998
0.118676466113256
0.61764597939932
0.263677554487424
0.118701213137072
0.631136319607934
0.250162467254994
0.118735184616969
0.646704227311155
0.234560588071877
0.118778748968536
0.66793181397016
0.213289437061304
0.118833951943441
0.720713173483523
0.160452874573036
0.118903769523109
0.881096230476891
0
0.118979327466716
0.881020672533284
0
0.119040672796093
0.880959327203907
0
0.118666056411514
0.806663141387341
0.0746708022011444
0.118674740248937
0.857474252820824
0.0238510069302396
0.118691929319674
0.881308070680326
0
0.118719896444353
0.881280103555647
0
0.118759624399829
0.881240375600171
0
0.118813420145788
0.881186579854212
0
0.118885001997226
0.881114998002774
0
0.118979327466716
0.881020672533284
0
0.119099064421438
0.880900935578562
0
0.119218195657837
0.880781804342163
0
0.118675571906056
0.881324428093944
0
0.118684640424689
0.881315359575311
0
0.118703462105669
0.881296537894331
0
0.118733615594146
0.881266384405854
0
0.11877707505794
0.88122292494206
0
0.118837493678416
0.881162506321584
0
0.118921448070586
0.881078551929414
0
0.119040672796093
0.880959327203907
0
0.119218195657837
0.880781804342163
0
0.119504911144089
0.880495088855911
0
0.11837519931145
0.460089263262714
0.421535537425836
0.118438814619495
0.538763556990424
0.342797628390081
0.118484845934185
0.881515154065815
0
0.118533502943901
0.881466497056099
0
0.118578739039827
0.881421260960173
0
0.11861166701843
0.88138833298157
0
0.118635397872561
0.881364602127439
0
0.118652632290876
0.881347367709124
0
0.118666201104834
0.881333798895165
0
0.118675482493202
0.881324517506798
0
0.118438814619495
0.53876355699043
0.342797628390075
0.118468466451135
0.863244642771061
0.0182868907778036
0.118506027842902
0.881493972157098
0
0.11855162504094
0.88144837495906
0
0.118590433890551
0.881409566109449
0
0.118620471015546
0.881379528984454
0
0.118643364103151
0.881356635896849
0
0.118660657675802
0.881339342324198
0
0.118674878059657
0.881325121940343
0
0.118684549756065
0.881315450243935
0
0.118484845934185
0.881515154065815
0
0.118506027842902
0.881493972157098
0
0.11854128473511
0.88145871526489
0
0.118577409959853
0.881422590040147
0
0.118609506264688
0.881390493735312
0
0.118636670564358
0.881363329435642
0
0.118658955846249
0.881341044153751
0
0.118676803820442
0.881323196179558
0
0.118692058096653
0.881307941903347
0
0.118703370885871
0.88129662911413
0
0.118533502943901
0.881466497056099
0
0.11855162504094
0.88144837495906
0
0.118577409959853
0.881422590040147
0
0.118605397148009
0.881394602851991
0
0.118632981144379
0.881367018855621
0
0.11865872984562
0.88134127015438
0
0.118681682790195
0.881318317209805
0
0.11870155107714
0.88129844892286
0
0.118719982785448
0.881280017214552
0
0.118733524913785
0.881266475086215
0
0.118578739039827
0.881421260960173
0
0.118590433890551
0.881409566109449
0
0.118609506264688
0.881390493735312
0
0.118632981144379
0.881367018855621
0
0.118658782082167
0.881341217917833
0
0.118685271454127
0.881314728545873
0
0.118711056667496
0.881288943332504
0
0.11873550422434
0.88126449577566
0
0.11875968554009
0.88124031445991
0
0.118776988860811
0.881223011139189
0
0.11861166701843
0.88138833298157
0
0.118620471015546
0.881379528984454
0
0.118636670564358
0.881363329435642
0
0.11865872984562
0.88134127015438
0
0.118685271454127
0.881314728545873
0
0.118715012282148
0.881284987717852
0
0.118746691781198
0.881253308218802
0
0.118779077866485
0.881220922133515
0
0.118813462431523
0.881186537568477
0
0.118837415905715
0.881162584094285
0
0.118635397872561
0.88136460212744
0
0.118643364103151
0.881356635896849
0
0.118658955846249
0.881341044153751
0
0.118681682790195
0.881318317209805
0
0.118711056667496
0.881288943332504
0
0.118746691781198
0.881253308218802
0
0.118788411435486
0.881211588564515
0
0.118834234770054
0.881165765229946
0
0.118885025810462
0.881114974189538
0
0.118921380556567
0.881078619443433
0
0.118652632290876
0.881347367709124
0
0.118660657675802
0.881339342324198
0
0.118676803820442
0.881323196179558
0
0.11870155107714
0.88129844892286
0
0.11873550422434
0.88126449577566
0
0.118779077866485
0.881220922133515
0
0.118834234770054
0.881165765229946
0
0.118903884845848
0.881096115154152
0
0.118979356461791
0.881020643538209
0
0.119040618563411
0.880959381436589
0
0.118666201104834
0.881333798895166
0
0.118674878059657
0.881325121940343
0
0.118692058096653
0.881307941903347
0
0.118719982785448
0.881280017214552
0
0.11875968554009
0.88124031445991
0
0.118813462431523
0.881186537568477
0
0.118885025810462
0.881114974189538
0
0.118979356461791
0.881020643538209
0
0.119099041529948
0.880900958470052
0
0.119218196740748
0.880781803259252
0
0.118675482493202
0.881324517506798
0
0.118684549756065
0.881315450243935
0
0.118703370885871
0.881296629114129
0
0.118733524913785
0.881266475086215
0
0.118776988860811
0.881223011139189
0
0.118837415905715
0.881162584094285
0
0.118921380556567
0.881078619443433
0
0.119040618563411
0.880959381436589
0
0.119218196740748
0.880781803259252
0
0.119507958829524
0.880492041170476
0
0.118378751461137
0.584852665344856
0.296768583194008
0.118441156689563
0.69474121731225
0.186817625998187
0.118485511476764
0.881514488523236
0
0.118533311746244
0.881466688253756
0
0.118578543439703
0.881421456560297
0
0.118611505005306
0.881388494994694
0
0.118635257399367
0.881364742600633
0
0.118652516926574
0.881347483073426
0
0.118666075414345
0.881333924585655
0
0.118675306466083
0.881324693533918
0
0.118441156689563
0.694741217312251
0.186817625998186
0.118469247493266
0.859664340197287
0.0218664123094474
0.118505889452081
0.881494110547919
0
0.118551418578061
0.881448581421939
0
0.118590256762236
0.881409743237764
0
0.118620317765523
0.881379682234476
0
0.118643229308261
0.881356770691739
0
0.11866054866782
0.88133945133218
0
0.118674748750934
0.881325251249066
0
0.118684378211707
0.881315621788293
0
0.118485511476764
0.881514488523236
0
0.118505889452081
0.881494110547918
0
0.118541076027304
0.881458923972696
0
0.118577224395205
0.881422775604795
0
0.11860934425317
0.88139065574683
0
0.118636526176158
0.881363473823843
0
0.118658828845683
0.881341171154317
0
0.11867670522951
0.88132329477049
0
0.118691957778969
0.881308042221031
0
0.118703202440949
0.881296797559051
0
0.118533311746244
0.881466688253756
0
0.118551418578061
0.881448581421939
0
0.118577224395205
0.881422775604795
0
0.118605232011405
0.881394767988595
0
0.118632832077503
0.881367167922497
0
0.118658594438946
0.881341405561054
0
0.11868156643489
0.88131843356511
0
0.118701471850693
0.881298528149307
0
0.118719887671836
0.881280112328164
0
0.118733359653521
0.881266640346479
0
0.118578543439703
0.881421456560297
0
0.118590256762236
0.881409743237764
0
0.11860934425317
0.88139065574683
0
0.118632832077503
0.881367167922497
0
0.118658644070254
0.881341355929746
0
0.118685146651194
0.881314853348806
0
0.118710956483528
0.881289043516472
0
0.1187354447076
0.881264555292401
0
0.118759600399469
0.881240399600531
0
0.118776830986603
0.881223169013397
0
0.118611505005306
0.881388494994694
0
0.118620317765524
0.881379682234476
0
0.118636526176158
0.881363473823843
0
0.118658594438946
0.881341405561054
0
0.118685146651194
0.881314853348806
0
0.118714903959086
0.881285096040914
0
0.118746613788676
0.881253386211324
0
0.118779065074714
0.881220934925286
0
0.118813389804553
0.881186610195447
0
0.118837269458175
0.881162730541825
0
0.118635257399366
0.881364742600634
0
0.118643229308261
0.881356770691739
0
0.118658828845683
0.881341171154317
0
0.11868156643489
0.88131843356511
0
0.118710956483528
0.881289043516472
0
0.118746613788676
0.881253386211324
0
0.118788353774651
0.881211646225349
0
0.118834286972974
0.881165713027026
0
0.118884978263176
0.881115021736824
0
0.118921245209793
0.881078754790207
0
0.118652516926574
0.881347483073426
0
0.11866054866782
0.88133945133218
0
0.11867670522951
0.88132329477049
0
0.118701471850693
0.881298528149307
0
0.1187354447076
0.881264555292401
0
0.118779065074714
0.881220934925286
0
0.118834286972974
0.881165713027026
0
0.118903877597119
0.881096122402881
0
0.118979356046511
0.881020643953489
0
0.119040492561068
0.880959507438932
0
0.118666075414345
0.881333924585655
0
0.118674748750934
0.881325251249066
0
0.118691957778969
0.881308042221031
0
0.118719887671836
0.881280112328164
0
0.118759600399469
0.881240399600531
0
0.118813389804553
0.881186610195447
0
0.118884978263176
0.881115021736824
0
0.118979356046511
0.881020643953489
0
0.11909895289023
0.88090104710977
0
0.119218138308541
0.880781861691459
0
0.118675306466082
0.881324693533918
0
0.118684378211707
0.881315621788293
0
0.118703202440949
0.881296797559051
0
0.118733359653521
0.881266640346479
0
0.118776830986603
0.881223169013397
0
0.118837269458175
0.881162730541825
0
0.118921245209793
0.881078754790207
0
0.119040492561068
0.880959507438931
0
0.119218138308541
0.880781861691459
0
0.119514336686432
0.880485663313568
0
