0.11836155559542
0.395276807516978
0.486361636887602
0.118424466490167
0.418214323322686
0.463361210187147
0.118471001760474
0.47414343022961
0.407385568009916
0.118517507160399
0.530930600731492
0.350551892108108
0.118565243975993
0.526300237008656
0.355134519015351
0.118599024594061
0.527592180341317
0.353808795064622
0.118622983458251
0.545691746207926
0.335685270333823
0.118640248295061
0.594071980240331
0.287287771464608
0.118653766391445
0.79818155268255
0.0831646809260044
0.118662939799292
0.881337060200708
0
0.118424466490167
0.418214323322683
0.46336121018715
0.118453901713068
0.458465153217035
0.423080945069897
0.11849071599952
0.522030280149511
0.359479003850969
0.118537263245451
0.526624707410543
0.354838029344005
0.118577311430646
0.523035411018435
0.358387277550919
0.118607900608216
0.529311868287592
0.352080231104192
0.118630962768716
0.550318697152761
0.331050340078522
0.118648290928274
0.603558268934418
0.277793440137309
0.118662438147566
0.847464050955909
0.0338735108965253
0.118671792240916
0.881328207759084
0
0.118471001760474
0.474143430229608
0.407385568009918
0.11849071599952
0.522030280149511
0.359479003850969
0.118526913196031
0.526655641482656
0.354817445321313
0.118564026615239
0.522208779407217
0.359227193977545
0.118596755495451
0.523173912474194
0.358229332030355
0.1186242122328
0.533417062288167
0.347958725479034
0.118646550506733
0.556337087964743
0.325016361528524
0.118664376366498
0.614462867583689
0.266872756049813
0.11867942205735
0.88132057794265
0
0.118690098404198
0.881309901595802
0
0.118517507160399
0.530930600731489
0.350551892108112
0.118537263245451
0.526624707410542
0.354838029344006
0.118564026615238
0.522208779407216
0.359227193977546
0.118592583661183
0.521679972509832
0.359727443828986
0.118620474718119
0.527272456279708
0.354107069002173
0.11864633451616
0.539744322439283
0.341609343044557
0.118669205622848
0.563448757366375
0.317882037010778
0.118688856721098
0.626389668838778
0.254921474440123
0.118706449041042
0.881293550958958
0
0.118719610782248
0.881280389217752
0
0.118565243975993
0.526300237008653
0.355134519015354
0.118577311430646
0.523035411018434
0.35838727755092
0.118596755495451
0.523173912474193
0.358229332030356
0.118620474718119
0.527272456279707
0.354107069002174
0.118646394332366
0.535345155893702
0.346008449773932
0.118672856958611
0.548300483026036
0.333026660015353
0.118698395152255
0.571890688988038
0.309410915859708
0.118722467339074
0.639426623316216
0.24185090934471
0.118745435684317
0.881254564315683
0
0.118762377731548
0.881237622268452
0
0.118599024594062
0.527592180341314
0.353808795064625
0.118607900608216
0.529311868287592
0.352080231104192
0.1186242122328
0.533417062288167
0.347958725479033
0.11864633451616
0.539744322439281
0.341609343044559
0.118672856958611
0.548300483026035
0.333026660015353
0.118702451130042
0.560613290193259
0.320684258676699
0.118733755475813
0.583920435407581
0.297345809116606
0.118765782676389
0.656018589974564
0.225215627349047
0.118798301370812
0.881201698629188
0
0.11882205144497
0.88117794855503
0
0.118622983458251
0.545691746207925
0.335685270333824
0.118630962768716
0.550318697152762
0.331050340078522
0.118646550506733
0.556337087964744
0.325016361528523
0.118669205622848
0.563448757366374
0.317882037010778
0.118698395152255
0.571890688988036
0.309410915859709
0.118733755475813
0.583920435407581
0.297345809116606
0.118775120731164
0.607565991014141
0.273658888254695
0.11881984062212
0.693625757506687
0.187554401871192
0.118868885414427
0.881131114585573
0
0.118905509564737
0.881094490435263
0
0.118640248295061
0.59407198024033
0.287287771464609
0.118648290928273
0.603558268934417
0.277793440137309
0.118664376366498
0.61446286758369
0.266872756049813
0.118688856721098
0.626389668838777
0.254921474440125
0.118722467339074
0.639426623316215
0.24185090934471
0.11876578267639
0.656018589974564
0.225215627349047
0.11881984062212
0.693625757506688
0.187554401871192
0.11888928966388
0.875246309886714
0.00586440044940626
0.118961831321324
0.881038168678676
0
0.119025083168934
0.880974916831066
0
0.118653766391445
0.798181552682548
0.0831646809260071
0.118662438147566
0.847464050955907
0.0338735108965273
0.11867942205735
0.88132057794265
0
0.118706449041042
0.881293550958958
0
0.118745435684317
0.881254564315683
0
0.118798301370812
0.881201698629188
0
0.118868885414427
0.881131114585573
0
0.118961831321324
0.881038168678676
0
0.119083457864263
0.880916542135737
0
0.119204914276299
0.880795085723701
0
0.118662939799292
0.881337060200708
0
0.118671792240917
0.881328207759084
0
0.118690098404198
0.881309901595802
0
0.118719610782248
0.881280389217752
0
0.118762377731548
0.881237622268452
0
0.11882205144497
0.88117794855503
0
0.118905509564737
0.881094490435263
0
0.119025083168935
0.880974916831065
0
0.119204914276299
0.880795085723701
0
0.119495520950107
0.880504479049893
0
0.118363727342575
0.457796173771214
0.423840098886211
0.118426308094609
0.534472761329122
0.347100930576269
0.11847165433503
0.88152834566497
0
0.118517606759614
0.881482393240386
0
0.118565367908697
0.881434632091303
0
0.118599342202535
0.881400657797465
0
0.118623390914677
0.881376609085323
0
0.118640613420108
0.881359386579892
0
0.118653911531989
0.881346088468011
0
0.118662851489146
0.881337148510854
0
0.118426308094609
0.534472761329127
0.347100930576264
0.118455228765792
0.859412442016434
0.0221323292177742
0.11849084752038
0.88150915247962
0
0.118537388246251
0.881462611753749
0
0.118577548380928
0.881422451619072
0
0.118608278008247
0.881391721991753
0
0.118631387627436
0.881368612372564
0
0.118648634518535
0.881351365481465
0
0.118662574072392
0.881337425927608
0
0.118671703199511
0.881328296800489
0
0.11847165433503
0.88152834566497
0
0.11849084752038
0.88150915247962
0
0.118527041252534
0.881472958747466
0
0.118564223350475
0.881435776649525
0
0.118597092265044
0.881402907734956
0
0.11862463011337
0.88137536988663
0
0.118646990955583
0.881353009044417
0
0.118664704851121
0.881335295148879
0
0.118679558636675
0.881320441363325
0
0.118690011777276
0.881309988222724
0
0.118517606759614
0.881482393240386
0
0.118537388246251
0.881462611753749
0
0.118564223350475
0.881435776649525
0
0.118592902825773
0.881407097174227
0
0.118620881377657
0.881379118622343
0
0.11864677708529
0.88135322291471
0
0.118669665164047
0.881330334835953
0
0.118689183145894
0.881310816854106
0
0.118706551266297
0.881293448733703
0
0.118719523859025
0.881280476140975
0
0.118565367908697
0.881434632091303
0
0.118577548380928
0.881422451619072
0
0.118597092265044
0.881402907734956
0
0.118620881377657
0.881379118622343
0
0.11864683650316
0.88135316349684
0
0.118673317037674
0.881326682962326
0
0.118698888715493
0.881301111284507
0
0.118722788006304
0.881277211993696
0
0.118745515989866
0.881254484010135
0
0.118762295326714
0.881237704673286
0
0.118599342202535
0.881400657797465
0
0.118608278008247
0.881391721991753
0
0.118624630113371
0.88137536988663
0
0.11864677708529
0.88135322291471
0
0.118673317037674
0.881326682962326
0
0.118702937704111
0.881297062295889
0
0.118734281134574
0.881265718865426
0
0.118766102645855
0.881233897354145
0
0.118798370743969
0.881201629256031
0
0.118821978691461
0.88117802130854
0
0.118623390914677
0.881376609085323
0
0.118631387627436
0.881368612372564
0
0.118646990955583
0.881353009044417
0
0.118669665164047
0.881330334835953
0
0.118698888715493
0.881301111284507
0
0.118734281134574
0.881265718865426
0
0.118775520260814
0.881224479739186
0
0.118820167623495
0.881179832376505
0
0.118868937229638
0.881131062770362
0
0.118905448127844
0.881094551872156
0
0.118640613420108
0.881359386579892
0
0.118648634518535
0.881351365481465
0
0.118664704851121
0.881335295148879
0
0.118689183145894
0.881310816854106
0
0.118722788006304
0.881277211993696
0
0.118766102645855
0.881233897354145
0
0.118820167623495
0.881179832376505
0
0.118889436370815
0.881110563629185
0
0.118961911209073
0.881038088790927
0
0.119025032523512
0.880974967476488
0
0.118653911531989
0.881346088468011
0
0.118662574072392
0.881337425927608
0
0.118679558636675
0.881320441363325
0
0.118706551266297
0.881293448733703
0
0.118745515989866
0.881254484010134
0
0.118798370743969
0.881201629256031
0
0.118868937229638
0.881131062770362
0
0.118961911209073
0.881038088790927
0
0.119083445755623
0.880916554244378
0
0.1192049170004
0.8807950829996
0
0.118662851489146
0.881337148510854
0
0.118671703199511
0.88132829680049
0
0.118690011777276
0.881309988222724
0
0.118719523859025
0.881280476140975
0
0.118762295326715
0.881237704673285
0
0.118821978691461
0.88117802130854
0
0.118905448127844
0.881094551872156
0
0.119025032523512
0.880974967476488
0
0.1192049170004
0.8807950829996
0
0.119498594359979
0.880501405640021
0
0.118367257933095
0.58358759768181
0.298045144385095
0.118428664964361
0.692794110444101
0.188777224591539
0.118472348613331
0.881527651386669
0
0.118517395216871
0.881482604783129
0
0.11856515997174
0.88143484002826
0
0.118599173532962
0.881400826467038
0
0.11862324667793
0.88137675332207
0
0.118640494727205
0.881359505272795
0
0.118653784045039
0.881346215954961
0
0.11866267537825
0.88133732462175
0
0.11842866496436
0.692794110444102
0.188777224591538
0.118456008849895
0.858114819967915
0.0234291711821903
0.118490706237438
0.881509293762562
0
0.118537177020738
0.881462822979262
0
0.118577363893033
0.881422636106967
0
0.118608119557469
0.881391880442531
0
0.118631249353012
0.881368750646988
0
0.118648521828063
0.881351478171937
0
0.118662439467557
0.881337560532443
0
0.118671532740245
0.881328467259755
0
0.118472348613331
0.881527651386669
0
0.118490706237439
0.881509293762561
0
0.118526832299519
0.881473167700481
0
0.118564030666603
0.881435969333397
0
0.118596924095445
0.881403075904555
0
0.118624481547535
0.881375518452465
0
0.118646860734987
0.881353139265013
0
0.118664601293099
0.881335398706901
0
0.118679446414745
0.881320553585255
0
0.1186898493045
0.8813101506955
0
0.118517395216871
0.881482604783129
0
0.118537177020738
0.881462822979262
0
0.118564030666603
0.881435969333397
0
0.118592731161459
0.881407268838541
0
0.118620727770489
0.881379272229511
0
0.118646638268697
0.881353361731303
0
0.118669544719401
0.881330455280599
0
0.118689096261409
0.881310903738591
0
0.118706462480494
0.881293537519506
0
0.11871936306326
0.88128063693674
0
0.11856515997174
0.88143484002826
0
0.118577363893034
0.881422636106966
0
0.118596924095445
0.881403075904555
0
0.118620727770489
0.881379272229511
0
0.11864669492514
0.88135330507486
0
0.118673188892042
0.881326811107958
0
0.118698784543633
0.881301215456367
0
0.118722721120092
0.881277278879908
0
0.118745438122281
0.881254561877719
0
0.118762141784867
0.881237858215133
0
0.118599173532962
0.881400826467038
0
0.118608119557469
0.881391880442531
0
0.118624481547535
0.881375518452465
0
0.118646638268697
0.881353361731303
0
0.118673188892042
0.881326811107958
0
0.118702825267353
0.881297174732647
0
0.118734198745431
0.881265801254569
0
0.118766068444567
0.881233931555433
0
0.118798314428519
0.881201685571481
0
0.118821838205225
0.881178161794775
0
0.11862324667793
0.88137675332207
0
0.118631249353012
0.881368750646988
0
0.118646860734987
0.881353139265013
0
0.118669544719401
0.881330455280599
0
0.118698784543633
0.881301215456367
0
0.118734198745431
0.881265801254569
0
0.11877545004718
0.88122454995282
0
0.118820218517756
0.881179781482244
0
0.11886890814394
0.88113109185606
0
0.118905320277451
0.881094679722549
0
0.118640494727205
0.881359505272795
0
0.118648521828063
0.881351478171937
0
0.118664601293099
0.881335398706901
0
0.118689096261409
0.881310903738591
0
0.118722721120092
0.881277278879908
0
0.118766068444567
0.881233931555433
0
0.118820218517756
0.881179781482244
0
0.118889379170681
0.881110620829319
0
0.118961988256814
0.881038011743186
0
0.119024910492084
0.880975089507916
0
0.118653784045039
0.881346215954961
0
0.118662439467556
0.881337560532444
0
0.118679446414745
0.881320553585255
0
0.118706462480494
0.881293537519506
0
0.118745438122281
0.881254561877719
0
0.118798314428519
0.881201685571481
0
0.11886890814394
0.88113109185606
0
0.118961988256814
0.881038011743186
0
0.119083371489088
0.880916628510912
0
0.119204859677307
0.880795140322693
0
0.11866267537825
0.88133732462175
0
0.118671532740245
0.881328467259755
0
0.1186898493045
0.8813101506955
0
0.11871936306326
0.88128063693674
0
0.118762141784867
0.881237858215133
0
0.118821838205225
0.881178161794775
0
0.118905320277451
0.881094679722549
0
0.119024910492084
0.880975089507916
0
0.119204859677307
0.880795140322693
0
0.119505025926329
0.880494974073671
0
