0.118345669768049
0.39601269087564
0.485641639356311
0.118409415521837
0.419140303988229
0.462450280489934
0.118456422509911
0.479691413139451
0.401852164350637
0.118505401532926
0.523741971380964
0.357752627086109
0.118551266489866
0.521196739139171
0.360251994370963
0.118584236191448
0.523920643284455
0.357495120524097
0.118607801286936
0.542798948109038
0.338593250604026
0.118624779027206
0.591148978676916
0.290226242295878
0.118638096943358
0.792038886375537
0.0893230166811049
0.118647471662236
0.881352528337764
0
0.118409415521837
0.419140303988226
0.462450280489938
0.118439489345183
0.461498205212359
0.420062305442458
0.118477898318494
0.51542930358055
0.366092798100957
0.118523748125571
0.520911139701341
0.360565112173088
0.118562897884715
0.518677131572468
0.362759970542817
0.118592946708255
0.525933690431222
0.355473362860523
0.118615674556568
0.547531016835834
0.333853308607598
0.118632721060078
0.60049763351932
0.280869645420602
0.118646620840368
0.840519318722245
0.0408340604373878
0.11865617277885
0.88134382722115
0
0.118456422509911
0.479691413139447
0.401852164350642
0.118477898318494
0.515429303580548
0.366092798100958
0.118513288918786
0.520852039000611
0.360634672080602
0.118549731099753
0.517458525417514
0.363991743482732
0.118581936599165
0.519384217980957
0.362033845419878
0.118609018913531
0.530319482806583
0.351071498279886
0.118631078859514
0.553627661877637
0.32774125926285
0.118648592662507
0.611193462027955
0.270157945309538
0.1186631497969
0.8813368502031
0
0.118674273173343
0.881325726826657
0
0.118505401532926
0.52374197138096
0.357752627086114
0.118523748125571
0.520911139701339
0.36056511217309
0.118549731099753
0.517458525417514
0.363991743482733
0.118577794136069
0.517736310031671
0.36368589583226
0.118605314911847
0.523959681906352
0.357435003181801
0.118630874375738
0.536886469962813
0.34448265566145
0.118653495418629
0.560751343755603
0.320595160825768
0.118672883264525
0.622719719665132
0.258607397070343
0.118690217045952
0.881309782954048
0
0.118703433976751
0.881296566023249
0
0.118551266489866
0.521196739139167
0.360251994370967
0.118562897884715
0.518677131572466
0.362759970542819
0.118581936599166
0.519384217980956
0.362033845419878
0.118605314911847
0.523959681906351
0.357435003181802
0.118630917987628
0.532411873012625
0.348957208999747
0.118657079128049
0.545611749237643
0.335731171634308
0.118682347896959
0.569093258157517
0.312224393945523
0.118706023109285
0.635165593402534
0.246128383488181
0.118728797524388
0.881271202475612
0
0.118745579468369
0.881254420531631
0
0.118584236191448
0.523920643284453
0.357495120524099
0.118592946708255
0.525933690431221
0.355473362860524
0.118609018913531
0.530319482806583
0.351071498279886
0.118630874375738
0.536886469962812
0.34448265566145
0.118657079128049
0.545611749237642
0.335731171634309
0.11868627835544
0.557927950286113
0.323385771358447
0.118717107446578
0.580749900972502
0.300532991580919
0.118748844732187
0.650898790302473
0.23035236496534
0.118781019727785
0.881218980272215
0
0.118804318253203
0.881195681746798
0
0.118607801286936
0.542798948109038
0.338593250604026
0.118615674556568
0.547531016835834
0.333853308607598
0.118631078859513
0.553627661877638
0.327741259262849
0.118653495418629
0.560751343755604
0.320595160825767
0.118682347896959
0.569093258157517
0.312224393945524
0.118717107446578
0.580749900972501
0.30053299158092
0.118757930051664
0.604023283348013
0.277218786600323
0.118801947950224
0.685440995039919
0.195757057009857
0.118850792767947
0.881149207232053
0
0.118886429344778
0.881113570655222
0
0.118624779027206
0.591148978676916
0.290226242295878
0.118632721060078
0.600497633519321
0.280869645420601
0.118648592662507
0.611193462027954
0.270157945309539
0.118672883264525
0.622719719665132
0.258607397070343
0.118706023109285
0.635165593402535
0.24612838348818
0.118748844732187
0.650898790302473
0.23035236496534
0.118801947950224
0.685440995039919
0.195757057009857
0.118870476215123
0.854764035976307
0.0263654878085703
0.118942345076824
0.881057654923176
0
0.119004117168798
0.880995882831202
0
0.118638096943358
0.792038886375538
0.0893230166811044
0.118646620840368
0.840519318722245
0.040834060437387
0.1186631497969
0.8813368502031
0
0.118690217045952
0.881309782954048
0
0.118728797524388
0.881271202475613
0
0.118781019727785
0.881218980272215
0
0.118850792767947
0.881149207232053
0
0.118942345076824
0.881057654923176
0
0.119061543882685
0.880938456117315
0
0.119181305113373
0.880818694886627
0
0.118647471662236
0.881352528337764
0
0.11865617277885
0.88134382722115
0
0.118674273173343
0.881325726826657
0
0.118703433976751
0.881296566023249
0
0.118745579468369
0.881254420531631
0
0.118804318253203
0.881195681746798
0
0.118886429344778
0.881113570655222
0
0.119004117168798
0.880995882831202
0
0.119181305113373
0.880818694886627
0
0.119468624003653
0.880531375996347
0
0.118347835958194
0.45929893684765
0.422353227194156
0.118411247292523
0.535387828691407
0.34620092401607
0.118456776688406
0.881543223311594
0
0.11850551173409
0.881494488265909
0
0.118551394625785
0.881448605374215
0
0.118584586631492
0.881415413368508
0
0.118608233606696
0.881391766393304
0
0.118625171214576
0.881374828785424
0
0.118638247371013
0.881361752628987
0
0.118647380566214
0.881352619433786
0
0.118411247292523
0.535387828691413
0.346200924016065
0.118441006947094
0.850651435127739
0.0309075579251665
0.118478034790809
0.881521965209191
0
0.118523875626597
0.881476124373403
0
0.118563166633535
0.881436833366465
0
0.118593355935061
0.881406644064939
0
0.118616122942803
0.881383877057197
0
0.118633086872191
0.881366913127809
0
0.118646760252229
0.881353239747771
0
0.118656081138419
0.881343918861581
0
0.118456776688406
0.881543223311594
0
0.118478034790809
0.881521965209191
0
0.118513417823127
0.881486582176873
0
0.118549956029512
0.881450043970488
0
0.118582309634732
0.881417690365268
0
0.118609467790442
0.881390532209558
0
0.118631540610561
0.881368459389439
0
0.118648939912778
0.881351060087222
0
0.118663306649884
0.881336693350116
0
0.118674182048213
0.881325817951787
0
0.118505511734091
0.881494488265909
0
0.118523875626597
0.881476124373403
0
0.118549956029512
0.881450043970488
0
0.11857815038849
0.88142184961151
0
0.118605755361307
0.881394244638693
0
0.118631343912031
0.881368656087969
0
0.118653974122112
0.881346025877888
0
0.118673226225446
0.881326773774554
0
0.118690331178445
0.881309668821555
0
0.118703343701643
0.881296656298358
0
0.118551394625785
0.881448605374215
0
0.118563166633535
0.881436833366465
0
0.118582309634732
0.881417690365268
0
0.118605755361307
0.881394244638693
0
0.118631388578619
0.881368611421381
0
0.118657562156574
0.881342437843425
0
0.11868285713707
0.88131714286293
0
0.118706369016934
0.881293630983066
0
0.118728887357606
0.881271112642394
0
0.118745494443757
0.881254505556243
0
0.118584586631492
0.881415413368508
0
0.118593355935061
0.881406644064939
0
0.118609467790442
0.881390532209558
0
0.118631343912031
0.881368656087969
0
0.118657562156574
0.881342437843426
0
0.118686785023049
0.881313214976951
0
0.118717682697846
0.881282317302154
0
0.118749180363487
0.881250819636513
0
0.118781096532962
0.881218903467038
0
0.118804243558878
0.881195756441122
0
0.118608233606696
0.881391766393304
0
0.118616122942803
0.881383877057197
0
0.118631540610562
0.881368459389439
0
0.118653974122112
0.881346025877888
0
0.11868285713707
0.88131714286293
0
0.118717682697846
0.881282317302154
0
0.11875835244865
0.88124164755135
0
0.118802310641783
0.881197689358217
0
0.118850842919743
0.881149157080257
0
0.118886367564074
0.881113632435926
0
0.118625171214576
0.881374828785424
0
0.118633086872191
0.881366913127809
0
0.118648939912778
0.881351060087223
0
0.118673226225447
0.881326773774553
0
0.118706369016934
0.881293630983066
0
0.118749180363487
0.881250819636513
0
0.118802310641783
0.881197689358217
0
0.118870626209754
0.881129373790246
0
0.118942412008751
0.881057587991249
0
0.11900406643366
0.880995933566341
0
0.118638247371013
0.881361752628987
0
0.118646760252229
0.881353239747771
0
0.118663306649884
0.881336693350116
0
0.118690331178445
0.881309668821555
0
0.118728887357606
0.881271112642394
0
0.118781096532962
0.881218903467038
0
0.118850842919743
0.881149157080257
0
0.118942412008751
0.881057587991249
0
0.119061534830122
0.880938465169878
0
0.119181306832254
0.880818693167746
0
0.118647380566214
0.881352619433786
0
0.118656081138419
0.881343918861581
0
0.118674182048213
0.881325817951787
0
0.118703343701643
0.881296656298358
0
0.118745494443757
0.881254505556243
0
0.118804243558878
0.881195756441122
0
0.118886367564074
0.881113632435926
0
0.11900406643366
0.880995933566341
0
0.119181306832254
0.880818693167746
0
0.119471676726217
0.880528323273783
0
0.118351363749933
0.584100134265134
0.297548501984934
0.118413589416153
0.692332669659641
0.189253740924206
0.118457500863193
0.881542499136807
0
0.118505318491159
0.881494681508841
0
0.118551189852618
0.881448810147382
0
0.118584417790248
0.881415582209752
0
0.118608087559943
0.881391912440058
0
0.118625050236056
0.881374949763944
0
0.118638120357493
0.881361879642507
0
0.118647198728772
0.881352801271228
0
0.118413589416153
0.692332669659642
0.189253740924205
0.118441822002643
0.851150763531145
0.0304074144662121
0.118477902607339
0.881522097392661
0
0.118523664717308
0.881476335282692
0
0.118562982640452
0.881437017359548
0
0.118593196680318
0.881406803319682
0
0.118615982556816
0.881384017443184
0
0.118632971359408
0.881367028640592
0
0.118646625246944
0.881353374753056
0
0.11865590580168
0.88134409419832
0
0.118457500863193
0.881542499136807
0
0.118477902607339
0.881522097392661
0
0.118513207146319
0.881486792853681
0
0.118549764088388
0.881450235911612
0
0.118582141257357
0.881417858742643
0
0.118609317846335
0.881390682153665
0
0.118631407619959
0.881368592380041
0
0.118648833047359
0.881351166952641
0
0.118663205280877
0.881336794719123
0
0.118674011597902
0.881325988402098
0
0.118505318491159
0.881494681508841
0
0.118523664717308
0.881476335282692
0
0.118549764088388
0.881450235911612
0
0.118577978765842
0.881422021234158
0
0.11860560058369
0.88139439941631
0
0.11863120306753
0.88136879693247
0
0.118653850604093
0.881346149395907
0
0.118673134632194
0.881326865367806
0
0.11869023849159
0.88130976150841
0
0.118703176975628
0.881296823024372
0
0.118551189852618
0.881448810147382
0
0.118562982640452
0.881437017359548
0
0.118582141257357
0.881417858742643
0
0.11860560058369
0.88139439941631
0
0.118631245212881
0.881368754787119
0
0.118657431389862
0.881342568610138
0
0.11868274748202
0.88131725251798
0
0.118706300721483
0.881293699278517
0
0.118728804551752
0.881271195448248
0
0.118745336239711
0.881254663760289
0
0.118584417790248
0.881415582209752
0
0.118593196680318
0.881406803319682
0
0.118609317846335
0.881390682153665
0
0.11863120306753
0.88136879693247
0
0.118657431389862
0.881342568610138
0
0.11868666935592
0.88131333064408
0
0.118717598712363
0.881282401287637
0
0.118749138907464
0.881250861092536
0
0.118781033762219
0.881218966237781
0
0.118804099683116
0.881195900316884
0
0.118608087559942
0.881391912440058
0
0.118615982556817
0.881384017443184
0
0.118631407619959
0.881368592380041
0
0.118653850604093
0.881346149395907
0
0.11868274748202
0.88131725251798
0
0.118717598712363
0.881282401287637
0
0.118758276996593
0.881241723003407
0
0.118802361607767
0.881197638392233
0
0.118850796375695
0.881149203624305
0
0.118886239118321
0.881113760881679
0
0.118625050236056
0.881374949763944
0
0.118632971359408
0.881367028640592
0
0.118648833047359
0.881351166952641
0
0.118673134632194
0.881326865367806
0
0.118706300721483
0.881293699278517
0
0.118749138907464
0.881250861092536
0
0.118802361607767
0.881197638392233
0
0.118870568768541
0.881129431231459
0
0.118942465699247
0.881057534300753
0
0.11900394453688
0.88099605546312
0
0.118638120357493
0.881361879642507
0
0.118646625246944
0.881353374753056
0
0.118663205280876
0.881336794719124
0
0.11869023849159
0.88130976150841
0
0.118728804551752
0.881271195448248
0
0.118781033762219
0.881218966237781
0
0.118850796375695
0.881149203624305
0
0.118942465699247
0.881057534300753
0
0.119061465435958
0.880938534564042
0
0.119181248282556
0.880818751717444
0
0.118647198728772
0.881352801271228
0
0.11865590580168
0.88134409419832
0
0.118674011597902
0.881325988402098
0
0.118703176975628
0.881296823024372
0
0.118745336239711
0.881254663760289
0
0.118804099683116
0.881195900316884
0
0.118886239118321
0.881113760881679
0
0.11900394453688
0.88099605546312
0
0.119181248282556
0.880818751717444
0
0.119478067799374
0.880521932200626
0
