0.118335426378252
0.395939267965697
0.48572530565605
0.118399103628228
0.418820563335356
0.462780333036416
0.118445919831933
0.480190737355271
0.401363342812796
0.118495001047966
0.52504042154676
0.356464577405274
0.118541233567096
0.522038760524289
0.359420005908615
0.11857447428921
0.523885630798655
0.357539894912136
0.118598213613967
0.542122710309966
0.339279076076068
0.118615335445172
0.589549289725865
0.291835374828964
0.118628762421734
0.786434037295219
0.0949372002830471
0.118638129564457
0.881361870435543
0
0.118399103628228
0.418820563335352
0.46278033303642
0.118429206143071
0.460548511983129
0.421022281873801
0.118467463599924
0.515548774817024
0.365983761583052
0.118513460724507
0.521687259846793
0.3597992794287
0.1185529149413
0.518996924248411
0.362450160810289
0.118583191299803
0.525628596278144
0.355788212422052
0.11860613612417
0.546691152225094
0.334702711650736
0.118623485876275
0.598547808733259
0.282828705390467
0.118637864359651
0.833636538536316
0.0477255971040324
0.118647095289542
0.881352904710458
0
0.118445919831933
0.480190737355267
0.401363342812801
0.118467463599924
0.515548774817023
0.365983761583054
0.118502929775411
0.521502555377472
0.359994514847117
0.118539588814461
0.517939627861366
0.363520783324172
0.118571993453546
0.519323260630622
0.362104745915832
0.118599241816234
0.529781153790159
0.351619604393607
0.118621549105167
0.552613789543355
0.328764661351478
0.118639654367295
0.608779686023994
0.272580659608711
0.118656283858103
0.876757260196584
0.0045864559453124
0.118665539796065
0.881334460203935
0
0.118495001047966
0.525040421546755
0.356464577405279
0.118513460724507
0.521687259846791
0.359799279428702
0.118539588814461
0.517939627861366
0.363520783324172
0.118567770927269
0.517761760424578
0.363670468648153
0.118595363531472
0.523566303355506
0.357838333113022
0.118620979407977
0.53614722231336
0.345231798278663
0.11864368861352
0.559540584720006
0.321815726666474
0.118663203554729
0.619735019827614
0.261601776617656
0.118680633859647
0.881319366140353
0
0.118693478359752
0.881306521640248
0
0.118541233567096
0.522038760524286
0.359420005908618
0.1185529149413
0.51899692424841
0.362450160810291
0.118571993453546
0.519323260630622
0.362104745915832
0.118595363531472
0.523566303355505
0.357838333113023
0.118620920416748
0.53174842293732
0.349630656645932
0.118647018493206
0.544667084125284
0.33668589738151
0.118672200235886
0.567579510223164
0.31374828954095
0.118695613868903
0.631192147658585
0.250112238472512
0.11871791787377
0.88128208212623
0
0.118734466037802
0.881265533962198
0
0.11857447428921
0.523885630798653
0.357539894912137
0.118583191299803
0.525628596278143
0.355788212422054
0.118599241816234
0.52978115379016
0.351619604393607
0.118620979407977
0.53614722231336
0.345231798278663
0.118647018493206
0.544667084125284
0.33668589738151
0.118676035324749
0.556661158392658
0.324662806282593
0.118706625356596
0.578631354702045
0.302662019941359
0.118737879802923
0.645312008821489
0.235950111375588
0.118769141505586
0.881230858494414
0
0.11879216955681
0.88120783044319
0
0.118598213613967
0.542122710309966
0.339279076076068
0.11860613612417
0.546691152225095
0.334702711650735
0.118621549105167
0.552613789543356
0.328764661351477
0.11864368861352
0.559540584720007
0.321815726666473
0.118672200235886
0.567579510223164
0.31374828954095
0.118706625356596
0.578631354702045
0.302662019941359
0.11874686192445
0.600695399732702
0.280557738342848
0.118790366257319
0.674769062328561
0.20644057141412
0.118837932887134
0.881162067112866
0
0.118873344419887
0.881126655580113
0
0.118615335445172
0.589549289725865
0.291835374828963
0.118623485876275
0.598547808733259
0.282828705390467
0.118639654367295
0.608779686023993
0.272580659608711
0.118663203554729
0.619735019827615
0.261601776617656
0.118695613868903
0.631192147658586
0.250112238472511
0.118737879802923
0.645312008821489
0.235950111375588
0.118790366257319
0.674769062328561
0.20644057141412
0.118857303791109
0.823446781327117
0.0576959148817747
0.118928669192529
0.881071330807471
0
0.118990406095766
0.881009593904234
0
0.118628762421734
0.786434037295219
0.0949372002830467
0.118637864359651
0.833636538536317
0.0477255971040313
0.118656283858103
0.876757260196585
0.0045864559453116
0.118680633859647
0.881319366140353
0
0.11871791787377
0.88128208212623
0
0.118769141505586
0.881230858494414
0
0.118837932887134
0.881162067112866
0
0.118928669192529
0.881071330807471
0
0.119047425370978
0.880952574629022
0
0.119167378171531
0.880832621828469
0
0.118638129564457
0.881361870435543
0
0.118647095289542
0.881352904710458
0
0.118665539796065
0.881334460203935
0
0.118693478359752
0.881306521640248
0
0.118734466037802
0.881265533962198
0
0.11879216955681
0.88120783044319
0
0.118873344419887
0.881126655580113
0
0.118990406095766
0.881009593904234
0
0.119167378171531
0.880832621828469
0
0.119454880395441
0.880545119604559
0
0.118337587382274
0.459005698320962
0.422656714296764
0.118400931319134
0.534158559731066
0.347440508949799
0.118446281165919
0.881553718834081
0
0.118495110747842
0.881504889252158
0
0.118541360411821
0.881458639588178
0
0.118574805500765
0.881425194499235
0
0.118598633551744
0.881401366448256
0
0.118615729143395
0.881384270856605
0
0.118628914476478
0.881371085523522
0
0.118638036984032
0.881361963015968
0
0.118400931319134
0.534158559731072
0.347440508949794
0.118430752081486
0.845616864108825
0.0359523838096889
0.118467601221081
0.881532398778919
0
0.11851358827854
0.88148641172146
0
0.11855316658676
0.88144683341324
0
0.118583584499389
0.881416415500611
0
0.1186065731147
0.8813934268853
0
0.118623853456395
0.881376146543605
0
0.118638003256334
0.881361996743666
0
0.118647001753054
0.881352998246946
0
0.11844628116592
0.88155371883408
0
0.118467601221081
0.881532398778919
0
0.118503059301534
0.881496940698466
0
0.118539800630298
0.881460199369702
0
0.118572349899766
0.881427650100234
0
0.118599677485464
0.881400322514536
0
0.118621999912644
0.881378000087355
0
0.118640002016487
0.881359997983513
0
0.118656397465546
0.881343602534454
0
0.11866544417797
0.88133455582203
0
0.118495110747842
0.881504889252158
0
0.11851358827854
0.88148641172146
0
0.118539800630298
0.881460199369702
0
0.118568110917451
0.881431889082549
0
0.11859579087376
0.88140420912624
0
0.118621438435071
0.881378561564929
0
0.118644156792886
0.881355843207114
0
0.118663546430622
0.881336453569378
0
0.118680759188977
0.881319240811023
0
0.118693386886708
0.881306613113292
0
0.118541360411821
0.881458639588179
0
0.11855316658676
0.88144683341324
0
0.118572349899766
0.881427650100234
0
0.11859579087376
0.88140420912624
0
0.118621380983841
0.881378619016159
0
0.118647492265742
0.881352507734258
0
0.118672697667712
0.881327302332288
0
0.118695968121838
0.881304031878163
0
0.118718019410802
0.881281980589198
0
0.118734380861897
0.881265619138104
0
0.118574805500765
0.881425194499235
0
0.118583584499389
0.881416415500611
0
0.118599677485464
0.881400322514536
0
0.118621438435071
0.881378561564929
0
0.118647492265742
0.881352507734258
0
0.118676531056613
0.881323468943387
0
0.118707182357136
0.881292817642864
0
0.118738221590807
0.881261778409193
0
0.118769232629675
0.881230767370325
0
0.118792095818245
0.881207904181755
0
0.118598633551744
0.881401366448256
0
0.1186065731147
0.8813934268853
0
0.118621999912645
0.881378000087355
0
0.118644156792886
0.881355843207114
0
0.118672697667712
0.881327302332288
0
0.118707182357136
0.881292817642864
0
0.118747299712185
0.881252700287815
0
0.11879073805175
0.88120926194825
0
0.118838000172016
0.881161999827984
0
0.118873285233721
0.881126714766279
0
0.118615729143395
0.881384270856605
0
0.118623853456395
0.881376146543605
0
0.118640002016487
0.881359997983513
0
0.118663546430623
0.881336453569377
0
0.118695968121838
0.881304031878163
0
0.118738221590807
0.881261778409193
0
0.11879073805175
0.88120926194825
0
0.118857467769284
0.881142532230716
0
0.118928743530231
0.881071256469769
0
0.118990357354806
0.881009642645194
0
0.118628914476478
0.881371085523522
0
0.118638003256334
0.881361996743666
0
0.118656397465546
0.881343602534454
0
0.118680759188977
0.881319240811023
0
0.118718019410802
0.881281980589198
0
0.118769232629675
0.881230767370325
0
0.118838000172016
0.881161999827984
0
0.118928743530231
0.881071256469769
0
0.119047423698236
0.880952576301763
0
0.119167380457898
0.880832619542102
0
0.118638036984032
0.881361963015968
0
0.118647001753054
0.881352998246946
0
0.11866544417797
0.88133455582203
0
0.118693386886708
0.881306613113292
0
0.118734380861897
0.881265619138103
0
0.118792095818245
0.881207904181755
0
0.118873285233721
0.881126714766279
0
0.118990357354806
0.881009642645194
0
0.119167380457898
0.880832619542102
0
0.119457934991544
0.880542065008456
0
0.1183411060165
0.583819231175016
0.297839662808485
0.118403272926045
0.691433277919457
0.190163449154498
0.118447027617152
0.881552972382848
0
0.118494916304815
0.881505083695185
0
0.118541151131847
0.881458848868153
0
0.11857463328367
0.88142536671633
0
0.118598484633716
0.881401515366284
0
0.118615605965538
0.881384394034462
0
0.118628787293841
0.881371212706159
0
0.118637852891093
0.881362147108907
0
0.118403272926045
0.691433277919458
0.190163449154497
0.118431578991264
0.848153824514612
0.0334145964941237
0.118467470902807
0.881532529097193
0
0.118513375083613
0.881486624916387
0
0.118552979470473
0.881447020529527
0
0.118583422194112
0.881416577805888
0
0.118606429927105
0.881393570072895
0
0.118623735923208
0.881376264076792
0
0.11863786579526
0.88136213420474
0
0.118646824270822
0.881353175729178
0
0.118447027617152
0.881552972382848
0
0.118467470902807
0.881532529097193
0
0.118502847308435
0.881497152691565
0
0.118539605855969
0.881460394144031
0
0.118572178475544
0.881427821524456
0
0.118599524670215
0.881400475329785
0
0.118621864065577
0.881378135934423
0
0.118639892634836
0.881360107365164
0
0.118656205437692
0.881343794562308
0
0.118665267908999
0.881334732091001
0
0.118494916304815
0.881505083695185
0
0.118513375083613
0.881486624916387
0
0.118539605855969
0.881460394144031
0
0.118567936278109
0.881432063721891
0
0.118595633254426
0.881404366745574
0
0.118621294802978
0.881378705197022
0
0.118644030029287
0.881355969970713
0
0.118663450849576
0.881336549150424
0
0.118680668407562
0.881319331592438
0
0.118693219024572
0.881306780975428
0
0.118541151131847
0.881458848868153
0
0.118552979470473
0.881447020529527
0
0.118572178475544
0.881427821524456
0
0.118595633254426
0.881404366745574
0
0.118621234898541
0.88137876510146
0
0.118647358570765
0.881352641429235
0
0.118672583912678
0.881327416087322
0
0.118695896333334
0.881304103666666
0
0.118717938234198
0.881282061765802
0
0.11873422247596
0.88126577752404
0
0.11857463328367
0.88142536671633
0
0.118583422194112
0.881416577805888
0
0.118599524670215
0.881400475329785
0
0.118621294802978
0.881378705197022
0
0.118647358570765
0.881352641429235
0
0.118676411715846
0.881323588284154
0
0.118707091937777
0.881292908062223
0
0.118738173167861
0.881261826832139
0
0.1187691737196
0.8812308262804
0
0.118791952993398
0.881208047006602
0
0.118598484633716
0.881401515366284
0
0.118606429927105
0.881393570072895
0
0.118621864065577
0.881378135934423
0
0.118644030029287
0.881355969970713
0
0.118672583912678
0.881327416087322
0
0.118707091937777
0.881292908062223
0
0.118747222496103
0.881252777503897
0
0.11879077114967
0.88120922885033
0
0.118837963438849
0.881162036561151
0
0.118873160143671
0.881126839856329
0
0.118615605965538
0.881384394034462
0
0.118623735923208
0.881376264076792
0
0.118639892634836
0.881360107365164
0
0.118663450849576
0.881336549150424
0
0.118695896333334
0.881304103666666
0
0.118738173167861
0.881261826832139
0
0.11879077114967
0.88120922885033
0
0.118857432065017
0.881142567934983
0
0.118928804184735
0.881071195815265
0
0.118990238056214
0.881009761943786
0
0.118628787293841
0.881371212706158
0
0.11863786579526
0.88136213420474
0
0.118656205437692
0.881343794562308
0
0.118680668407562
0.881319331592438
0
0.118717938234198
0.881282061765802
0
0.1187691737196
0.8812308262804
0
0.118837963438849
0.881162036561151
0
0.118928804184736
0.881071195815264
0
0.119047364800212
0.880952635199788
0
0.119167322463294
0.880832677536705
0
0.118637852891093
0.881362147108907
0
0.118646824270822
0.881353175729178
0
0.118665267908999
0.881334732091001
0
0.118693219024572
0.881306780975428
0
0.11873422247596
0.88126577752404
0
0.118791952993398
0.881208047006602
0
0.118873160143671
0.881126839856329
0
0.118990238056214
0.881009761943786
0
0.119167322463294
0.880832677536706
0
0.119464331408894
0.880535668591106
0
