0.118329376542129
0.395898483460534
0.485772139997337
0.118393008439556
0.418636941847329
0.462970049713115
0.118439698228686
0.480511254886567
0.401049046884747
0.118488826923332
0.525812575159151
0.355698597917517
0.118535226076031
0.522557972489341
0.358906801434629
0.118568542925895
0.523882085509158
0.357549371564947
0.118592253875455
0.5417385539096
0.339669192214945
0.118609281120793
0.588639588756382
0.292751130122825
0.118622570356236
0.783253643484645
0.0981237861591189
0.118631976309397
0.881368023690603
0
0.118393008439556
0.418636941847326
0.462970049713119
0.118423125345711
0.459990567368273
0.421586307286016
0.11846128641417
0.515611395554744
0.365927318031086
0.118507345133237
0.522144035852712
0.359348619014051
0.118546924999351
0.519199547344334
0.362253527656315
0.118577234234923
0.525462375349696
0.355960390415381
0.118600111928076
0.546213194287926
0.335186693783998
0.11861727261527
0.597455090326472
0.283927637058258
0.118631283078497
0.829850273906941
0.0515184430145625
0.118640675458896
0.881359324541104
0
0.118439698228686
0.480511254886562
0.401049046884751
0.11846128641417
0.515611395554743
0.365927318031087
0.118496785823013
0.521875221416179
0.359627992760808
0.118533546860264
0.51823280943881
0.363233643700926
0.11856601772729
0.519300835074973
0.362133147197737
0.118593248239539
0.529476566185771
0.35193018557469
0.118615424219756
0.55203852310166
0.329346052678584
0.118633114993242
0.607456538311198
0.273910346695559
0.11864822218759
0.872981798380033
0.00836997943237746
0.118658595266436
0.881341404733564
0
0.118488826923332
0.525812575159146
0.355698597917523
0.118507345133237
0.522144035852708
0.359348619014054
0.118533546860264
0.51823280943881
0.363233643700926
0.118561785015473
0.51779015866097
0.363648056323556
0.118589386159717
0.523346253556619
0.358064360283664
0.118614954756419
0.535723502872242
0.345661542371339
0.118637544599518
0.558849892396521
0.322512563003961
0.118656797060282
0.618065470291378
0.26327773264834
0.118673693757107
0.881326306242893
0
0.118686619316332
0.881313380683668
0
0.118535226076031
0.522557972489337
0.358906801434632
0.118546924999351
0.519199547344332
0.362253527656317
0.11856601772729
0.519300835074973
0.362133147197737
0.118589386159717
0.523346253556618
0.358064360283665
0.118614911129753
0.531368118311617
0.35001697055863
0.118640938268497
0.544123760285069
0.337235301446434
0.118665996313831
0.566716981218007
0.314617022468161
0.118689166768106
0.628965686870802
0.252345146361091
0.118710974507297
0.881289025492703
0
0.118727438193453
0.881272561806547
0
0.118568542925895
0.523882085509156
0.357549371564949
0.118577234234923
0.525462375349694
0.355960390415383
0.118593248239539
0.529476566185771
0.35193018557469
0.118614954756419
0.535723502872242
0.345661542371339
0.118640938268497
0.544123760285069
0.337235301446434
0.118669856026199
0.555935944051629
0.325394199922172
0.118700279027147
0.577435620755229
0.303864100217623
0.118731180471984
0.642183159766794
0.239085659761222
0.118761877930936
0.881238122069064
0
0.118784774575025
0.881215225424975
0
0.118592253875455
0.541738553909599
0.339669192214946
0.118600111928076
0.546213194287927
0.335186693783998
0.118615424219756
0.552038523101661
0.329346052678583
0.118637544599518
0.558849892396523
0.322512563003959
0.118665996313831
0.566716981218007
0.314617022468162
0.118700279027147
0.577435620755229
0.303864100217624
0.118740199144436
0.598804508604246
0.282455292251318
0.118783392553993
0.669046357220263
0.212170250225744
0.118830185865374
0.881169814134626
0
0.118865513577848
0.881134486422152
0
0.118609281120793
0.588639588756383
0.292751130122824
0.11861727261527
0.597455090326473
0.283927637058257
0.118633114993242
0.607456538311197
0.27391034669556
0.118656797060282
0.618065470291379
0.26327773264834
0.118689166768106
0.628965686870803
0.25234514636109
0.118731180471984
0.642183159766794
0.239085659761222
0.118783392553993
0.669046357220263
0.212170250225744
0.118848868401074
0.805590202849206
0.0755609287497198
0.118920775678084
0.881079224321916
0
0.118982327026883
0.881017672973117
0
0.118622570356236
0.783253643484646
0.0981237861591185
0.118631283078497
0.829850273906943
0.051518443014561
0.11864822218759
0.872981798380034
0.00836997943237644
0.118673693757107
0.881326306242893
0
0.118710974507297
0.881289025492703
0
0.118761877930935
0.881238122069065
0
0.118830185865374
0.881169814134626
0
0.118920775678084
0.881079224321916
0
0.119039145178211
0.880960854821789
0
0.119159174464433
0.880840825535567
0
0.118631976309397
0.881368023690603
0
0.118640675458895
0.881359324541105
0
0.118658595266436
0.881341404733564
0
0.118686619316332
0.881313380683668
0
0.118727438193453
0.881272561806547
0
0.118784774575025
0.881215225424975
0
0.118865513577848
0.881134486422152
0
0.118982327026883
0.881017672973117
0
0.119159174464433
0.880840825535567
0
0.119446776488215
0.880553223511785
0
0.118331534559142
0.458836551098388
0.42283191434247
0.118394833765186
0.533447756233621
0.348157410001193
0.118440063746669
0.881559936253331
0
0.118488936789156
0.881511063210844
0
0.118535352849853
0.881464647150147
0
0.118568873587458
0.881431126412542
0
0.118592679287052
0.881407320712948
0
0.118609683984405
0.881390316015595
0
0.118622724726496
0.881377275273504
0
0.11863188435089
0.88136811564911
0
0.118394833765186
0.533447756233627
0.348157410001187
0.118424684526128
0.842604117462246
0.0389711980116263
0.118461424939804
0.881538575060196
0
0.118507473186363
0.881492526813637
0
0.118547174391891
0.881452825608109
0
0.118577629836939
0.881422370163061
0
0.11860055620036
0.88139944379964
0
0.118617649700986
0.881382350299014
0
0.118631424462374
0.881368575537626
0
0.118640583370866
0.881359416629134
0
0.118440063746669
0.881559936253331
0
0.118461424939804
0.881538575060196
0
0.118496916104604
0.881503083895396
0
0.118533756833284
0.881466243166716
0
0.118566373009061
0.881433626990939
0
0.118593687943672
0.881406312056328
0
0.118615883432108
0.881384116567892
0
0.118633473672525
0.881366526327475
0
0.118648364710999
0.881351635289001
0
0.118658503670434
0.881341496329566
0
0.118488936789156
0.881511063210844
0
0.118507473186363
0.881492526813637
0
0.118533756833284
0.881466243166716
0
0.118562122390626
0.881437877609374
0
0.118589813798184
0.881410186201816
0
0.118615417279405
0.881384582720595
0
0.118638017626004
0.881361982373996
0
0.118657145571713
0.881342854428287
0
0.118673826929006
0.881326173070994
0
0.118686529470478
0.881313470529522
0
0.118535352849852
0.881464647150148
0
0.118547174391891
0.881452825608109
0
0.118566373009061
0.881433626990939
0
0.118589813798184
0.881410186201816
0
0.118615373305355
0.881384626694645
0
0.118641414171049
0.881358585828951
0
0.118666494061521
0.881333505938479
0
0.118689522875938
0.881310477124062
0
0.118711084368346
0.881288915631654
0
0.118727353970537
0.881272646029463
0
0.118568873587458
0.881431126412542
0
0.118577629836939
0.881422370163061
0
0.118593687943672
0.881406312056328
0
0.118615417279405
0.881384582720595
0
0.118641414171049
0.881358585828951
0
0.118670351850636
0.881329648149364
0
0.11870083120559
0.88129916879441
0
0.118731530051436
0.881268469948564
0
0.118761978415132
0.881238021584868
0
0.118784701918814
0.881215298081186
0
0.118592679287052
0.881407320712948
0
0.11860055620036
0.88139944379964
0
0.118615883432108
0.881384116567892
0
0.118638017626004
0.881361982373996
0
0.118666494061521
0.881333505938479
0
0.11870083120559
0.88129916879441
0
0.118740648156088
0.881259351843912
0
0.118783761904783
0.881216238095217
0
0.1188302655116
0.8811697344884
0
0.118865456282108
0.881134543717892
0
0.118609683984405
0.881390316015595
0
0.118617649700986
0.881382350299014
0
0.118633473672525
0.881366526327475
0
0.118657145571713
0.881342854428287
0
0.118689522875938
0.881310477124062
0
0.118731530051436
0.881268469948564
0
0.118783761904783
0.881216238095217
0
0.118849056617505
0.881150943382495
0
0.118920846794137
0.881079153205863
0
0.118982279616664
0.881017720383336
0
0.118622724726496
0.881377275273504
0
0.118631424462374
0.881368575537626
0
0.118648364710999
0.881351635289001
0
0.118673826929006
0.881326173070994
0
0.118711084368346
0.881288915631654
0
0.118761978415131
0.881238021584869
0
0.1188302655116
0.8811697344884
0
0.118920846794137
0.881079153205863
0
0.119039148383186
0.880960851616814
0
0.119159177172284
0.880840822827716
0
0.11863188435089
0.88136811564911
0
0.118640583370866
0.881359416629134
0
0.118658503670434
0.881341496329566
0
0.118686529470479
0.881313470529522
0
0.118727353970537
0.881272646029463
0
0.118784701918814
0.881215298081186
0
0.118865456282108
0.881134543717892
0
0.118982279616664
0.881017720383336
0
0.119159177172284
0.880840822827716
0
0.119449832203864
0.880550167796136
0
0.118335047829654
0.583657590155649
0.298007362014697
0.118397175133877
0.690910733185352
0.190692091680771
0.118440823284425
0.881559176715575
0
0.118488741945998
0.881511258054003
0
0.118535141769723
0.881464858230277
0
0.118568700151146
0.881431299848854
0
0.118592529721307
0.881407470278693
0
0.118609560267192
0.881390439732808
0
0.118622597988142
0.881377402011858
0
0.118631699444724
0.881368300555276
0
0.118397175133877
0.690910733185353
0.19069209168077
0.118425518181159
0.846438796214816
0.0351356856040243
0.118461295818853
0.881538704181147
0
0.118507259223177
0.881492740776823
0
0.118546985967606
0.881453014032394
0
0.118577466589205
0.881422533410795
0
0.11860041249142
0.88139958750858
0
0.118617531541167
0.881382468458833
0
0.118631288186261
0.881368711813739
0
0.118640405892554
0.881359594107446
0
0.118440823284425
0.881559176715575
0
0.118461295818853
0.881538704181147
0
0.118496703800056
0.881503296199944
0
0.118533560824403
0.881466439175597
0
0.118566200381426
0.881433799618574
0
0.118593534317364
0.881406465682636
0
0.118615747084334
0.881384252915666
0
0.1186333637287
0.8813666362713
0
0.118648237824499
0.881351762175501
0
0.118658330527522
0.881341669472478
0
0.118488741945998
0.881511258054003
0
0.118507259223177
0.881492740776823
0
0.118533560824403
0.881466439175597
0
0.11856194644949
0.88143805355051
0
0.118589655086541
0.881410344913459
0
0.118615272791825
0.881384727208175
0
0.118637889951288
0.881362110048712
0
0.118657048227524
0.881342951772476
0
0.118673737100864
0.881326262899136
0
0.118686362061068
0.881313637938932
0
0.118535141769723
0.881464858230277
0
0.118546985967606
0.881453014032394
0
0.118566200381426
0.881433799618574
0
0.118589655086541
0.881410344913459
0
0.118615226220549
0.881384773779451
0
0.118641279439361
0.881358720560639
0
0.118666378644031
0.881333621355969
0
0.118689447598365
0.881310552401635
0
0.118711005568382
0.881288994431618
0
0.118727195807156
0.881272804192844
0
0.118568700151146
0.881431299848854
0
0.118577466589205
0.881422533410795
0
0.118593534317364
0.881406465682636
0
0.118615272791825
0.881384727208175
0
0.118641279439361
0.881358720560639
0
0.118670231023719
0.881329768976281
0
0.118700737781428
0.881299262218572
0
0.118731479352724
0.881268520647276
0
0.118761922422376
0.881238077577624
0
0.118784559881858
0.881215440118142
0
0.118592529721307
0.881407470278693
0
0.11860041249142
0.88139958750858
0
0.118615747084334
0.881384252915666
0
0.118637889951288
0.881362110048712
0
0.118666378644031
0.881333621355969
0
0.118700737781428
0.881299262218572
0
0.118740570036158
0.881259429963842
0
0.118783780542982
0.881216219457018
0
0.118830237744519
0.881169762255481
0
0.118865333463464
0.881134666536535
0
0.118609560267192
0.881390439732808
0
0.118617531541167
0.881382468458833
0
0.1186333637287
0.8813666362713
0
0.118657048227524
0.881342951772475
0
0.118689447598365
0.881310552401635
0
0.118731479352724
0.881268520647276
0
0.118783780542982
0.881216219457018
0
0.118849059211293
0.881150940788707
0
0.118920897646784
0.881079102353216
0
0.118982162063924
0.881017837936076
0
0.118622597988142
0.881377402011858
0
0.118631288186261
0.881368711813739
0
0.118648237824498
0.881351762175501
0
0.118673737100864
0.881326262899136
0
0.118711005568382
0.881288994431618
0
0.118761922422376
0.881238077577624
0
0.118830237744519
0.881169762255481
0
0.118920897646784
0.881079102353216
0
0.119039096581204
0.880960903418796
0
0.119159119667094
0.880840880332906
0
0.118631699444724
0.881368300555276
0
0.118640405892554
0.881359594107446
0
0.118658330527522
0.881341669472478
0
0.118686362061068
0.881313637938932
0
0.118727195807156
0.881272804192844
0
0.118784559881858
0.881215440118142
0
0.118865333463464
0.881134666536536
0
0.118982162063924
0.881017837936076
0
0.119159119667094
0.880840880332906
0
0.119456231861308
0.880543768138693
0
