0.118323990270909
0.395004667281112
0.486671342447979
0.11838662368344
0.41700514464456
0.464608231672
0.118432574594048
0.473508865745276
0.408058559660676
0.118478323026056
0.536399151848294
0.34512252512565
0.118527455846346
0.530357968267942
0.351114575885712
0.118562030487521
0.527991463846931
0.353446505665549
0.118586124559903
0.543464671741334
0.337949203698763
0.11860321226253
0.588444433937099
0.292952353800371
0.11861635050387
0.778270158468905
0.103113491027225
0.118625513846953
0.881374486153047
0
0.11838662368344
0.417005144644558
0.464608231672002
0.118415934019707
0.45545910652172
0.426124959458573
0.118452090965615
0.522237112576904
0.359310796457482
0.118498795931372
0.52962973420012
0.351871469868508
0.118539762196014
0.524727263060058
0.356732974743928
0.118570847648672
0.528551228167519
0.352877924183809
0.118593997364101
0.547459324100063
0.333946678535835
0.118611164618046
0.59674203106784
0.284646804314114
0.118624969886728
0.82358176455732
0.0577932655559521
0.118634057566429
0.881365942433571
0
0.118432574594048
0.473508865745274
0.408058559660677
0.118452090965615
0.522237112576905
0.35931079645748
0.118488400451668
0.52877146886902
0.352740130679312
0.118526091616611
0.524370966777376
0.357102941606013
0.118559371691886
0.523377120275683
0.358063508032431
0.118587026569775
0.53171716022717
0.349695813203055
0.118609328495216
0.552831783067844
0.32855888843694
0.118626946336376
0.606118951700242
0.275254101963382
0.118641723831859
0.866047448444523
0.0153108277236182
0.118651647248307
0.881348352751693
0
0.118478323026056
0.536399151848291
0.345122525125653
0.118498795931372
0.52962973420012
0.351871469868508
0.118526091616611
0.524370966777374
0.357102941606015
0.118555052671452
0.522218817048879
0.359226130279669
0.118583083437538
0.526147066861867
0.355269849700595
0.118608844369242
0.537248148684097
0.344143006946661
0.118631454624651
0.559203372347025
0.322165173028325
0.118650580140388
0.615930739471695
0.265418680387917
0.118667196473729
0.881332803526271
0
0.118679196126624
0.881320803873376
0
0.118527455846347
0.530357968267939
0.351114575885714
0.118539762196014
0.524727263060058
0.356732974743928
0.118559371691886
0.523377120275682
0.358063508032432
0.118583083437538
0.526147066861866
0.355269849700596
0.118608788939559
0.533139913203287
0.348251297857154
0.11863485069755
0.545020231009684
0.336344918292767
0.118659790996157
0.566555167554847
0.314785041448995
0.118682691210634
0.625595964150773
0.255721344638594
0.118703604327859
0.881296395672141
0
0.118719344051156
0.881280655948844
0
0.118562030487521
0.527991463846928
0.353446505665552
0.118570847648672
0.528551228167519
0.352877924183809
0.118587026569775
0.531717160227169
0.349695813203056
0.118608844369242
0.537248148684094
0.344143006946664
0.11863485069755
0.545020231009683
0.336344918292767
0.118663696582024
0.556161193928254
0.325175109489722
0.118693894694623
0.576472247802476
0.304833857502901
0.118724211979453
0.636706522563898
0.244569265456649
0.11875372922681
0.88124627077319
0
0.118775995315528
0.881224004684472
0
0.118586124559903
0.543464671741333
0.337949203698764
0.118593997364101
0.547459324100063
0.333946678535836
0.118609328495216
0.552831783067844
0.328558888436939
0.118631454624651
0.559203372347023
0.322165173028326
0.118659790996157
0.566555167554846
0.314785041448997
0.118693894694623
0.576472247802476
0.304833857502901
0.11873332579252
0.59607186006208
0.2851948141454
0.118775826232966
0.658170313859035
0.223053859907999
0.118821008744231
0.881178991255769
0
0.118856363522412
0.881143636477588
0
0.11860321226253
0.588444433937098
0.292952353800372
0.118611164618046
0.596742031067839
0.284646804314116
0.118626946336376
0.606118951700242
0.275254101963381
0.118650580140388
0.615930739471694
0.265418680387919
0.118682691210634
0.625595964150772
0.255721344638594
0.118724211979453
0.636706522563898
0.244569265456649
0.118775826232966
0.658170313859034
0.223053859908
0.118838512891472
0.765045575121855
0.116115911986674
0.118911634472657
0.881088365527343
0
0.118974066085799
0.881025933914201
0
0.11861635050387
0.778270158468902
0.103113491027228
0.118624969886728
0.823581764557317
0.0577932655559549
0.118641723831859
0.866047448444522
0.0153108277236188
0.118667196473729
0.881332803526271
0
0.118703604327859
0.881296395672141
0
0.11875372922681
0.88124627077319
0
0.118821008744231
0.881178991255769
0
0.118911634472657
0.881088365527343
0
0.119031003212336
0.880968996787664
0
0.119153188098558
0.880846811901443
0
0.118625513846953
0.881374486153047
0
0.118634057566429
0.881365942433571
0
0.118651647248307
0.881348352751693
0
0.118679196126624
0.881320803873376
0
0.118719344051156
0.881280655948844
0
0.118775995315528
0.881224004684472
0
0.118856363522412
0.881143636477588
0
0.118974066085799
0.881025933914201
0
0.119153188098557
0.880846811901443
0
0.119444690026559
0.880555309973441
0
0.118326143487934
0.456646185229149
0.425027671282917
0.118388450803748
0.529813413494621
0.351798135701631
0.118433300384977
0.881566699615023
0
0.118478421180538
0.881521578819461
0
0.11852757734664
0.88147242265336
0
0.118562309168209
0.881437690831791
0
0.118586521611138
0.881413478388863
0
0.118603599518008
0.881396400481992
0
0.118616504160154
0.881383495839846
0
0.118625423900987
0.881374576099013
0
0.118388450803749
0.529813413494626
0.351798135701625
0.11841744022764
0.841713155307307
0.0398694044650526
0.118452225449662
0.881547774550338
0
0.118498923081128
0.881501076918872
0
0.118539968596973
0.881460031403027
0
0.118571201919354
0.881428798080646
0
0.118594416163128
0.881405583836872
0
0.118611528169923
0.881388471830077
0
0.118625110163816
0.881374889836184
0
0.118633967167976
0.881366032832024
0
0.118433300384977
0.881566699615023
0
0.118452225449662
0.881547774550338
0
0.118488532615387
0.881511467384613
0
0.118526274534132
0.881473725465868
0
0.118559679492422
0.881440320507578
0
0.118587430151292
0.881412569848708
0
0.118609763810723
0.881390236189277
0
0.118627291127331
0.881372708872669
0
0.118641862887119
0.881358137112881
0
0.118651557173548
0.881348442826452
0
0.118478421180538
0.881521578819461
0
0.118498923081128
0.881501076918872
0
0.118526274534132
0.881473725465868
0
0.118555342142315
0.881444657857685
0
0.118583469758038
0.881416530241962
0
0.118609277953754
0.881390722046246
0
0.118631904847696
0.881368095152304
0
0.118650916654944
0.881349083345057
0
0.118667331004744
0.881332668995256
0
0.118679111237733
0.881320888762267
0
0.11852757734664
0.88147242265336
0
0.118539968596973
0.881460031403027
0
0.118559679492422
0.881440320507578
0
0.118583469758038
0.881416530241962
0
0.118609220148945
0.881390779851055
0
0.118635302139662
0.881364697860338
0
0.118660265168164
0.881339734831836
0
0.118683033213717
0.881316966786283
0
0.118703725223762
0.881296274776238
0
0.118719265345789
0.881280734654211
0
0.118562309168209
0.881437690831791
0
0.118571201919354
0.881428798080646
0
0.118587430151292
0.881412569848708
0
0.118609277953754
0.881390722046246
0
0.118635302139662
0.881364697860338
0
0.118664168390001
0.881335831609999
0
0.11869441545428
0.88130558454572
0
0.118724559622003
0.881275440377997
0
0.118753845876227
0.881246154123773
0
0.118775930028049
0.881224069971951
0
0.118586521611138
0.881413478388862
0
0.118594416163128
0.881405583836872
0
0.118609763810723
0.881390236189277
0
0.118631904847696
0.881368095152304
0
0.118660265168164
0.881339734831836
0
0.11869441545428
0.88130558454572
0
0.118733766678229
0.881266233321771
0
0.118776180296264
0.881223819703736
0
0.11882111934306
0.88117888065694
0
0.118856315985043
0.881143684014957
0
0.118603599518008
0.881396400481992
0
0.118611528169923
0.881388471830077
0
0.118627291127331
0.881372708872669
0
0.118650916654944
0.881349083345056
0
0.118683033213717
0.881316966786283
0
0.118724559622003
0.881275440377997
0
0.118776180296264
0.881223819703736
0
0.118838758751798
0.881161241248202
0
0.118911720240816
0.881088279759184
0
0.118974024639861
0.881025975360139
0
0.118616504160154
0.881383495839846
0
0.118625110163816
0.881374889836184
0
0.118641862887119
0.88135813711288
0
0.118667331004744
0.881332668995256
0
0.118703725223762
0.881296274776238
0
0.118753845876227
0.881246154123773
0
0.11882111934306
0.88117888065694
0
0.118911720240816
0.881088279759184
0
0.119031024682581
0.880968975317419
0
0.119153193578839
0.880846806421161
0
0.118625423900987
0.881374576099013
0
0.118633967167976
0.881366032832024
0
0.118651557173548
0.881348442826452
0
0.118679111237733
0.881320888762267
0
0.118719265345789
0.881280734654211
0
0.118775930028049
0.881224069971951
0
0.118856315985043
0.881143684014957
0
0.118974024639861
0.881025975360139
0
0.119153193578839
0.880846806421161
0
0.119447773522722
0.880552226477278
0
0.118329640627879
0.582524820566296
0.299145538805824
0.118390808656413
0.689378095757962
0.192231095585625
0.118434077494684
0.881565922505317
0
0.118478204732228
0.881521795267772
0
0.118527355209178
0.881472644790822
0
0.118562129472958
0.881437870527042
0
0.118586369308078
0.881413630691922
0
0.118603473955456
0.881396526044544
0
0.118616376117449
0.881383623882551
0
0.118625240503465
0.881374759496535
0
0.118390808656412
0.689378095757964
0.192231095585623
0.118418263129771
0.846880219763201
0.0347015171070278
0.118452087962153
0.881547912037847
0
0.118498705535256
0.881501294464744
0
0.11853977424471
0.88146022575529
0
0.118571034427489
0.881428965572511
0
0.118594270153461
0.881405729846539
0
0.118611407921786
0.881388592078214
0
0.118624971337495
0.881375028662505
0
0.118633791003912
0.881366208996088
0
0.118434077494683
0.881565922505317
0
0.118452087962153
0.881547912037847
0
0.118488320798647
0.881511679201353
0
0.118526074053235
0.881473925946765
0
0.118559501939168
0.881440498060832
0
0.118587273326776
0.881412726673224
0
0.118609625538996
0.881390374461004
0
0.11862717811985
0.88137282188015
0
0.118641730592653
0.881358269407347
0
0.11865138572884
0.88134861427116
0
0.118478204732228
0.881521795267772
0
0.118498705535256
0.881501294464744
0
0.118526074053235
0.881473925946765
0
0.118555161093621
0.881444838906379
0
0.118583307446393
0.881416692553607
0
0.118609131135923
0.881390868864077
0
0.118631774924094
0.881368225075906
0
0.118650815847456
0.881349184152544
0
0.118667225925246
0.881332774074754
0
0.118678950617258
0.881321049382742
0
0.118527355209178
0.881472644790822
0
0.11853977424471
0.88146022575529
0
0.118559501939168
0.881440498060832
0
0.118583307446393
0.881416692553607
0
0.118609070482699
0.881390929517301
0
0.118635165405892
0.881364834594108
0
0.118660148326924
0.881339851673076
0
0.11868295094513
0.88131704905487
0
0.1187036488535
0.8812963511465
0
0.118719114618696
0.881280885381304
0
0.118562129472958
0.881437870527042
0
0.118571034427489
0.881428965572511
0
0.118587273326776
0.881412726673224
0
0.118609131135923
0.881390868864077
0
0.118635165405892
0.881364834594108
0
0.1186640451226
0.8813359548774
0
0.118694317250001
0.881305682749999
0
0.118724502930105
0.881275497069895
0
0.118753793417905
0.881246206582095
0
0.118775798000376
0.881224201999624
0
0.118586369308078
0.881413630691922
0
0.118594270153461
0.881405729846539
0
0.118609625538996
0.881390374461004
0
0.118631774924094
0.881368225075906
0
0.118660148326924
0.881339851673076
0
0.118694317250001
0.881305682749999
0
0.118733684954088
0.881266315045912
0
0.118776173778392
0.881223826221608
0
0.118821117161667
0.881178882838333
0
0.11885620667809
0.88114379332191
0
0.118603473955456
0.881396526044544
0
0.118611407921786
0.881388592078214
0
0.11862717811985
0.88137282188015
0
0.118650815847456
0.881349184152544
0
0.11868295094513
0.88131704905487
0
0.118724502930105
0.881275497069895
0
0.118776173778392
0.881223826221608
0
0.118838835910111
0.881161164089889
0
0.118911780769013
0.881088219230987
0
0.118973914744679
0.881026085255321
0
0.118616376117449
0.881383623882551
0
0.118624971337495
0.881375028662505
0
0.118641730592653
0.881358269407347
0
0.118667225925246
0.881332774074754
0
0.1187036488535
0.8812963511465
0
0.118753793417905
0.881246206582095
0
0.118821117161667
0.881178882838333
0
0.118911780769013
0.881088219230987
0
0.119030998879712
0.880969001120288
0
0.119153139208662
0.880846860791338
0
0.118625240503466
0.881374759496534
0
0.118633791003912
0.881366208996088
0
0.11865138572884
0.88134861427116
0
0.118678950617258
0.881321049382741
0
0.118719114618696
0.881280885381304
0
0.118775798000376
0.881224201999624
0
0.11885620667809
0.88114379332191
0
0.118973914744679
0.881026085255321
0
0.119153139208662
0.880846860791338
0
0.119454231439471
0.880545768560529
0
