0.118325600633366
0.395418489812295
0.486255909554339
0.118389752395058
0.417822681667925
0.463787565937017
0.118438659725036
0.479086437680211
0.402474902594753
0.118483094755436
0.526864852674454
0.354652052570109
0.118526724790585
0.523652069113638
0.357821206095776
0.118558634014705
0.523902880748325
0.35753848523697
0.11858144014393
0.541004018808826
0.340414541047244
0.118597818181063
0.586884884698725
0.294517297120211
0.118610577240646
0.777067155752947
0.104322267006407
0.118619753601662
0.881380246398338
0
0.118389752395058
0.417822681667922
0.46378756593702
0.118419172195202
0.458389855811537
0.423190971993261
0.118456419421291
0.515158356640399
0.36638522393831
0.118499966464482
0.523042616620565
0.358457416914953
0.11853785188832
0.519602091189598
0.361860056922083
0.118567032485085
0.525159978809217
0.356272988705699
0.118589110514533
0.545291359269784
0.336119530215683
0.118605636052841
0.595348089513718
0.28604627443344
0.118619060034947
0.822445425548419
0.058935514416634
0.11862821873476
0.881371781265241
0
0.118438659725036
0.479086437680206
0.402474902594758
0.118456419421291
0.515158356640398
0.366385223938311
0.118489717781642
0.522585224573161
0.358925057645197
0.118524930854504
0.518820774614838
0.362654294530658
0.118556265247004
0.519280183238994
0.362163551514002
0.118582630056603
0.528897764293865
0.352519605649532
0.118604120749899
0.550923859862605
0.330472019387495
0.118621188807148
0.604903184144718
0.276475627048134
0.118635626825203
0.865124107180999
0.0162402659937987
0.118645709022766
0.881354290977234
0
0.118483094755436
0.52686485267445
0.354652052570114
0.118499966464482
0.523042616620562
0.358457416914956
0.118524930854504
0.518820774614838
0.362654294530658
0.118552193108285
0.517867422393721
0.363580384497994
0.118578988097632
0.522936326607685
0.358484685294684
0.118603883015244
0.534906039472386
0.34649007751237
0.118625891585111
0.557514254230335
0.323859854184554
0.118644556384276
0.614881595961781
0.266473847653943
0.118660721891242
0.881339278108758
0
0.118673256714444
0.881326743285556
0
0.118526724790585
0.523652069113635
0.35782120609578
0.11853785188832
0.519602091189597
0.361860056922083
0.118556265247004
0.519280183238994
0.362163551514002
0.118578988097632
0.522936326607683
0.358484685294685
0.118603918723565
0.530636447313007
0.350759633963429
0.118629399175726
0.543071151769732
0.338299449054542
0.118653935529968
0.565062647776561
0.316283416693471
0.118676487760842
0.624786635803756
0.256536876435402
0.118697349587293
0.881302650412707
0
0.118713428776976
0.881286571223024
0
0.118558634014705
0.523902880748322
0.357538485236972
0.118567032485085
0.525159978809215
0.3562729887057
0.118582630056603
0.528897764293865
0.352519605649532
0.118603883015244
0.534906039472385
0.346490077512371
0.118629399175726
0.543071151769731
0.338299449054543
0.118657829221155
0.554539717718984
0.326802453059861
0.118687706367853
0.575177185039391
0.306135108592756
0.118717800068398
0.636341201652616
0.244940998278986
0.118747451095835
0.881252548904165
0
0.118769943118164
0.881230056881836
0
0.11858144014393
0.541004018808825
0.340414541047245
0.118589110514533
0.545291359269785
0.336119530215682
0.118604120749899
0.550923859862606
0.330472019387495
0.118625891585111
0.557514254230337
0.323859854184552
0.118653935529968
0.565062647776561
0.316283416693472
0.118687706367853
0.57517718503939
0.306135108592757
0.118726840405215
0.595213840937288
0.286059318657498
0.118769290173603
0.658959272460992
0.222271437365405
0.118814783139761
0.881185216860239
0
0.118849791401287
0.881150208598713
0
0.118597818181063
0.586884884698726
0.294517297120211
0.118605636052842
0.595348089513719
0.28604627443344
0.118621188807148
0.604903184144717
0.276475627048134
0.118644556384276
0.614881595961782
0.266473847653942
0.118676487760842
0.624786635803757
0.256536876435401
0.118717800068398
0.636341201652617
0.244940998278985
0.118769290173603
0.658959272460992
0.222271437365405
0.118832064227552
0.771776886124647
0.109391049647801
0.1189050102515
0.8810949897485
0
0.118966077131588
0.881033922868412
0
0.118610577240646
0.777067155752947
0.104322267006407
0.118619060034947
0.82244542554842
0.0589355144166327
0.118635626825203
0.865124107181
0.0162402659937971
0.118660721891242
0.881339278108758
0
0.118697349587293
0.881302650412707
0
0.118747451095835
0.881252548904165
0
0.118814783139761
0.881185216860239
0
0.1189050102515
0.8810949897485
0
0.119022455482032
0.880977544517968
0
0.119142634268782
0.880857365731218
0
0.118619753601662
0.881380246398338
0
0.118628218734759
0.881371781265241
0
0.118645709022766
0.881354290977234
0
0.118673256714443
0.881326743285557
0
0.118713428776976
0.881286571223024
0
0.118769943118164
0.881230056881836
0
0.118849791401287
0.881150208598713
0
0.118966077131588
0.881033922868412
0
0.119142634268782
0.880857365731218
0
0.119430427297251
0.880569572702749
0
0.118327751235747
0.458032064552661
0.423640184211593
0.118391571772341
0.531467254336096
0.350141173891563
0.118440651200438
0.881559348799562
0
0.118483212142805
0.881516787857195
0
0.118526842874267
0.881473157125732
0
0.118558891715715
0.881441108284285
0
0.118581825803603
0.881418174196397
0
0.11859821148408
0.88140178851592
0
0.118610732603345
0.881389267396655
0
0.118619660467404
0.881380339532596
0
0.118391571772341
0.531467254336102
0.350141173891558
0.118420809623628
0.835575926821217
0.0460032635551548
0.118456562916783
0.881543437083217
0
0.118500084140035
0.881499915859965
0
0.118538004418632
0.881461995581368
0
0.118567361554552
0.881432638445449
0
0.11858951944278
0.88141048055722
0
0.118606004573099
0.881393995426901
0
0.118619202070561
0.881380797929439
0
0.118628124841453
0.881371875158547
0
0.118440651200438
0.881559348799562
0
0.118456562916783
0.881543437083217
0
0.118489837171609
0.881510162828391
0
0.118525059414289
0.881474940585712
0
0.118556534330537
0.881443465669463
0
0.118583017401365
0.881416982598635
0
0.118604550475698
0.881395449524302
0
0.11862153902837
0.88137846097163
0
0.118635766870971
0.881364233129029
0
0.118645615434944
0.881354384565056
0
0.118483212142805
0.881516787857195
0
0.118500084140035
0.881499915859965
0
0.118525059414289
0.881474940585711
0
0.11855243806444
0.881447561935561
0
0.118579352579921
0.881420647420079
0
0.11860430882145
0.88139569117855
0
0.118626342401944
0.881373657598056
0
0.118644900516171
0.881355099483829
0
0.118660866050436
0.881339133949564
0
0.118673166255532
0.881326833744468
0
0.118526842874267
0.881473157125733
0
0.118538004418632
0.881461995581368
0
0.118556534330537
0.881443465669463
0
0.118579352579921
0.881420647420079
0
0.118604340740614
0.881395659259386
0
0.118629850826095
0.881370149173905
0
0.118654415102684
0.881345584897316
0
0.118676840788722
0.881323159211278
0
0.118697473759056
0.881302526240944
0
0.118713344739516
0.881286655260484
0
0.118558891715715
0.881441108284285
0
0.118567361554552
0.881432638445449
0
0.118583017401365
0.881416982598635
0
0.11860430882145
0.88139569117855
0
0.118629850826095
0.881370149173905
0
0.118658307481072
0.881341692518928
0
0.118688238956925
0.881311761043075
0
0.118718162119804
0.881281837880196
0
0.118747568868707
0.881252431131293
0
0.118769871796434
0.881230128203566
0
0.118581825803603
0.881418174196397
0
0.11858951944278
0.88141048055722
0
0.118604550475698
0.881395449524302
0
0.118626342401944
0.881373657598056
0
0.118654415102684
0.881345584897316
0
0.118688238956925
0.881311761043075
0
0.118727307070709
0.881272692929291
0
0.118769656694381
0.881230343305619
0
0.118814885691579
0.881185114308422
0
0.11884973768907
0.88115026231093
0
0.11859821148408
0.88140178851592
0
0.118606004573099
0.881393995426901
0
0.11862153902837
0.88137846097163
0
0.118644900516171
0.881355099483829
0
0.118676840788722
0.881323159211278
0
0.118718162119804
0.881281837880196
0
0.118769656694381
0.881230343305619
0
0.118832305528458
0.881167694471542
0
0.118905076442983
0.881094923557017
0
0.118966033074218
0.881033966925782
0
0.118610732603345
0.881389267396655
0
0.118619202070561
0.881380797929439
0
0.118635766870971
0.881364233129029
0
0.118660866050436
0.881339133949564
0
0.118697473759056
0.881302526240944
0
0.118747568868707
0.881252431131293
0
0.118814885691579
0.881185114308422
0
0.118905076442983
0.881094923557017
0
0.119022470660068
0.880977529339932
0
0.119142638268614
0.880857361731387
0
0.118619660467404
0.881380339532596
0
0.118628124841453
0.881371875158547
0
0.118645615434945
0.881354384565055
0
0.118673166255532
0.881326833744468
0
0.118713344739516
0.881286655260484
0
0.118769871796434
0.881230128203566
0
0.11884973768907
0.88115026231093
0
0.118966033074218
0.881033966925782
0
0.119142638268614
0.880857361731387
0
0.119433485396371
0.880566514603629
0
0.118331255077326
0.582740930867786
0.298927814054888
0.118393924322723
0.68901456752224
0.192591508155037
0.118442119283212
0.879988948089769
0.00156893262701912
0.118483037267458
0.881516962732542
0
0.118526621525684
0.881473378474316
0
0.118558710856951
0.881441289143049
0
0.118581670158514
0.881418329841486
0
0.118598082325422
0.881401917674578
0
0.118610602656922
0.881389397343078
0
0.118619472550626
0.881380527449374
0
0.118393924322723
0.689014567522241
0.192591508155036
0.118421657477372
0.842384313801574
0.0391940287210539
0.118456457265092
0.881543542734908
0
0.11849986028526
0.88150013971474
0
0.118537807717904
0.881462192282096
0
0.118567191069209
0.881432808930791
0
0.118589369813472
0.881410630186528
0
0.118605880604076
0.881394119395924
0
0.118619062522286
0.881380937477714
0
0.118627944003108
0.881372055996892
0
0.118442119283212
0.87998894808977
0.00156893262701834
0.118456457265092
0.881543542734908
0
0.118489615085614
0.881510384914386
0
0.118524853655456
0.881475146344544
0
0.118556353714373
0.881443646285627
0
0.118582857286961
0.881417142713039
0
0.118604408498716
0.881395591501284
0
0.118621422627588
0.881378577372412
0
0.118635633043582
0.881364366956419
0
0.118645439384382
0.881354560615618
0
0.118483037267458
0.881516962732542
0
0.11849986028526
0.88150013971474
0
0.118524853655456
0.881475146344544
0
0.118552253947588
0.881447746052411
0
0.118579186989793
0.881420813010207
0
0.118604158789718
0.881395841210282
0
0.118626209489749
0.881373790510251
0
0.118644796551966
0.881355203448035
0
0.118660771783927
0.881339228216073
0
0.118672997496367
0.881327002503633
0
0.118526621525684
0.881473378474316
0
0.118537807717904
0.881462192282096
0
0.118556353714373
0.881443646285627
0
0.118579186989793
0.881420813010207
0
0.118604188047299
0.881395811952701
0
0.118629711280735
0.881370288719265
0
0.11865429425454
0.881345705745461
0
0.118676757267789
0.881323242732211
0
0.11869739558421
0.88130260441579
0
0.11871318610187
0.88128681389813
0
0.118558710856951
0.881441289143049
0
0.118567191069209
0.881432808930791
0
0.118582857286961
0.881417142713039
0
0.118604158789718
0.881395841210282
0
0.118629711280735
0.881370288719265
0
0.11865818182311
0.88134181817689
0
0.11868813854807
0.88131186145193
0
0.118718106027632
0.881281893972368
0
0.118747514809867
0.881252485190133
0
0.118769730847799
0.881230269152201
0
0.118581670158514
0.881418329841486
0
0.118589369813472
0.881410630186528
0
0.118604408498717
0.881395591501283
0
0.118626209489749
0.881373790510251
0
0.11865429425454
0.881345705745461
0
0.11868813854807
0.88131186145193
0
0.118727226091824
0.881272773908176
0
0.118769651765321
0.881230348234679
0
0.118814869555332
0.881185130444668
0
0.118849619447645
0.881150380552355
0
0.118598082325422
0.881401917674578
0
0.118605880604076
0.881394119395924
0
0.118621422627588
0.881378577372412
0
0.118644796551966
0.881355203448034
0
0.118676757267789
0.881323242732211
0
0.118718106027632
0.881281893972368
0
0.118769651765321
0.881230348234679
0
0.118832373430416
0.881167626569584
0
0.118905107067497
0.881094892932503
0
0.118965920022287
0.881034079977713
0
0.118610602656922
0.881389397343078
0
0.118619062522286
0.881380937477714
0
0.118635633043581
0.881364366956419
0
0.118660771783927
0.881339228216073
0
0.11869739558421
0.88130260441579
0
0.118747514809867
0.881252485190133
0
0.118814869555332
0.881185130444668
0
0.118905107067497
0.881094892932503
0
0.119022436284095
0.880977563715905
0
0.119142582350263
0.880857417649737
0
0.118619472550626
0.881380527449374
0
0.118627944003108
0.881372055996892
0
0.118645439384382
0.881354560615618
0
0.118672997496367
0.881327002503633
0
0.11871318610187
0.88128681389813
0
0.118769730847799
0.881230269152201
0
0.118849619447645
0.881150380552355
0
0.118965920022287
0.881034079977713
0
0.119142582350263
0.880857417649737
0
0.11943989191223
0.88056010808777
0
