0.118318481877775
0.395438755038022
0.486242763084202
0.118381809500333
0.417744867539067
0.4638733229606
0.118428031009088
0.478902405125746
0.402669563865166
0.118475283932761
0.527394999096486
0.354129716970753
0.118520600007816
0.524186031310289
0.357293368681895
0.118553088123977
0.523946707336117
0.357500204539906
0.118575997251147
0.540658428993131
0.340765573755722
0.118592291560558
0.586041615382563
0.295366093056879
0.11860489004304
0.774059692474339
0.10733541748262
0.118613978625012
0.881386021374988
0
0.118381809500333
0.417744867539064
0.463873322960603
0.118411467468611
0.457942916173663
0.423645616357726
0.118448618038042
0.515040126797755
0.366511255164203
0.118493369957677
0.523424654177864
0.358081975864459
0.118532062599435
0.519840425917118
0.361627511483447
0.118561553647115
0.525032678917065
0.35640576743582
0.118583653547676
0.544851928666984
0.336564417785341
0.118600064632314
0.594336161730557
0.287063773637129
0.11861329789583
0.818841198882161
0.0625455032220091
0.118622358692621
0.881377641307379
0
0.118428031009088
0.478902405125741
0.402669563865171
0.118448618038042
0.515040126797754
0.366511255164204
0.118483079379657
0.522865365129241
0.358651555491102
0.118519015413106
0.51913138155479
0.362349603032104
0.11855072098748
0.519296489724777
0.362152789287743
0.118577181233643
0.528629506648066
0.352793312118291
0.118598607150419
0.55038902568303
0.331012367166551
0.118615518865586
0.603679818878672
0.277704662255743
0.118629729334227
0.861179400183892
0.0201908704818816
0.118639662894786
0.881360337105213
0
0.118475283932761
0.527394999096481
0.354129716970758
0.118493369957677
0.523424654177861
0.358081975864463
0.118519015413106
0.51913138155479
0.362349603032104
0.118546624594131
0.517934048980697
0.363519326425171
0.118573532340993
0.522753301521297
0.35867316613771
0.1185983844045
0.534516952923422
0.346884662672078
0.118620258598851
0.556872335403864
0.324507405997284
0.11863871576619
0.613366132644973
0.267995151588837
0.118654573953543
0.881345426046457
0
0.118666909090134
0.881333090909866
0
0.118520600007816
0.524186031310285
0.357293368681898
0.118532062599435
0.519840425917117
0.361627511483447
0.118550720987481
0.519296489724777
0.362152789287742
0.118573532340993
0.522753301521296
0.358673166137711
0.118598422379669
0.530289872473766
0.351111705146565
0.118623771227166
0.542565271299407
0.338810957473427
0.11864811474611
0.56427121297351
0.31708067228038
0.118670389796564
0.622823002728806
0.25850660747463
0.118690807147753
0.881309192852247
0
0.118706676679427
0.881293323320573
0
0.118553088123977
0.523946707336115
0.357500204539908
0.118561553647115
0.525032678917063
0.356405767435822
0.118577181233643
0.528629506648066
0.352793312118291
0.1185983844045
0.534516952923421
0.346884662672079
0.118623771227166
0.542565271299406
0.338810957473427
0.118652004876899
0.553869785202938
0.327478209920163
0.118681622649907
0.574109266847261
0.307209110502832
0.11871131897645
0.633610605165279
0.247678075858271
0.11874044739911
0.88125955260089
0
0.118762704680197
0.881237295319803
0
0.118575997251147
0.540658428993131
0.340765573755723
0.118583653547676
0.544851928666984
0.33656441778534
0.118598607150419
0.550389025683031
0.33101236716655
0.118620258598851
0.556872335403867
0.324507405997282
0.11864811474611
0.56427121297351
0.31708067228038
0.118681622649907
0.57410926684726
0.307209110502833
0.118720360819677
0.593508319580322
0.287771319600001
0.118762431691497
0.654470743364633
0.226766824943871
0.118807239545273
0.881192760454727
0
0.118842027770456
0.881157972229544
0
0.118592291560558
0.586041615382563
0.295366093056879
0.118600064632314
0.594336161730557
0.287063773637129
0.118615518865586
0.603679818878672
0.277704662255742
0.118638715766189
0.613366132644974
0.267995151588836
0.118670389796564
0.622823002728807
0.258506607474629
0.11871131897645
0.63361060516528
0.24767807585827
0.118762431691497
0.654470743364633
0.226766824943871
0.118824160682025
0.756239029818533
0.124936809499442
0.118897117825827
0.881102882174173
0
0.118957939946073
0.881042060053927
0
0.11860489004304
0.77405969247434
0.10733541748262
0.11861329789583
0.818841198882162
0.0625455032220076
0.118629729334227
0.861179400183893
0.0201908704818801
0.118654573953543
0.881345426046457
0
0.118690807147753
0.881309192852247
0
0.11874044739911
0.88125955260089
0
0.118807239545273
0.881192760454727
0
0.118897117825827
0.881102882174173
0
0.119014028510103
0.880985971489898
0
0.119134299505245
0.880865700494755
0
0.118613978625012
0.881386021374988
0
0.118622358692621
0.881377641307379
0
0.118639662894786
0.881360337105213
0
0.118666909090134
0.881333090909866
0
0.118706676679427
0.881293323320573
0
0.118762704680197
0.881237295319803
0
0.118842027770456
0.881157972229544
0
0.118957939946073
0.881042060053927
0
0.119134299505245
0.880865700494755
0
0.119422180151318
0.880577819848682
0
0.118320634129609
0.457929326289152
0.423750039581239
0.118383634060364
0.530898878303081
0.350717487636555
0.118429169434274
0.881570830565726
0
0.118475409260114
0.881524590739886
0
0.118520727594247
0.881479272405753
0
0.118553386491843
0.881446613508157
0
0.118576398607983
0.881423601392017
0
0.118592691084997
0.881407308915003
0
0.118605046522508
0.881394953477492
0
0.118613884971982
0.881386115028018
0
0.118383634060364
0.530898878303086
0.35071748763655
0.118413041917884
0.832622900609333
0.0489640574727832
0.118448825100764
0.881551174899236
0
0.118493502254548
0.881506497745452
0
0.118532288632388
0.881467711367612
0
0.118561918946006
0.881438081053994
0
0.11858407443948
0.88141592556052
0
0.11860043744994
0.88139956255006
0
0.118613440880176
0.881386559119824
0
0.118622264051141
0.881377735948859
0
0.118429169434274
0.881570830565726
0
0.118448825100764
0.881551174899236
0
0.118483232651217
0.881516767348783
0
0.118519213075495
0.881480786924505
0
0.118551044028168
0.881448955971832
0
0.118577592469897
0.881422407530103
0
0.118599043483244
0.881400956516756
0
0.11861587140091
0.88138412859909
0
0.118629869557801
0.881370130442199
0
0.118639568596669
0.881360431403331
0
0.118475409260114
0.881524590739886
0
0.118493502254548
0.881506497745452
0
0.118519213075495
0.881480786924505
0
0.118546929563026
0.881453070436975
0
0.118573928745643
0.881426071254357
0
0.118598822946998
0.881401177053001
0
0.11862071112711
0.88137928887289
0
0.118639060767617
0.881360939232383
0
0.118654724090839
0.881345275909161
0
0.118666818332509
0.881333181667491
0
0.118520727594247
0.881479272405753
0
0.118532288632388
0.881467711367612
0
0.118551044028169
0.881448955971831
0
0.118573928745643
0.881426071254357
0
0.118598859638376
0.881401140361624
0
0.11862422748596
0.88137577251404
0
0.118648591733572
0.881351408266428
0
0.118670742455294
0.881329257544706
0
0.118690938635521
0.881309061364479
0
0.118706592619263
0.881293407380737
0
0.118553386491843
0.881446613508157
0
0.118561918946006
0.881438081053994
0
0.118577592469897
0.881422407530103
0
0.118598822946998
0.881401177053002
0
0.11862422748596
0.88137577251404
0
0.118652481861196
0.881347518138804
0
0.11868214817285
0.88131785182715
0
0.118711687458
0.881288312542
0
0.11874057404821
0.88125942595179
0
0.118762633899353
0.881237366100647
0
0.118576398607983
0.881423601392017
0
0.11858407443948
0.88141592556052
0
0.118599043483244
0.881400956516756
0
0.11862071112711
0.88137928887289
0
0.118648591733572
0.881351408266428
0
0.11868214817285
0.88131785182715
0
0.118720836092238
0.881279163907762
0
0.118762797572849
0.881237202427151
0
0.118807353721649
0.881192646278351
0
0.118841975859817
0.881158024140183
0
0.118592691084997
0.881407308915003
0
0.11860043744994
0.88139956255006
0
0.118615871400909
0.881384128599091
0
0.118639060767618
0.881360939232382
0
0.118670742455294
0.881329257544706
0
0.118711687458
0.881288312542
0
0.118762797572849
0.881237202427151
0
0.118824425136895
0.881175574863105
0
0.118897185695286
0.881102814304714
0
0.118957898023452
0.881042101976548
0
0.118605046522508
0.881394953477492
0
0.118613440880176
0.881386559119824
0
0.118629869557801
0.881370130442199
0
0.118654724090839
0.881345275909161
0
0.118690938635521
0.881309061364479
0
0.11874057404821
0.88125942595179
0
0.118807353721649
0.881192646278351
0
0.118897185695286
0.881102814304714
0
0.119014051022381
0.880985948977619
0
0.11913430441911
0.88086569558089
0
0.118613884971982
0.881386115028018
0
0.118622264051141
0.881377735948859
0
0.118639568596669
0.881360431403331
0
0.118666818332509
0.881333181667491
0
0.118706592619263
0.881293407380737
0
0.118762633899353
0.881237366100647
0
0.118841975859817
0.881158024140183
0
0.118957898023452
0.881042101976548
0
0.11913430441911
0.88086569558089
0
0.119425239529862
0.880574760470138
0
0.118324136942413
0.582674416778192
0.299001446279396
0.118385994136344
0.688673257863076
0.19294074800058
0.118429997994973
0.878899518539388
0.00267048346563918
0.118475232134592
0.881524767865408
0
0.118520514084763
0.881479485915238
0
0.11855320743051
0.88144679256949
0
0.118576243410541
0.881423756589459
0
0.118592561135908
0.881407438864092
0
0.118604915891428
0.881395084108572
0
0.11861369567445
0.88138630432555
0
0.118385994136344
0.688673257863078
0.192940748000578
0.118413891177004
0.84101607854327
0.0405700302797258
0.118448713612437
0.881551286387563
0
0.118493291418717
0.881506708581283
0
0.118532095745649
0.881467904254351
0
0.118561750236803
0.881438249763197
0
0.118583924929517
0.881416075070483
0
0.118600312364545
0.881399687635455
0
0.118613300761206
0.881386699238795
0
0.118622081683873
0.881377918316127
0
0.118429997994973
0.878899518539388
0.00267048346563857
0.118448713612437
0.881551286387563
0
0.118483024887004
0.881516975112996
0
0.118519013707056
0.881480986292944
0
0.118550866148105
0.881449133851895
0
0.118577433293097
0.881422566706903
0
0.118598901047612
0.881401098952388
0
0.118615753345082
0.881384246654918
0
0.118629734356391
0.881370265643609
0
0.118639391232262
0.881360608767738
0
0.118475232134592
0.881524767865408
0
0.118493291418717
0.881506708581283
0
0.118519013707056
0.881480986292944
0
0.118546748463072
0.881453251536928
0
0.118573764552892
0.881426235447108
0
0.118598672968181
0.881401327031819
0
0.118620577114542
0.881379422885458
0
0.118638954434099
0.881361045565901
0
0.118654628126729
0.881345371873271
0
0.11866664889589
0.88133335110411
0
0.118520514084762
0.881479485915238
0
0.118532095745649
0.881467904254351
0
0.118550866148105
0.881449133851895
0
0.118573764552892
0.881426235447108
0
0.11859870716844
0.88140129283156
0
0.118624087210407
0.881375912789593
0
0.118648469031319
0.881351530968681
0
0.118670655415401
0.881329344584599
0
0.118690860599556
0.881309139400444
0
0.118706433679367
0.881293566320633
0
0.11855320743051
0.88144679256949
0
0.118561750236803
0.881438249763197
0
0.118577433293097
0.881422566706903
0
0.118598672968181
0.881401327031819
0
0.118624087210407
0.881375912789593
0
0.118652354663241
0.881347645336759
0
0.118682044784621
0.881317955215379
0
0.11871162880828
0.881288371191721
0
0.118740520583552
0.881259479416448
0
0.11876249340834
0.88123750659166
0
0.11857624341054
0.881423756589459
0
0.118583924929517
0.881416075070483
0
0.118598901047612
0.881401098952388
0
0.118620577114542
0.881379422885458
0
0.118648469031319
0.881351530968681
0
0.118682044784621
0.881317955215379
0
0.118720753631068
0.881279246368932
0
0.11876278286948
0.88123721713052
0
0.118807342042475
0.881192657957525
0
0.118841859954079
0.881158140045921
0
0.118592561135908
0.881407438864092
0
0.118600312364545
0.881399687635455
0
0.118615753345082
0.881384246654918
0
0.118638954434099
0.881361045565901
0
0.118670655415401
0.881329344584599
0
0.11871162880828
0.88128837119172
0
0.11876278286948
0.88123721713052
0
0.118824509215943
0.881175490784057
0
0.118897211858178
0.881102788141822
0
0.118957787893704
0.881042212106296
0
0.118604915891428
0.881395084108572
0
0.118613300761205
0.881386699238795
0
0.118629734356391
0.881370265643609
0
0.118654628126729
0.881345371873271
0
0.118690860599556
0.881309139400444
0
0.118740520583552
0.881259479416448
0
0.118807342042475
0.881192657957525
0
0.118897211858178
0.881102788141822
0
0.119014027398514
0.880985972601486
0
0.119134249657315
0.880865750342685
0
0.11861369567445
0.881386304325551
0
0.118622081683873
0.881377918316127
0
0.118639391232262
0.881360608767738
0
0.11866664889589
0.88133335110411
0
0.118706433679367
0.881293566320633
0
0.11876249340834
0.88123750659166
0
0.118841859954079
0.881158140045921
0
0.118957787893704
0.881042212106296
0
0.119134249657315
0.880865750342685
0
0.119431649689236
0.880568350310764
0
