0.118311575162438
0.395449349696947
0.486239075140615
0.118374891047819
0.417617461416697
0.464007647535483
0.11842113208469
0.478524117510892
0.403054750404418
0.118468498464045
0.527874165350201
0.353657336185754
0.118514305943684
0.524727168423738
0.356758525632578
0.118547138692093
0.524005287158247
0.35744757414966
0.118570185027496
0.54032251053121
0.341107304441294
0.118586494007871
0.585214961826048
0.29619854416608
0.118599037505396
0.771092598610617
0.110308363883987
0.118608121241219
0.881391878758781
0
0.118374891047819
0.417617461416694
0.464007647535486
0.11840462085956
0.457443583185784
0.424151795954656
0.118441795110783
0.514882051876572
0.366676153012645
0.11848681454802
0.523796436127046
0.357716749324934
0.118525899987074
0.520087953995412
0.361386146017514
0.118555640291724
0.524915878885412
0.356528480822864
0.118577837283669
0.544422128427456
0.337000034288876
0.118594241064376
0.593345865261013
0.288059893674611
0.118607391132238
0.81528690008141
0.0661057087863524
0.118616429210074
0.881383570789926
0
0.11842113208469
0.478524117510887
0.403054750404423
0.118441795110783
0.514882051876571
0.366676153012646
0.118476469402461
0.523130200477091
0.358393330120447
0.118512725080588
0.519445649113698
0.362041625805715
0.118544700271437
0.51932337883033
0.362131920898233
0.118571304135672
0.52837062834728
0.353058067517049
0.118592768335229
0.549865583168922
0.331541648495848
0.118609633813384
0.602486969334661
0.278903396851955
0.118623728979157
0.857256446183058
0.024119824837785
0.118633565749868
0.881366434250132
0
0.118468498464045
0.527874165350195
0.35365733618576
0.11848681454802
0.523796436127042
0.357716749324937
0.118512725080588
0.519445649113698
0.362041625805715
0.118540561672835
0.518011056290034
0.363448382037131
0.11856760869297
0.522580041921059
0.358852349385972
0.118592509684666
0.534137502635865
0.347269987679469
0.118614356451712
0.55624549409174
0.325140149456548
0.118632701718376
0.611897281744538
0.269470016537086
0.118648323318791
0.881351676681209
0
0.118660529119462
0.881339470880538
0
0.118514305943684
0.524727168423735
0.356758525632581
0.118525899987074
0.520087953995411
0.361386146017515
0.118544700271437
0.519323378830331
0.362131920898232
0.11856760869297
0.522580041921058
0.358852349385972
0.118592531977042
0.529952682070951
0.351454785952007
0.118617849080563
0.542071003782231
0.339311147137206
0.118642098229362
0.563501998182032
0.317855903588606
0.118664179057942
0.62093580403632
0.260400016905738
0.118684215054873
0.881315784945127
0
0.118699913828244
0.881300086171756
0
0.118547138692093
0.524005287158245
0.357447574149662
0.118555640291724
0.52491587888541
0.356528480822866
0.118571304135672
0.52837062834728
0.353058067517048
0.118592509684666
0.534137502635864
0.34726998767947
0.118617849080563
0.54207100378223
0.339311147137206
0.118645979270243
0.553217359106913
0.328136661622843
0.118675427437444
0.573078863031276
0.30824570953128
0.118704807617163
0.630998309919527
0.25029688246331
0.118733426368103
0.881266573631897
0
0.118755457904704
0.881244542095296
0
0.118570185027496
0.540322510531209
0.341107304441295
0.118577837283669
0.544422128427457
0.337000034288875
0.118592768335229
0.549865583168923
0.331541648495848
0.118614356451712
0.556245494091742
0.325140149456546
0.118642098229361
0.563501998182032
0.317855903588606
0.118675427437444
0.573078863031276
0.30824570953128
0.118713866693481
0.591858588964579
0.28942754434194
0.118755648994781
0.650283588142858
0.23096076286236
0.118799676921419
0.881200323078581
0
0.118834217180463
0.881165782819537
0
0.118586494007871
0.585214961826049
0.29619854416608
0.118594241064376
0.593345865261013
0.28805989367461
0.118609633813384
0.602486969334662
0.278903396851954
0.118632701718376
0.611897281744539
0.269470016537085
0.118664179057942
0.620935804036321
0.260400016905737
0.118704807617164
0.630998309919528
0.250296882463308
0.118755648994782
0.650283588142858
0.23096076286236
0.118816802607138
0.742250267196102
0.13893293019676
0.118888988050029
0.881111011949971
0
0.118949645189208
0.881050354810792
0
0.118599037505396
0.771092598610617
0.110308363883987
0.118607391132238
0.815286900081411
0.0661057087863511
0.118623728979157
0.85725644618306
0.0241198248377835
0.118648323318791
0.881351676681209
0
0.118684215054873
0.881315784945127
0
0.118733426368103
0.881266573631897
0
0.118799676921419
0.881200323078581
0
0.118888988050029
0.881111011949971
0
0.119005356994672
0.880994643005328
0
0.11912578413698
0.88087421586302
0
0.118608121241219
0.881391878758781
0
0.118616429210074
0.881383570789926
0
0.118633565749868
0.881366434250132
0
0.118660529119462
0.881339470880538
0
0.118699913828244
0.881300086171756
0
0.118755457904704
0.881244542095296
0
0.118834217180463
0.881165782819537
0
0.118949645189208
0.881050354810792
0
0.11912578413698
0.88087421586302
0
0.119413768792934
0.880586231207066
0
0.11831372383804
0.45781721857049
0.42386905759147
0.118376711705112
0.530276514692304
0.351346773602585
0.118422253017342
0.881577746982658
0
0.11846862353355
0.88153137646645
0
0.118514434125917
0.881485565874083
0
0.118547445092678
0.881452554907322
0
0.118570594869092
0.881429405130908
0
0.118586901651651
0.881413098348349
0
0.118599195670584
0.881400804329416
0
0.118608027452156
0.881391972547844
0
0.118376711705112
0.530276514692309
0.351346773602579
0.118406213363919
0.829535984437898
0.0520578021981831
0.118441987962726
0.881558012037274
0
0.118486947433384
0.881513052566616
0
0.118526135789892
0.881473864210108
0
0.118556016703781
0.881443983296219
0
0.118578266402997
0.881421733597003
0
0.118594620418446
0.881405379581554
0
0.118607535522833
0.881392464477167
0
0.118616334233301
0.881383665766699
0
0.118422253017342
0.881577746982658
0
0.118441987962726
0.881558012037274
0
0.118476626906589
0.881523373093411
0
0.118512934970684
0.881487065029317
0
0.118545036457369
0.881454963542631
0
0.118571726729602
0.881428273270398
0
0.118593211389103
0.881406788610897
0
0.118609991096451
0.881390008903549
0
0.118623869527049
0.881376130472951
0
0.118633471261071
0.881366528738929
0
0.11846862353355
0.88153137646645
0
0.118486947433384
0.881513052566616
0
0.118512934970684
0.881487065029316
0
0.118540880732493
0.881459119267507
0
0.118568018173235
0.881431981826765
0
0.118592957650762
0.881407042349238
0
0.118614813236066
0.881385186763934
0
0.118633049880259
0.881366950119742
0
0.118648480284994
0.881351519715006
0
0.118660438421538
0.881339561578462
0
0.118514434125917
0.881485565874083
0
0.118526135789892
0.881473864210108
0
0.118545036457369
0.881454963542631
0
0.118568018173235
0.881431981826765
0
0.118592979602604
0.881407020397396
0
0.118618311491854
0.881381688508146
0
0.118642576061482
0.881357423938518
0
0.118664533233988
0.881335466766012
0
0.118684354279797
0.881315645720203
0
0.118699829992193
0.881300170007807
0
0.118547445092678
0.881452554907322
0
0.118556016703781
0.881443983296219
0
0.118571726729602
0.881428273270398
0
0.118592957650762
0.881407042349238
0
0.118618311491854
0.881381688508146
0
0.118646458224012
0.881353541775988
0
0.118675949261877
0.881324050738123
0
0.118705182898996
0.881294817101003
0
0.11873356236116
0.88126643763884
0
0.118755387834247
0.881244612165753
0
0.118570594869092
0.881429405130908
0
0.118578266402997
0.881421733597003
0
0.118593211389103
0.881406788610897
0
0.118614813236066
0.881385186763934
0
0.118642576061482
0.881357423938518
0
0.118675949261877
0.881324050738123
0
0.118714352470447
0.881285647529553
0
0.118756015773867
0.881243984226133
0
0.118799803015075
0.881200196984925
0
0.118834167244224
0.881165832755776
0
0.118586901651651
0.881413098348349
0
0.118594620418446
0.881405379581554
0
0.11860999109645
0.88139000890355
0
0.118633049880259
0.881366950119741
0
0.118664533233988
0.881335466766012
0
0.118705182898996
0.881294817101003
0
0.118756015773867
0.881243984226133
0
0.118817078596856
0.881182921403144
0
0.118889064242615
0.881110935757385
0
0.118949606059342
0.881050393940658
0
0.118599195670584
0.881400804329416
0
0.118607535522833
0.881392464477167
0
0.118623869527049
0.881376130472951
0
0.118648480284994
0.881351519715006
0
0.118684354279797
0.881315645720203
0
0.11873356236116
0.88126643763884
0
0.118799803015075
0.881200196984925
0
0.118889064242615
0.881110935757385
0
0.119005388444795
0.880994611555205
0
0.11912579032107
0.88087420967893
0
0.118608027452156
0.881391972547844
0
0.118616334233301
0.881383665766699
0
0.118633471261071
0.881366528738929
0
0.118660438421538
0.881339561578462
0
0.118699829992193
0.881300170007807
0
0.118755387834247
0.881244612165753
0
0.118834167244224
0.881165832755776
0
0.118949606059342
0.881050393940658
0
0.11912579032107
0.88087420967893
0
0.11941682964645
0.88058317035355
0
0.118317220554753
0.582593536344858
0.299089243100389
0.118379068094356
0.688243231504092
0.193377700401552
0.118423097766661
0.877291453455982
0.00428544877735713
0.118468447487441
0.881531552512559
0
0.118514219626349
0.881485780373651
0
0.118547265458163
0.881452734541837
0
0.118570439410642
0.881429560589358
0
0.118586771246599
0.881413228753401
0
0.118599065096329
0.881400934903671
0
0.118607837045232
0.881392162954768
0
0.118379068094356
0.688243231504093
0.193377700401551
0.118407070784197
0.839580860800933
0.0420120684148699
0.118441877038679
0.881558122961321
0
0.118486735944503
0.881513264055497
0
0.11852594244272
0.88147405755728
0
0.118555847773391
0.881444152226609
0
0.118578116625998
0.881421883374002
0
0.118594494685333
0.881405505314667
0
0.118607395548875
0.881392604451125
0
0.118616150638797
0.881383849361203
0
0.118423097766661
0.877291453455983
0.00428544877735638
0.118441877038679
0.881558122961321
0
0.118476418786485
0.881523581213515
0
0.118512735448621
0.881487264551379
0
0.118544858414112
0.881455141585888
0
0.118571567411707
0.881428432588293
0
0.118593068511392
0.881406931488608
0
0.118609871982052
0.881390128017948
0
0.118623732863118
0.881376267136882
0
0.118633293055759
0.881366706944241
0
0.118468447487441
0.881531552512559
0
0.118486735944503
0.881513264055497
0
0.118512735448621
0.881487264551379
0
0.118540699512005
0.881459300487995
0
0.118567853890662
0.881432146109338
0
0.118592807403616
0.881407192596384
0
0.118614678427189
0.881385321572811
0
0.118632941834841
0.881367058165159
0
0.118648384043899
0.881351615956101
0
0.118660268551104
0.881339731448896
0
0.118514219626349
0.881485780373651
0
0.11852594244272
0.88147405755728
0
0.118544858414112
0.881455141585888
0
0.118567853890662
0.881432146109338
0
0.118592826909148
0.881407173090852
0
0.1186181706307
0.8813818293693
0
0.118642451955374
0.881357548044626
0
0.118664443352852
0.881335556647148
0
0.118684276727346
0.881315723272654
0
0.118699670876669
0.881300329123331
0
0.118547265458163
0.881452734541837
0
0.118555847773391
0.881444152226609
0
0.118571567411707
0.881428432588293
0
0.118592807403616
0.881407192596384
0
0.1186181706307
0.8813818293693
0
0.118646329860842
0.881353670139158
0
0.118675843425492
0.881324156574508
0
0.118705121836693
0.881294878163308
0
0.118733509692547
0.881266490307453
0
0.118755247849488
0.881244752150512
0
0.118570439410641
0.881429560589359
0
0.118578116625998
0.881421883374002
0
0.118593068511392
0.881406931488608
0
0.118614678427189
0.881385321572811
0
0.118642451955374
0.881357548044626
0
0.118675843425492
0.881324156574508
0
0.118714268866376
0.881285731133624
0
0.118755992823526
0.881244007176474
0
0.118799795045358
0.881200204954642
0
0.118834053724575
0.881165946275425
0
0.118586771246599
0.881413228753401
0
0.118594494685333
0.881405505314667
0
0.118609871982052
0.881390128017948
0
0.118632941834841
0.881367058165159
0
0.118664443352852
0.881335556647148
0
0.118705121836693
0.881294878163307
0
0.118755992823526
0.881244007176474
0
0.118817155537943
0.881182844462057
0
0.118889096393825
0.881110903606175
0
0.118949499653083
0.881050500346917
0
0.118599065096329
0.881400934903671
0
0.118607395548875
0.881392604451125
0
0.118623732863118
0.881376267136882
0
0.118648384043899
0.881351615956101
0
0.118684276727347
0.881315723272654
0
0.118733509692547
0.881266490307453
0
0.118799795045358
0.881200204954642
0
0.118889096393825
0.881110903606175
0
0.119005377908361
0.880994622091639
0
0.119125737055526
0.880874262944474
0
0.118607837045232
0.881392162954768
0
0.118616150638797
0.881383849361203
0
0.118633293055759
0.881366706944241
0
0.118660268551105
0.881339731448896
0
0.118699670876669
0.881300329123331
0
0.118755247849488
0.881244752150512
0
0.118834053724575
0.881165946275425
0
0.118949499653083
0.881050500346917
0
0.119125737055526
0.880874262944474
0
0.119423243681564
0.880576756318436
0
