0.118312385177186
0.394254378097466
0.487433236725348
0.118374461911348
0.415666307322281
0.465959230766371
0.118419621363567
0.47104947631709
0.410530902319344
0.118463188301183
0.537447884257776
0.344088927441041
0.118509802183137
0.53315623367193
0.348333964144933
0.118542863004064
0.528553302042112
0.352903834953824
0.118565664952152
0.542247967112291
0.339186367935557
0.11858167910511
0.585149083338879
0.296269237556011
0.118593868194216
0.766218987065223
0.115187144740562
0.118602501191299
0.881397498808701
0
0.118374461911348
0.415666307322279
0.465959230766373
0.118403118953524
0.452750206894898
0.428846674151577
0.118437939156003
0.521010547415649
0.360551513428348
0.118482409533912
0.531348038087482
0.350169552378606
0.118521636936669
0.5260418185355
0.355436544527831
0.118551328514232
0.528287744621098
0.35316092686467
0.118573322263905
0.545821141619978
0.335605536116117
0.118589555930413
0.592767509607939
0.288642934461647
0.118602531198554
0.809051028144136
0.0723464406573099
0.118611028040338
0.881388971959662
0
0.118419621363567
0.471049476317088
0.410530902319345
0.118437939156003
0.521010547415649
0.360551513428348
0.118472405562621
0.529857135254044
0.351670459183335
0.11850853420586
0.525862581919037
0.355628883875102
0.118540454383694
0.523712096187474
0.357747449428832
0.118566903842036
0.530826611488813
0.350606484669151
0.118588266904374
0.550785750912499
0.330625982183127
0.118605282688756
0.601294657693203
0.280100059618041
0.118619834536669
0.849677037128602
0.0317031283347285
0.118628619077191
0.881371380922809
0
0.118463188301183
0.537447884257774
0.344088927441043
0.118482409533912
0.531348038087482
0.350169552378606
0.11850853420586
0.525862581919035
0.355628883875104
0.118536334662731
0.522754346996188
0.358709318341081
0.11856319774447
0.525635357829361
0.355801444426169
0.118587907856944
0.535829988583427
0.345582103559629
0.11860977459465
0.556722380845785
0.324667844559565
0.118628800702506
0.609966385964599
0.271404813332895
0.11864753953621
0.877909224966436
0.00344323549735364
0.118656066894768
0.881343933105232
0
0.118509802183137
0.533156233671928
0.348333964144935
0.118521636936669
0.526041818535499
0.355436544527832
0.118540454383694
0.523712096187473
0.357747449428833
0.11856319774447
0.52563535782936
0.35580144442617
0.11858784684787
0.531909954732023
0.349502198420108
0.118612884506901
0.543114719571823
0.338272395921276
0.118636956933917
0.563515949678908
0.317847093387175
0.118659138029315
0.618110464143408
0.263230397827277
0.118679381787406
0.881320618212594
0
0.118693313271795
0.881306686728206
0
0.118542863004064
0.528553302042109
0.352903834953827
0.118551328514232
0.528287744621097
0.353160926864671
0.118566903842036
0.530826611488813
0.350606484669152
0.118587907856944
0.535829988583424
0.345582103559632
0.118612884506901
0.543114719571821
0.338272395921278
0.118640606530179
0.553611542242272
0.327747851227549
0.118669645922962
0.572427621021268
0.308902733055771
0.11869856517375
0.62661550034358
0.254685934482671
0.118726105722651
0.881273894277349
0
0.118746731335369
0.881253268664631
0
0.118565664952152
0.542247967112289
0.339186367935559
0.118573322263905
0.545821141619977
0.335605536116118
0.118588266904374
0.550785750912499
0.330625982183127
0.11860977459465
0.556722380845782
0.324667844559567
0.118636956933917
0.563515949678906
0.317847093387177
0.118669645922962
0.572427621021267
0.308902733055771
0.118707243788442
0.58971817198536
0.291574584226198
0.11874810125188
0.642331781175287
0.238920117572833
0.118790215695736
0.881209784304264
0
0.11882382836624
0.88117617163376
0
0.11858167910511
0.585149083338877
0.296269237556012
0.118589555930413
0.592767509607937
0.288642934461649
0.118605282688755
0.601294657693204
0.28010005961804
0.118628800702506
0.609966385964598
0.271404813332896
0.118659138029315
0.618110464143407
0.263230397827278
0.11869856517375
0.62661550034358
0.254685934482671
0.118748101251881
0.642331781175286
0.238920117572833
0.118807644974684
0.713953192414142
0.167239162611174
0.118877384103777
0.881122615896224
0
0.118938922874873
0.881061077125127
0
0.118593868194216
0.76621898706522
0.115187144740564
0.118602531198554
0.809051028144133
0.0723464406573133
0.118619834536669
0.849677037128601
0.0317031283347301
0.11864753953621
0.877909224966435
0.00344323549735467
0.118679381787406
0.881320618212594
0
0.118726105722651
0.881273894277349
0
0.118790215695736
0.881209784304264
0
0.118877384103776
0.881122615896224
0
0.118993890170873
0.881006109829127
0
0.119116940535604
0.880883059464396
0
0.118602501191299
0.881397498808701
0
0.118611028040338
0.881388971959662
0
0.118628619077191
0.881371380922809
0
0.118656066894768
0.881343933105232
0
0.118693313271794
0.881306686728206
0
0.118746731335369
0.881253268664631
0
0.11882382836624
0.88117617163376
0
0.118938922874873
0.881061077125127
0
0.119116940535604
0.880883059464396
0
0.11940904119406
0.88059095880594
0
0.118314534716268
0.45522931551263
0.426456149771102
0.11837628945169
0.52622661920751
0.3553970913408
0.118420907180762
0.873776055302713
0.0078030375165251
0.118463405267684
0.881536594732316
0
0.118509927677835
0.881490072322165
0
0.118543079310677
0.881456920689323
0
0.118566004912823
0.881433995087177
0
0.118582044387146
0.881417955612854
0
0.118594022328389
0.881405977671611
0
0.11860240714735
0.88139759285265
0
0.11837628945169
0.526226619207515
0.355397091340795
0.118404679336886
0.828166024375829
0.053429296287286
0.118438271554174
0.881561728445826
0
0.118482571200757
0.881517428799243
0
0.118521809865694
0.881478190134306
0
0.118551618325544
0.881448381674456
0
0.118573685105153
0.881426314894847
0
0.118589899965858
0.881410100034142
0
0.118602671852507
0.881397328147493
0
0.118610932136444
0.881389067863556
0
0.118420907180762
0.873776055302725
0.00780303751651391
0.118438271554174
0.881561728445826
0
0.118472608566789
0.881527391433211
0
0.118508705538075
0.881491294461925
0
0.118540701023027
0.881459298976973
0
0.118567242252674
0.881432757747326
0
0.118588646822091
0.881411353177909
0
0.118605609336142
0.881394390663857
0
0.118619969531731
0.881380030468269
0
0.118628522453275
0.881371477546725
0
0.118463405267684
0.881536594732316
0
0.118482571200757
0.881517428799243
0
0.118508705538075
0.881491294461925
0
0.118536565928121
0.881463434071879
0
0.11856351690866
0.88143648309134
0
0.118588280804116
0.881411719195884
0
0.118610171297098
0.881389828702902
0
0.118629118634419
0.881370881365581
0
0.118647630037749
0.881352369962251
0
0.118655968953378
0.881344031046622
0
0.118509927677835
0.881490072322165
0
0.118521809865694
0.881478190134306
0
0.118540701023027
0.881459298976973
0
0.11856351690866
0.88143648309134
0
0.1185882170667
0.8814117829333
0
0.118613283225561
0.881386716774439
0
0.11863738124012
0.88136261875988
0
0.118659465670058
0.881340534329942
0
0.118679522654801
0.881320477345199
0
0.11869323207603
0.88130676792397
0
0.118543079310677
0.881456920689323
0
0.118551618325544
0.881448381674456
0
0.118567242252674
0.881432757747326
0
0.118588280804116
0.881411719195884
0
0.118613283225561
0.881386716774439
0
0.118641030763816
0.881358969236184
0
0.118670115556104
0.881329884443896
0
0.118698914786229
0.881301085213771
0
0.118726253831382
0.881273746168618
0
0.118746669281954
0.881253330718046
0
0.118566004912823
0.881433995087177
0
0.118573685105153
0.881426314894847
0
0.118588646822091
0.881411353177909
0
0.118610171297098
0.881389828702902
0
0.11863738124012
0.88136261875988
0
0.118670115556104
0.881329884443896
0
0.11870770479436
0.88129229520564
0
0.118748458035368
0.881251541964632
0
0.118790366358332
0.881209633641668
0
0.118823792233985
0.881176207766015
0
0.118582044387146
0.881417955612854
0
0.118589899965858
0.881410100034142
0
0.118605609336142
0.881394390663857
0
0.118629118634419
0.881370881365581
0
0.118659465670058
0.881340534329942
0
0.118698914786229
0.881301085213771
0
0.118748458035368
0.881251541964632
0
0.118807944486665
0.881192055513335
0
0.118877504090079
0.881122495909921
0
0.118938895030859
0.881061104969141
0
0.118594022328389
0.881405977671612
0
0.118602671852507
0.881397328147493
0
0.118619969531731
0.881380030468269
0
0.118647630037749
0.881352369962251
0
0.118679522654801
0.881320477345199
0
0.118726253831381
0.881273746168619
0
0.118790366358332
0.881209633641668
0
0.118877504090079
0.881122495909921
0
0.118993956540628
0.881006043459372
0
0.119116951588693
0.880883048411307
0
0.11860240714735
0.88139759285265
0
0.118610932136444
0.881389067863556
0
0.118628522453275
0.881371477546725
0
0.118655968953378
0.881344031046622
0
0.11869323207603
0.88130676792397
0
0.118746669281954
0.881253330718046
0
0.118823792233985
0.881176207766015
0
0.118938895030859
0.881061104969141
0
0.119116951588693
0.880883048411307
0
0.119412133017272
0.880587866982729
0
0.118318022011027
0.580970539748953
0.30071143824002
0.118378666648175
0.686110449129239
0.195510884222586
0.118421675096412
0.876713040412809
0.0048652844907792
0.118463268004295
0.881536731995705
0
0.118509708262009
0.881490291737991
0
0.118542890161129
0.88145710983887
0
0.118565842472742
0.881434157527258
0
0.118581908253588
0.881418091746412
0
0.118593887098213
0.881406112901787
0
0.118602217078731
0.881397782921269
0
0.118378666648175
0.686110449129241
0.195510884222584
0.118405525185103
0.839508902445957
0.0420855723689397
0.118438175241296
0.881561824758704
0
0.118482362962175
0.881517637037825
0
0.118521609415404
0.881478390584596
0
0.118551441312517
0.881448558687483
0
0.118573528786805
0.881426471213195
0
0.118589768763299
0.881410231236701
0
0.118602526436388
0.881397473563613
0
0.118610748494127
0.881389251505873
0
0.118421675096412
0.876713040412811
0.00486528449077788
0.118438175241296
0.881561824758704
0
0.118472405784138
0.881527594215862
0
0.118508501828273
0.881491498171727
0
0.118540514855614
0.881459485144386
0
0.118567075531571
0.881432924468429
0
0.118588497910209
0.881411502089791
0
0.11860548495008
0.88139451504992
0
0.118619824358249
0.881380175641751
0
0.118628343743957
0.881371656256043
0
0.118463268004295
0.881536731995705
0
0.118482362962175
0.881517637037825
0
0.118508501828273
0.881491498171727
0
0.118536376696007
0.881463623303993
0
0.118563345028837
0.881436654971163
0
0.118588123968653
0.881411876031348
0
0.118610030340298
0.881389969659702
0
0.118629004853565
0.881370995146435
0
0.118647377747738
0.881352622252262
0
0.118655791733022
0.881344208266978
0
0.118509708262009
0.881490291737991
0
0.118521609415404
0.881478390584596
0
0.118540514855614
0.881459485144386
0
0.118563345028837
0.881436654971163
0
0.118588057648897
0.881411942351103
0
0.118613136460736
0.881386863539264
0
0.118637252441974
0.881362747558026
0
0.118659367752333
0.881340632247667
0
0.118679426131603
0.881320573868397
0
0.118693079732119
0.881306920267881
0
0.11854289016113
0.881457109838871
0
0.118551441312517
0.881448558687483
0
0.118567075531571
0.881432924468429
0
0.118588123968653
0.881411876031348
0
0.118613136460736
0.881386863539264
0
0.118640896659461
0.881359103340539
0
0.118670002716485
0.881329997283515
0
0.118698841992926
0.881301158007074
0
0.118726195076508
0.881273804923492
0
0.118746542376799
0.881253457623201
0
0.118565842472742
0.881434157527258
0
0.118573528786805
0.881426471213195
0
0.118588497910209
0.881411502089791
0
0.118610030340298
0.881389969659702
0
0.118637252441974
0.881362747558026
0
0.118670002716485
0.881329997283515
0
0.118707615719626
0.881292384280374
0
0.118748421024688
0.881251578975312
0
0.118790365593217
0.881209634406783
0
0.118823699289388
0.881176300710612
0
0.118581908253588
0.881418091746412
0
0.118589768763299
0.881410231236701
0
0.11860548495008
0.88139451504992
0
0.118629004853565
0.881370995146435
0
0.118659367752333
0.881340632247667
0
0.118698841992926
0.881301158007074
0
0.118748421024688
0.881251578975312
0
0.118808005952529
0.881191994047471
0
0.118877590078801
0.881122409921199
0
0.118938804407717
0.881061195592283
0
0.118593887098213
0.881406112901787
0
0.118602526436387
0.881397473563613
0
0.118619824358249
0.881380175641751
0
0.118647377747738
0.881352622252262
0
0.118679426131603
0.881320573868397
0
0.118726195076508
0.881273804923492
0
0.118790365593217
0.881209634406783
0
0.118877590078801
0.881122409921199
0
0.118993998483732
0.881006001516268
0
0.119116904053131
0.880883095946869
0
0.118602217078731
0.881397782921269
0
0.118610748494127
0.881389251505874
0
0.118628343743957
0.881371656256043
0
0.118655791733022
0.881344208266978
0
0.118693079732118
0.881306920267882
0
0.118746542376799
0.881253457623201
0
0.118823699289388
0.881176300710612
0
0.118938804407717
0.881061195592283
0
0.119116904053131
0.880883095946869
0
0.119418611607674
0.880581388392326
0
