0.118304851325214
0.39429934258445
0.487395806090336
0.118366981071108
0.415567553612497
0.466065465316395
0.118412333151661
0.470425029797552
0.411162637050788
0.118456182718915
0.537120380585016
0.344423436696069
0.118503509311128
0.533736916064027
0.347759574624845
0.118537231281052
0.528740860640899
0.352721908078049
0.118560354037925
0.541976810791874
0.3394628351702
0.118576478194257
0.584370435151734
0.297053086654009
0.11858866853874
0.763307523408529
0.118103808052731
0.118597362934755
0.881402637065246
0
0.118366981071108
0.415567553612494
0.466065465316398
0.118395780929846
0.45231095379822
0.429293265271934
0.118430767874796
0.520535783958146
0.361033448167058
0.118475696766301
0.53163760866366
0.349886694570039
0.118515600625736
0.526380853270381
0.355103546103883
0.118545776810021
0.528259855433497
0.353194367756481
0.118567993632274
0.545443332768587
0.335988673599139
0.118584254254927
0.591831119400462
0.289584626344612
0.118597120009973
0.805551384428747
0.0758514955612795
0.118605712545208
0.881394287454792
0
0.118412333151661
0.47042502979755
0.411162637050789
0.118430767874796
0.520535783958146
0.361033448167057
0.118465596022022
0.530009437697117
0.35152496628086
0.118502279009201
0.526215340420899
0.3552823805699
0.118534693645456
0.523834443738683
0.357630862615862
0.11856143376581
0.530636511884912
0.350802054349278
0.118582864193291
0.5503085710238
0.33110856478291
0.118599688989283
0.600170891926281
0.281229419084436
0.11861370551119
0.845711739207278
0.0356745552815318
0.118622808011321
0.881377191988679
0
0.118456182718915
0.537120380585014
0.344423436696071
0.118475696766301
0.53163760866366
0.349886694570039
0.118502279009201
0.526215340420897
0.355282380569902
0.118530498839608
0.522925459099698
0.358544042060693
0.118557649923964
0.525540760092088
0.355901589983948
0.118582477493349
0.535506312282662
0.345911210223989
0.11860423419969
0.556143887273883
0.325251878526427
0.118622632169409
0.608609995796039
0.272767372034552
0.118638721105202
0.873972394359114
0.00738888453568437
0.118649340572674
0.881350659427326
0
0.118503509311128
0.533736916064025
0.347759574624846
0.118515600625736
0.52638085327038
0.355103546103884
0.118534693645456
0.523834443738682
0.357630862615862
0.118557649923964
0.525540760092087
0.355901589983949
0.118582418780603
0.531632797231394
0.349784783988003
0.118607458356569
0.542670509954708
0.338722031688723
0.118631392477209
0.562809148441621
0.318559459081171
0.118653224743629
0.616409425905967
0.264937349350404
0.118672796275099
0.881327203724901
0
0.118686747366798
0.881313252633202
0
0.118537231281052
0.528740860640897
0.352721908078052
0.118545776810021
0.528259855433497
0.353194367756482
0.11856143376581
0.530636511884911
0.350802054349279
0.118582477493349
0.535506312282659
0.345911210223993
0.118607458356569
0.542670509954706
0.338722031688725
0.118635087990941
0.553017077600536
0.328347834408522
0.118663917717351
0.571502925821221
0.309833156461428
0.118692499109379
0.624378853679964
0.256928647210657
0.118719462041125
0.881280537958875
0
0.118739731486399
0.881260268513601
0
0.118560354037925
0.541976810791873
0.339462835170202
0.118567993632274
0.545443332768586
0.33598867359914
0.118582864193291
0.550308571023799
0.33110856478291
0.11860423419969
0.556143887273881
0.325251878526429
0.118631392477209
0.562809148441619
0.318559459081172
0.118663917717351
0.57150292582122
0.309833156461428
0.118701116371319
0.588263282422997
0.293035601205683
0.118741516913787
0.638965059613446
0.242293423472767
0.118782911690844
0.881217088309156
0
0.118815992564486
0.881184007435515
0
0.118576478194257
0.584370435151732
0.297053086654011
0.118584254254927
0.59183111940046
0.289584626344614
0.118599688989283
0.600170891926282
0.281229419084435
0.118622632169409
0.608609995796037
0.272767372034553
0.118653224743629
0.616409425905967
0.264937349350405
0.118692499109379
0.624378853679963
0.256928647210657
0.118741516913787
0.638965059613445
0.242293423472768
0.118800262817237
0.704172490691509
0.177027246491254
0.118869042312372
0.881130957687628
0
0.118930219604808
0.881069780395192
0
0.11858866853874
0.763307523408526
0.118103808052734
0.118597120009973
0.805551384428744
0.0758514955612825
0.11861370551119
0.845711739207276
0.0356745552815333
0.118638721105202
0.873972394359113
0.00738888453568556
0.118672796275099
0.881327203724901
0
0.118719462041125
0.881280537958875
0
0.118782911690844
0.881217088309156
0
0.118869042312372
0.881130957687629
0
0.118984520068341
0.881015479931659
0
0.119107778292543
0.880892221707457
0
0.118597362934754
0.881402637065245
0
0.118605712545208
0.881394287454792
0
0.118622808011321
0.881377191988679
0
0.118649340572674
0.881350659427326
0
0.118686747366798
0.881313252633202
0
0.118739731486399
0.881260268513601
0
0.118815992564486
0.881184007435514
0
0.118930219604808
0.881069780395192
0
0.119107778292543
0.880892221707457
0
0.119399973263589
0.880600026736411
0
0.1183069966377
0.455142172222112
0.426550831140187
0.11836880354781
0.525640030502592
0.355991165949598
0.118413870215668
0.871862696881132
0.00972343290319995
0.118456373793296
0.881543626206704
0
0.118503636647637
0.881496363352363
0
0.118537466242736
0.881462533757264
0
0.118560713427623
0.881439286572377
0
0.118576858613654
0.881423141386345
0
0.118588825287074
0.881411174712926
0
0.118597269499387
0.881402730500613
0
0.11836880354781
0.525640030502597
0.355991165949593
0.118397368301753
0.825126435016097
0.0564761966821505
0.118431071596277
0.881568928403723
0
0.118475859647977
0.881524140352023
0
0.118515791210115
0.881484208789885
0
0.118546090691936
0.881453909308064
0
0.11856837812054
0.88143162187946
0
0.118584613475121
0.881415386524879
0
0.118597263523124
0.881402736476876
0
0.118605617742514
0.881394382257486
0
0.118413870215668
0.871862696881144
0.00972343290318861
0.118431071596277
0.881568928403723
0
0.11846580000608
0.88153419999392
0
0.118502469239425
0.881497530760575
0
0.118534966431894
0.881465033568106
0
0.118561798979556
0.881438201020444
0
0.118583268067803
0.881416731932197
0
0.118600032758933
0.881399967241067
0
0.118613844366968
0.881386155633032
0
0.118622714626093
0.881377285373907
0
0.118456373793296
0.881543626206704
0
0.118475859647977
0.881524140352023
0
0.118502469239425
0.881497530760575
0
0.118530756884346
0.881469243115654
0
0.118557996328799
0.881442003671201
0
0.118582875608516
0.881417124391484
0
0.11860465495397
0.88139534504603
0
0.118622971793158
0.881377028206842
0
0.118638863992572
0.881361136007428
0
0.118649251570325
0.881350748429675
0
0.118503636647637
0.881496363352363
0
0.118515791210115
0.881484208789885
0
0.118534966431894
0.881465033568106
0
0.118557996328799
0.881442003671201
0
0.11858281246382
0.88141718753618
0
0.118607875758145
0.881392124241855
0
0.118631831731403
0.881368168268597
0
0.118653563605286
0.881346436394714
0
0.118672946358442
0.881327053641558
0
0.118686669936451
0.881313330063549
0
0.118537466242736
0.881462533757264
0
0.118546090691936
0.881453909308064
0
0.118561798979556
0.881438201020444
0
0.118582875608516
0.881417124391484
0
0.118607875758145
0.881392124241855
0
0.118635523854497
0.881364476145503
0
0.11866439237703
0.88133560762297
0
0.118692852903457
0.881307147096543
0
0.118719620150373
0.881280379849626
0
0.118739671988612
0.881260328011388
0
0.118560713427623
0.881439286572377
0
0.11856837812054
0.88143162187946
0
0.118583268067803
0.881416731932197
0
0.11860465495397
0.88139534504603
0
0.118631831731403
0.881368168268597
0
0.11866439237703
0.88133560762297
0
0.118701591227889
0.881298408772111
0
0.118741879921108
0.881258120078892
0
0.118783073362405
0.881216926637595
0
0.118815960237869
0.881184039762131
0
0.118576858613654
0.881423141386346
0
0.118584613475121
0.881415386524879
0
0.118600032758933
0.881399967241067
0
0.118622971793158
0.881377028206842
0
0.118653563605286
0.881346436394714
0
0.118692852903457
0.881307147096543
0
0.118741879921108
0.881258120078892
0
0.118800578920605
0.881199421079395
0
0.118869172004915
0.881130827995086
0
0.118930196370969
0.881069803629031
0
0.118588825287074
0.881411174712926
0
0.118597263523124
0.881402736476876
0
0.118613844366968
0.881386155633032
0
0.118638863992572
0.881361136007428
0
0.118672946358442
0.881327053641558
0
0.118719620150373
0.881280379849627
0
0.118783073362405
0.881216926637595
0
0.118869172004915
0.881130827995086
0
0.118984600871152
0.881015399128848
0
0.119107791261714
0.880892208738285
0
0.118597269499387
0.881402730500613
0
0.118605617742514
0.881394382257486
0
0.118622714626093
0.881377285373907
0
0.118649251570325
0.881350748429675
0
0.118686669936451
0.881313330063549
0
0.118739671988612
0.881260328011388
0
0.118815960237869
0.881184039762131
0
0.118930196370969
0.881069803629031
0
0.119107791261715
0.880892208738285
0
0.119403067153262
0.880596932846738
0
0.118310477127802
0.580928519545234
0.300761003326964
0.118371175913424
0.685726882216885
0.195901941869691
0.118414645888237
0.875072440642546
0.00651291346921633
0.118456236623456
0.881543763376544
0
0.118503418291376
0.881496581708624
0
0.118537277532684
0.881462722467316
0
0.11856055198715
0.88143944801285
0
0.118576723321061
0.881423276678939
0
0.118588691280909
0.881411308719091
0
0.118597078786927
0.881402921213073
0
0.118371175913424
0.685726882216886
0.195901941869689
0.118398223986901
0.838175119278172
0.0434266567349274
0.118430975476509
0.881569024523491
0
0.118475651143842
0.881524348856158
0
0.118515591204772
0.881484408795228
0
0.118545914712103
0.881454085287897
0
0.118568223079711
0.88143177692029
0
0.118584483210769
0.881415516789231
0
0.118597120152681
0.881402879847319
0
0.118605433688259
0.881394566311741
0
0.118414645888237
0.875072440642548
0.0065129134692149
0.118430975476509
0.881569024523491
0
0.118465596919119
0.881534403080881
0
0.118502266243756
0.881497733756244
0
0.118534781315562
0.881465218684438
0
0.118561633643084
0.881438366356916
0
0.118583120644318
0.881416879355682
0
0.11859990940265
0.88140009059735
0
0.118613702503526
0.881386297496474
0
0.118622537245945
0.881377462754055
0
0.118456236623456
0.881543763376545
0
0.118475651143842
0.881524348856158
0
0.118502266243756
0.881497733756244
0
0.11853056872886
0.88146943127114
0
0.118557825708481
0.881442174291519
0
0.118582720118963
0.881417279881037
0
0.118604515383483
0.881395484616517
0
0.118622859691508
0.881377140308492
0
0.118638737638692
0.881361262361309
0
0.118649082160042
0.881350917839958
0
0.118503418291376
0.881496581708624
0
0.118515591204772
0.881484408795228
0
0.118534781315562
0.881465218684438
0
0.118557825708481
0.881442174291519
0
0.118582654164789
0.881417345835211
0
0.118607729804892
0.881392270195108
0
0.118631703257153
0.881368296742847
0
0.118653465086845
0.881346534913155
0
0.118672848468282
0.881327151531718
0
0.11868651974816
0.88131348025184
0
0.118537277532684
0.881462722467316
0
0.118545914712103
0.881454085287897
0
0.118561633643084
0.881438366356916
0
0.118582720118963
0.881417279881037
0
0.118607729804892
0.881392270195108
0
0.118635389775503
0.881364610224497
0
0.118664278322306
0.881335721677694
0
0.118692777036508
0.881307222963492
0
0.118719561050206
0.881280438949794
0
0.118739547213688
0.881260452786312
0
0.11856055198715
0.88143944801285
0
0.118568223079711
0.88143177692029
0
0.118583120644318
0.881416879355682
0
0.118604515383483
0.881395484616517
0
0.118631703257153
0.881368296742847
0
0.118664278322306
0.881335721677694
0
0.118701501665028
0.881298498334972
0
0.118741838626047
0.881258161373953
0
0.118783071095892
0.881216928904108
0
0.118815872187512
0.881184127812488
0
0.118576723321061
0.881423276678939
0
0.118584483210769
0.881415516789231
0
0.11859990940265
0.88140009059735
0
0.118622859691508
0.881377140308492
0
0.118653465086845
0.881346534913155
0
0.118692777036508
0.881307222963492
0
0.118741838626047
0.881258161373953
0
0.118800636922392
0.881199363077608
0
0.118869263290741
0.881130736709259
0
0.118930112351312
0.881069887648688
0
0.118588691280909
0.881411308719091
0
0.118597120152681
0.881402879847319
0
0.118613702503526
0.881386297496474
0
0.118638737638692
0.881361262361309
0
0.118672848468282
0.881327151531718
0
0.118719561050206
0.881280438949794
0
0.118783071095892
0.881216928904108
0
0.118869263290741
0.881130736709259
0
0.118984665148898
0.881015334851102
0
0.119107746394986
0.880892253605014
0
0.118597078786927
0.881402921213073
0
0.118605433688259
0.881394566311741
0
0.118622537245944
0.881377462754055
0
0.118649082160042
0.881350917839958
0
0.11868651974816
0.88131348025184
0
0.118739547213688
0.881260452786312
0
0.118815872187512
0.881184127812488
0
0.118930112351312
0.881069887648688
0
0.119107746394986
0.880892253605014
0
0.119409551405627
0.880590448594373
0
