0.118298369762513
0.395130863246414
0.486570766991074
0.118361548128062
0.416877587557164
0.464760864314774
0.118407718291805
0.475545775528096
0.406046506180099
0.118453711738435
0.52826400688108
0.353282281380485
0.118499166621838
0.526295453554629
0.355205379823533
0.118531987564135
0.52423866121883
0.357229351217035
0.118554886833762
0.539367418306315
0.342077694859924
0.118570977083335
0.582804751023745
0.29862427189292
0.118583252835806
0.762305416395669
0.119111330768524
0.118592256317948
0.881407743682052
0
0.118361548128062
0.416877587557161
0.464760864314777
0.118391022043295
0.455548417887708
0.426060560068997
0.118427562277607
0.513783784222081
0.367788653500311
0.11847186659455
0.524764031811936
0.356764101593515
0.118510796605083
0.520831498249666
0.360657705145251
0.118540446513986
0.524621520592214
0.356838032893799
0.118562502536752
0.543180469465394
0.338257027997854
0.118578734156831
0.590450055640207
0.290971210202962
0.118591654880633
0.804667195773515
0.0767411493458512
0.118600582280024
0.881399417719976
0
0.118407718291805
0.475545775528091
0.406046506180103
0.118427562277607
0.51378378422208
0.367788653500313
0.118461659170461
0.523746515442815
0.357791825386724
0.118497670341167
0.520351988987167
0.361150340671666
0.118529524533183
0.519453018879958
0.362017456586859
0.118555986086891
0.527647744315737
0.353796269597372
0.118577326990877
0.548339222395149
0.333083450613974
0.118594123236029
0.598980410716192
0.282425466047779
0.118608198212445
0.845009090523135
0.03638271126442
0.118617655623959
0.881382344376041
0
0.118453711738435
0.528264006881074
0.353282281380491
0.11847186659455
0.524764031811933
0.356764101593518
0.118497670341167
0.520351988987166
0.361150340671667
0.118525385108089
0.51828580303592
0.363188811855992
0.118552245281497
0.522117843241773
0.35932991147673
0.118576935241906
0.533049194035283
0.348373870722811
0.11859863404329
0.554415373398664
0.326985992558046
0.118616986675263
0.607591307110731
0.273791706214006
0.118633081198589
0.873692781788873
0.00767413701253886
0.118644196539849
0.881355803460151
0
0.118499166621838
0.526295453554626
0.355205379823536
0.118510796605083
0.520831498249665
0.360657705145252
0.118529524533183
0.519453018879957
0.362017456586859
0.118552245281497
0.522117843241772
0.359329911476731
0.118576877614636
0.528994209913799
0.352428912471565
0.118601853412814
0.540643531543669
0.340754615043517
0.118625762804452
0.561287050783251
0.320087186412297
0.118647440561157
0.615585534945309
0.265767024493534
0.118666701886439
0.881333298113561
0
0.118681784545666
0.881318215454334
0
0.118531987564135
0.524238661218827
0.357229351217038
0.118540446513986
0.524621520592212
0.356838032893801
0.118555986086891
0.527647744315737
0.353796269597372
0.118576935241906
0.533049194035281
0.348373870722812
0.118601853412814
0.540643531543668
0.340754615043518
0.118629448963664
0.551342781497441
0.330027769538896
0.118658268729595
0.570171915473713
0.311169815796692
0.118686825799788
0.623839767235567
0.257473406964645
0.1187138103623
0.8812861896377
0
0.118735137609345
0.881264862390655
0
0.118554886833762
0.539367418306314
0.342077694859924
0.118562502536752
0.543180469465395
0.338257027997853
0.118577326990877
0.548339222395149
0.333083450613974
0.11859863404329
0.554415373398666
0.326985992558044
0.118625762804451
0.561287050783251
0.320087186412297
0.118658268729595
0.570171915473713
0.311169815796692
0.118695504104303
0.587223867524246
0.294080628371451
0.118736112601494
0.639186459993592
0.242077427404915
0.118777916309624
0.881222083690376
0
0.118811561177509
0.881188438822491
0
0.118570977083335
0.582804751023746
0.298624271892919
0.118578734156831
0.590450055640208
0.290971210202962
0.118594123236029
0.598980410716194
0.282425466047777
0.118616986675263
0.607591307110732
0.273791706214005
0.118647440561157
0.615585534945311
0.265767024493532
0.118686825799788
0.623839767235568
0.257473406964644
0.118736112601494
0.639186459993591
0.242077427404915
0.118795330662675
0.7079879957585
0.173216673578825
0.118865065180349
0.881134934819651
0
0.118924899731125
0.881075100268875
0
0.118583252835806
0.76230541639567
0.119111330768524
0.118591654880633
0.804667195773517
0.0767411493458495
0.118608198212445
0.845009090523137
0.0363827112644188
0.118633081198589
0.873692781788874
0.00767413701253771
0.118666701886439
0.881333298113561
0
0.118713810362299
0.881286189637701
0
0.118777916309624
0.881222083690376
0
0.11886506518035
0.881134934819651
0
0.118979123340704
0.881020876659296
0
0.119099936873812
0.880900063126188
0
0.118592256317948
0.881407743682052
0
0.118600582280024
0.881399417719976
0
0.118617655623959
0.881382344376041
0
0.118644196539848
0.881355803460151
0
0.118681784545666
0.881318215454334
0
0.118735137609345
0.881264862390655
0
0.118811561177509
0.881188438822491
0
0.118924899731125
0.881075100268875
0
0.119099936873812
0.880900063126188
0
0.11938810231022
0.88061189768978
0
0.11830051161136
0.457066723299267
0.424632765089374
0.118363364320294
0.527985966380797
0.353650669298909
0.118409423351992
0.871453606781081
0.0101369698669276
0.118453852560104
0.881546147439896
0
0.11849929615624
0.88150070384376
0
0.118532269181663
0.881467730818337
0
0.118555281319552
0.881444718680447
0
0.118571389461615
0.881428610538385
0
0.118583414249688
0.881416585750312
0
0.118592161266677
0.881407838733323
0
0.118363364320294
0.527985966380802
0.353650669298904
0.118392654998454
0.819448958353811
0.0621583866477348
0.118427855721746
0.881572144278254
0
0.118472015617804
0.881527984382196
0
0.118511015732158
0.881488984267842
0
0.118540801977339
0.881459198022661
0
0.118562919187672
0.881437080812328
0
0.118579119416406
0.881420880583594
0
0.11859180245357
0.88140819754643
0
0.1186004856637
0.8813995143363
0
0.118409423351992
0.871453606781094
0.0101369698669146
0.118427855721746
0.881572144278254
0
0.118461845837249
0.881538154162751
0
0.118497873460917
0.881502126539083
0
0.118529838365598
0.881470161634402
0
0.118556391452893
0.881443608547107
0
0.118577760481388
0.881422239518612
0
0.118594488862341
0.881405511137659
0
0.11860833996954
0.88139166003046
0
0.118617560332608
0.881382439667392
0
0.118453852560104
0.881546147439896
0
0.118472015617804
0.881527984382196
0
0.118497873460917
0.881502126539083
0
0.11852568205461
0.88147431794539
0
0.118552634283219
0.881447365716781
0
0.118577369261084
0.881422630738916
0
0.118599082586981
0.881400917413019
0
0.118617345537752
0.881382654462248
0
0.118633227312925
0.881366772687075
0
0.118644105390426
0.881355894609574
0
0.11849929615624
0.88150070384376
0
0.118511015732158
0.881488984267842
0
0.118529838365598
0.881470161634402
0
0.118552634283219
0.881447365716781
0
0.118577308983602
0.881422691016398
0
0.118602302371947
0.881397697628053
0
0.118626226841278
0.881373773158722
0
0.118647797822788
0.881352202177212
0
0.118666865649644
0.881333134350356
0
0.118681701258633
0.881318298741367
0
0.118532269181663
0.881467730818337
0
0.118540801977339
0.881459198022661
0
0.118556391452893
0.881443608547107
0
0.118577369261084
0.881422630738916
0
0.118602302371947
0.881397697628053
0
0.118629912400636
0.881370087599364
0
0.118658768347642
0.881341231652358
0
0.118687197914316
0.881312802085684
0
0.118713976932353
0.881286023067647
0
0.118735069418584
0.881264930581416
0
0.118555281319552
0.881444718680447
0
0.118562919187672
0.881437080812329
0
0.118577760481388
0.881422239518612
0
0.118599082586981
0.88140091741302
0
0.118626226841278
0.881373773158722
0
0.118658768347642
0.881341231652358
0
0.118696016236898
0.881303983763102
0
0.118736492542217
0.881263507457783
0
0.118778079926936
0.881221920073064
0
0.118811516897107
0.881188483102893
0
0.118571389461615
0.881428610538385
0
0.118579119416406
0.881420880583594
0
0.118594488862341
0.881405511137659
0
0.118617345537752
0.881382654462248
0
0.118647797822788
0.881352202177212
0
0.118687197914316
0.881312802085684
0
0.118736492542217
0.881263507457783
0
0.118795652038735
0.881204347961265
0
0.118865166499019
0.881134833500981
0
0.118924870266633
0.881075129733367
0
0.118583414249688
0.881416585750312
0
0.11859180245357
0.88140819754643
0
0.11860833996954
0.88139166003046
0
0.118633227312925
0.881366772687076
0
0.118666865649644
0.881333134350356
0
0.118713976932353
0.881286023067647
0
0.118778079926936
0.881221920073064
0
0.118865166499019
0.881134833500981
0
0.118979186249626
0.881020813750374
0
0.119099947733733
0.880900052266266
0
0.118592161266677
0.881407838733323
0
0.1186004856637
0.8813995143363
0
0.118617560332608
0.881382439667392
0
0.118644105390426
0.881355894609574
0
0.118681701258633
0.881318298741367
0
0.118735069418584
0.881264930581416
0
0.118811516897107
0.881188483102893
0
0.118924870266633
0.881075129733367
0
0.119099947733733
0.880900052266266
0
0.119391167578146
0.880608832421854
0
0.118303995513347
0.581833537023821
0.299862467462832
0.118365727461367
0.686286210417938
0.195348062120695
0.118410212589065
0.871425334007478
0.0101644534034564
0.118453700320791
0.881546299679209
0
0.118499080613261
0.881500919386739
0
0.118532084685239
0.881467915314761
0
0.118555121503951
0.881444878496049
0
0.118571255009665
0.881428744990335
0
0.118583282182225
0.881416717817775
0
0.118591967306802
0.881408032693198
0
0.118365727461367
0.686286210417939
0.195348062120694
0.118393537017609
0.834898083044814
0.0467083799375764
0.118427758604086
0.881572241395914
0
0.11847180603004
0.88152819396996
0
0.118510818600754
0.881489181399246
0
0.118540628554495
0.881459371445505
0
0.118562765231541
0.881437234768458
0
0.118578989697674
0.881421010302326
0
0.118591661952187
0.881408338047813
0
0.118600298316716
0.881399701683284
0
0.118410212589065
0.871425334007479
0.0101644534034554
0.118427758604086
0.881572241395914
0
0.118461640589282
0.881538359410718
0
0.118497671296719
0.881502328703281
0
0.118529655929967
0.881470344070033
0
0.118556227831065
0.881443772168935
0
0.118577613536613
0.881422386463387
0
0.118594365950564
0.881405634049436
0
0.118608200126349
0.881391799873651
0
0.118617379608547
0.881382620391453
0
0.118453700320791
0.881546299679209
0
0.11847180603004
0.88152819396996
0
0.118497671296719
0.881502328703281
0
0.118525496532724
0.881474503467276
0
0.118552465559709
0.881447534440291
0
0.118577214793473
0.881422785206527
0
0.1185989434971
0.8814010565029
0
0.118617233262422
0.881382766737578
0
0.118633102777981
0.881366897222019
0
0.11864393242665
0.88135606757335
0
0.118499080613261
0.881500919386739
0
0.118510818600754
0.881489181399246
0
0.118529655929967
0.881470344070033
0
0.118552465559708
0.881447534440292
0
0.118577151941758
0.881422848058241
0
0.118602156996014
0.881397843003986
0
0.118626097094544
0.881373902905456
0
0.118647700086472
0.881352299913529
0
0.118666789481583
0.881333210518417
0
0.118681541532122
0.881318458467878
0
0.118532084685239
0.881467915314761
0
0.118540628554495
0.881459371445505
0
0.118556227831065
0.881443772168935
0
0.118577214793473
0.881422785206527
0
0.118602156996014
0.881397843003985
0
0.118629778608427
0.881370221391573
0
0.118658654337335
0.881341345662665
0
0.11868712318292
0.88131287681708
0
0.118713928833456
0.881286071166545
0
0.118734930938021
0.881265069061979
0
0.118555121503951
0.881444878496049
0
0.118562765231542
0.881437234768458
0
0.118577613536613
0.881422386463387
0
0.1185989434971
0.8814010565029
0
0.118626097094544
0.881373902905456
0
0.118658654337335
0.881341345662665
0
0.118695928217191
0.881304071782809
0
0.118736453398117
0.881263546601883
0
0.118778079888765
0.881221920111235
0
0.118811410462147
0.881188589537853
0
0.118571255009665
0.881428744990335
0
0.118578989697674
0.881421010302326
0
0.118594365950564
0.881405634049436
0
0.118617233262422
0.881382766737578
0
0.118647700086472
0.881352299913529
0
0.118687123182921
0.881312876817079
0
0.118736453398117
0.881263546601883
0
0.118795714881456
0.881204285118545
0
0.118865209331728
0.881134790668272
0
0.118924777657149
0.881075222342851
0
0.118583282182225
0.881416717817775
0
0.118591661952187
0.881408338047813
0
0.118608200126349
0.881391799873651
0
0.118633102777981
0.881366897222019
0
0.118666789481584
0.881333210518416
0
0.118713928833455
0.881286071166545
0
0.118778079888765
0.881221920111235
0
0.118865209331728
0.881134790668272
0
0.11897922333351
0.88102077666649
0
0.119099900930456
0.880900099069544
0
0.118591967306802
0.881408032693198
0
0.118600298316716
0.881399701683284
0
0.118617379608547
0.881382620391453
0
0.11864393242665
0.88135606757335
0
0.118681541532123
0.881318458467877
0
0.118734930938021
0.881265069061979
0
0.118811410462147
0.881188589537853
0
0.118924777657149
0.881075222342851
0
0.119099900930456
0.880900099069544
0
0.119397594372536
0.880602405627464
0
