0.118292388094714
0.394264004820562
0.487443607084725
0.11835456420635
0.415248384404738
0.466397051388912
0.118400079662919
0.469103399613648
0.412496520723434
0.118443836547367
0.536397503530894
0.345158659921738
0.118491504314908
0.534796367794325
0.346712127890766
0.11852590262183
0.529150142258444
0.352323955119726
0.118549420639002
0.541459113003099
0.339991466357899
0.118565719399722
0.582840348104798
0.29859393249548
0.118577970819834
0.757569085720367
0.123852943459799
0.118586729206682
0.881413270793318
0
0.11835456420635
0.415248384404735
0.466397051388915
0.118383434989455
0.451296775441153
0.430319789569391
0.118418394035119
0.519542488574908
0.362039117389973
0.118463429184602
0.532117107331614
0.349419463483784
0.1185038892439
0.527062350012036
0.354433760744065
0.118534620370533
0.528233827317765
0.353231552311702
0.118557192959761
0.544705431845972
0.336737375194267
0.118573630417433
0.589985679884145
0.291440689698422
0.118586534093533
0.798541755400338
0.0828717105061287
0.118595191102814
0.881404808897185
0
0.118400079662919
0.469103399613647
0.412496520723435
0.118418394035119
0.519542488574909
0.362039117389973
0.118453281808523
0.530224302572248
0.351322415619229
0.118490389652651
0.526899227610642
0.354610382736707
0.118523354759847
0.524105473151283
0.35737117208887
0.118550562105725
0.530278633971048
0.351170803923228
0.118572353244788
0.54936445933674
0.332063187418472
0.118589439360077
0.597934736993859
0.283475823646064
0.118603646072479
0.837465707144551
0.0439306467829697
0.118612629020496
0.881387370979504
0
0.118443836547367
0.536397503530892
0.34515865992174
0.118463429184602
0.532117107331614
0.349419463483784
0.118490389652651
0.52689922761064
0.354610382736709
0.118519094012062
0.523290684839882
0.358190221148056
0.118546715918229
0.525377272568985
0.356076011512787
0.118571979487909
0.534872574918107
0.346555445593983
0.118594202747551
0.554985679169709
0.326420118082739
0.118613174020887
0.605850478650252
0.275536347328861
0.118629986550638
0.864804837882789
0.0165651755665734
0.118640131956479
0.881359868043521
0
0.118491504314908
0.534796367794324
0.346712127890768
0.1185038892439
0.527062350012035
0.354433760744065
0.118523354759847
0.524105473151282
0.357371172088871
0.118546715918229
0.525377272568984
0.356076011512787
0.118571900106066
0.531094620280674
0.35033347961326
0.118597392705023
0.541788837880159
0.339613769414818
0.118622006939848
0.561387458951382
0.319990534108771
0.11864529066426
0.61292149710424
0.268433212231499
0.118669028804697
0.874900128632886
0.00643084256241661
0.118679623782135
0.881320376217865
0
0.11852590262183
0.529150142258441
0.352323955119729
0.118534620370533
0.528233827317764
0.353231552311703
0.118550562105725
0.530278633971047
0.351170803923228
0.118571979487909
0.534872574918105
0.346555445593986
0.118597392705023
0.541788837880158
0.339613769414819
0.118625445193159
0.551833445253507
0.329541109553334
0.118654875780857
0.56966169192941
0.311683432289732
0.118684951463796
0.619899187437593
0.26141586109861
0.118716365333326
0.872770667562566
0.008512967104108
0.118732645645364
0.881267354354636
0
0.118549420639002
0.541459113003098
0.339991466357901
0.118557192959761
0.544705431845972
0.336737375194267
0.118572353244788
0.549364459336741
0.332063187418471
0.118594202747551
0.554985679169707
0.326420118082742
0.118622006939848
0.56138745895138
0.319990534108772
0.118654875780857
0.56966169192941
0.311683432289732
0.118692041418824
0.585387167600843
0.295920790980333
0.1187329983205
0.632515315338257
0.248751686341242
0.11877701899335
0.879285833852121
0.00193714715452899
0.118806507831775
0.881193492168225
0
0.118565719399722
0.582840348104798
0.298593932495481
0.118573630417433
0.589985679884143
0.291440689698424
0.118589439360077
0.59793473699386
0.283475823646064
0.118613174020887
0.605850478650251
0.275536347328863
0.11864529066426
0.612921497104239
0.2684332122315
0.118684951463796
0.619899187437593
0.261415861098611
0.118732998320501
0.632515315338256
0.248751686341243
0.11879004532094
0.686949345990785
0.194260608688274
0.118857908782975
0.881142091217025
0
0.118916970318367
0.881083029681633
0
0.118577970819834
0.757569085720364
0.123852943459802
0.118586534093533
0.798541755400335
0.0828717105061318
0.118603646072479
0.83746570714455
0.0439306467829711
0.118629986550638
0.864804837882787
0.0165651755665747
0.118669028804697
0.874900128632886
0.00643084256241669
0.118716365333326
0.872770667562566
0.00851296710410812
0.11877701899335
0.879285833852121
0.0019371471545292
0.118857908782974
0.881142091217026
0
0.11896943389427
0.88103056610573
0
0.11909227743137
0.88090772256863
0
0.118586729206682
0.881413270793318
0
0.118595191102815
0.881404808897186
0
0.118612629020496
0.881387370979504
0
0.118640131956479
0.881359868043521
0
0.118679623782135
0.881320376217865
0
0.118732645645364
0.881267354354636
0
0.118806507831775
0.881193492168225
0
0.118916970318367
0.881083029681633
0
0.11909227743137
0.88090772256863
0
0.11938401606542
0.88061598393458
0
0.118294526530929
0.454826927946491
0.42687854552258
0.118356379521649
0.524340434677326
0.357303185801025
0.11840158305071
0.867819147124323
0.013779269824967
0.118444016058025
0.881555983941975
0
0.118491632987596
0.881508367012404
0
0.118526124776918
0.881473875223082
0
0.118549775367333
0.881450224632667
0
0.11856610798763
0.88143389201237
0
0.118578130086363
0.881421869913637
0
0.118586635816275
0.881413364183725
0
0.118356379521649
0.52434043467733
0.35730318580102
0.118385050561657
0.818718420736213
0.0628965287021292
0.118418675416717
0.881581324583284
0
0.11846358817122
0.88153641182878
0
0.118504066520616
0.881495933479384
0
0.118534920697204
0.881465079302796
0
0.118557570897302
0.881442429102698
0
0.118573993894224
0.881426006105776
0
0.118586679630513
0.881413320369487
0
0.118595095153156
0.881404904846844
0
0.11840158305071
0.867819147124334
0.0137792698249554
0.118418675416717
0.881581324583284
0
0.118453476384476
0.881546523615524
0
0.118490567324486
0.881509432675514
0
0.118523608664954
0.881476391335046
0
0.118550911696311
0.881449088303689
0
0.118572743611652
0.881427256388348
0
0.118589780036188
0.881410219963812
0
0.118603782745096
0.881396217254904
0
0.118612533218779
0.881387466781221
0
0.118444016058025
0.881555983941975
0
0.11846358817122
0.88153641182878
0
0.118490567324486
0.881509432675514
0
0.11851933198511
0.88148066801489
0
0.118547041821055
0.881452958178945
0
0.118572356952643
0.881427643047357
0
0.118594598505729
0.881405401494271
0
0.118613500641242
0.881386499358758
0
0.118630123132546
0.881369876867454
0
0.118640036486174
0.881359963513826
0
0.118491632987596
0.881508367012404
0
0.118504066520616
0.881495933479384
0
0.118523608664954
0.881476391335046
0
0.118547041821055
0.881452958178945
0
0.11857227137822
0.88142772862178
0
0.118597782020241
0.881402217979759
0
0.118622409583432
0.881377590416569
0
0.118645610544736
0.881354389455265
0
0.118669100588994
0.881330899411006
0
0.118679528913353
0.881320471086647
0
0.118526124776918
0.881473875223082
0
0.118534920697204
0.881465079302796
0
0.118550911696311
0.881449088303689
0
0.118572356952643
0.881427643047357
0
0.118597782020241
0.881402217979759
0
0.118625843207602
0.881374156792398
0
0.118655302057896
0.881344697942104
0
0.118685281187569
0.881314718812431
0
0.118716449059852
0.881283550940148
0
0.118732566433335
0.881267433566665
0
0.118549775367333
0.881450224632667
0
0.118557570897302
0.881442429102698
0
0.118572743611652
0.881427256388348
0
0.118594598505729
0.881405401494271
0
0.118622409583432
0.881377590416568
0
0.118655302057896
0.881344697942104
0
0.118692495664848
0.881307504335152
0
0.118733348835635
0.881266651164365
0
0.118777144337796
0.881222855662204
0
0.118806463220784
0.881193536779216
0
0.11856610798763
0.88143389201237
0
0.118573993894224
0.881426006105776
0
0.118589780036188
0.881410219963812
0
0.118613500641242
0.881386499358758
0
0.118645610544736
0.881354389455264
0
0.118685281187569
0.881314718812431
0
0.118733348835635
0.881266651164365
0
0.118790385848806
0.881209614151194
0
0.118858037330989
0.881141962669011
0
0.118916950678293
0.881083049321707
0
0.118578130086363
0.881421869913637
0
0.118586679630513
0.881413320369487
0
0.118603782745096
0.881396217254904
0
0.118630123132546
0.881369876867454
0
0.118669100588994
0.881330899411006
0
0.118716449059852
0.881283550940148
0
0.118777144337796
0.881222855662204
0
0.118858037330989
0.881141962669011
0
0.118969539861476
0.881030460138524
0
0.119092291070017
0.880907708929983
0
0.118586635816275
0.881413364183725
0
0.118595095153156
0.881404904846844
0
0.118612533218779
0.881387466781221
0
0.118640036486174
0.881359963513826
0
0.118679528913353
0.881320471086647
0
0.118732566433335
0.881267433566665
0
0.118806463220784
0.881193536779216
0
0.118916950678293
0.881083049321707
0
0.119092291070017
0.880907708929983
0
0.11938711079912
0.88061288920088
0
0.118297995779888
0.580650012293425
0.301051991926687
0.118358743356648
0.684734760111816
0.196906496531536
0.118402362370539
0.871581333688706
0.0100163039407546
0.118443879523585
0.881556120476415
0
0.1184914147272
0.8815085852728
0
0.11852593281385
0.88147406718615
0
0.118549611502825
0.881450388497175
0
0.118565971162784
0.881434028837216
0
0.118577995439811
0.881422004560189
0
0.118586443721086
0.881413556278914
0
0.118358743356648
0.684734760111818
0.196906496531534
0.118385923546829
0.835358112383314
0.0462559640698568
0.118418578988873
0.881581421011127
0
0.11846337893022
0.88153662106978
0
0.118503863493336
0.881496136506664
0
0.118534741497603
0.881465258502397
0
0.118557413294155
0.881442586705845
0
0.118573861570854
0.881426138429146
0
0.118586536500747
0.881413463499253
0
0.11859490889496
0.88140509110504
0
0.118402362370539
0.871581333688707
0.0100163039407532
0.118418578988873
0.881581421011127
0
0.118453271958982
0.881546728041018
0
0.11849036168277
0.88150963831723
0
0.118523419962016
0.881476580037984
0
0.118550743034182
0.881449256965818
0
0.118572592944086
0.881427407055914
0
0.118589653378347
0.881410346621653
0
0.118603634958398
0.881396365041602
0
0.118612353877787
0.881387646122213
0
0.118443879523584
0.881556120476416
0
0.11846337893022
0.88153662106978
0
0.11849036168277
0.88150963831723
0
0.118519140189929
0.881480859810071
0
0.118546867507688
0.881453132492312
0
0.118572197731097
0.881427802268903
0
0.118594454494053
0.881405545505947
0
0.118613383478901
0.881386616521099
0
0.118629988064488
0.881370011935512
0
0.118639862612084
0.881360137387916
0
0.1184914147272
0.8815085852728
0
0.118503863493336
0.881496136506664
0
0.118523419962016
0.881476580037984
0
0.118546867507688
0.881453132492312
0
0.118572109246299
0.881427890753701
0
0.118597631570298
0.881402368429702
0
0.118622275287396
0.881377724712605
0
0.11864550545414
0.88135449454586
0
0.11866884854605
0.88133115145395
0
0.118679359677033
0.881320640322967
0
0.11852593281385
0.88147406718615
0
0.118534741497603
0.881465258502397
0
0.118550743034183
0.881449256965817
0
0.118572197731097
0.881427802268903
0
0.118597631570297
0.881402368429703
0
0.118625703280938
0.881374296719061
0
0.118655180053621
0.881344819946379
0
0.118685195490219
0.881314804509781
0
0.118716228395769
0.881283771604231
0
0.118732420176174
0.881267579823826
0
0.118549611502824
0.881450388497176
0
0.118557413294155
0.881442586705845
0
0.118572592944086
0.881427407055914
0
0.118594454494053
0.881405545505947
0
0.118622275287396
0.881377724712605
0
0.118655180053621
0.881344819946379
0
0.118692399867524
0.881307600132476
0
0.118733295741054
0.881266704258946
0
0.118777017572502
0.881222982427498
0
0.118806364024133
0.881193635975867
0
0.118565971162784
0.881434028837216
0
0.118573861570854
0.881426138429146
0
0.118589653378347
0.881410346621653
0
0.118613383478901
0.881386616521099
0
0.11864550545414
0.88135449454586
0
0.118685195490219
0.881314804509781
0
0.118733295741054
0.881266704258946
0
0.118790433952653
0.881209566047347
0
0.118858101084878
0.881141898915122
0
0.118916878536372
0.881083121463628
0
0.118577995439811
0.881422004560189
0
0.118586536500747
0.881413463499253
0
0.118603634958398
0.881396365041602
0
0.118629988064488
0.881370011935512
0
0.11866884854605
0.88133115145395
0
0.118716228395769
0.881283771604231
0
0.118777017572502
0.881222982427498
0
0.118858101084878
0.881141898915122
0
0.118969649615191
0.881030350384809
0
0.119092251870485
0.880907748129515
0
0.118586443721086
0.881413556278914
0
0.11859490889496
0.88140509110504
0
0.118612353877787
0.881387646122213
0
0.118639862612084
0.881360137387916
0
0.118679359677033
0.881320640322967
0
0.118732420176174
0.881267579823826
0
0.118806364024133
0.881193635975867
0
0.118916878536372
0.881083121463628
0
0.119092251870486
0.880907748129515
0
0.119393605346319
0.880606394653681
0
