0.118286932598807
0.394210197256795
0.487502870144398
0.118349085496137
0.41505601755554
0.466594896948323
0.11839461259381
0.468444049160576
0.413161338245614
0.118438240145227
0.536008647833412
0.345553112021361
0.118485932812776
0.535275377636985
0.346238689550239
0.118520545716889
0.529368683307574
0.352110770975538
0.118544183014742
0.541211626559979
0.34024419042528
0.118560520261371
0.582083301085445
0.299356178653184
0.118572779944642
0.754732378235884
0.126694841819474
0.118581557571255
0.881418442428745
0
0.118349085496137
0.415056017555538
0.466594896948325
0.11837795477217
0.450753029824331
0.430869015403499
0.11841283952558
0.519030163329873
0.362556997144547
0.118457819104813
0.532309032997819
0.349233147897369
0.118498421692661
0.527401599079774
0.354099979227566
0.118529319001854
0.528235922016144
0.353234758982002
0.11855197789509
0.544345628165333
0.337102393939577
0.118568428665069
0.58907512993294
0.292356441401991
0.118581293381628
0.795026545289009
0.0863921613293639
0.118590014793283
0.881409985206717
0
0.11839461259381
0.468444049160575
0.413161338245615
0.11841283952558
0.519030163329873
0.362556997144547
0.11844767753384
0.530289844360074
0.351262478106086
0.118484883868067
0.527228177503676
0.354286938628257
0.118518008675598
0.524254356841364
0.357227634483039
0.118545330388353
0.530113002472944
0.351341667138704
0.118567155533155
0.548901798472602
0.332531045994243
0.118584181791823
0.596841304493041
0.284574513715136
0.118598254290864
0.833334259282467
0.0480674864266691
0.118607335157751
0.881392664842249
0
0.118438240145227
0.53600864783341
0.345553112021362
0.118457819104813
0.532309032997819
0.349233147897368
0.118484883868067
0.527228177503674
0.354286938628259
0.118513735195091
0.523484863576113
0.358001401228796
0.118541481564568
0.525310697242795
0.356147821192636
0.118566803174792
0.534566828993528
0.34686636783168
0.118588961579874
0.554421176504324
0.326989861915802
0.118607623541067
0.604533263188607
0.276859113270326
0.118623719117354
0.860365442442392
0.0210108384402548
0.11863438893806
0.88136561106194
0
0.118485932812777
0.535275377636983
0.34623868955024
0.118498421692661
0.527401599079773
0.354099979227566
0.118518008675598
0.524254356841363
0.357227634483039
0.118541481564568
0.525310697242795
0.356147821192637
0.118566744211233
0.530837279530137
0.350595976258631
0.118592242683186
0.541359226481439
0.340048530835375
0.11861664755413
0.560704538071889
0.32067881437398
0.118639033494427
0.611324261434881
0.270036705070692
0.118659363409407
0.870016374608842
0.0113242619817514
0.11867283071808
0.88132716928192
0
0.118520545716889
0.52936868330757
0.352110770975541
0.118529319001855
0.528235922016143
0.353234758982002
0.118545330388353
0.530113002472943
0.351341667138704
0.118566803174792
0.534566828993525
0.346866367831682
0.118592242683186
0.541359226481437
0.340048530835376
0.118620286065254
0.551258475658394
0.330121238276352
0.118649507884214
0.568785917536697
0.312564574579089
0.118678649555747
0.617864609422044
0.263456741022209
0.118706523651842
0.866133577329743
0.0151598990184157
0.118725689260309
0.881274310739691
0
0.118544183014742
0.541211626559976
0.340244190425282
0.11855197789509
0.544345628165333
0.337102393939577
0.118567155533155
0.548901798472602
0.332531045994242
0.118588961579874
0.554421176504322
0.326989861915804
0.11861664755413
0.560704538071888
0.320678814373982
0.118649507884214
0.568785917536697
0.312564574579089
0.118686592132418
0.584020843062248
0.297292564805334
0.118727099241414
0.629586694508713
0.251686206249874
0.118768960733074
0.869732048441749
0.0114989908251773
0.118799930050717
0.881200069949283
0
0.118560520261371
0.582083301085445
0.299356178653184
0.118568428665069
0.589075129932937
0.292356441401994
0.118584181791823
0.596841304493042
0.284574513715135
0.118607623541067
0.604533263188605
0.276859113270328
0.118639033494427
0.611324261434881
0.270036705070693
0.118678649555747
0.617864609422044
0.263456741022209
0.118727099241414
0.629586694508712
0.251686206249874
0.118784227955977
0.679433240250929
0.201782531793094
0.118851554687109
0.881148445312891
0
0.118910315980753
0.881089684019247
0
0.118572779944642
0.754732378235881
0.126694841819476
0.118581293381628
0.795026545289005
0.0863921613293672
0.118598254290864
0.833334259282465
0.0480674864266708
0.118623719117354
0.86036544244239
0.0210108384402564
0.118659363409407
0.870016374608841
0.0113242619817517
0.118706523651842
0.866133577329742
0.0151598990184159
0.118768960733074
0.869732048441749
0.0114989908251775
0.118851554687109
0.881148445312891
0
0.118962130015216
0.881037869984784
0
0.119085261880295
0.880914738119705
0
0.118581557571255
0.881418442428745
0
0.118590014793283
0.881409985206717
0
0.118607335157751
0.881392664842249
0
0.11863438893806
0.88136561106194
0
0.11867283071808
0.88132716928192
0
0.118725689260309
0.881274310739691
0
0.118799930050717
0.881200069949283
0
0.118910315980753
0.881089684019247
0
0.119085261880295
0.880914738119705
0
0.119377044319032
0.880622955680968
0
0.118289068264213
0.454628422623336
0.427082509112451
0.118350897918884
0.52366216286133
0.357986939219786
0.118396088924874
0.865717984164462
0.0158859269106635
0.118438419424892
0.881561580575108
0
0.118486062403088
0.881513937596912
0
0.118520761858998
0.881479238141002
0
0.118544535437449
0.881455464562551
0
0.118560913749167
0.881439086250833
0
0.118572940615631
0.881427059384369
0
0.11858146450368
0.88141853549632
0
0.118350897918884
0.523662162861334
0.357986939219782
0.11837957980871
0.815403878184438
0.0662165420068517
0.118413118223417
0.881586881776583
0
0.118457980811232
0.881542019188768
0
0.118498595478238
0.881501404521762
0
0.118529615243883
0.881470384756117
0
0.118552357183873
0.881447642816127
0
0.118568798851132
0.881431201148868
0
0.118581440978011
0.881418559021989
0
0.118589919174305
0.881410080825695
0
0.118396088924874
0.865717984164474
0.0158859269106517
0.118413118223417
0.881586881776583
0
0.118447872851325
0.881552127148675
0
0.118485060051464
0.881514939948536
0
0.118518258587869
0.881481741412131
0
0.118545681628228
0.881454318371772
0
0.118567554065823
0.881432445934177
0
0.118584533332252
0.881415466667748
0
0.118598392866504
0.881401607133496
0
0.118607241091408
0.881392758908592
0
0.118438419424892
0.881561580575108
0
0.118457980811232
0.881542019188768
0
0.118485060051464
0.881514939948536
0
0.118513969460401
0.881486030539599
0
0.118541808652863
0.881458191347137
0
0.118567190936981
0.881432809063019
0
0.118589376072178
0.881410623927822
0
0.118607968867544
0.881392031132456
0
0.11862386161319
0.881376138386811
0
0.11863429832727
0.88136570167273
0
0.118486062403088
0.881513937596912
0
0.118498595478238
0.881501404521762
0
0.118518258587869
0.881481741412131
0
0.118541808652863
0.881458191347137
0
0.118567125392304
0.881432874607696
0
0.118592651998449
0.881407348001551
0
0.118617081453376
0.881382918546624
0
0.118639386357252
0.881360613642748
0
0.118659511517734
0.881340488482267
0
0.118672749922647
0.881327250077353
0
0.118520761858998
0.881479238141002
0
0.118529615243883
0.881470384756117
0
0.118545681628229
0.881454318371771
0
0.118567190936981
0.881432809063019
0
0.118592651998449
0.881407348001551
0
0.11862071234824
0.88137928765176
0
0.118649970352017
0.881350029647983
0
0.118679014128689
0.881320985871311
0
0.118706678380571
0.881293321619429
0
0.118725624940481
0.881274375059519
0
0.118544535437449
0.881455464562551
0
0.118552357183873
0.881447642816127
0
0.118567554065823
0.881432445934177
0
0.118589376072177
0.881410623927823
0
0.118617081453376
0.881382918546624
0
0.118649970352017
0.881350029647983
0
0.118687095630359
0.881312904369641
0
0.118727475714041
0.881272524285959
0
0.118769122835707
0.881230877164293
0
0.118799894913203
0.881200105086797
0
0.118560913749167
0.881439086250833
0
0.118568798851132
0.881431201148868
0
0.118584533332252
0.881415466667748
0
0.118607968867544
0.881392031132456
0
0.118639386357253
0.881360613642748
0
0.118679014128689
0.881320985871311
0
0.118727475714041
0.881272524285959
0
0.118784598328942
0.881215401671058
0
0.118851694018698
0.881148305981302
0
0.11891030554952
0.88108969445048
0
0.118572940615631
0.881427059384369
0
0.118581440978011
0.881418559021989
0
0.118598392866504
0.881401607133496
0
0.11862386161319
0.88137613838681
0
0.118659511517734
0.881340488482266
0
0.118706678380571
0.881293321619429
0
0.118769122835707
0.881230877164293
0
0.118851694018698
0.881148305981302
0
0.118962256813121
0.881037743186879
0
0.11908527971919
0.88091472028081
0
0.11858146450368
0.88141853549632
0
0.118589919174305
0.881410080825695
0
0.118607241091408
0.881392758908592
0
0.11863429832727
0.88136570167273
0
0.118672749922647
0.881327250077353
0
0.118725624940481
0.881274375059519
0
0.118799894913203
0.881200105086797
0
0.11891030554952
0.88108969445048
0
0.11908527971919
0.88091472028081
0
0.119380141329819
0.880619858670181
0
0.118292532784341
0.580452943093223
0.301254524122437
0.118353258615932
0.684179585892079
0.19746715549199
0.118396869523017
0.869758031756622
0.0118450987203612
0.118438283713827
0.881561716286173
0
0.118485844604802
0.881514155395198
0
0.118520568389811
0.881479431610189
0
0.118544370374206
0.881455629625794
0
0.118560776190902
0.881439223809098
0
0.118572805540443
0.881427194459557
0
0.118581271921782
0.881418728078218
0
0.118353258615931
0.684179585892081
0.197467155491988
0.118380461220125
0.833925124515837
0.0476944142640384
0.118413022282021
0.881586977717979
0
0.118457771739057
0.881542228260943
0
0.118498391344872
0.881501608655128
0
0.118529434712971
0.881470565287029
0
0.118552198747674
0.881447801252327
0
0.118568666057548
0.881431333942452
0
0.118581299084944
0.881418700915056
0
0.11858973218279
0.88141026781721
0
0.118396869523016
0.869758031756624
0.0118450987203598
0.118413022282021
0.881586977717979
0
0.118447668349633
0.881552331650367
0
0.118484853650574
0.881515146349426
0
0.118518068614163
0.881481931385837
0
0.118545512142055
0.881454487857945
0
0.11856740323966
0.88143259676034
0
0.118584406784375
0.881415593215625
0
0.11859824589287
0.88140175410713
0
0.118607062090252
0.881392937909748
0
0.118438283713827
0.881561716286173
0
0.118457771739057
0.881542228260943
0
0.118484853650574
0.881515146349426
0
0.118513776446565
0.881486223553435
0
0.118541633472467
0.881458366527533
0
0.11856703169338
0.88143296830662
0
0.118589232941351
0.881410767058649
0
0.118607852801821
0.881392147198179
0
0.118623733548939
0.881376266451061
0
0.118634126658608
0.881365873341392
0
0.118485844604802
0.881514155395198
0
0.118498391344872
0.881501608655128
0
0.118518068614163
0.881481931385837
0
0.118541633472467
0.881458366527533
0
0.118566963184398
0.881433036815602
0
0.118592502500948
0.881407497499052
0
0.118616949247614
0.881383050752386
0
0.118639284675276
0.881360715324724
0
0.118659403117573
0.881340596882427
0
0.118672592022867
0.881327407977133
0
0.118520568389811
0.881479431610189
0
0.118529434712971
0.881470565287029
0
0.118545512142055
0.881454487857945
0
0.11856703169338
0.88143296830662
0
0.118592502500948
0.881407497499052
0
0.11862057429094
0.88137942570906
0
0.118649850896735
0.881350149103265
0
0.11867893195071
0.88132106804929
0
0.118706597578213
0.881293402421787
0
0.118725489897903
0.881274510102097
0
0.118544370374205
0.881455629625795
0
0.118552198747674
0.881447801252327
0
0.11856740323966
0.88143259676034
0
0.118589232941351
0.881410767058649
0
0.118616949247614
0.881383050752386
0
0.118649850896735
0.881350149103265
0
0.118687004109813
0.881312995890187
0
0.118727423191048
0.881272576808952
0
0.118769072926323
0.881230927073677
0
0.118799801113243
0.881200198886757
0
0.118560776190902
0.881439223809098
0
0.118568666057548
0.881431333942452
0
0.118584406784375
0.881415593215625
0
0.118607852801821
0.881392147198179
0
0.118639284675276
0.881360715324724
0
0.11867893195071
0.88132106804929
0
0.118727423191048
0.881272576808952
0
0.118784648258729
0.881215351741271
0
0.118851752704726
0.881148247295274
0
0.118910243277967
0.881089756722033
0
0.118572805540443
0.881427194459557
0
0.118581299084944
0.881418700915056
0
0.11859824589287
0.88140175410713
0
0.118623733548939
0.881376266451061
0
0.118659403117573
0.881340596882427
0
0.118706597578213
0.881293402421787
0
0.118769072926323
0.881230927073677
0
0.118851752704726
0.881148247295274
0
0.118962396778144
0.881037603221856
0
0.119085245259656
0.880914754740344
0
0.118581271921782
0.881418728078218
0
0.11858973218279
0.88141026781721
0
0.118607062090252
0.881392937909748
0
0.118634126658608
0.881365873341392
0
0.118672592022867
0.881327407977133
0
0.118725489897903
0.881274510102097
0
0.118799801113243
0.881200198886757
0
0.118910243277967
0.881089756722033
0
0.119085245259656
0.880914754740344
0
0.1193866415243
0.8806133584757
0
