0.11828167938794
0.394147956469529
0.487570364142531
0.118343787928967
0.41485749150281
0.466798720568223
0.118389291805348
0.467807492132979
0.413803216061673
0.118432756220909
0.535609197642406
0.345958046136685
0.118480401898422
0.535716202501618
0.34580339559996
0.118515155150285
0.529596102505775
0.35188874234394
0.118538858574468
0.540974899087383
0.340486242338149
0.118555196127891
0.581340689986008
0.300104113886101
0.118567429875796
0.751951948532432
0.129480621591772
0.118576204861316
0.881423795138684
0
0.118343787928967
0.414857491502807
0.466798720568225
0.118372637586607
0.45020353412001
0.431423828293384
0.118407419563509
0.518513256195991
0.363079324240501
0.118452287891891
0.532471858075268
0.349075854032841
0.118492955163063
0.527738749180961
0.353768295655977
0.118523948959094
0.528248970965615
0.353227080075291
0.118546637788781
0.543996075465727
0.337457286745492
0.118563059732323
0.588184109653575
0.293252830614102
0.118575853132133
0.791554386181717
0.0898697606861507
0.118584596150766
0.881415403849234
0
0.118389291805348
0.467807492132977
0.413803216061674
0.118407419563509
0.51851325619599
0.363079324240501
0.118442162514922
0.530330494425493
0.351227343059585
0.118479395097006
0.527547238150226
0.353973366752768
0.118512601891902
0.524411685098766
0.357075713009332
0.118539967151356
0.529958200554209
0.351501832294435
0.118561774417927
0.548450542080531
0.332987683501543
0.118578722735517
0.595776733225418
0.285644544039065
0.118592673281758
0.829259926074651
0.0521474006435907
0.118601734254788
0.881398265745212
0
0.118432756220909
0.535609197642404
0.345958046136687
0.118452287891891
0.532471858075269
0.34907585403284
0.118479395097006
0.527547238150225
0.353973366752769
0.118508317645749
0.523685850996574
0.357805831357676
0.118536108276047
0.525255214314492
0.356208677409461
0.118561418919249
0.53427141726413
0.347167163816621
0.118583497260206
0.553870656868412
0.327545845871382
0.118601984375092
0.603256472658035
0.278141542966874
0.11861782497239
0.85594210254393
0.0254400724836799
0.118628433946807
0.881371566053193
0
0.118480401898422
0.535716202501616
0.345803395599962
0.118492955163063
0.52773874918096
0.353768295655977
0.118512601891902
0.524411685098765
0.357075713009333
0.118536108276047
0.525255214314491
0.356208677409462
0.118561365219523
0.530590225735977
0.350848409044499
0.118586806245696
0.540940626052034
0.34047256770227
0.118611066151475
0.560039676326326
0.321349257522198
0.118633132869936
0.609774436518636
0.271592430611428
0.118652900701625
0.864841437666273
0.0165056616321017
0.118666386451428
0.881333613548572
0
0.118515155150285
0.529596102505771
0.351888742343944
0.118523948959094
0.528248970965615
0.353227080075291
0.118539967151356
0.529958200554209
0.351501832294435
0.118561418919249
0.534271417264128
0.347167163816624
0.118586806245696
0.540940626052033
0.340472567702271
0.118614764874999
0.550698532003041
0.33068670312196
0.118643823314698
0.567937972723358
0.313418203961944
0.118672613096678
0.615907485098975
0.265419901804347
0.118699793289196
0.85928505445227
0.0220151522585339
0.118718932992978
0.881281067007022
0
0.118538858574468
0.540974899087381
0.340486242338151
0.118546637788781
0.543996075465727
0.337457286745492
0.118561774417927
0.548450542080531
0.332987683501543
0.118583497260206
0.553870656868411
0.327545845871383
0.118611066151475
0.560039676326325
0.3213492575222
0.118643823314698
0.567937972723357
0.313418203961945
0.118680744649544
0.582702542254996
0.298616713095461
0.118721056600902
0.626829836710326
0.254449106688772
0.118762061242205
0.859999012309531
0.0212389264482643
0.118792932627991
0.881207067372008
0
0.118555196127891
0.581340689986007
0.300104113886102
0.118563059732323
0.588184109653573
0.293252830614104
0.118578722735517
0.59577673322542
0.285644544039064
0.118601984375092
0.603256472658034
0.278141542966875
0.118633132869936
0.609774436518635
0.271592430611429
0.118672613096678
0.615907485098975
0.265419901804347
0.118721056600902
0.626829836710325
0.254449106688773
0.118778114703839
0.67265765110488
0.20856423419128
0.11884447094823
0.88115552905177
0
0.11890273590408
0.88109726409592
0
0.118567429875796
0.751951948532429
0.129480621591775
0.118575853132133
0.791554386181713
0.0898697606861539
0.118592673281758
0.82925992607465
0.0521474006435924
0.11861782497239
0.855942102543929
0.0254400724836811
0.118652900701625
0.864841437666273
0.0165056616321019
0.118699793289196
0.85928505445227
0.0220151522585339
0.118762061242205
0.859999012309531
0.0212389264482645
0.11884447094823
0.88115552905177
0
0.11895383589765
0.88104616410235
0
0.119077318331904
0.880922681668096
0
0.118576204861316
0.881423795138684
0
0.118584596150766
0.881415403849234
0
0.118601734254788
0.881398265745212
0
0.118628433946807
0.881371566053193
0
0.118666386451428
0.881333613548572
0
0.118718932992978
0.881281067007022
0
0.118792932627991
0.881207067372008
0
0.11890273590408
0.88109726409592
0
0.119077318331904
0.880922681668096
0
0.119369256437964
0.880630743562036
0
0.118283812520708
0.454420456099357
0.427295731379935
0.118345597727091
0.522984281004749
0.35867012126816
0.118390736572318
0.863595587174647
0.0180136762530351
0.11843293854379
0.88156706145621
0
0.118480532850101
0.881519467149899
0
0.11851536928373
0.88148463071627
0
0.118539210671563
0.881460789328437
0
0.118555594303785
0.881444405696215
0
0.118567592006816
0.881432407993184
0
0.1185761121952
0.8814238878048
0
0.118345597727091
0.522984281004754
0.358670121268155
0.118374270110085
0.812050883299815
0.0695748465900994
0.118407700325356
0.881592299674644
0
0.118452456634565
0.881547543365435
0
0.118493129943585
0.881506870056415
0
0.118524243594025
0.881475756405975
0
0.118547018235191
0.881452981764809
0
0.118563435233617
0.881436564766383
0
0.118576002454042
0.881423997545958
0
0.1185845006171
0.8814154993829
0
0.118390736572318
0.863595587174659
0.0180136762530233
0.118407700325356
0.881592299674644
0
0.118442363134193
0.881557636865807
0
0.118479574535008
0.881520425464992
0
0.118512850742221
0.881487149257779
0
0.118540319070015
0.881459680929985
0
0.118562175533468
0.881437824466532
0
0.118579078827358
0.881420921172642
0
0.118592812763685
0.881407187236315
0
0.118601640339183
0.881398359660817
0
0.11843293854379
0.88156706145621
0
0.118452456634565
0.881547543365435
0
0.118479574535008
0.881520425464992
0
0.118508551423236
0.881491448576764
0
0.118536435974183
0.881463564025817
0
0.118561810159035
0.881438189840965
0
0.11858391482179
0.88141608517821
0
0.118602332003942
0.881397667996058
0
0.118617966929538
0.881382033070462
0
0.118628343501158
0.881371656498842
0
0.118480532850101
0.881519467149899
0
0.118493129943585
0.881506870056415
0
0.118512850742221
0.881487149257779
0
0.118536435974183
0.881463564025817
0
0.118561750327353
0.881438249672647
0
0.118587221190457
0.881412778809543
0
0.118611502302217
0.881388497697783
0
0.118633483598775
0.881366516401225
0
0.118653045235764
0.881346954764237
0
0.118666305023637
0.881333694976363
0
0.11851536928373
0.88148463071627
0
0.118524243594025
0.881475756405975
0
0.118540319070015
0.881459680929985
0
0.118561810159035
0.881438189840965
0
0.118587221190457
0.881412778809543
0
0.11861519751906
0.88138480248094
0
0.118644288285197
0.881355711714803
0
0.118672976304975
0.881327023695025
0
0.118699944304747
0.881300055695253
0
0.118718868348417
0.881281131651583
0
0.118539210671563
0.881460789328437
0
0.118547018235191
0.881452981764809
0
0.118562175533469
0.881437824466532
0
0.11858391482179
0.88141608517821
0
0.118611502302217
0.881388497697782
0
0.118644288285197
0.881355711714803
0
0.118681265591789
0.881318734408211
0
0.118721430479302
0.881278569520698
0
0.118762224000388
0.881237775999612
0
0.118792897895032
0.881207102104968
0
0.118555594303785
0.881444405696216
0
0.118563435233617
0.881436564766383
0
0.118579078827358
0.881420921172642
0
0.118602332003942
0.881397667996058
0
0.118633483598775
0.881366516401225
0
0.118672976304975
0.881327023695025
0
0.118721430479302
0.881278569520698
0
0.118778484170893
0.881221515829107
0
0.118844620699591
0.881155379300409
0
0.118902733174826
0.881097266825174
0
0.118567592006816
0.881432407993184
0
0.118576002454042
0.881423997545958
0
0.118592812763685
0.881407187236315
0
0.118617966929538
0.881382033070462
0
0.118653045235764
0.881346954764236
0
0.118699944304747
0.881300055695253
0
0.118762224000388
0.881237775999612
0
0.118844620699591
0.881155379300409
0
0.118953983767993
0.881046016232007
0
0.11907734071477
0.88092265928523
0
0.1185761121952
0.8814238878048
0
0.1185845006171
0.8814154993829
0
0.118601640339183
0.881398359660817
0
0.118628343501158
0.881371656498842
0
0.118666305023637
0.881333694976363
0
0.118718868348417
0.881281131651583
0
0.118792897895032
0.881207102104968
0
0.118902733174826
0.881097266825174
0
0.11907734071477
0.88092265928523
0
0.119372356610494
0.880627643389506
0
0.118287272607235
0.580240788789998
0.301471938602767
0.118347955755035
0.683614336946964
0.198037707298001
0.118391518280022
0.867913937394062
0.0136945443259159
0.118432803887959
0.881567196112041
0
0.118480316002226
0.881519683997774
0
0.118515174676259
0.881484825323741
0
0.118539044575932
0.881460955424068
0
0.118555455940166
0.881444544059834
0
0.118567456442368
0.881432543557632
0
0.118575919084891
0.881424080915109
0
0.118347955755035
0.683614336946966
0.198037707297999
0.118375159842535
0.832506822475493
0.0491180176819717
0.118407605172274
0.881592394827726
0
0.118452248152166
0.881547751847834
0
0.118492925143954
0.881507074856046
0
0.118524061939452
0.881475938060548
0
0.118546858905429
0.881453141094571
0
0.118563301670975
0.881436698329025
0
0.11857586124077
0.88142413875923
0
0.118584312676273
0.881415687323727
0
0.118391518280022
0.867913937394064
0.0136945443259144
0.118407605172274
0.881592394827726
0
0.118442158986504
0.881557841013496
0
0.118479367847515
0.881520632152486
0
0.118512659746641
0.881487340253359
0
0.118540148644423
0.881459851355577
0
0.11856202391667
0.88143797608333
0
0.118578951256683
0.881421048743318
0
0.118592665324523
0.881407334675477
0
0.118601460508922
0.881398539491078
0
0.118432803887959
0.881567196112041
0
0.118452248152166
0.881547751847834
0
0.118479367847515
0.881520632152485
0
0.118508357466331
0.881491642533669
0
0.118536259852622
0.881463740147378
0
0.118561650216212
0.881438349783788
0
0.118583770864705
0.881416229135295
0
0.118602214169378
0.881397785830622
0
0.118617835883169
0.881382164116831
0
0.118628171219831
0.881371828780169
0
0.118480316002226
0.881519683997774
0
0.118492925143954
0.881507074856046
0
0.118512659746641
0.881487340253359
0
0.118536259852622
0.881463740147378
0
0.118561587458678
0.881438412541322
0
0.118587071178246
0.881412928821754
0
0.118611369028334
0.881388630971666
0
0.118633378695283
0.881366621304717
0
0.118652930745846
0.881347069254154
0
0.118666146131421
0.881333853868579
0
0.118515174676259
0.881484825323741
0
0.118524061939452
0.881475938060548
0
0.118540148644423
0.881459851355577
0
0.118561650216212
0.881438349783788
0
0.118587071178246
0.881412928821754
0
0.118615058945827
0.881384941054173
0
0.118644167529467
0.881355832470533
0
0.118672890303083
0.881327109696917
0
0.11869985681117
0.88130014318883
0
0.118718732349603
0.881281267650397
0
0.118539044575932
0.881460955424068
0
0.118546858905429
0.881453141094571
0
0.11856202391667
0.88143797608333
0
0.118583770864705
0.881416229135295
0
0.118611369028334
0.881388630971666
0
0.118644167529467
0.881355832470533
0
0.118681173959396
0.881318826040604
0
0.118721371387072
0.881278628612928
0
0.118762175454166
0.881237824545834
0
0.118792802894545
0.881207197105455
0
0.118555455940166
0.881444544059834
0
0.118563301670975
0.881436698329025
0
0.118578951256683
0.881421048743318
0
0.118602214169378
0.881397785830622
0
0.118633378695283
0.881366621304717
0
0.118672890303083
0.881327109696917
0
0.118721371387072
0.881278628612928
0
0.118778518098393
0.881221481901607
0
0.118844676636786
0.881155323363214
0
0.118902680800511
0.881097319199489
0
0.118567456442368
0.881432543557632
0
0.11857586124077
0.88142413875923
0
0.118592665324523
0.881407334675477
0
0.118617835883169
0.881382164116831
0
0.118652930745846
0.881347069254154
0
0.11869985681117
0.88130014318883
0
0.118762175454166
0.881237824545834
0
0.118844676636786
0.881155323363214
0
0.118954156117325
0.881045843882675
0
0.119077311492583
0.880922688507417
0
0.118575919084891
0.881424080915109
0
0.118584312676273
0.881415687323727
0
0.118601460508922
0.881398539491078
0
0.118628171219831
0.881371828780169
0
0.118666146131421
0.881333853868579
0
0.118718732349603
0.881281267650397
0
0.118792802894545
0.881207197105455
0
0.118902680800511
0.881097319199489
0
0.119077311492583
0.880922688507417
0
0.119378863281178
0.880621136718822
0
