0.118276508858045
0.394083185363091
0.487640305778864
0.118338562207263
0.414658395039789
0.467003042752948
0.118384025275632
0.467196433018031
0.414419541706337
0.118427313431225
0.535202007413322
0.346370679155453
0.118474874678236
0.536119238691058
0.345405886630706
0.118509730007212
0.529830887358395
0.351659382634392
0.118533478003399
0.540749071945772
0.34071745005083
0.118549805636532
0.58061347357657
0.300836720786899
0.118561973919151
0.749222467773741
0.132215558307108
0.118570734622404
0.881429265377596
0
0.118338562207263
0.414658395039787
0.46700304275295
0.118367382180515
0.449656112795864
0.431976505023622
0.118402052816428
0.517989052819891
0.36360889436368
0.118446782867825
0.53260664046534
0.348946576666835
0.118487475999528
0.528072304233977
0.353440219766495
0.118518537087252
0.528272323700067
0.353209139212682
0.118541236458827
0.543656339596848
0.337802423944325
0.118557613608599
0.587310166923915
0.294132219467486
0.118570323973506
0.788118313047557
0.0933113629789369
0.118579073099734
0.881420926900266
0
0.118384025275632
0.467196433018029
0.414419541706339
0.118402052816428
0.517989052819891
0.363608894363681
0.118436679984532
0.530347039188815
0.351216280826653
0.118473905154779
0.527855199324304
0.353670895520917
0.118507163417247
0.524576418575678
0.356916418007075
0.118534552418823
0.529813767228749
0.351651680352428
0.118556335984629
0.548009418507385
0.333434245507986
0.118573213972489
0.594735450920802
0.286691335106709
0.11858704773301
0.825241430841449
0.0561715214255419
0.118596083810521
0.881403916189479
0
0.118427313431225
0.53520200741332
0.346370679155455
0.118446782867825
0.532606640465341
0.348946576666834
0.118473905154779
0.527855199324303
0.353670895520918
0.118502871141872
0.523892456105671
0.357604672752456
0.118530684228169
0.525210269718235
0.356259046053596
0.118555976075023
0.533985623018113
0.347458400906864
0.118577995698529
0.553331556516305
0.328090447785167
0.118596375956907
0.602010839569276
0.279392784473816
0.118612071349823
0.85151522478022
0.029872703869957
0.118622557190178
0.881377442809822
0
0.118474874678236
0.536119238691055
0.345405886630708
0.118487475999528
0.528072304233977
0.353440219766495
0.118507163417247
0.524576418575678
0.356916418007076
0.118530684228169
0.525210269718234
0.356259046053598
0.118555921269393
0.530352874981997
0.35109120374861
0.118581307221957
0.540531599044952
0.340887093733092
0.118605471824234
0.559389470356641
0.322005057819126
0.118627370334977
0.608268773143122
0.273103856521902
0.118646851036433
0.85962530931419
0.0217278396493767
0.118660194383488
0.881339805616512
0
0.118509730007213
0.529830887358391
0.351659382634397
0.118518537087252
0.528272323700066
0.353209139212682
0.118534552418824
0.529813767228748
0.351651680352428
0.118555976075023
0.533985623018111
0.347458400906867
0.118581307221957
0.540531599044951
0.340887093733092
0.118609181747933
0.5501506766243
0.331240141627768
0.1186381148999
0.567112289448391
0.314249595651709
0.118666699566911
0.614021443664377
0.267311856768713
0.118693494551324
0.852528610306816
0.0287778951418602
0.118712367837423
0.881287632162577
0
0.118533478003399
0.54074907194577
0.340717450050831
0.118541236458827
0.543656339596847
0.337802423944325
0.118556335984629
0.548009418507385
0.333434245507986
0.118577995698529
0.553331556516303
0.328090447785168
0.118605471824234
0.559389470356639
0.322005057819127
0.1186381148999
0.56711228944839
0.31424959565171
0.118674845567054
0.581424988921327
0.299900165511619
0.118714982030588
0.624225449328953
0.257059568640458
0.118755330188113
0.850377041019816
0.0308676287920716
0.118785814599118
0.881214185400882
0
0.118549805636532
0.580613473576569
0.300836720786899
0.118557613608599
0.587310166923912
0.294132219467489
0.118573213972489
0.594735450920804
0.286691335106707
0.118596375956907
0.602010839569276
0.279392784473817
0.118627370334976
0.608268773143121
0.273103856521902
0.118666699566911
0.614021443664377
0.267311856768712
0.118714982030588
0.624225449328952
0.257059568640459
0.118771743998341
0.66653163123837
0.214696624763289
0.118837032958277
0.881162967041723
0
0.118894672404058
0.881105327595942
0
0.118561973919151
0.749222467773739
0.132215558307111
0.118570323973506
0.788118313047554
0.0933113629789397
0.118587047733009
0.825241430841448
0.056171521425543
0.118612071349823
0.851515224780219
0.0298727038699581
0.118646851036433
0.85962530931419
0.0217278396493774
0.118693494551324
0.852528610306816
0.0287778951418605
0.118755330188113
0.850377041019816
0.0308676287920718
0.118837032958277
0.881162967041723
0
0.118944905957215
0.881055094042785
0
0.119068709075266
0.880931290924734
0
0.118570734622404
0.881429265377596
0
0.118579073099734
0.881420926900266
0
0.118596083810521
0.881403916189479
0
0.118622557190178
0.881377442809822
0
0.118660194383488
0.881339805616512
0
0.118712367837423
0.881287632162577
0
0.118785814599118
0.881214185400882
0
0.118894672404058
0.881105327595942
0
0.119068709075266
0.880931290924734
0
0.119360769799338
0.880639230200662
0
0.118278639569696
0.454209790338397
0.427511570091907
0.118340369510235
0.522313599917392
0.359346030572372
0.118385441294987
0.861464303384602
0.0201502553204111
0.118427499910966
0.881572500089034
0
0.118475007076761
0.881524992923239
0
0.118509942725883
0.881490057274117
0
0.118533828856239
0.881466171143761
0
0.118550203294593
0.881449796705407
0
0.118562137554138
0.881437862445862
0
0.118570642264745
0.881429357735255
0
0.118340369510236
0.522313599917397
0.359346030572368
0.118369018381862
0.808664647295673
0.0729663343224651
0.118402340229831
0.881597659770169
0
0.11844695989603
0.88155304010397
0
0.118487652739455
0.881512347260545
0
0.118518829546117
0.881481170453883
0
0.11854161650883
0.88145838349117
0
0.118557993687382
0.881442006312618
0
0.118570474849289
0.881429525150711
0
0.118578977441595
0.881421022558405
0
0.118385441294987
0.861464303384614
0.0201502553203995
0.118402340229831
0.881597659770169
0
0.118436887477547
0.881563112522453
0
0.118474088843761
0.881525911156239
0
0.118507410698466
0.881492589301534
0
0.118534902740747
0.881465097259253
0
0.118556736830578
0.881443263169422
0
0.11857357314836
0.88142642685164
0
0.118587188408738
0.881412811591262
0
0.118595989498111
0.881404010501889
0
0.118427499910966
0.881572500089034
0
0.11844695989603
0.881553040103971
0
0.118474088843761
0.881525911156239
0
0.118503103951349
0.881496896048651
0
0.118531009916763
0.881468990083237
0
0.118556366655513
0.881443633344487
0
0.118578412456187
0.881421587543813
0
0.11859672526851
0.88140327473149
0
0.118612213006771
0.881387786993229
0
0.118622466402839
0.881377533597161
0
0.118475007076761
0.881524992923239
0
0.118487652739455
0.881512347260545
0
0.118507410698466
0.881492589301534
0
0.118531009916763
0.881468990083237
0
0.118556305691488
0.881443694308512
0
0.118581722081175
0.881418277918825
0
0.118605906124003
0.881394093875997
0
0.118627721387665
0.881372278612335
0
0.118646995740386
0.881353004259614
0
0.118660112257931
0.881339887742069
0
0.118509942725883
0.881490057274117
0
0.118518829546117
0.881481170453883
0
0.118534902740747
0.881465097259253
0
0.118556366655513
0.881443633344487
0
0.118581722081175
0.881418277918825
0
0.118609613996654
0.881390386003346
0
0.118638577153527
0.881361422846473
0
0.118667062980558
0.881332937019442
0
0.118693644928948
0.881306355071052
0
0.11871230282795
0.88128769717205
0
0.118533828856239
0.881466171143761
0
0.11854161650883
0.88145838349117
0
0.118556736830578
0.881443263169422
0
0.118578412456187
0.881421587543813
0
0.118605906124003
0.881394093875997
0
0.118638577153527
0.881361422846473
0
0.118675378851033
0.881324621148967
0
0.118715352872944
0.881284647127056
0
0.118755493302344
0.881244506697656
0
0.118785780434471
0.881214219565529
0
0.118550203294593
0.881449796705407
0
0.118557993687382
0.881442006312618
0
0.11857357314836
0.88142642685164
0
0.11859672526851
0.88140327473149
0
0.118627721387665
0.881372278612335
0
0.118667062980558
0.881332937019442
0
0.118715352872944
0.881284647127056
0
0.118772113109933
0.881227886890067
0
0.118837194208935
0.881162805791066
0
0.118894677443661
0.88110532255634
0
0.118562137554138
0.881437862445862
0
0.118570474849289
0.881429525150711
0
0.118587188408739
0.881412811591261
0
0.118612213006771
0.881387786993229
0
0.118646995740386
0.881353004259614
0
0.118693644928948
0.881306355071052
0
0.118755493302344
0.881244506697656
0
0.118837194208935
0.881162805791066
0
0.11894507611916
0.88105492388084
0
0.119068736024824
0.880931263975176
0
0.118570642264745
0.881429357735255
0
0.118578977441595
0.881421022558405
0
0.118595989498111
0.881404010501889
0
0.118622466402839
0.881377533597161
0
0.118660112257931
0.881339887742069
0
0.11871230282795
0.88128769717205
0
0.118785780434471
0.881214219565529
0
0.118894677443661
0.881105322556339
0
0.119068736024825
0.880931263975176
0
0.119363873194685
0.880636126805315
0
0.118282095363114
0.580022439664315
0.301695464972571
0.118342725102233
0.683049307460736
0.19860796743703
0.118386224020761
0.866058127843173
0.0155556481360668
0.118427366373454
0.881572633626546
0
0.118474791257333
0.881525208742667
0
0.118509747054813
0.881490252945187
0
0.118533661616948
0.881466338383052
0
0.118550063631268
0.881449936368732
0
0.11856200160598
0.88143799839402
0
0.118570448551984
0.881429551448016
0
0.118342725102233
0.683049307460738
0.198607967437029
0.118369916938081
0.831125130833273
0.0505049522286462
0.118402246422753
0.881597753577247
0
0.118446752126017
0.881553247873983
0
0.11848744739273
0.88151255260727
0
0.118518646722188
0.881481353277812
0
0.118541456118486
0.881458543881514
0
0.118557859270438
0.881442140729562
0
0.118570334025328
0.881429665974672
0
0.118578788433634
0.881421211566366
0
0.11838622402076
0.866058127843174
0.0155556481360653
0.118402246422753
0.881597753577247
0
0.11843668384126
0.88156331615874
0
0.118473881991442
0.881526118008559
0
0.118507218650821
0.881492781349179
0
0.118534731171852
0.881465268828148
0
0.118556584123291
0.881443415876709
0
0.118573444330037
0.881426555669963
0
0.118587041025558
0.881412958974442
0
0.118595808384576
0.881404191615424
0
0.118427366373453
0.881572633626546
0
0.118446752126017
0.881553247873983
0
0.118473881991442
0.881526118008558
0
0.118502909026989
0.881497090973011
0
0.118530832634248
0.881469167365752
0
0.118556205629388
0.881443794370612
0
0.118578267275539
0.881421732724461
0
0.118596605693934
0.881403394306066
0
0.118612079264858
0.881387920735142
0
0.118622293192712
0.881377706807288
0
0.118474791257333
0.881525208742667
0
0.11848744739273
0.88151255260727
0
0.118507218650821
0.881492781349179
0
0.118530832634248
0.881469167365752
0
0.118556141747753
0.881443858252247
0
0.118581570996994
0.881418429003006
0
0.118605771368577
0.881394228631423
0
0.11862761404918
0.88137238595082
0
0.118646880320498
0.881353119679502
0
0.118659952101103
0.881340047898898
0
0.118509747054813
0.881490252945187
0
0.118518646722188
0.881481353277812
0
0.118534731171852
0.881465268828148
0
0.118556205629388
0.881443794370612
0
0.118581570996994
0.881418429003006
0
0.118609474205758
0.881390525794242
0
0.118638454547462
0.881361545452538
0
0.118666973797505
0.881333026202495
0
0.118693554057103
0.881306445942897
0
0.118712165774511
0.88128783422549
0
0.118533661616948
0.881466338383052
0
0.118541456118486
0.881458543881514
0
0.118556584123291
0.881443415876709
0
0.118578267275539
0.881421732724461
0
0.118605771368577
0.881394228631423
0
0.118638454547462
0.881361545452538
0
0.118675286380469
0.881324713619531
0
0.118715287545951
0.881284712454049
0
0.118755443101754
0.881244556898246
0
0.11878568499473
0.88121431500527
0
0.118550063631268
0.881449936368732
0
0.118557859270438
0.881442140729562
0
0.118573444330037
0.881426555669963
0
0.118596605693934
0.881403394306066
0
0.11862761404918
0.88137238595082
0
0.118666973797505
0.881333026202495
0
0.118715287545951
0.881284712454049
0
0.118772132999328
0.881227867000672
0
0.118837247599166
0.881162752400834
0
0.118894635831015
0.881105364168985
0
0.11856200160598
0.88143799839402
0
0.118570334025328
0.881429665974672
0
0.118587041025558
0.881412958974442
0
0.118612079264858
0.881387920735142
0
0.118646880320498
0.881353119679502
0
0.118693554057103
0.881306445942897
0
0.118755443101754
0.881244556898246
0
0.118837247599166
0.881162752400834
0
0.118945283888522
0.881054716111478
0
0.119068712508748
0.880931287491252
0
0.118570448551984
0.881429551448016
0
0.118578788433634
0.881421211566366
0
0.118595808384575
0.881404191615424
0
0.118622293192712
0.881377706807288
0
0.118659952101102
0.881340047898898
0
0.118712165774511
0.88128783422549
0
0.11878568499473
0.88121431500527
0
0.118894635831015
0.881105364168985
0
0.119068712508749
0.880931287491251
0
0.119370386938092
0.880629613061908
0
