0.118271235638785
0.394873695163217
0.486855069197998
0.118334260525745
0.415961366718926
0.46570437275533
0.118380427902789
0.47173184446639
0.409887727630821
0.118425439131738
0.5278207139609
0.353753846907362
0.11847116743229
0.528598141385315
0.352930691182395
0.118504763319376
0.524875915934704
0.35661932074592
0.118528015416271
0.537941500729721
0.343530483854008
0.118544162075733
0.579003152771556
0.302452685152711
0.118556243333476
0.748311425582391
0.133132331084133
0.118565217742188
0.881434782257813
0
0.118334260525745
0.415961366718923
0.465704372755333
0.118363649838867
0.452757963078139
0.428878387082994
0.118399690168896
0.511748772829759
0.369851537001345
0.118443694187525
0.525870914205131
0.355685391607344
0.118483175172788
0.522191316250332
0.35932550857688
0.118513400095364
0.52433321098755
0.357153388917086
0.118535712413557
0.541255383771809
0.340208903814633
0.118551905343653
0.58588600826888
0.295562086387467
0.118564562476719
0.787338395034675
0.0940970424886059
0.11857356279745
0.88142643720255
0
0.118380427902789
0.471731844466386
0.409887727630825
0.118399690168896
0.511748772829758
0.369851537001346
0.118433546037379
0.524245711632562
0.357320742330059
0.118469899996147
0.521828232178275
0.359701867825578
0.118502331932703
0.51986815618956
0.361629511877737
0.118529200760964
0.52661376881781
0.354857030421226
0.118550727950272
0.545940288322766
0.335508983726962
0.118567472191049
0.593511338892106
0.287921188916845
0.118581290357331
0.824638813535198
0.0567798961074705
0.118590602123598
0.881409397876402
0
0.118425439131738
0.527820713960895
0.353753846907366
0.118443694187525
0.525870914205128
0.355685391607347
0.118469899996147
0.521828232178274
0.359701867825579
0.118498144977834
0.518932335856545
0.362569519165621
0.118525448767258
0.521535870645796
0.359938680586945
0.118550435520155
0.531378741175333
0.350070823304512
0.11857229655999
0.551528926714237
0.329898776725773
0.118590605586233
0.600957345816196
0.280452048597572
0.118606343034178
0.85128313739944
0.0301105195663825
0.118617144866268
0.881382855133732
0
0.11847116743229
0.528598141385309
0.352930691182401
0.118483175172788
0.522191316250331
0.359325508576881
0.118502331932703
0.519868156189559
0.361629511877737
0.118525448767258
0.521535870645794
0.359938680586947
0.11855040402848
0.52754505745807
0.35390453851345
0.118575620085495
0.538399268451391
0.343025111463114
0.118599719147519
0.557810360127965
0.323589920724516
0.118621552136216
0.607386164425192
0.273992283438592
0.118641182656267
0.859772678989592
0.0215861383541407
0.118654906561704
0.881345093438296
0
0.118504763319376
0.524875915934701
0.356619320745923
0.118513400095364
0.524333210987547
0.357153388917089
0.118529200760964
0.526613768817809
0.354857030421227
0.118550435520155
0.531378741175331
0.350070823304514
0.118575620085495
0.53839926845139
0.343025111463114
0.118603387385213
0.548403427160559
0.332993185454228
0.11863227280256
0.565729641884176
0.315638085313264
0.118660849820353
0.613351322316713
0.267987827862934
0.118687875940171
0.853881639212731
0.027430484847098
0.118707236162452
0.881292763837548
0
0.118528015416271
0.53794150072972
0.343530483854009
0.118535712413557
0.541255383771811
0.340208903814632
0.118550727950272
0.545940288322765
0.335508983726962
0.11857229655999
0.55152892671424
0.329898776725771
0.118599719147519
0.557810360127965
0.323589920724516
0.11863227280256
0.565729641884177
0.315638085313264
0.118668982708875
0.580270629919198
0.301060387371927
0.118709090497352
0.624082886431598
0.257208023071051
0.11874976504638
0.854399102476981
0.0268511324766392
0.118780797178251
0.881219202821749
0
0.118544162075733
0.579003152771557
0.30245268515271
0.118551905343653
0.585886008268881
0.295562086387466
0.118567472191049
0.593511338892107
0.287921188916844
0.118590605586233
0.600957345816198
0.280452048597569
0.118621552136216
0.607386164425195
0.27399228343859
0.118660849820353
0.613351322316713
0.267987827862934
0.118709090497352
0.624082886431598
0.257208023071051
0.118765842530927
0.668560401089039
0.212673756380034
0.118831674534749
0.881168325465251
0
0.118889418196682
0.881110581803318
0
0.118556243333476
0.748311425582391
0.133132331084133
0.118564562476719
0.787338395034677
0.0940970424886038
0.118581290357331
0.824638813535201
0.0567798961074681
0.118606343034178
0.851283137399443
0.0301105195663795
0.118641182656267
0.859772678989594
0.0215861383541383
0.118687875940171
0.853881639212733
0.027430484847096
0.11874976504638
0.854399102476982
0.0268511324766381
0.118831674534749
0.881168325465251
0
0.118940433325119
0.881059566674881
0
0.119061414269443
0.880938585730557
0
0.118565217742188
0.881434782257813
0
0.11857356279745
0.88142643720255
0
0.118590602123598
0.881409397876402
0
0.118617144866268
0.881382855133732
0
0.118654906561704
0.881345093438296
0
0.118707236162452
0.881292763837548
0
0.118780797178251
0.881219202821749
0
0.118889418196682
0.881110581803318
0
0.119061414269443
0.880938585730557
0
0.11934930088327
0.88065069911673
0
0.118273364022586
0.45614797143374
0.425578664543674
0.11833606295713
0.524713819207354
0.356950117835517
0.118381940806391
0.861083391643017
0.0205346675505919
0.118425591814026
0.881574408185974
0
0.118471299804462
0.881528700195538
0
0.118505014288049
0.881494985711951
0
0.118528395378113
0.881471604621887
0
0.118544576981973
0.881455423018027
0
0.118556411416282
0.881443588583718
0
0.118565123359598
0.881434876640402
0
0.11833606295713
0.524713819207359
0.356950117835511
0.118365296165625
0.802632006207578
0.0790026976267968
0.118400029871289
0.881599970128711
0
0.118443858018431
0.881556141981569
0
0.118483373123951
0.881516626876049
0
0.11851372844223
0.88148627155777
0
0.11853611862969
0.88146388137031
0
0.118552310407783
0.881447689592218
0
0.118564717197529
0.881435282802471
0
0.118573464733543
0.881426535266457
0
0.118381940806391
0.86108339164303
0.0205346675505789
0.118400029871289
0.881599970128711
0
0.11843374685222
0.88156625314778
0
0.118470092614895
0.881529907385105
0
0.11850261383921
0.88149738616079
0
0.118529585061595
0.881470414938405
0
0.118551152077313
0.881448847922687
0
0.118567851232367
0.881432148767633
0
0.118581433675995
0.881418566324005
0
0.118590505254878
0.881409494745122
0
0.118425591814026
0.881574408185974
0
0.118443858018431
0.881556141981569
0
0.118470092614895
0.881529907385105
0
0.118498409854555
0.881501590145445
0
0.118525810739487
0.881474189260513
0
0.118550855215699
0.881449144784301
0
0.118572735021904
0.881427264978096
0
0.11859097275545
0.88140902724455
0
0.118606487339653
0.881393512660347
0
0.118617051243612
0.881382948756388
0
0.118471299804462
0.881528700195538
0
0.118483373123951
0.881516626876049
0
0.11850261383921
0.88149738616079
0
0.118525810739487
0.881474189260513
0
0.118550819319365
0.881449180680635
0
0.118576059950062
0.881423940049938
0
0.118600173124553
0.881399826875447
0
0.118621921186453
0.881378078813547
0
0.118641329980461
0.881358670019539
0
0.118654821050945
0.881345178949055
0
0.118505014288049
0.881494985711951
0
0.11851372844223
0.88148627155777
0
0.118529585061595
0.881470414938405
0
0.118550855215699
0.881449144784301
0
0.118576059950062
0.881423940049938
0
0.118603841672202
0.881396158327798
0
0.118632755708119
0.881367244291881
0
0.118661231755593
0.881338768244407
0
0.118688029489794
0.881311970510206
0
0.118707166773126
0.881292833226874
0
0.118528395378113
0.881471604621887
0
0.11853611862969
0.88146388137031
0
0.118551152077313
0.881448847922687
0
0.118572735021904
0.881427264978096
0
0.118600173124553
0.881399826875447
0
0.118632755708119
0.881367244291881
0
0.118669538895424
0.881330461104576
0
0.118709482413309
0.881290517586691
0
0.118749932274552
0.881250067725448
0
0.11878075621747
0.88121924378253
0
0.118544576981973
0.881455423018027
0
0.118552310407783
0.881447689592218
0
0.118567851232366
0.881432148767634
0
0.11859097275545
0.88140902724455
0
0.118621921186453
0.881378078813547
0
0.118661231755593
0.881338768244407
0
0.118709482413309
0.881290517586691
0
0.118766229339867
0.881233770660133
0
0.118831832517497
0.881168167482503
0
0.118889409325688
0.881110590674312
0
0.118556411416282
0.881443588583718
0
0.118564717197529
0.881435282802471
0
0.118581433675995
0.881418566324005
0
0.118606487339653
0.881393512660347
0
0.118641329980461
0.881358670019539
0
0.118688029489793
0.881311970510207
0
0.118749932274552
0.881250067725448
0
0.118831832517497
0.881168167482503
0
0.118940559026061
0.881059440973939
0
0.11906143808372
0.88093856191628
0
0.118565123359598
0.881434876640402
0
0.118573464733543
0.881426535266457
0
0.118590505254878
0.881409494745122
0
0.118617051243612
0.881382948756388
0
0.118654821050945
0.881345178949055
0
0.118707166773126
0.881292833226874
0
0.11878075621747
0.88121924378253
0
0.118889409325688
0.881110590674312
0
0.11906143808372
0.88093856191628
0
0.119352373603846
0.880647626396154
0
0.118276824266451
0.580950885038376
0.300772290695173
0.118338412315797
0.683615031041085
0.198046556643118
0.118382733738482
0.862276377808529
0.0193408884529893
0.118425452792618
0.881574547207381
0
0.118471082947115
0.881528917052885
0
0.118504822431656
0.881495177568345
0
0.118528229304614
0.881471770695386
0
0.11854443644067
0.88145556355933
0
0.118556276707577
0.881443723292423
0
0.118564926159392
0.881435073840607
0
0.118338412315797
0.683615031041087
0.198046556643116
0.118366224424635
0.82824195351787
0.0533918220574941
0.118399942041102
0.881600057958898
0
0.118443648422831
0.881556351577169
0
0.118483170030798
0.881516829969202
0
0.11851354803434
0.88148645196566
0
0.118535958785252
0.881464041214748
0
0.118552175907119
0.881447824092881
0
0.118564578278701
0.881435421721299
0
0.118573272009931
0.881426727990069
0
0.118382733738482
0.862276377808529
0.0193408884529884
0.118399942041102
0.881600057958898
0
0.118433541880319
0.881566458119681
0
0.118469886063396
0.881530113936604
0
0.118502424325421
0.881497575674579
0
0.118529414903498
0.881470585096502
0
0.118550999222823
0.881449000777177
0
0.118567722085473
0.881432277914527
0
0.118581287909634
0.881418712090366
0
0.118590320277517
0.881409679722483
0
0.118425452792618
0.881574547207382
0
0.118443648422831
0.881556351577169
0
0.118469886063396
0.881530113936604
0
0.118498217360175
0.881501782639825
0
0.118525635157239
0.881474364842761
0
0.118550694714674
0.881449305285327
0
0.118572589724992
0.881427410275008
0
0.118590852529942
0.881409147470058
0
0.118606354892118
0.881393645107882
0
0.118616873854363
0.881383126145637
0
0.118471082947115
0.881528917052885
0
0.118483170030798
0.881516829969202
0
0.118502424325421
0.881497575674579
0
0.118525635157239
0.881474364842761
0
0.118550656188198
0.881449343811802
0
0.118575908862516
0.881424091137484
0
0.118600036614547
0.881399963385453
0
0.118621814332838
0.881378185667162
0
0.118641214936318
0.881358785063682
0
0.118654655870458
0.881345344129542
0
0.118504822431656
0.881495177568345
0
0.11851354803434
0.88148645196566
0
0.118529414903498
0.881470585096502
0
0.118550694714674
0.881449305285327
0
0.118575908862516
0.881424091137484
0
0.118603701628344
0.881396298371656
0
0.11863263272481
0.88136736727519
0
0.118661143233709
0.881338856766291
0
0.118687939692225
0.881312060307775
0
0.118707023149142
0.881292976850858
0
0.118528229304614
0.881471770695386
0
0.118535958785252
0.881464041214748
0
0.118550999222823
0.881449000777177
0
0.118572589724992
0.881427410275008
0
0.118600036614547
0.881399963385453
0
0.11863263272481
0.88136736727519
0
0.118669444726471
0.88133055527353
0
0.118709419563262
0.881290580436738
0
0.118749884808986
0.881250115191014
0
0.118780650547378
0.881219349452622
0
0.11854443644067
0.88145556355933
0
0.118552175907119
0.881447824092881
0
0.118567722085473
0.881432277914527
0
0.118590852529942
0.881409147470058
0
0.118621814332838
0.881378185667162
0
0.118661143233709
0.881338856766291
0
0.118709419563262
0.881290580436738
0
0.118766257783297
0.881233742216703
0
0.11883188555963
0.88116811444037
0
0.118889346159686
0.881110653840315
0
0.118556276707577
0.881443723292423
0
0.118564578278701
0.881435421721299
0
0.118581287909634
0.881418712090366
0
0.118606354892118
0.881393645107882
0
0.118641214936318
0.881358785063682
0
0.118687939692225
0.881312060307775
0
0.118749884808986
0.881250115191014
0
0.11883188555963
0.88116811444037
0
0.118940692416633
0.881059307583367
0
0.119061410658812
0.880938589341188
0
0.118564926159392
0.881435073840608
0
0.118573272009931
0.881426727990069
0
0.118590320277517
0.881409679722483
0
0.118616873854363
0.881383126145637
0
0.118654655870458
0.881345344129542
0
0.118707023149142
0.881292976850858
0
0.118780650547378
0.881219349452622
0
0.118889346159686
0.881110653840315
0
0.119061410658812
0.880938589341188
0
0.119358825276987
0.880641174723013
0
