0.118266182404635
0.394808493718088
0.486925323877278
0.11832914803567
0.415769484859602
0.465901367104728
0.118375265953831
0.471033036622189
0.41059169742398
0.118420052525553
0.527617312158806
0.35396263531564
0.118465731287815
0.528993143703759
0.352541125008425
0.118499398086502
0.525031188399329
0.356469413514168
0.118522665829716
0.537683878187297
0.343793455982986
0.118538785649439
0.578282549082345
0.303178665268216
0.118550789621189
0.745641582058799
0.135807628320012
0.118559735969896
0.881440264030104
0
0.11832914803567
0.415769484859599
0.465901367104731
0.118358497389145
0.452205868727153
0.429435633883701
0.118394412449543
0.511269931265114
0.370335656285344
0.118438279526134
0.526022788604907
0.355538931868959
0.118477774973366
0.522465034961447
0.359057190065187
0.118508038660989
0.524304198805809
0.357187762533202
0.118530341222361
0.540895022597888
0.340574636179751
0.118546478187715
0.585017423826269
0.296436097986016
0.118559045502474
0.78395327293925
0.097487681558276
0.118568041128594
0.881431958871406
0
0.118375265953831
0.471033036622185
0.410591697423984
0.118394412449543
0.511269931265112
0.370335656285346
0.118428159265877
0.524275730095394
0.357296110638729
0.118464494482849
0.522103398544875
0.359432106972276
0.118496955637722
0.51997548432121
0.361527560041068
0.118523826976072
0.526434373402958
0.35504179962097
0.118545319205749
0.54548679339783
0.335967887396421
0.118561991253103
0.592482384458583
0.288955624288314
0.118575696596124
0.82068790674738
0.0607363966564965
0.11858497955474
0.88141502044526
0
0.118420052525553
0.527617312158802
0.353962635315645
0.118438279526134
0.526022788604904
0.355538931868962
0.118464494482849
0.522103398544875
0.359432106972276
0.118492763968186
0.519082683173905
0.362424552857909
0.118520069474857
0.521448299437645
0.360031631087499
0.118545023684149
0.531070022708364
0.350384953607488
0.118566823124412
0.550983756686914
0.330449420188674
0.118585036073737
0.599730797272044
0.281684166654219
0.118600649727153
0.846854490951818
0.0345448593210287
0.118611330031072
0.881388669968928
0
0.118465731287816
0.528993143703754
0.352541125008431
0.118477774973366
0.522465034961446
0.359057190065188
0.118496955637722
0.519975484321209
0.361527560041069
0.118520069474857
0.521448299437642
0.360031631087501
0.11854498943986
0.52728087575638
0.35417413480376
0.118570139705769
0.53797650956881
0.343453350725421
0.118594142750035
0.557160676676489
0.324245180573476
0.118615823310212
0.605909740523425
0.275474436166363
0.1186352215627
0.854588927009811
0.0267758514274894
0.118648783225183
0.881351216774817
0
0.118499398086502
0.525031188399326
0.356469413514172
0.118508038660989
0.524304198805807
0.357187762533204
0.118523826976072
0.526434373402957
0.355041799620971
0.118545023684149
0.531070022708362
0.350384953607489
0.118570139705769
0.53797650956881
0.343453350725421
0.118597807945989
0.547850930559075
0.333551261494936
0.11862655694308
0.56491565414271
0.316457788914211
0.118654897198392
0.611512631666446
0.269832471135163
0.118681544030555
0.847173525470502
0.0341449304989427
0.11870066469008
0.88129933530992
0
0.118522665829716
0.537683878187297
0.343793455982987
0.118530341222361
0.54089502259789
0.340574636179749
0.118545319205749
0.545486793397829
0.335967887396422
0.118566823124412
0.550983756686917
0.330449420188671
0.118594142750035
0.557160676676489
0.324245180573477
0.11862655694308
0.56491565414271
0.316457788914211
0.118663082966735
0.579036846470406
0.302300070562859
0.118702827654417
0.62154577745806
0.259751394887523
0.118742863920105
0.844838110485961
0.0364190255939336
0.118773566807715
0.881226433192285
0
0.118538785649439
0.578282549082346
0.303178665268215
0.118546478187715
0.58501742382627
0.296436097986015
0.118561991253103
0.592482384458584
0.288955624288313
0.118585036073737
0.599730797272046
0.281684166654217
0.118615823310212
0.605909740523427
0.27547443616636
0.118654897198392
0.611512631666446
0.269832471135162
0.118702827654417
0.62154577745806
0.259751394887522
0.118759155956631
0.662738692948618
0.218502151094751
0.118823855167056
0.881176144832944
0
0.11888125438759
0.881118745612411
0
0.118550789621189
0.7456415820588
0.135807628320012
0.118559045502474
0.783953272939253
0.0974876815582732
0.118575696596124
0.820687906747382
0.0607363966564935
0.118600649727153
0.846854490951822
0.034544859321025
0.1186352215627
0.854588927009814
0.0267758514274868
0.118681544030555
0.847173525470505
0.0341449304989406
0.118742863920105
0.844838110485963
0.0364190255939324
0.118823855167056
0.881176144832944
0
0.118931591565481
0.88106840843452
0
0.11905269550139
0.88094730449861
0
0.118559735969896
0.881440264030104
0
0.118568041128593
0.881431958871407
0
0.11858497955474
0.88141502044526
0
0.118611330031072
0.881388669968928
0
0.118648783225183
0.881351216774817
0
0.11870066469008
0.88129933530992
0
0.118773566807715
0.881226433192285
0
0.118881254387589
0.881118745612411
0
0.11905269550139
0.88094730449861
0
0.119340602367714
0.880659397632286
0
0.118268308433521
0.455948859264895
0.425782832301584
0.11833094815245
0.524070861253011
0.357598190594539
0.11837678333218
0.858941448528505
0.0226817681393151
0.118420218111394
0.881579781888606
0
0.118465864796728
0.881534135203272
0
0.118499646855663
0.881500353144337
0
0.118523044434752
0.881476955565248
0
0.118539199717656
0.881460800282344
0
0.118550959154299
0.881449040845701
0
0.118559641821108
0.881440358178892
0
0.11833094815245
0.524070861253016
0.357598190594534
0.118360142753869
0.799150851169834
0.0824890060762974
0.118394770822354
0.881605229177646
0
0.118438452623573
0.881561547376427
0
0.11847797415384
0.88152202584616
0
0.118508364717501
0.881491635282499
0
0.118530746806517
0.881469253193483
0
0.118546887983993
0.881453112016007
0
0.118559201782429
0.881440798217571
0
0.118567942863405
0.881432057136595
0
0.11837678333218
0.858941448528518
0.0226817681393021
0.118394770822354
0.881605229177646
0
0.118428369191161
0.881571630808839
0
0.118464691196045
0.881535308803955
0
0.118497235698737
0.881502764301263
0
0.118524209565983
0.881475790434017
0
0.118545742873693
0.881454257126307
0
0.118562373712863
0.881437626287137
0
0.118575841150545
0.881424158849455
0
0.118584882278841
0.881415117721159
0
0.118420218111394
0.881579781888606
0
0.118438452623573
0.881561547376427
0
0.118464691196045
0.881535308803955
0
0.118493027512782
0.881506972487218
0
0.118520429274074
0.881479570725926
0
0.118545442519925
0.881454557480075
0
0.11856726093069
0.88143273906931
0
0.118585405862272
0.881414594137728
0
0.118600793944129
0.881399206055871
0
0.118611236186703
0.881388763813297
0
0.118465864796728
0.881534135203272
0
0.11847797415384
0.88152202584616
0
0.118497235698737
0.881502764301263
0
0.118520429274074
0.881479570725926
0
0.11854540373401
0.88145459626599
0
0.118570579213784
0.881429420786216
0
0.118594595337391
0.881405404662609
0
0.118616194223169
0.881383805776831
0
0.118635369137769
0.88136463086223
0
0.118648697475171
0.881351302524829
0
0.118499646855663
0.881500353144337
0
0.118508364717501
0.881491635282499
0
0.118524209565983
0.881475790434017
0
0.118545442519925
0.881454557480075
0
0.118570579213784
0.881429420786216
0
0.118598261470462
0.881401738529538
0
0.118627036620799
0.881372963379201
0
0.118655280447371
0.881344719552629
0
0.118681697832049
0.881318302167951
0
0.118700595203573
0.881299404796428
0
0.118523044434752
0.881476955565248
0
0.118530746806517
0.881469253193483
0
0.118545742873693
0.881454257126307
0
0.11856726093069
0.88143273906931
0
0.118594595337391
0.881405404662609
0
0.118627036620799
0.881372963379201
0
0.118663629935845
0.881336370064155
0
0.118703219987923
0.881296780012077
0
0.118743031522643
0.881256968477357
0
0.118773526327345
0.881226473672655
0
0.118539199717656
0.881460800282344
0
0.118546887983993
0.881453112016007
0
0.118562373712863
0.881437626287137
0
0.118585405862272
0.881414594137728
0
0.118616194223169
0.881383805776831
0
0.118655280447371
0.881344719552629
0
0.118703219987923
0.881296780012077
0
0.118759542959202
0.881240457040798
0
0.118824029831464
0.881175970168536
0
0.118881250746858
0.881118749253142
0
0.118550959154299
0.881449040845701
0
0.118559201782429
0.881440798217571
0
0.118575841150545
0.881424158849455
0
0.118600793944129
0.881399206055871
0
0.11863536913777
0.88136463086223
0
0.118681697832049
0.881318302167951
0
0.118743031522643
0.881256968477357
0
0.118824029831464
0.881175970168536
0
0.118931731853761
0.881068268146239
0
0.119052723417129
0.880947276582871
0
0.118559641821108
0.881440358178892
0
0.118567942863405
0.881432057136595
0
0.118584882278841
0.881415117721159
0
0.118611236186703
0.881388763813297
0
0.118648697475171
0.881351302524829
0
0.118700595203573
0.881299404796427
0
0.118773526327345
0.881226473672655
0
0.118881250746858
0.881118749253142
0
0.119052723417129
0.880947276582871
0
0.119343677650659
0.880656322349341
0
0.118271764485085
0.580746810517005
0.300981424997911
0.118333295633642
0.683069473504002
0.198597230862356
0.118377580530163
0.860433215613772
0.0211892038560649
0.118420081275988
0.881579918724012
0
0.118465648439753
0.881534351560248
0
0.118499453883209
0.881500546116791
0
0.118522877237174
0.881477122762826
0
0.118539057854706
0.881460942145294
0
0.118550823866485
0.881449176133515
0
0.11855944396065
0.88144055603935
0
0.118333295633642
0.683069473504004
0.198597230862354
0.118361080687252
0.827036007895084
0.0546029114176635
0.118394685638229
0.881605314361771
0
0.118438243673147
0.881561756326853
0
0.118477770387083
0.881522229612917
0
0.118508183173237
0.881491816826763
0
0.118530585896409
0.881469414103591
0
0.118546752537975
0.881453247462025
0
0.118559063085956
0.881440936914044
0
0.118567749027814
0.881432250972186
0
0.118377580530163
0.860433215613773
0.021189203856064
0.118394685638229
0.881605314361771
0
0.118428164878295
0.881571835121706
0
0.118464484363863
0.881535515636137
0
0.118497045139278
0.881502954860722
0
0.118524038288211
0.881475961711789
0
0.118545588924891
0.881454411075109
0
0.118562243316981
0.881437756683019
0
0.118575695375326
0.881424304624674
0
0.118584696020924
0.881415303979076
0
0.118420081275988
0.881579918724012
0
0.118438243673147
0.881561756326853
0
0.118464484363863
0.881535515636137
0
0.118492834037821
0.881507165962179
0
0.118520252556946
0.881479747443054
0
0.118545280935335
0.881454719064665
0
0.118567114445616
0.881432885554384
0
0.118585284055353
0.881414715944647
0
0.11860065920923
0.88139934079077
0
0.118611057929245
0.881388942070755
0
0.118465648439752
0.881534351560248
0
0.118477770387083
0.881522229612917
0
0.118497045139278
0.881502954860722
0
0.118520252556946
0.881479747443054
0
0.118545239519618
0.881454760480382
0
0.1185704270355
0.8814295729645
0
0.11859445742279
0.88140554257721
0
0.118616085247861
0.881383914752139
0
0.118635252656286
0.881364747343714
0
0.118648531390957
0.881351468609043
0
0.118499453883209
0.881500546116791
0
0.118508183173237
0.881491816826763
0
0.118524038288211
0.881475961711789
0
0.118545280935335
0.881454719064665
0
0.1185704270355
0.8814295729645
0
0.11859812017607
0.88140187982393
0
0.118626911710596
0.881373088289404
0
0.118655188960288
0.881344811039712
0
0.118681606340611
0.881318393659389
0
0.118700450673528
0.881299549326472
0
0.118522877237174
0.881477122762826
0
0.118530585896409
0.881469414103591
0
0.118545588924891
0.881454411075109
0
0.118567114445616
0.881432885554384
0
0.11859445742279
0.88140554257721
0
0.118626911710596
0.881373088289404
0
0.118663532041613
0.881336467958387
0
0.118703152585427
0.881296847414573
0
0.118742982311023
0.881257017688977
0
0.118773420230493
0.881226579769507
0
0.118539057854706
0.881460942145294
0
0.118546752537975
0.881453247462025
0
0.118562243316981
0.881437756683019
0
0.118585284055353
0.881414715944647
0
0.118616085247861
0.881383914752139
0
0.118655188960289
0.881344811039711
0
0.118703152585427
0.881296847414573
0
0.118759558332244
0.881240441667756
0
0.118824088658741
0.881175911341259
0
0.118881194554486
0.881118805445514
0
0.118550823866485
0.881449176133515
0
0.118559063085956
0.881440936914044
0
0.118575695375326
0.881424304624674
0
0.11860065920923
0.88139934079077
0
0.118635252656286
0.881364747343714
0
0.118681606340611
0.881318393659389
0
0.118742982311023
0.881257017688977
0
0.118824088658741
0.881175911341259
0
0.118931887247892
0.881068112752108
0
0.1190527013683
0.8809472986317
0
0.11855944396065
0.88144055603935
0
0.118567749027814
0.881432250972186
0
0.118584696020924
0.881415303979076
0
0.118611057929245
0.881388942070756
0
0.118648531390957
0.881351468609043
0
0.118700450673528
0.881299549326472
0
0.118773420230494
0.881226579769506
0
0.118881194554486
0.881118805445514
0
0.1190527013683
0.8809472986317
0
0.119350135755845
0.880649864244155
0
