0.118261127782155
0.39474490560513
0.486993966612715
0.118324032557947
0.415580732048736
0.466095235393317
0.118370097623211
0.470339261569901
0.411290640806888
0.118414655808668
0.527392915080431
0.354192429110901
0.118460273295869
0.529362907940206
0.352176818763925
0.118494001493238
0.525194026663391
0.356311971843371
0.11851728188786
0.53743594193219
0.34404677617995
0.118533372765667
0.57757628102707
0.303890346207263
0.11854529929301
0.743018540641332
0.138436160065658
0.118554215958233
0.881445784041767
0
0.118324032557947
0.415580732048733
0.46609523539332
0.118353340012338
0.451662162186284
0.429984497801378
0.11838912863884
0.5107712769465
0.370839594414661
0.118432849814893
0.526151482621927
0.35541566756318
0.118472348609002
0.522737172166138
0.35879047922486
0.118502645495719
0.524284323445164
0.357213031059118
0.118524935986838
0.540543528326087
0.340931535687075
0.118541016495784
0.584164729576037
0.297294253928179
0.118553495288871
0.780601666433452
0.100844838277677
0.118562485096162
0.881437514903838
0
0.118370097623211
0.470339261569897
0.411290640806892
0.11838912863884
0.510771276946498
0.370839594414663
0.118422759566399
0.524283221474835
0.357294018958767
0.118459066049737
0.522369772574734
0.359171161375528
0.118491549372861
0.520089688874327
0.361418761752812
0.1185184198379
0.526264315974941
0.355217264187159
0.118539876155681
0.545042616828174
0.336417507016144
0.118556477775435
0.591474656659718
0.289968865564847
0.118570075202545
0.816788251789138
0.064641673008317
0.11857933058734
0.88142066941266
0
0.118414655808668
0.527392915080426
0.354192429110906
0.118432849814893
0.526151482621923
0.355415667563184
0.118459066049737
0.522369772574734
0.359171161375529
0.118487353503223
0.519238488629823
0.362274157866954
0.118514656457868
0.521370225217185
0.360115118324947
0.11853957574266
0.530770276241588
0.350690148015752
0.118561313992715
0.550449338803386
0.330989347203898
0.118579435754983
0.598533826559601
0.282886737685416
0.118594935415672
0.842433326497489
0.0389717380868395
0.118605499266883
0.881394500733117
0
0.11846027329587
0.5293629079402
0.35217681876393
0.118472348609002
0.522737172166137
0.358790479224861
0.118491549372861
0.520089688874326
0.361418761752812
0.118514656457868
0.521370225217184
0.360115118324949
0.118539537444946
0.527025747399975
0.354434715155079
0.118564619085901
0.537562951013815
0.343872429900283
0.118588526213228
0.556525203518618
0.324886270268154
0.118610061401081
0.60447753492983
0.27691240366909
0.118629244155324
0.849458247176421
0.031912508668255
0.118642649153545
0.881357350846455
0
0.118494001493238
0.525194026663387
0.356311971843375
0.118502645495719
0.524284323445161
0.35721303105912
0.1185184198379
0.526264315974939
0.355217264187161
0.11853957574266
0.530770276241586
0.350690148015753
0.118564619085901
0.537562951013815
0.343872429900283
0.118592182721685
0.547310255956612
0.334097561321703
0.118620790238971
0.564124655084131
0.317254554676898
0.118648896798057
0.6097446610063
0.271606442195643
0.118675185336596
0.840554499800672
0.0407703148627319
0.118694068221046
0.881305931778954
0
0.11851728188786
0.537435941932189
0.344046776179951
0.118524935986837
0.540543528326089
0.340931535687074
0.118539876155681
0.545042616828174
0.336417507016144
0.118561313992715
0.550449338803389
0.330989347203896
0.118588526213227
0.556525203518618
0.324886270268154
0.118620790238971
0.564124655084131
0.317254554676898
0.118657114377298
0.577856629396272
0.30348625622643
0.118696483767626
0.61913646669029
0.262167049542084
0.118735911296496
0.835420773564464
0.0458433151390395
0.118766266294095
0.881233733705905
0
0.118533372765666
0.577576281027072
0.303890346207262
0.118541016495784
0.584164729576038
0.297294253928178
0.118556477775435
0.591474656659717
0.289968865564847
0.118579435754983
0.598533826559603
0.282886737685414
0.118610061401081
0.604477534929832
0.276912403669087
0.118648896798058
0.609744661006301
0.271606442195642
0.118696483767626
0.61913646669029
0.262167049542084
0.118752321117324
0.657431566595665
0.22381611228701
0.118815924660467
0.881184075339533
0
0.118872917419991
0.881127082580009
0
0.11854529929301
0.743018540641331
0.138436160065659
0.118553495288871
0.780601666433455
0.100844838277674
0.118570075202545
0.816788251789141
0.0646416730083137
0.118594935415672
0.842433326497492
0.0389717380868359
0.118629244155324
0.849458247176423
0.0319125086682527
0.118675185336596
0.840554499800674
0.0407703148627301
0.118735911296496
0.835420773564466
0.0458433151390384
0.118815924660467
0.881184075339533
0
0.118922529678137
0.881077470321863
0
0.119043695052688
0.880956304947312
0
0.118554215958233
0.881445784041767
0
0.118562485096161
0.881437514903838
0
0.11857933058734
0.88142066941266
0
0.118605499266883
0.881394500733117
0
0.118642649153545
0.881357350846455
0
0.118694068221046
0.881305931778954
0
0.118766266294095
0.881233733705905
0
0.118872917419991
0.881127082580009
0
0.119043695052688
0.880956304947312
0
0.119331566054783
0.880668433945217
0
0.118263251468209
0.455751773497506
0.425984975034285
0.118325830379795
0.523438691776227
0.358235477843979
0.118371621559625
0.85674527923716
0.0248830992032155
0.118414832866104
0.881585167133896
0
0.118460407950999
0.881539592049001
0
0.118494248409458
0.881505751590542
0
0.118517659014931
0.881482340985069
0
0.118533785893356
0.881466214106644
0
0.118545470264598
0.881454529735402
0
0.118554122033213
0.881445877966787
0
0.118325830379794
0.523438691776232
0.358235477843974
0.118354984524149
0.795649796735759
0.0859952187400916
0.118389504989197
0.881610495010803
0
0.118433032237448
0.881566967762552
0
0.118472549492124
0.881527450507876
0
0.118502969312391
0.881497030687609
0
0.118525340791403
0.881474659208597
0
0.118541430983828
0.881458569016172
0
0.118553653132622
0.881446346867378
0
0.118562386620176
0.881437613379824
0
0.118371621559625
0.856745279237172
0.0248830992032029
0.118389504989197
0.881610495010803
0
0.118422978729833
0.881577021270167
0
0.118459267301074
0.881540732698927
0
0.118491827793682
0.881508172206318
0
0.118518800579994
0.881481199420006
0
0.118540299251462
0.881459700748538
0
0.11855686372691
0.88144313627309
0
0.118570221010741
0.881429778989259
0
0.118579232915902
0.881420767084098
0
0.118414832866104
0.881585167133895
0
0.118433032237448
0.881566967762552
0
0.118459267301074
0.881540732698927
0
0.118487615971147
0.881512384028853
0
0.118515013941781
0.881484986058219
0
0.118539993497514
0.881460006502486
0
0.118561751161353
0.881438248838647
0
0.118579808428355
0.881420191571645
0
0.118595079604818
0.881404920395182
0
0.118605405241681
0.881394594758319
0
0.118460407950999
0.881539592049001
0
0.118472549492124
0.881527450507876
0
0.118491827793682
0.881508172206318
0
0.118515013941781
0.881484986058219
0
0.118539950442785
0.881460049557215
0
0.118565058056295
0.881434941943705
0
0.118588977647001
0.881411022353
0
0.11861043469345
0.88138956530655
0
0.118629392128254
0.881370607871746
0
0.118642563248005
0.881357436751995
0
0.118494248409458
0.881505751590542
0
0.118502969312391
0.881497030687609
0
0.118518800579994
0.881481199420006
0
0.118539993497514
0.881460006502486
0
0.118565058056295
0.881434941943705
0
0.118592635506532
0.881407364493468
0
0.1186212672318
0.8813787327682
0
0.118649281978709
0.881350718021291
0
0.118675339519985
0.881324660480015
0
0.118693998724603
0.881306001275397
0
0.118517659014931
0.881482340985069
0
0.118525340791403
0.881474659208597
0
0.118540299251462
0.881459700748538
0
0.118561751161353
0.881438248838647
0
0.118588977647001
0.881411022353
0
0.1186212672318
0.8813787327682
0
0.11865765350671
0.88134234649329
0
0.118696877253562
0.881303122746438
0
0.118736079467127
0.881263920532873
0
0.118766226329337
0.881233773670663
0
0.118533785893356
0.881466214106644
0
0.118541430983828
0.881458569016172
0
0.11855686372691
0.88144313627309
0
0.118579808428355
0.881420191571645
0
0.11861043469345
0.88138956530655
0
0.118649281978709
0.881350718021291
0
0.118696877253562
0.881303122746438
0
0.118752709520163
0.881247290479837
0
0.118816116650079
0.881183883349921
0
0.118872919084242
0.881127080915758
0
0.118545470264598
0.881454529735402
0
0.118553653132622
0.881446346867378
0
0.118570221010741
0.881429778989259
0
0.118595079604818
0.881404920395182
0
0.118629392128254
0.881370607871746
0
0.118675339519985
0.881324660480015
0
0.118736079467127
0.881263920532873
0
0.118816116650079
0.881183883349921
0
0.118922684661072
0.881077315338928
0
0.119043727190821
0.880956272809179
0
0.118554122033213
0.881445877966787
0
0.118562386620176
0.881437613379824
0
0.118579232915903
0.881420767084097
0
0.118605405241681
0.881394594758319
0
0.118642563248006
0.881357436751995
0
0.118693998724603
0.881306001275397
0
0.118766226329337
0.881233773670663
0
0.118872919084242
0.881127080915758
0
0.119043727190821
0.880956272809179
0
0.119334643825964
0.880665356174036
0
0.118266703347376
0.580542935553709
0.301190361098915
0.118328176021517
0.682530442975033
0.19914138100345
0.118372425100419
0.858644122439479
0.0229834524601029
0.118414697953819
0.881585302046181
0
0.118460192095839
0.881539807904161
0
0.118494054360516
0.881505945639484
0
0.118517490681496
0.881482509318504
0
0.118533642702385
0.881466357297615
0
0.118545334359287
0.881454665640713
0
0.118553923494182
0.881446076505818
0
0.118328176021517
0.682530442975035
0.199141381003448
0.118355932049473
0.825879711070145
0.055764356880382
0.118389422303888
0.881610577696112
0
0.118432823930936
0.881567176069064
0
0.118472345107813
0.881527654892187
0
0.118502786638648
0.881497213361352
0
0.118525178800419
0.881474821199581
0
0.11854129457231
0.88145870542769
0
0.118553514614301
0.881446485385699
0
0.118562191664506
0.881437808335494
0
0.118372425100418
0.858644122439479
0.0229834524601021
0.118389422303888
0.881610577696112
0
0.118422775077152
0.881577224922848
0
0.118459060241977
0.881540939758023
0
0.118491636210997
0.881508363789003
0
0.118518628171226
0.881481371828774
0
0.118540144197551
0.881459855802449
0
0.118556732095545
0.881443267904455
0
0.118570075214256
0.881429924785744
0
0.118579045383957
0.881420954616043
0
0.118414697953819
0.881585302046181
0
0.118432823930936
0.881567176069064
0
0.118459060241977
0.881540939758023
0
0.118487421543706
0.881512578456294
0
0.118514836079874
0.881485163920126
0
0.118539830808988
0.881460169191012
0
0.118561603493017
0.881438396506983
0
0.118579685106702
0.881420314893298
0
0.118594942677859
0.881405057322141
0
0.118605226132629
0.881394773867371
0
0.118460192095839
0.881539807904161
0
0.118472345107813
0.881527654892187
0
0.118491636210997
0.881508363789003
0
0.118514836079874
0.881485163920126
0
0.118539785118891
0.881460214881109
0
0.118564904769252
0.881435095230748
0
0.118588838362284
0.881411161637716
0
0.118610323741959
0.881389676258041
0
0.118629274415217
0.881370725584783
0
0.118642396281917
0.881357603718083
0
0.118494054360516
0.881505945639484
0
0.118502786638648
0.881497213361352
0
0.118518628171226
0.881481371828774
0
0.118539830808988
0.881460169191012
0
0.118564904769252
0.881435095230748
0
0.118592492966667
0.881407507033333
0
0.118621140482031
0.881378859517969
0
0.118649187748793
0.881350812251207
0
0.118675246487699
0.881324753512301
0
0.118693853284175
0.881306146715825
0
0.118517490681496
0.881482509318504
0
0.118525178800419
0.881474821199581
0
0.118540144197551
0.881459855802449
0
0.118561603493017
0.881438396506983
0
0.118588838362284
0.881411161637716
0
0.118621140482031
0.881378859517969
0
0.118657552170256
0.881342447829744
0
0.118696805681019
0.881303194318981
0
0.11873602862853
0.88126397137147
0
0.118766119688279
0.881233880311721
0
0.118533642702385
0.881466357297615
0
0.11854129457231
0.88145870542769
0
0.118556732095545
0.881443267904455
0
0.118579685106702
0.881420314893298
0
0.118610323741959
0.881389676258041
0
0.118649187748793
0.881350812251207
0
0.118696805681019
0.881303194318981
0
0.11875271371812
0.88124728628188
0
0.118816179725997
0.881183820274003
0
0.118872870039167
0.881127129960833
0
0.118545334359287
0.881454665640713
0
0.118553514614301
0.881446485385699
0
0.118570075214256
0.881429924785744
0
0.11859494267786
0.88140505732214
0
0.118629274415217
0.881370725584783
0
0.118675246487699
0.881324753512301
0
0.11873602862853
0.88126397137147
0
0.118816179725997
0.881183820274003
0
0.118922862400644
0.881077137599356
0
0.119043710925157
0.880956289074843
0
0.118553923494182
0.881446076505818
0
0.118562191664506
0.881437808335494
0
0.118579045383957
0.881420954616043
0
0.118605226132629
0.881394773867371
0
0.118642396281917
0.881357603718083
0
0.118693853284175
0.881306146715825
0
0.118766119688279
0.881233880311721
0
0.118872870039167
0.881127129960833
0
0.119043710925157
0.880956289074843
0
0.119341108796738
0.880658891203262
0
