0.118256055242609
0.394683710713005
0.487060234044386
0.118318898535718
0.415395872261497
0.466285229202785
0.118364909030115
0.469651846657128
0.411983244312757
0.11840923938173
0.527149363600676
0.354441397017594
0.118454786495388
0.529707476493689
0.351837737010923
0.118488568316916
0.525363601294767
0.356147830388317
0.118511859741627
0.537197617908856
0.344290522349517
0.118527920918152
0.576884080122766
0.304587998959083
0.118539771198501
0.740441570922333
0.141018657879166
0.118548658129452
0.881451341870548
0
0.118318898535718
0.415395872261494
0.466285229202788
0.118348163480171
0.45112745151473
0.430524385005099
0.118383826249934
0.510255129756521
0.371361043993544
0.118427395673034
0.526257512331541
0.355315091995426
0.118466888798632
0.52300687017088
0.358526241030488
0.118497214482125
0.524273296109766
0.357229489408109
0.11851949123687
0.540200904477669
0.341279604285461
0.118535515185589
0.583327852857779
0.298136631956632
0.118547907117079
0.777284281031265
0.104167811851655
0.118556891135535
0.881443108864465
0
0.118364909030115
0.469651846657125
0.411983244312761
0.118383826249934
0.51025512975652
0.371361043993546
0.118417336414376
0.52426884676848
0.357313816817144
0.118453605961262
0.5226266838027
0.358919710236039
0.118486105266019
0.520210240816997
0.361303653916984
0.118512971365385
0.526103546600778
0.355383482033837
0.118534389672243
0.544607802368363
0.336857807959394
0.118550920761494
0.590487927322946
0.29096115191556
0.118564413152486
0.812940513927904
0.0684950729196101
0.118573642540948
0.881426357459052
0
0.11840923938173
0.527149363600671
0.354441397017599
0.118427395673034
0.526257512331537
0.355315091995429
0.118453605961262
0.522626683802699
0.358919710236039
0.118481905089885
0.51939912477563
0.362118970134485
0.118509200549845
0.521301515171564
0.360189284278591
0.118534080377978
0.530479593539623
0.350986326082399
0.118555753767688
0.549925766579222
0.331518479653091
0.118573783437446
0.597366130775756
0.284060085786799
0.118589172837799
0.838023034295307
0.0433877928668949
0.118599625521238
0.881400374478763
0
0.118454786495388
0.529707476493684
0.351837737010928
0.118466888798632
0.523006870170879
0.358526241030489
0.11848610526602
0.520210240816996
0.361303653916984
0.118509200549845
0.521301515171563
0.360189284278592
0.118534036223904
0.52677976589151
0.354686197884586
0.118559041624793
0.537158775880201
0.344282182495006
0.118582845208252
0.555904066075055
0.325513088716692
0.118604230976668
0.603088916961782
0.27830685206155
0.118623202401197
0.844385898347907
0.0369908992508952
0.11863646259336
0.88136353740664
0
0.118488568316916
0.525363601294763
0.356147830388321
0.118497214482125
0.524273296109764
0.35722948940811
0.118512971365385
0.526103546600776
0.355383482033839
0.118534080377978
0.530479593539621
0.350986326082402
0.118559041624793
0.537158775880201
0.344282182495006
0.118586487449102
0.546781624014931
0.334631888535967
0.118614937606013
0.563356537011186
0.318028525382801
0.118642797710408
0.608045656346524
0.273311545943069
0.118668721721837
0.83403772171928
0.047293556558883
0.118687405280721
0.881312594719279
0
0.118511859741627
0.537197617908855
0.344290522349519
0.11851949123687
0.54020090447767
0.34127960428546
0.118534389672243
0.544607802368363
0.336857807959394
0.118555753767688
0.549925766579224
0.331518479653089
0.118582845208252
0.555904066075056
0.325513088716692
0.118614937606013
0.563356537011186
0.318028525382801
0.118651030339121
0.576727668239543
0.304621301421336
0.118689998847072
0.616848206818078
0.264461794334851
0.118728729092769
0.826323535592698
0.0549477353145329
0.118758915044318
0.881241084955682
0
0.118527920918151
0.576884080122767
0.304587998959082
0.118535515185589
0.58332785285778
0.298136631956631
0.118550920761494
0.590487927322946
0.29096115191556
0.118573783437445
0.597366130775758
0.284060085786797
0.118604230976668
0.603088916961785
0.278306852061547
0.118642797710408
0.608045656346524
0.273311545943068
0.118689998847072
0.616848206818078
0.264461794334851
0.118745367169685
0.652566321321815
0.228688311508501
0.118807998187245
0.881192001812755
0
0.118864486360744
0.881135513639256
0
0.118539771198501
0.740441570922333
0.141018657879166
0.118547907117079
0.777284281031268
0.104167811851652
0.118564413152486
0.812940513927908
0.0684950729196066
0.118589172837799
0.83802303429531
0.0433877928668914
0.118623202401197
0.84438589834791
0.0369908992508929
0.118668721721837
0.834037721719282
0.0472935565588813
0.118728729092769
0.826323535592699
0.0549477353145317
0.118807998187245
0.881192001812755
0
0.118913355707628
0.881086644292372
0
0.119034517450297
0.880965482549703
0
0.118548658129452
0.881451341870548
0
0.118556891135535
0.881443108864465
0
0.118573642540948
0.881426357459052
0
0.118599625521237
0.881400374478763
0
0.11863646259336
0.88136353740664
0
0.118687405280721
0.881312594719279
0
0.118758915044318
0.881241084955682
0
0.118864486360744
0.881135513639256
0
0.119034517450297
0.880965482549703
0
0.119322303033964
0.880677696966036
0
0.118258176588995
0.455557652692105
0.426184170718901
0.118320694058674
0.522818174560966
0.35886113138036
0.118366438755717
0.854499581138842
0.0271339801054409
0.118409427529557
0.881590572470443
0
0.118454922313261
0.881545077686739
0
0.118488813886719
0.881511186113281
0
0.118512235504008
0.881487764495992
0
0.118528333183917
0.881471666816083
0
0.118539943624203
0.881460056375797
0
0.118548564438788
0.881451435561212
0
0.118320694058674
0.522818174560971
0.358861131380355
0.118349807243794
0.792134163766264
0.0895160289899422
0.118384220128532
0.881615779871468
0
0.118427587498479
0.881572412501521
0
0.118467091965811
0.881532908034189
0
0.118497536374884
0.881502463625116
0
0.118519895390017
0.881480104609983
0
0.118535934496429
0.881464065503571
0
0.118548066552917
0.881451933447083
0
0.118556792461959
0.881443207538041
0
0.118366438755717
0.854499581138855
0.0271339801054283
0.118384220128532
0.881615779871468
0
0.118417564915011
0.881582435084989
0
0.118453812291355
0.881546187708645
0
0.118486382557188
0.881513617442812
0
0.118513350518424
0.881486649481576
0
0.118534812402922
0.881465187597078
0
0.118551310405816
0.881448689594184
0
0.118564560249271
0.881435439750729
0
0.118573544504806
0.881426455495194
0
0.118409427529557
0.881590572470443
0
0.118427587498479
0.881572412501521
0
0.118453812291355
0.881546187708645
0
0.118482167062464
0.881517832937536
0
0.118509556078599
0.881490443921401
0
0.118534497343171
0.881465502656829
0
0.118556190638692
0.881443809361309
0
0.118574159285309
0.881425840714691
0
0.118589317044512
0.881410682955488
0
0.118599531361869
0.881400468638131
0
0.118454922313261
0.881545077686739
0
0.118467091965811
0.881532908034189
0
0.118486382557189
0.881513617442811
0
0.118509556078599
0.881490443921401
0
0.118534448245583
0.881465551754417
0
0.118559480450745
0.881440519549255
0
0.118583296009257
0.881416703990743
0
0.118604607049835
0.881395392950165
0
0.118623350835854
0.881376649164146
0
0.118636376605258
0.881363623394742
0
0.118488813886719
0.881511186113281
0
0.118497536374884
0.881502463625116
0
0.118513350518424
0.881486649481576
0
0.118534497343171
0.881465502656829
0
0.118559480450745
0.881440519549256
0
0.118586940037652
0.881413059962348
0
0.118615412675609
0.881384587324391
0
0.118643185340657
0.881356814659343
0
0.118668876374789
0.881331123625211
0
0.118687335876276
0.881312664123724
0
0.118512235504008
0.881487764495992
0
0.118519895390017
0.881480104609983
0
0.118534812402922
0.881465187597078
0
0.118556190638691
0.881443809361309
0
0.118583296009257
0.881416703990743
0
0.118615412675609
0.881384587324391
0
0.118651562910908
0.881348437089092
0
0.118690394242123
0.881309605757877
0
0.11872890166762
0.88127109833238
0
0.118758874313647
0.881241125686353
0
0.118528333183917
0.881471666816083
0
0.118535934496429
0.881464065503571
0
0.118551310405816
0.881448689594184
0
0.118574159285309
0.881425840714691
0
0.118604607049835
0.881395392950165
0
0.118643185340657
0.881356814659343
0
0.118690394242123
0.881309605757877
0
0.118745758115301
0.881254241884698
0
0.118808206616019
0.881191793383981
0
0.118864493359632
0.881135506640368
0
0.118539943624203
0.881460056375797
0
0.118548066552917
0.881451933447083
0
0.118564560249271
0.881435439750729
0
0.118589317044512
0.881410682955488
0
0.118623350835854
0.881376649164146
0
0.118668876374789
0.881331123625211
0
0.11872890166762
0.88127109833238
0
0.118808206616019
0.881191793383981
0
0.118913525504391
0.881086474495609
0
0.119034553995768
0.880965446004232
0
0.118548564438788
0.881451435561212
0
0.118556792461959
0.881443207538041
0
0.118573544504806
0.881426455495194
0
0.118599531361869
0.881400468638131
0
0.118636376605258
0.881363623394742
0
0.118687335876276
0.881312664123724
0
0.118758874313647
0.881241125686353
0
0.118864493359632
0.881135506640368
0
0.119034553995768
0.880965446004232
0
0.119325383269413
0.880674616730587
0
0.118261624296653
0.580340482161177
0.30139789354217
0.11832303781559
0.6819992651772
0.199677697007211
0.118367248412694
0.856908769287302
0.0247239823000041
0.11840929450803
0.88159070549197
0
0.118454706971274
0.881545293028726
0
0.118488618813171
0.881511381186829
0
0.118512066044307
0.881487933955693
0
0.118528188681112
0.881471811318888
0
0.118539807088533
0.881460192911467
0
0.118548365213458
0.881451634786542
0
0.11832303781559
0.681999265177202
0.199677697007208
0.118350764308495
0.824771214538687
0.0568780211528178
0.118384139849832
0.881615860150168
0
0.118427379837237
0.881572620162763
0
0.118466887027875
0.881533112972125
0
0.118497352598904
0.881502647401096
0
0.118519732328158
0.881480267671843
0
0.118535797121252
0.881464202878748
0
0.118547928192033
0.881452071807967
0
0.118556596387436
0.881443403612564
0
0.118367248412694
0.856908769287303
0.024723982300003
0.118384139849832
0.881615860150168
0
0.118417361919372
0.881582638080628
0
0.118453605065196
0.881546394934804
0
0.118486189995879
0.881513810004121
0
0.118513176998122
0.881486823001878
0
0.118534656261939
0.881465343738061
0
0.118551177565743
0.881448822434258
0
0.118564414429837
0.881435585570164
0
0.118573355710671
0.881426644289329
0
0.11840929450803
0.88159070549197
0
0.118427379837237
0.881572620162763
0
0.118453605065196
0.881546394934804
0
0.118481971734041
0.881518028265959
0
0.118509377098925
0.881490622901075
0
0.118534333571256
0.881465666428744
0
0.118556041819654
0.881443958180346
0
0.118574034503543
0.881425965496457
0
0.118589177979289
0.881410822020711
0
0.118599351416066
0.881400648583934
0
0.118454706971273
0.881545293028727
0
0.118466887027875
0.881533112972125
0
0.118486189995879
0.881513810004121
0
0.118509377098925
0.881490622901075
0
0.118534281833704
0.881465718166296
0
0.118559326084299
0.881440673915701
0
0.118583155409267
0.881416844590733
0
0.118604494219095
0.881395505780905
0
0.118623231946344
0.881376768053656
0
0.118636208785479
0.881363791214521
0
0.118488618813171
0.881511381186829
0
0.118497352598904
0.881502647401096
0
0.118513176998122
0.881486823001878
0
0.118534333571256
0.881465666428744
0
0.118559326084299
0.881440673915701
0
0.118586796300064
0.881413203699936
0
0.118615284182702
0.881384715817298
0
0.118643088529094
0.881356911470906
0
0.118668781866634
0.881331218133366
0
0.118687189587781
0.881312810412219
0
0.118512066044307
0.881487933955693
0
0.118519732328158
0.881480267671843
0
0.118534656261939
0.881465343738061
0
0.118556041819654
0.881443958180346
0
0.118583155409267
0.881416844590733
0
0.118615284182702
0.881384715817298
0
0.118651458378713
0.881348541621287
0
0.118690318865303
0.881309681134697
0
0.118728855625171
0.881271144374829
0
0.118758764892179
0.881241235107821
0
0.118528188681112
0.881471811318888
0
0.118535797121252
0.881464202878748
0
0.118551177565742
0.881448822434258
0
0.118574034503543
0.881425965496457
0
0.118604494219095
0.881395505780905
0
0.118643088529094
0.881356911470906
0
0.118690318865303
0.881309681134697
0
0.118745752756377
0.881254247243623
0
0.118808268238483
0.881191731761517
0
0.118864451558881
0.881135548441119
0
0.118539807088533
0.881460192911467
0
0.118547928192033
0.881452071807967
0
0.118564414429836
0.881435585570164
0
0.118589177979289
0.881410822020711
0
0.118623231946344
0.881376768053656
0
0.118668781866634
0.881331218133366
0
0.118728855625171
0.881271144374829
0
0.118808268238483
0.881191731761517
0
0.11891372591637
0.88108627408363
0
0.119034543956888
0.880965456043112
0
0.118548365213458
0.881451634786542
0
0.118556596387436
0.881443403612564
0
0.118573355710671
0.881426644289329
0
0.118599351416066
0.881400648583934
0
0.118636208785479
0.881363791214521
0
0.118687189587781
0.881312810412219
0
0.118758764892179
0.881241235107821
0
0.118864451558881
0.881135548441119
0
0.119034543956888
0.880965456043112
0
0.119331855548812
0.880668144451188
0
