0.118250995064337
0.394623422114258
0.487125582821405
0.118313779325832
0.415213174394469
0.4664730462797
0.118359735845446
0.468971144252303
0.412669119902252
0.118403846522149
0.526887812927161
0.35470834055069
0.118449326009734
0.530030260860539
0.351520413129727
0.118483166569642
0.525538534828121
0.355978298602238
0.118506475334216
0.536968031796241
0.344525492869543
0.11852250900071
0.576203837542323
0.305273653456968
0.118534283485118
0.737903507293382
0.1435622092215
0.118543138136079
0.88145686186392
0
0.118313779325832
0.415213174394465
0.466473046279703
0.118343001649998
0.450600342796909
0.431056655553094
0.118378545413074
0.50972331037657
0.371898144210355
0.118421970544279
0.526341195090037
0.355236834365684
0.118461465795591
0.523272836436647
0.358265697767761
0.118491832037928
0.524270272930181
0.357237895031891
0.118514105853435
0.539865917249788
0.341619976896776
0.11853007940015
0.582503607013333
0.298966313586518
0.118542388404288
0.773989604863567
0.107468006732146
0.11855136421296
0.88144863578704
0
0.118359735845445
0.468971144252299
0.412669119902255
0.118378545413074
0.509723310376568
0.371898144210357
0.118411943151954
0.52423306162049
0.357354995227556
0.118448188385768
0.522873305677185
0.358678505937047
0.118480723289269
0.5203362116627
0.361183065048031
0.118507609154023
0.525950977794945
0.355541413051032
0.118529012322748
0.544179981764754
0.337291005912498
0.118545489745741
0.589515942258133
0.291938567996126
0.118558891311129
0.809121417069309
0.072319691619562
0.11856809380468
0.88143190619532
0
0.118403846522149
0.526887812927156
0.354708340550695
0.118421970544279
0.526341195090034
0.355236834365687
0.118448188385768
0.522873305677185
0.358678505937047
0.118476524772081
0.51956362740779
0.361959847820129
0.118503850677889
0.521241105112596
0.360255044209515
0.11852873834533
0.530195851363601
0.351275410291069
0.118550397184691
0.549408202964654
0.332041399850655
0.118568377719271
0.59621505078436
0.285216571496369
0.118583693511607
0.833578202150192
0.047838104338201
0.118594040416647
0.881405959583354
0
0.118449326009734
0.530030260860534
0.351520413129732
0.118461465795591
0.523272836436646
0.358265697767763
0.118480723289269
0.5203362116627
0.361183065048031
0.118503850677889
0.521241105112594
0.360255044209517
0.118528707480241
0.52654086255967
0.354930429960089
0.118553728188856
0.536759513900299
0.344686757910845
0.118577538806134
0.555287349000436
0.326135112193431
0.118598881908738
0.601717954864027
0.279683163227236
0.118617726106546
0.839282611525666
0.0420996623677881
0.118630864499561
0.881369135500439
0
0.118483166569642
0.525538534828117
0.355978298602242
0.118491832037929
0.524270272930179
0.357237895031893
0.118507609154023
0.525950977794943
0.355541413051033
0.11852873834533
0.530195851363598
0.351275410291072
0.118553728188856
0.536759513900299
0.344686757910845
0.11858122799411
0.546255698720585
0.335163073285306
0.118609761058769
0.562590646237522
0.318799592703709
0.118637645830407
0.606361208790167
0.275001145379426
0.118663379903214
0.827520679450844
0.0538159406459424
0.118681935955919
0.881318064044081
0
0.118506475334216
0.53696803179624
0.344525492869544
0.118514105853435
0.539865917249789
0.341619976896775
0.118529012322748
0.544179981764754
0.337291005912498
0.118550397184691
0.549408202964656
0.332041399850654
0.118577538806133
0.555287349000436
0.326135112193431
0.118609761058769
0.562590646237522
0.318799592703709
0.118646128635547
0.57560229993817
0.305751571426283
0.118685433899284
0.614557617944062
0.266756948156653
0.118724170741598
0.817139117519567
0.0641367117388355
0.118753851717768
0.881246148282232
0
0.118522509000709
0.576203837542324
0.305273653456967
0.11853007940015
0.582503607013333
0.298966313586517
0.118545489745741
0.589515942258134
0.291938567996125
0.118568377719271
0.596215050784362
0.285216571496368
0.118598881908738
0.601717954864029
0.279683163227233
0.118637645830407
0.606361208790168
0.275001145379425
0.118685433899284
0.614557617944063
0.266756948156653
0.118742186991083
0.647779687526415
0.233478125482501
0.118806761152843
0.87552660059917
0.00566663824798753
0.118859762789977
0.881140237210023
0
0.118534283485118
0.737903507293382
0.1435622092215
0.118542388404288
0.773989604863569
0.107468006732143
0.118558891311129
0.809121417069313
0.0723196916195587
0.118583693511607
0.833578202150195
0.0478381043381977
0.118617726106546
0.839282611525668
0.0420996623677856
0.118663379903214
0.827520679450846
0.0538159406459404
0.118724170741598
0.817139117519568
0.0641367117388344
0.118806761152843
0.87552660059917
0.00566663824798706
0.11890878677264
0.88109121322736
0
0.119028484005332
0.880971515994668
0
0.118543138136079
0.88145686186392
0
0.11855136421296
0.88144863578704
0
0.11856809380468
0.88143190619532
0
0.118594040416646
0.881405959583354
0
0.118630864499561
0.881369135500439
0
0.118681935955919
0.881318064044081
0
0.118753851717768
0.881246148282232
0
0.118859762789977
0.881140237210023
0
0.119028484005332
0.880971515994668
0
0.119315522260648
0.880684477739352
0
0.118253114099362
0.455364789493014
0.426382096407624
0.118315572597578
0.522206197012973
0.359478230389449
0.11836126782438
0.852204889397701
0.0294338427779188
0.118404043917438
0.881595956082562
0
0.118449464805662
0.881550535194338
0
0.11848340913334
0.88151659086666
0
0.118506847802194
0.881493152197806
0
0.118522919204746
0.881477080795254
0
0.11853445722739
0.88146554277261
0
0.118543044592448
0.881456955407552
0
0.118315572597578
0.522206197012978
0.359478230389444
0.118344643547027
0.788608201087736
0.0930471553652378
0.118378954436162
0.881621045563838
0
0.11842216984285
0.88157783015715
0
0.118461669400798
0.881538330599202
0
0.118492149451028
0.881507850548972
0
0.118514506948058
0.881485493051942
0
0.118530502181455
0.881469497818545
0
0.118542549289043
0.881457450710957
0
0.118551265213782
0.881448734786218
0
0.11836126782438
0.852204889397714
0.0294338427779062
0.118378954436162
0.881621045563838
0
0.118412178982991
0.881587821017009
0
0.118448397549195
0.881551602450805
0
0.118480996332899
0.881519003667101
0
0.11850798293848
0.88149201706152
0
0.118529431282149
0.881470568717851
0
0.118545881291505
0.881454118708495
0
0.118559039462443
0.881440960537557
0
0.118567995186642
0.881432004813358
0
0.118404043917439
0.881595956082561
0
0.11842216984285
0.88157783015715
0
0.118448397549195
0.881551602450805
0
0.118476782895175
0.881523217104825
0
0.118504199508059
0.881495800491941
0
0.118529149013944
0.881470850986056
0
0.118550828615505
0.881449171384495
0
0.118568754108986
0.881431245891014
0
0.11858383733648
0.88141616266352
0
0.118593945714496
0.881406054285504
0
0.118449464805662
0.881550535194338
0
0.118461669400798
0.881538330599202
0
0.118480996332899
0.881519003667101
0
0.118504199508059
0.881495800491941
0
0.118529112085794
0.881470887914206
0
0.118554159049722
0.881445840950278
0
0.118577981009975
0.881422018990025
0
0.118599256602703
0.881400743397297
0
0.11861787431137
0.88138212568863
0
0.11863077765814
0.88136922234186
0
0.11848340913334
0.88151659086666
0
0.118492149451028
0.881507850548972
0
0.11850798293848
0.88149201706152
0
0.118529149013944
0.881470850986056
0
0.118554159049722
0.881445840950278
0
0.118581669856511
0.881418330143489
0
0.118610222109667
0.881389777890333
0
0.118638029108254
0.881361970891746
0
0.118663535737857
0.881336464262144
0
0.118681864436089
0.881318135563911
0
0.118506847802194
0.881493152197806
0
0.118514506948058
0.881485493051942
0
0.118529431282149
0.881470568717851
0
0.118550828615505
0.881449171384496
0
0.118577981009975
0.881422018990025
0
0.118610222109667
0.881389777890333
0
0.118646638884245
0.881353361115756
0
0.118685820418087
0.881314179581913
0
0.118724346653076
0.881275653346924
0
0.118753805535265
0.881246194464735
0
0.118522919204747
0.881477080795254
0
0.118530502181455
0.881469497818545
0
0.118545881291505
0.881454118708495
0
0.118568754108986
0.881431245891014
0
0.118599256602703
0.881400743397297
0
0.118638029108254
0.881361970891746
0
0.118685820418087
0.881314179581913
0
0.11874256962313
0.88125743037687
0
0.118806910430874
0.881193089569126
0
0.118859765982536
0.881140234017464
0
0.11853445722739
0.88146554277261
0
0.118542549289043
0.881457450710957
0
0.118559039462443
0.881440960537557
0
0.11858383733648
0.88141616266352
0
0.11861787431137
0.88138212568863
0
0.118663535737856
0.881336464262144
0
0.118724346653076
0.881275653346924
0
0.118806910430874
0.881193089569126
0
0.118908960199776
0.881091039800224
0
0.119028520352167
0.880971479647833
0
0.118543044592448
0.881456955407552
0
0.118551265213782
0.881448734786218
0
0.118567995186643
0.881432004813357
0
0.118593945714496
0.881406054285504
0
0.11863077765814
0.88136922234186
0
0.118681864436089
0.881318135563911
0
0.118753805535265
0.881246194464735
0
0.118859765982536
0.881140234017464
0
0.119028520352167
0.880971479647833
0
0.119318601221956
0.880681398778044
0
0.118256557644433
0.580137246069003
0.301606196286564
0.118317915719506
0.681471962497044
0.20021012178345
0.118362083164138
0.855219706112376
0.0264182107234861
0.118403912659688
0.881596087340312
0
0.1184492497328
0.8815507502672
0
0.118483212932615
0.881516787067385
0
0.118506677058148
0.881493322941852
0
0.11852277327025
0.88147722672975
0
0.118534319948462
0.881465680051538
0
0.118542844640421
0.88145715535958
0
0.118317915719506
0.681471962497047
0.200210121783448
0.118345609705336
0.823701985247574
0.0579524050470895
0.118378876362775
0.881621123637225
0
0.118421962659111
0.881578037340889
0
0.118461463789111
0.881538536210889
0
0.118491964392171
0.881508035607829
0
0.118514342614431
0.881485657385569
0
0.118530363689229
0.881469636310771
0
0.118542410929024
0.881457589070976
0
0.118551067981964
0.881448932018036
0
0.118362083164138
0.855219706112377
0.0264182107234849
0.118378876362775
0.881621123637225
0
0.118411976467698
0.881588023532302
0
0.118448189992953
0.881551810007047
0
0.118480802582754
0.881519197417246
0
0.118507808032636
0.881492191967364
0
0.118529273768822
0.881470726231178
0
0.118545747039581
0.881454252960419
0
0.118558893344791
0.881441106655209
0
0.118567805077429
0.881432194922571
0
0.118403912659688
0.881596087340312
0
0.118421962659111
0.881578037340889
0
0.118448189992953
0.881551810007047
0
0.118476586441476
0.881523413558524
0
0.118504019084561
0.881495980915439
0
0.118528983749062
0.881471016250938
0
0.118550678215799
0.881449321784202
0
0.118568627575095
0.881431372424905
0
0.118583695671277
0.881416304328723
0
0.118593764847782
0.881406235152218
0
0.1184492497328
0.8815507502672
0
0.118461463789111
0.881538536210889
0
0.118480802582754
0.881519197417246
0
0.118504019084561
0.881495980915439
0
0.118528944124484
0.881471055875516
0
0.118554003002323
0.881445996997677
0
0.118577838436644
0.881422161563356
0
0.118599141461681
0.88140085853832
0
0.118617753530263
0.881382246469737
0
0.118630608841474
0.881369391158526
0
0.118483212932615
0.881516787067385
0
0.118491964392171
0.881508035607829
0
0.118507808032636
0.881492191967364
0
0.118528983749062
0.881471016250938
0
0.118554003002323
0.881445996997677
0
0.118581524080695
0.881418475919305
0
0.118610090909325
0.881389909090675
0
0.118637929120374
0.881362070879626
0
0.118663442269148
0.881336557730852
0
0.118681715798674
0.881318284201326
0
0.118506677058148
0.881493322941852
0
0.118514342614431
0.881485657385569
0
0.118529273768822
0.881470726231178
0
0.118550678215799
0.881449321784201
0
0.118577838436644
0.881422161563356
0
0.118610090909325
0.881389909090675
0
0.118646530127707
0.881353469872293
0
0.118685740513143
0.881314259486857
0
0.118724305502467
0.881275694497533
0
0.118753689437958
0.881246310562042
0
0.11852277327025
0.88147722672975
0
0.118530363689229
0.881469636310771
0
0.118545747039581
0.881454252960419
0
0.118568627575095
0.881431372424905
0
0.11859914146168
0.88140085853832
0
0.118637929120374
0.881362070879626
0
0.118685740513143
0.881314259486857
0
0.11874255447224
0.88125744552776
0
0.118806831116292
0.881193168883708
0
0.11885972258292
0.88114027741708
0
0.118534319948462
0.881465680051538
0
0.118542410929024
0.881457589070976
0
0.11855889334479
0.88144110665521
0
0.118583695671277
0.881416304328723
0
0.118617753530263
0.881382246469737
0
0.118663442269148
0.881336557730852
0
0.118724305502467
0.881275694497533
0
0.118806831116292
0.881193168883708
0
0.118909170691962
0.881090829308038
0
0.119028514739025
0.880971485260975
0
0.11854284464042
0.88145715535958
0
0.118551067981964
0.881448932018036
0
0.118567805077429
0.881432194922571
0
0.118593764847782
0.881406235152218
0
0.118630608841474
0.881369391158526
0
0.118681715798674
0.881318284201326
0
0.118753689437958
0.881246310562042
0
0.11885972258292
0.88114027741708
0
0.119028514739025
0.880971485260975
0
0.119325079377297
0.880674920622703
0
