0.118245920201658
0.393704707948204
0.488049371850139
0.118307611864368
0.413506370061285
0.468186018074347
0.118352719544679
0.463533440580914
0.418113839874408
0.118394912961326
0.532611885898885
0.348993201139789
0.118441811084426
0.537890880354122
0.343667308561452
0.118477064891889
0.531320666186397
0.350202268921714
0.118501013821977
0.539608129055298
0.341890857122725
0.118517223183936
0.576545922183847
0.304936854632217
0.118528952543358
0.733767183537723
0.147703863918919
0.118537553325312
0.881462446674688
0
0.118307611864368
0.413506370061283
0.468186018074349
0.118336181063013
0.446523074703872
0.435140744233115
0.118370208188574
0.514548560152586
0.36708123165884
0.118413993524479
0.53286635836937
0.348719648106152
0.118454637732264
0.529929559144001
0.351615803123736
0.118486003262824
0.528599564658125
0.352914432079052
0.11850873788692
0.541811722948856
0.339679539164225
0.11852483548642
0.582379856493258
0.299095308020322
0.118537056584154
0.768121321972452
0.113341621443394
0.118545796133201
0.881454203866799
0
0.118352719544679
0.463533440580914
0.418113839874408
0.118370208188574
0.514548560152587
0.367081231658839
0.118404069852493
0.529960943577241
0.351634986570266
0.118441096785905
0.529425345556151
0.352133557657944
0.118474572619087
0.525677873639901
0.355847553741012
0.118502103446243
0.529152891723156
0.352345004830601
0.118523789932579
0.545556455375733
0.335919754691688
0.118540325906303
0.588898403739534
0.292561270354163
0.118553587292423
0.802064041116671
0.0793823715909059
0.118562522138858
0.881437477861142
0
0.118394912961326
0.532611885898883
0.34899320113979
0.118413993524479
0.53286635836937
0.348719648106151
0.118441096785905
0.52942534555615
0.352133557657945
0.118470269413897
0.52520294936777
0.356326781218333
0.118498246577838
0.525145867103424
0.356355886318737
0.118523516354542
0.532463526873978
0.34901295677148
0.118545335167902
0.55030636282068
0.331148302011418
0.118563299006509
0.595091842683673
0.286344858309818
0.118578406845089
0.824981332304329
0.056440260850582
0.118588408115966
0.881411591884034
0
0.118441811084426
0.53789088035412
0.343667308561454
0.118454637732264
0.529929559144
0.351615803123736
0.118474572619087
0.525677873639901
0.355847553741013
0.118498246577838
0.525145867103422
0.356355886318739
0.118523485610016
0.529125007073882
0.352351507316102
0.118548724015361
0.538260237855334
0.343191038129305
0.11857258878617
0.555747954341991
0.325679456871839
0.118593874069141
0.600040635743297
0.281365490187562
0.118612342660991
0.829026857529913
0.0523607998090965
0.118625063494818
0.881374936505182
0
0.11847706489189
0.531320666186393
0.350202268921718
0.118486003262824
0.528599564658125
0.352914432079052
0.118502103446243
0.529152891723154
0.352345004830603
0.118523516354542
0.532463526873974
0.349012956771484
0.118548724015361
0.538260237855332
0.343191038129307
0.118576370676663
0.54707828489701
0.334345344426327
0.118604931894101
0.562562050161143
0.318833017944756
0.118632596239959
0.603966966891078
0.277400436868963
0.118657505351015
0.814069722107168
0.0672727725418167
0.118675914281404
0.881324085718596
0
0.118501013821977
0.539608129055297
0.341890857122726
0.118508737886919
0.541811722948855
0.339679539164226
0.118523789932579
0.545556455375732
0.33591975469169
0.118545335167902
0.550306362820679
0.331148302011419
0.11857258878617
0.555747954341989
0.32567945687184
0.118604931894101
0.562562050161143
0.318833017944756
0.118641302141343
0.574685982842991
0.306672715015666
0.118680309320607
0.610776190067182
0.270543500612211
0.118717838490002
0.796692567462871
0.0845895940471274
0.118747566364752
0.881252433635248
0
0.118517223183936
0.576545922183847
0.304936854632218
0.11852483548642
0.582379856493255
0.299095308020326
0.118540325906303
0.588898403739536
0.292561270354162
0.118563299006509
0.595091842683672
0.286344858309819
0.118593874069141
0.600040635743297
0.281365490187562
0.118632596239959
0.603966966891078
0.277400436868962
0.118680309320607
0.610776190067182
0.270543500612212
0.118736728176677
0.638561590419522
0.242701681403801
0.118799525770989
0.836874012250254
0.0443264619787562
0.118852865828975
0.881147134171025
0
0.118528952543358
0.733767183537721
0.147703863918921
0.118537056584154
0.76812132197245
0.113341621443396
0.118553587292423
0.802064041116671
0.0793823715909067
0.118578406845089
0.824981332304328
0.0564402608505827
0.118612342660991
0.829026857529913
0.0523607998090968
0.118657505351015
0.814069722107168
0.067272772541817
0.118717838490002
0.796692567462871
0.0845895940471276
0.118799525770989
0.836874012250255
0.0443264619787563
0.11890112184472
0.88109887815528
0
0.119022515076263
0.880977484923737
0
0.118537553325312
0.881462446674689
0
0.118545796133202
0.881454203866799
0
0.118562522138858
0.881437477861142
0
0.118588408115966
0.881411591884034
0
0.118625063494818
0.881374936505182
0
0.118675914281404
0.881324085718596
0
0.118747566364752
0.881252433635248
0
0.118852865828975
0.881147134171025
0
0.119022515076263
0.880977484923737
0
0.119313413730552
0.880686586269448
0
0.118248036888606
0.4529624305876
0.428789532523794
0.118309405747208
0.518477376839977
0.363213217412815
0.118354184084747
0.848596257491571
0.0330495584236815
0.118395122981143
0.881604877018857
0
0.118441979395039
0.881558020604961
0
0.118477271197637
0.881522728802363
0
0.118501348382728
0.881498651617272
0
0.11851761073362
0.881482389266381
0
0.118529124021917
0.881470875978083
0
0.11853746201912
0.88146253798088
0
0.118309405747208
0.518477376839981
0.363213217412811
0.118337805801095
0.787771283406968
0.0938909107919364
0.118370564244536
0.881629435755464
0
0.1184142155235
0.8815857844765
0
0.11845482990135
0.88154517009865
0
0.118486277052781
0.88151372294722
0
0.118509105056239
0.881490894943762
0
0.118525236811376
0.881474763188624
0
0.118537216174639
0.881462783825361
0
0.118545698930504
0.881454301069496
0
0.118354184084747
0.848596257491583
0.0330495584236701
0.118370564244536
0.881629435755464
0
0.118404317721887
0.881595682278113
0
0.11844130740315
0.88155869259685
0
0.118474807853442
0.881525192146558
0
0.118502433237968
0.881497566762032
0
0.118524179101324
0.881475820898676
0
0.118540700651367
0.881459299348634
0
0.118553734849305
0.881446265150695
0
0.11856242518072
0.88143757481928
0
0.118395122981143
0.881604877018857
0
0.1184142155235
0.8815857844765
0
0.11844130740315
0.88155869259685
0
0.118470494575679
0.881529505424321
0
0.11849854914231
0.881501450857689
0
0.118523889384293
0.881476110615707
0
0.11854573999983
0.88145426000017
0
0.118563661300532
0.881436338699468
0
0.118578549839912
0.881421450160088
0
0.118588315359464
0.881411684640536
0
0.118441979395039
0.881558020604961
0
0.11845482990135
0.88154517009865
0
0.118474807853442
0.881525192146558
0
0.11849854914231
0.881501450857689
0
0.118523850202209
0.881476149797791
0
0.118549124531723
0.881450875468277
0
0.1185730084894
0.881426991510601
0
0.118594235879556
0.881405764120444
0
0.118612489066953
0.881387510933047
0
0.118624979888245
0.881375020111755
0
0.118477271197637
0.881522728802363
0
0.11848627705278
0.88151372294722
0
0.118502433237968
0.881497566762032
0
0.118523889384293
0.881476110615707
0
0.118549124531723
0.881450875468277
0
0.11857678860776
0.88142321139224
0
0.11860537199153
0.88139462800847
0
0.118632969587693
0.881367030412307
0
0.118657666512749
0.881342333487251
0
0.118675846352237
0.881324153647763
0
0.118501348382728
0.881498651617272
0
0.118509105056239
0.881490894943762
0
0.118524179101325
0.881475820898675
0
0.118545739999829
0.88145426000017
0
0.1185730084894
0.8814269915106
0
0.11860537199153
0.88139462800847
0
0.118641790064475
0.881358209935525
0
0.11868068955206
0.88131931044794
0
0.118718026776092
0.881281973223908
0
0.11874752494942
0.88125247505058
0
0.11851761073362
0.881482389266381
0
0.118525236811376
0.881474763188624
0
0.118540700651367
0.881459299348634
0
0.118563661300532
0.881436338699468
0
0.118594235879556
0.881405764120444
0
0.118632969587693
0.881367030412307
0
0.11868068955206
0.88131931044794
0
0.118737117393675
0.881262882606325
0
0.118799697094837
0.881200302905163
0
0.118852886891742
0.881147113108258
0
0.118529124021916
0.881470875978083
0
0.118537216174639
0.881462783825361
0
0.118553734849305
0.881446265150695
0
0.118578549839912
0.881421450160088
0
0.118612489066954
0.881387510933046
0
0.118657666512749
0.881342333487251
0
0.118718026776092
0.881281973223908
0
0.118799697094837
0.881200302905163
0
0.118901333625142
0.881098666374858
0
0.11902256809219
0.88097743190781
0
0.11853746201912
0.88146253798088
0
0.118545698930504
0.881454301069496
0
0.11856242518072
0.88143757481928
0
0.118588315359464
0.881411684640536
0
0.118624979888245
0.881375020111755
0
0.118675846352237
0.881324153647763
0
0.11874752494942
0.88125247505058
0
0.118852886891742
0.881147113108258
0
0.11902256809219
0.88097743190781
0
0.119316530659543
0.880683469340457
0
0.118251467734796
0.578679209588171
0.303069322677033
0.118311761623172
0.679731443735142
0.201956794641686
0.118354987905526
0.85519199448062
0.0264530176138543
0.118394996224275
0.881605003775725
0
0.118441767741276
0.881558232258724
0
0.118477069853432
0.881522930146568
0
0.118501173510967
0.881498826489033
0
0.118517462527315
0.881482537472685
0
0.118528984158931
0.88147101584107
0
0.118537264055077
0.881462735944923
0
0.118311761623172
0.679731443735144
0.201956794641684
0.118338757983156
0.823903765582882
0.0577574764339625
0.118370482693632
0.881629517306368
0
0.118414011410043
0.881585988589957
0
0.118454622222302
0.881545377777698
0
0.118486086937544
0.881513913062456
0
0.118508937325905
0.881491062674095
0
0.118525096220191
0.881474903779809
0
0.118537076099688
0.881462923900312
0
0.118545503141498
0.881454496858501
0
0.118354987905526
0.855191994480622
0.0264530176138525
0.118370482693632
0.881629517306368
0
0.118404117035533
0.881595882964467
0
0.118441100150123
0.881558899849877
0
0.118474609587525
0.881525390412475
0
0.118502253974377
0.881497746025623
0
0.118524018968021
0.881475981031979
0
0.118540564163161
0.881459435836839
0
0.118553586946669
0.881446413053331
0
0.118562236476324
0.881437763523676
0
0.118394996224275
0.881605003775725
0
0.118414011410043
0.881585988589957
0
0.118441100150123
0.881558899849877
0
0.11847029405123
0.88152970594877
0
0.118498364131659
0.881501635868341
0
0.118523720761182
0.881476279238818
0
0.118545587038201
0.881454412961799
0
0.118563532693009
0.881436467306991
0
0.118578405919387
0.881421594080612
0
0.118588136269818
0.881411863730182
0
0.118441767741277
0.881558232258723
0
0.118454622222302
0.881545377777698
0
0.118474609587525
0.881525390412475
0
0.118498364131659
0.881501635868341
0
0.118523678569
0.881476321431
0
0.118548965917064
0.881451034082936
0
0.118572865041954
0.881427134958046
0
0.118594117312186
0.881405882687814
0
0.118612365257185
0.881387634742815
0
0.118624814527682
0.881375185472318
0
0.118477069853432
0.881522930146568
0
0.118486086937544
0.881513913062456
0
0.118502253974377
0.881497746025623
0
0.118523720761182
0.881476279238818
0
0.118548965917064
0.881451034082936
0
0.118576640705156
0.881423359294844
0
0.118605238376186
0.881394761623814
0
0.118632865904567
0.881367134095433
0
0.118657582755664
0.881342417244336
0
0.118675700281729
0.881324299718271
0
0.118501173510967
0.881498826489033
0
0.118508937325905
0.881491062674095
0
0.118524018968021
0.881475981031979
0
0.118545587038201
0.881454412961798
0
0.118572865041954
0.881427134958046
0
0.118605238376186
0.881394761623814
0
0.118641678835327
0.881358321164673
0
0.118680604434382
0.881319395565618
0
0.118718001541534
0.881281998458466
0
0.118747410073976
0.881252589926024
0
0.118517462527315
0.881482537472685
0
0.118525096220191
0.881474903779809
0
0.118540564163161
0.881459435836839
0
0.118563532693009
0.881436467306991
0
0.118594117312186
0.881405882687814
0
0.118632865904567
0.881367134095433
0
0.118680604434382
0.881319395565618
0
0.118737088893295
0.881262911106705
0
0.118799664923366
0.881200335076634
0
0.118852864476737
0.881147135523263
0
0.11852898415893
0.88147101584107
0
0.118537076099688
0.881462923900312
0
0.118553586946669
0.881446413053331
0
0.118578405919387
0.881421594080613
0
0.118612365257184
0.881387634742816
0
0.118657582755664
0.881342417244336
0
0.118718001541534
0.881281998458466
0
0.118799664923366
0.881200335076634
0
0.118901596351354
0.881098403648646
0
0.119022585101661
0.880977414898339
0
0.118537264055077
0.881462735944923
0
0.118545503141498
0.881454496858502
0
0.118562236476324
0.881437763523676
0
0.118588136269818
0.881411863730182
0
0.118624814527682
0.881375185472318
0
0.118675700281729
0.881324299718271
0
0.118747410073976
0.881252589926024
0
0.118852864476737
0.881147135523263
0
0.119022585101661
0.880977414898338
0
0.119323091513675
0.880676908486325
0
