0.118240962046236
0.394502944358202
0.487256093595561
0.11830362971738
0.414851707449081
0.466844662833539
0.118349469526227
0.467636793656357
0.414013736817416
0.118393157472737
0.526317791441537
0.355289051085727
0.118438496754626
0.530619938837569
0.350941564407805
0.118472454806973
0.525901365514903
0.355626179678124
0.118495807857915
0.536534673514917
0.344969518627168
0.118511795322801
0.574878221099366
0.306609983577833
0.118523423318586
0.732940710764635
0.148535865916779
0.118532219588837
0.881467780411163
0
0.11830362971738
0.414851707449078
0.466844662833542
0.118332759380301
0.44956853337952
0.432098707240179
0.118368074359485
0.508621338000788
0.373010587639727
0.118411214024268
0.526444493821645
0.355144292154087
0.118450708591406
0.523790459714238
0.357758831694355
0.118481160368797
0.524287396614756
0.357231443016447
0.118503437671795
0.539219738897823
0.342276823430382
0.118519328015471
0.580895320296319
0.300585351688211
0.118531461012025
0.767471791024718
0.113996747963257
0.118540438530825
0.881459561469175
0
0.118349469526227
0.467636793656354
0.414013736817419
0.118368074359485
0.508621338000786
0.373010587639729
0.118401249156042
0.524100851675784
0.357497899168175
0.118437441329748
0.523334129974452
0.3582284286958
0.118470046287522
0.52060301428819
0.360926939424288
0.118496973012984
0.525671343415798
0.355831683571218
0.1185183438938
0.543347958030155
0.338133698076045
0.118534707344787
0.587621153865033
0.29384413879018
0.118547933483846
0.801600372740785
0.079851693775369
0.118557129062626
0.881442870937374
0
0.118393157472737
0.526317791441532
0.355289051085731
0.118411214024268
0.526444493821642
0.35514429215409
0.118437441329748
0.523334129974452
0.3582284286958
0.118465848937149
0.519902643794971
0.36163150726788
0.118493230602971
0.521146059097434
0.360360710299594
0.118518118343574
0.529652658151652
0.351829223504774
0.118539721028062
0.548399144715254
0.333061134256684
0.118557571488394
0.593983170026615
0.287459258484991
0.1185726791534
0.824798885630873
0.0566284352157268
0.118582980444646
0.881417019555354
0
0.118438496754626
0.530619938837565
0.350941564407809
0.118450708591407
0.523790459714237
0.357758831694357
0.118470046287522
0.52060301428819
0.360926939424288
0.118493230602971
0.521146059097432
0.360360710299597
0.118518103129612
0.526087990630419
0.355393906239969
0.118543094669666
0.535984582491139
0.345472322839195
0.11856682584359
0.554087957436056
0.327345216720353
0.118587990837383
0.599082915071983
0.282329094090634
0.118606556342817
0.82915623961043
0.0522372040467533
0.118619610099018
0.881380389900982
0
0.118472454806973
0.525901365514899
0.355626179678128
0.118481160368797
0.524287396614754
0.357231443016449
0.118496973012984
0.525671343415795
0.35583168357122
0.118518118343574
0.52965265815165
0.351829223504777
0.118543094669666
0.535984582491139
0.345472322839195
0.118570543468131
0.545233188081888
0.336196268449982
0.11859896500084
0.561116799979164
0.320284235019996
0.118626541843697
0.603175940800132
0.278197517356172
0.118651616675446
0.815181977657934
0.06616640566662
0.11867039547359
0.88132960452641
0
0.118495807857915
0.536534673514916
0.344969518627169
0.118503437671795
0.539219738897823
0.342276823430381
0.1185183438938
0.543347958030154
0.338133698076046
0.118539721028062
0.548399144715255
0.333061134256683
0.11856682584359
0.554087957436057
0.327345216720353
0.11859896500084
0.561116799979164
0.320284235019996
0.118635187383346
0.573489867808889
0.307874944807765
0.118674032462426
0.6103362166654
0.270989750872174
0.118711760928994
0.79995963472546
0.0813286043455459
0.118741854565721
0.881258145434279
0
0.118511795322801
0.574878221099366
0.306609983577833
0.118519328015471
0.580895320296319
0.30058535168821
0.118534707344787
0.587621153865034
0.293844138790179
0.118557571488394
0.593983170026617
0.28745925848499
0.118587990837384
0.599082915071984
0.282329094090632
0.118626541843697
0.603175940800132
0.278197517356171
0.118674032462426
0.610336216665399
0.270989750872175
0.118730192705708
0.639479088947048
0.241790718347244
0.118793070891604
0.845649549677112
0.0355573794312841
0.118846671122327
0.881153328877673
0
0.118523423318585
0.732940710764636
0.148535865916779
0.118531461012025
0.767471791024719
0.113996747963256
0.118547933483846
0.801600372740788
0.0798516937753656
0.1185726791534
0.824798885630876
0.0566284352157236
0.118606556342817
0.829156239610432
0.0522372040467504
0.118651616675445
0.815181977657936
0.0661664056666183
0.118711760928994
0.799959634725461
0.0813286043455448
0.118793070891604
0.845649549677112
0.0355573794312837
0.118895311704854
0.881104688295146
0
0.119014467521853
0.880985532478147
0
0.118532219588837
0.881467780411163
0
0.118540438530824
0.881459561469176
0
0.118557129062626
0.881442870937374
0
0.118582980444646
0.881417019555354
0
0.118619610099018
0.881380389900982
0
0.11867039547359
0.88132960452641
0
0.118741854565721
0.881258145434278
0
0.118846671122327
0.881153328877673
0
0.119014467521853
0.880985532478147
0
0.119301117766187
0.880698882233813
0
0.118243076435597
0.454979804103762
0.426777119460641
0.118305418743936
0.521000545639254
0.360694035616809
0.11835099727476
0.847482545361728
0.0341664573635125
0.118393370733623
0.881606629266377
0
0.118438647370398
0.881561352629602
0
0.11847269245395
0.88152730754605
0
0.118496174021794
0.881503825978206
0
0.118512201551209
0.881487798448791
0
0.118523599738811
0.881476400261189
0
0.118532126409672
0.881467873590328
0
0.118305418743936
0.521000545639259
0.360694035616805
0.118334394717649
0.78155201954845
0.100113585733902
0.118368510130351
0.881631489869649
0
0.118411427203744
0.881588572796256
0
0.118450914561689
0.881549085438311
0
0.118481470318486
0.881518529681514
0
0.118503833748525
0.881496166251475
0
0.118519753957206
0.881480246042794
0
0.118531625130802
0.881468374869198
0
0.118540339034204
0.881459660965797
0
0.11835099727476
0.84748254536174
0.0341664573634999
0.118368510130351
0.881631489869649
0
0.118401498542552
0.881598501457448
0
0.118437657507186
0.881562342492814
0
0.118470313770684
0.881529686229316
0
0.118497339605701
0.881502660394299
0
0.118518759132545
0.881481240867455
0
0.1185351063003
0.8814648936997
0
0.118548084129391
0.881451915870609
0
0.118557029676618
0.881442970323382
0
0.118393370733623
0.881606629266377
0
0.118411427203744
0.881588572796256
0
0.118437657507186
0.881562342492814
0
0.118466102873298
0.881533897126702
0
0.118493571426723
0.881506428573277
0
0.118518523789113
0.881481476210887
0
0.118540149777761
0.881459850222239
0
0.118557954202731
0.881442045797269
0
0.118572825092613
0.881427174907387
0
0.118582884941284
0.881417115058716
0
0.118438647370398
0.881561352629602
0
0.118450914561689
0.881549085438311
0
0.118470313770684
0.881529686229316
0
0.118493571426723
0.881506428573277
0
0.118518501988581
0.88148149801142
0
0.118543522876499
0.881456477123501
0
0.118567266519157
0.881432733480843
0
0.118588372385593
0.881411627614407
0
0.118606705437575
0.881393294562425
0
0.118619523116526
0.881380476883474
0
0.11847269245395
0.88152730754605
0
0.118481470318486
0.881518529681514
0
0.118497339605701
0.881502660394299
0
0.118518523789113
0.881481476210887
0
0.118543522876499
0.881456477123501
0
0.118570984914589
0.881429015085411
0
0.118599425603418
0.881400574396582
0
0.118626934346559
0.881373065653441
0
0.118651780623058
0.881348219376942
0
0.118670323152675
0.881329676847325
0
0.118496174021794
0.881503825978206
0
0.118503833748525
0.881496166251475
0
0.118518759132545
0.881481240867455
0
0.118540149777761
0.881459850222239
0
0.118567266519157
0.881432733480843
0
0.118599425603418
0.881400574396582
0
0.118635694762017
0.881364305237983
0
0.118674432462774
0.881325567537226
0
0.118711951094678
0.881288048905322
0
0.118741807098922
0.881258192901078
0
0.11851220155121
0.88148779844879
0
0.118519753957206
0.881480246042794
0
0.1185351063003
0.8814648936997
0
0.118557954202731
0.881442045797269
0
0.118588372385593
0.881411627614407
0
0.118626934346559
0.881373065653441
0
0.118674432462774
0.881325567537226
0
0.118730598192625
0.881269401807375
0
0.118793247654084
0.881206752345916
0
0.118846679824637
0.881153320175363
0
0.118523599738811
0.881476400261189
0
0.118531625130802
0.881468374869198
0
0.118548084129391
0.881451915870609
0
0.118572825092613
0.881427174907387
0
0.118606705437575
0.881393294562425
0
0.118651780623058
0.881348219376942
0
0.118711951094678
0.881288048905322
0
0.118793247654083
0.881206752345917
0
0.118895490271947
0.881104509728053
0
0.119014513852597
0.880985486147403
0
0.118532126409672
0.881467873590328
0
0.118540339034204
0.881459660965796
0
0.118557029676618
0.881442970323382
0
0.118582884941284
0.881417115058716
0
0.118619523116526
0.881380476883474
0
0.118670323152675
0.881329676847325
0
0.118741807098922
0.881258192901078
0
0.118846679824637
0.881153320175364
0
0.119014513852597
0.880985486147403
0
0.119304201450894
0.880695798549106
0
0.11824651176789
0.579724575230613
0.302028913001498
0.118307764497884
0.680421631291842
0.201270604210275
0.118351822708665
0.851959806544363
0.0296883707469722
0.118393242733872
0.881606757266128
0
0.118438432662085
0.881561567337915
0
0.118472494147948
0.881527505852052
0
0.118496000766178
0.881503999233822
0
0.118512052813564
0.881487947186436
0
0.118523460994983
0.881476539005017
0
0.118531925027291
0.88146807497271
0
0.118307764497884
0.680421631291844
0.201270604210272
0.118335377739909
0.821657133281808
0.060007488978283
0.118368436106155
0.881631563893845
0
0.118411220866921
0.881588779133079
0
0.118450707797788
0.881549292202212
0
0.118481282844633
0.881518717155367
0
0.118503666986567
0.881496333013433
0
0.118519612959305
0.881480387040695
0
0.118531487169801
0.881468512830199
0
0.118540139582016
0.881459860417984
0
0.118351822708665
0.851959806544364
0.0296883707469708
0.118368436106155
0.881631563893845
0
0.118401296862175
0.881598703137826
0
0.118437449453048
0.881562550546952
0
0.118470117901481
0.881529882098519
0
0.118497162230512
0.881502837769488
0
0.118518599257074
0.881481400742926
0
0.118534969864191
0.881465030135809
0
0.118547937863967
0.881452062136032
0
0.118556837171365
0.881443162828635
0
0.118393242733872
0.881606757266128
0
0.118411220866921
0.881588779133079
0
0.118437449453048
0.881562550546952
0
0.118465904471429
0.881534095528571
0
0.118493388538247
0.881506611461753
0
0.118518356152233
0.881481643847767
0
0.118539997019803
0.881460002980197
0
0.118557824994525
0.881442175005475
0
0.118572682867023
0.881427317132977
0
0.118582701694787
0.881417298305213
0
0.118438432662085
0.881561567337915
0
0.118450707797788
0.881549292202212
0
0.118470117901481
0.881529882098519
0
0.118493388538247
0.881506611461753
0
0.118518331648738
0.881481668351262
0
0.118543364606777
0.881456635393223
0
0.118567121532464
0.881432878467536
0
0.118588254159055
0.881411745840945
0
0.118606581787495
0.881393418212505
0
0.118619352664656
0.881380647335344
0
0.118472494147948
0.881527505852052
0
0.118481282844633
0.881518717155367
0
0.118497162230512
0.881502837769488
0
0.118518356152233
0.881481643847767
0
0.118543364606777
0.881456635393223
0
0.118570836967213
0.881429163032787
0
0.11859929168997
0.88140070831003
0
0.118626830775044
0.881373169224956
0
0.118651695961059
0.881348304038941
0
0.118670170561092
0.881329829438908
0
0.118496000766178
0.881503999233822
0
0.118503666986567
0.881496333013433
0
0.118518599257075
0.881481400742925
0
0.118539997019803
0.881460002980197
0
0.118567121532464
0.881432878467536
0
0.11859929168997
0.88140070831003
0
0.118635581662659
0.881364418337341
0
0.118674348147053
0.881325651852947
0
0.118711923252808
0.881288076747192
0
0.118741683667374
0.881258316332626
0
0.118512052813564
0.881487947186436
0
0.118519612959305
0.881480387040695
0
0.118534969864191
0.881465030135809
0
0.118557824994525
0.881442175005475
0
0.118588254159055
0.881411745840945
0
0.118626830775045
0.881373169224955
0
0.118674348147053
0.881325651852947
0
0.118730573305906
0.881269426694094
0
0.118793222631739
0.881206777368261
0
0.118846639042096
0.881153360957904
0
0.118523460994983
0.881476539005017
0
0.118531487169801
0.881468512830199
0
0.118547937863967
0.881452062136033
0
0.118572682867023
0.881427317132977
0
0.118606581787495
0.881393418212505
0
0.118651695961059
0.881348304038941
0
0.118711923252808
0.881288076747192
0
0.118793222631739
0.881206777368261
0
0.118895695893737
0.881104304106263
0
0.119014521041798
0.880985478958202
0
0.11853192502729
0.88146807497271
0
0.118540139582016
0.881459860417984
0
0.118556837171365
0.881443162828635
0
0.118582701694787
0.881417298305213
0
0.118619352664656
0.881380647335344
0
0.118670170561092
0.881329829438908
0
0.118741683667375
0.881258316332626
0
0.118846639042096
0.881153360957904
0
0.119014521041798
0.880985478958202
0
0.119310694690294
0.880689305309706
0
