0.118235982792533
0.39444307793729
0.487320939270176
0.118298591755276
0.41467330307543
0.467028105169295
0.118344372789056
0.466982107238316
0.414673519972628
0.118387854828532
0.526011806183628
0.35560033898784
0.11843311781502
0.53088697131428
0.3506799108707
0.118467129712668
0.526088130008923
0.355444740278409
0.118490506751917
0.536330797068496
0.345178696179587
0.118506473894782
0.574233188247368
0.30726033785785
0.118518027731247
0.730517695662786
0.150964276605967
0.118526796214963
0.881473203785037
0
0.118298591755276
0.414673303075427
0.467028105169298
0.118327675363092
0.449063550430953
0.432608774205955
0.118362878789207
0.508053855072679
0.373583266138114
0.118405873436575
0.526465448495574
0.355128678067851
0.11844536022526
0.524040864962275
0.357513774812465
0.11847585250899
0.52430694204016
0.35721720545085
0.118498133546898
0.538909149823422
0.34259271662968
0.118513991553221
0.580113953654879
0.3013720547919
0.11852602128789
0.764247848198429
0.117226130513681
0.118535005542615
0.881464994457385
0
0.118344372789056
0.466982107238314
0.414673519972631
0.118362878789207
0.508053855072677
0.373583266138116
0.118395939497562
0.524005965430666
0.357598095071772
0.118432097766545
0.523547418745113
0.358020483488342
0.118464732096769
0.520742742428661
0.36079252547457
0.118491676476867
0.525544097326484
0.355964226196649
0.118513027753268
0.542943914933018
0.338543057313714
0.118529326266455
0.586697017965423
0.294773655768121
0.118542466097904
0.797901776913851
0.083555756988245
0.118551668559758
0.881448331440242
0
0.118387854828532
0.526011806183624
0.355600338987844
0.118405873436575
0.526465448495572
0.355128678067854
0.118432097766545
0.523547418745113
0.358020483488342
0.118460534310582
0.520075878021994
0.361463587667424
0.118487939247951
0.521110978261346
0.360401082490704
0.118512822193904
0.529393228096453
0.352093949709644
0.118534390130821
0.54790772803236
0.333557881836819
0.118552165730326
0.592901874590705
0.288545959678969
0.118567154519444
0.820495548059043
0.0609372974215123
0.118577467194619
0.881422532805381
0
0.11843311781502
0.530886971314276
0.350679910870704
0.11844536022526
0.524040864962273
0.357513774812467
0.118464732096769
0.52074274242866
0.360792525474571
0.118487939247951
0.521110978261344
0.360401082490706
0.118512813601028
0.525873935362188
0.355613251036785
0.118537783840582
0.535608724163006
0.345853491996412
0.118561468188828
0.553504191314721
0.327934340496451
0.118582535859581
0.597814133385161
0.283603330755258
0.118600933245802
0.824190635508186
0.0572084312460117
0.118614011073291
0.881385988926709
0
0.118467129712668
0.526088130008919
0.355444740278413
0.11847585250899
0.524306942040158
0.357217205450853
0.118491676476867
0.525544097326481
0.355964226196652
0.118512822193904
0.52939322809645
0.352093949709647
0.118537783840582
0.535608724163006
0.345853491996412
0.118565201481038
0.544735256707545
0.336699541811417
0.118593568390699
0.560403437484895
0.321002994124406
0.118621014537291
0.601654742459966
0.279724243002742
0.118645836309265
0.809210883433832
0.0721432802569024
0.11866467164951
0.88133532835049
0
0.118490506751917
0.536330797068494
0.345178696179589
0.118498133546898
0.538909149823423
0.342592716629679
0.118513027753268
0.542943914933017
0.338543057313716
0.118534390130821
0.547907728032362
0.333557881836818
0.118561468188828
0.553504191314721
0.327934340496451
0.118593568390699
0.560403437484895
0.321002994124406
0.118629738817418
0.572483377766448
0.308886883416134
0.11866843182083
0.608343106880265
0.272988461298905
0.118705795934132
0.791717690092578
0.0895765139732905
0.118735946336435
0.881264053663565
0
0.118506473894782
0.574233188247369
0.30726033785785
0.118513991553221
0.58011395365488
0.301372054791899
0.118529326266455
0.586697017965424
0.29477365576812
0.118552165730325
0.592901874590707
0.288545959678967
0.118582535859581
0.597814133385163
0.283603330755257
0.118621014537292
0.601654742459967
0.279724243002742
0.11866843182083
0.608343106880265
0.272988461298905
0.118724550819125
0.635714962868309
0.245560486312566
0.118787198783717
0.830603652283172
0.0506091489331105
0.118840315105783
0.881159684894217
0
0.118518027731247
0.730517695662786
0.150964276605967
0.11852602128789
0.76424784819843
0.117226130513679
0.118542466097904
0.797901776913854
0.0835557569882416
0.118567154519445
0.820495548059046
0.0609372974215093
0.118600933245802
0.824190635508189
0.0572084312460087
0.118645836309265
0.809210883433835
0.0721432802569005
0.118705795934132
0.791717690092579
0.0895765139732892
0.118787198783717
0.830603652283172
0.0506091489331101
0.118888788316045
0.881111211683955
0
0.119007424667017
0.880992575332983
0
0.118526796214963
0.881473203785037
0
0.118535005542615
0.881464994457385
0
0.118551668559758
0.881448331440242
0
0.118577467194619
0.881422532805381
0
0.118614011073291
0.881385988926709
0
0.11866467164951
0.881335328350491
0
0.118735946336435
0.881264053663565
0
0.118840315105783
0.881159684894217
0
0.119007424667017
0.880992575332983
0
0.119293782199457
0.880706217800543
0
0.118238094885226
0.454788052026997
0.426973853087777
0.118300378666521
0.52040734193447
0.361292279399008
0.118345899382235
0.845059792833711
0.0365943077840543
0.118388075532801
0.881611924467199
0
0.118433274463812
0.881566725536188
0
0.118467365616832
0.881532634383168
0
0.118490870148374
0.881509129851627
0
0.118506878322745
0.881493121677255
0
0.118518205532738
0.881481794467262
0
0.118526703269911
0.881473296730089
0
0.118300378666521
0.520407341934475
0.361292279399004
0.118329307742517
0.778026660471877
0.103644031785606
0.118363327420647
0.881636672579353
0
0.118406093391797
0.881593906608203
0
0.118445568064122
0.881554431935878
0
0.118476159333277
0.881523840666723
0
0.118498527326798
0.881501472673202
0
0.118514415361333
0.881485584638667
0
0.118526187208257
0.881473812791743
0
0.118534905853947
0.881465094146053
0
0.118345899382235
0.845059792833724
0.0365943077840415
0.118363327420647
0.881636672579353
0
0.118396195469156
0.881603804530844
0
0.118432318002882
0.881567681997119
0
0.11846499758445
0.88153500241555
0
0.11849203994071
0.88150796005929
0
0.11851344144904
0.88148655855096
0
0.118529729948919
0.881470270051081
0
0.118542618038972
0.881457381961028
0
0.118551568859093
0.881448431140907
0
0.118388075532801
0.881611924467199
0
0.118406093391797
0.881593906608203
0
0.118432318002882
0.881567681997119
0
0.118460786985524
0.881539213014476
0
0.118488276599075
0.881511723400925
0
0.118513225243211
0.881486774756789
0
0.11853481756533
0.88146518243467
0
0.118552551614435
0.881447448385565
0
0.118567301831086
0.881432698168915
0
0.118577371278121
0.881422628721879
0
0.118433274463812
0.881566725536188
0
0.118445568064122
0.881554431935878
0
0.11846499758445
0.88153500241555
0
0.118488276599075
0.881511723400925
0
0.118513209737221
0.881486790262779
0
0.118538210405347
0.881461789594653
0
0.118561907394924
0.881438092605076
0
0.118582920403382
0.881417079596618
0
0.118601084122856
0.881398915877144
0
0.118613923564647
0.881386076435353
0
0.118467365616832
0.881532634383168
0
0.118476159333277
0.881523840666723
0
0.11849203994071
0.88150796005929
0
0.118513225243211
0.881486774756789
0
0.118538210405346
0.881461789594654
0
0.118565641440041
0.881434358559959
0
0.118594026450153
0.881405973549847
0
0.118621409817317
0.881378590182683
0
0.118646003082866
0.881353996917134
0
0.118664598603665
0.881335401396335
0
0.118490870148374
0.881509129851626
0
0.118498527326798
0.881501472673202
0
0.11851344144904
0.88148655855096
0
0.11853481756533
0.88146518243467
0
0.118561907394924
0.881438092605076
0
0.118594026450153
0.881405973549847
0
0.118630240420765
0.881369759579235
0
0.118668834478273
0.881331165521727
0
0.118705992368204
0.881294007631796
0
0.118735897421414
0.881264102578586
0
0.118506878322745
0.881493121677255
0
0.118514415361333
0.881485584638667
0
0.118529729948919
0.881470270051081
0
0.118552551614435
0.881447448385565
0
0.118582920403382
0.881417079596618
0
0.118621409817317
0.881378590182683
0
0.118668834478273
0.881331165521727
0
0.118724962717658
0.881275037282342
0
0.118787372415277
0.881212627584723
0
0.11884032530527
0.88115967469473
0
0.118518205532738
0.881481794467262
0
0.118526187208257
0.881473812791743
0
0.118542618038972
0.881457381961028
0
0.118567301831085
0.881432698168915
0
0.118601084122856
0.881398915877144
0
0.118646003082866
0.881353996917134
0
0.118705992368204
0.881294007631796
0
0.118787372415277
0.881212627584723
0
0.118888970664942
0.881111029335058
0
0.119007476056477
0.880992523943523
0
0.118526703269911
0.881473296730089
0
0.118534905853947
0.881465094146053
0
0.118551568859093
0.881448431140907
0
0.118577371278121
0.881422628721879
0
0.118613923564647
0.881386076435353
0
0.118664598603665
0.881335401396335
0
0.118735897421414
0.881264102578586
0
0.11884032530527
0.88115967469473
0
0.119007476056477
0.880992523943523
0
0.119296868073284
0.880703131926716
0
0.118241526155141
0.579515690289238
0.302242783555621
0.118302725614466
0.679899386801692
0.201797887583842
0.118346729624899
0.850385432135695
0.0312678382394062
0.118387949106605
0.881612050893395
0
0.118433059962364
0.881566940037636
0
0.118467166337471
0.881532833662529
0
0.118490695683612
0.881509304316388
0
0.118506728216837
0.881493271783163
0
0.118518066062007
0.881481933937993
0
0.118526501186184
0.881473498813816
0
0.118302725614466
0.679899386801695
0.20179788758384
0.118330299219689
0.820677342262505
0.0609923585178067
0.118363255349413
0.881636744650587
0
0.118405887456813
0.881594112543187
0
0.118445360809028
0.881554639190972
0
0.118475970714548
0.881524029285452
0
0.118498359370274
0.881501640629726
0
0.118514272818823
0.881485727181177
0
0.118526049668267
0.881473950331733
0
0.118534705322804
0.881465294677196
0
0.118346729624899
0.850385432135696
0.0312678382394047
0.118363255349413
0.881636744650587
0
0.118395994176377
0.881604005823623
0
0.118432109770442
0.881567890229558
0
0.118464800734815
0.881535199265185
0
0.11849186137801
0.881508138621991
0
0.118513280431646
0.881486719568354
0
0.118529592648859
0.881470407351141
0
0.118542471716169
0.881457528283831
0
0.118551375199949
0.881448624800051
0
0.118387949106605
0.881612050893395
0
0.118405887456813
0.881594112543187
0
0.118432109770442
0.881567890229558
0
0.118460587694093
0.881539412305907
0
0.118488092529216
0.881511907470784
0
0.118513056444175
0.881486943555825
0
0.118534663637309
0.881465336362691
0
0.118552421075698
0.881447578924302
0
0.118567159797801
0.881432840202199
0
0.118577186752946
0.881422813247054
0
0.118433059962364
0.881566940037636
0
0.118445360809028
0.881554639190972
0
0.118464800734815
0.881535199265185
0
0.118488092529216
0.881511907470784
0
0.118513038226137
0.881486961773863
0
0.118538051001533
0.881461948998467
0
0.118561761142491
0.881438238857509
0
0.118582800596906
0.881417199403094
0
0.118600961169448
0.881399038830552
0
0.118613751561748
0.881386248438252
0
0.118467166337471
0.881532833662529
0
0.118475970714548
0.881524029285452
0
0.118491861378009
0.881508138621991
0
0.118513056444175
0.881486943555825
0
0.118538051001533
0.881461948998467
0
0.1185654922961
0.8814345077039
0
0.118593890977644
0.881406109022356
0
0.118621304240524
0.881378695759476
0
0.118645920084301
0.881354079915699
0
0.118664443779573
0.881335556220428
0
0.118490695683612
0.881509304316388
0
0.118498359370274
0.881501640629726
0
0.118513280431646
0.881486719568354
0
0.118534663637309
0.881465336362691
0
0.118561761142491
0.881438238857509
0
0.118593890977644
0.881406109022356
0
0.11863012482526
0.88136987517474
0
0.11866874748048
0.88133125251952
0
0.118705969554303
0.881294030445697
0
0.118735769739298
0.881264230260702
0
0.118506728216837
0.881493271783163
0
0.118514272818823
0.881485727181177
0
0.118529592648859
0.881470407351141
0
0.118552421075698
0.881447578924302
0
0.118582800596906
0.881417199403094
0
0.118621304240524
0.881378695759476
0
0.11866874748048
0.88133125251952
0
0.118724932580566
0.881275067419434
0
0.118787336599899
0.881212663400101
0
0.118840285152087
0.881159714847913
0
0.118518066062007
0.881481933937993
0
0.118526049668267
0.881473950331733
0
0.118542471716169
0.881457528283831
0
0.118567159797801
0.881432840202199
0
0.118600961169448
0.881399038830552
0
0.118645920084301
0.881354079915699
0
0.118705969554303
0.881294030445697
0
0.118787336599899
0.881212663400101
0
0.118889176744269
0.881110823255731
0
0.119007490678713
0.880992509321287
0
0.118526501186184
0.881473498813816
0
0.118534705322804
0.881465294677196
0
0.118551375199949
0.881448624800051
0
0.118577186752946
0.881422813247054
0
0.118613751561748
0.881386248438252
0
0.118664443779573
0.881335556220428
0
0.118735769739298
0.881264230260702
0
0.118840285152087
0.881159714847913
0
0.119007490678713
0.880992509321287
0
0.119303369445831
0.880696630554169
0
