0.118230989738757
0.393517474129275
0.488251536131968
0.118292498572614
0.412951082160447
0.468756419266938
0.118337420184121
0.461732618446288
0.41992996136959
0.118379075293962
0.531297950638125
0.350322974067913
0.118425628469529
0.538449340327811
0.343125031202661
0.118461018654302
0.53207601784882
0.349462963496878
0.118485076850417
0.539162572437345
0.342352350712238
0.118501244829666
0.574678707572271
0.306820047598064
0.118512772335407
0.726556991840954
0.15493023582364
0.11852129538374
0.88147870461626
0
0.118292498572615
0.412951082160444
0.468756419266941
0.118320932948499
0.445049389028976
0.436629678022525
0.118354659440036
0.512718077715998
0.368927262843967
0.118397967223677
0.532699093118979
0.348902939657344
0.118438527352168
0.530729855261969
0.350831617385863
0.118470025205404
0.528860721474383
0.352669253320214
0.118492795800718
0.541007206543448
0.340499997655833
0.118508798395129
0.580100622085735
0.301390579519137
0.118520771972709
0.758499702959476
0.122979525067814
0.11852950377332
0.88147049622668
0
0.118337420184121
0.461732618446288
0.41992996136959
0.118354659440035
0.512718077715998
0.368927262843966
0.118388135587472
0.529504580463776
0.352107283948752
0.11842501512012
0.530012102757305
0.351562882122575
0.118458567689739
0.526269462393748
0.355271969916513
0.118486174131199
0.528944852295392
0.352568973573408
0.118507819964283
0.54444593774465
0.337046242291067
0.118524178001339
0.586207882390981
0.29526793960768
0.118537173756179
0.790992175086163
0.0904706511576584
0.118546146038841
0.881453853961159
0
0.118379075293962
0.531297950638124
0.350322974067914
0.118397967223677
0.53269909311898
0.348902939657343
0.11842501512012
0.530012102757305
0.351562882122575
0.11845426138606
0.525869228023685
0.355676510590256
0.11848232389566
0.525231766382852
0.356285909721488
0.11850759457775
0.531821330984327
0.349671074437923
0.118529316294847
0.548916242571363
0.332554441133791
0.118547061940357
0.591942716938887
0.289510221120756
0.11856182677484
0.812186780835273
0.0692513923898874
0.118571882833533
0.881428117166467
0
0.118425628469529
0.53844934032781
0.343125031202661
0.118438527352168
0.530729855261968
0.350831617385864
0.118458567689739
0.526269462393748
0.355271969916514
0.11848232389566
0.52523176638285
0.35628590972149
0.118507578875149
0.528632524676388
0.352859896448463
0.118532754464368
0.537235255306746
0.344231990228886
0.11855647431893
0.554073104832172
0.327370420848898
0.118577469945946
0.596362578127789
0.285059951926265
0.118595467333594
0.814351471358859
0.0670530613075478
0.118608311341829
0.881391688658172
0
0.118461018654302
0.532076017848815
0.349462963496883
0.118470025205404
0.528860721474382
0.352669253320214
0.1184861741312
0.52894485229539
0.35256897357341
0.11850759457775
0.531821330984324
0.349671074437925
0.118532754464368
0.537235255306743
0.344231990228889
0.118560293361631
0.545665400985878
0.335774305652491
0.11858866979893
0.560504139950486
0.320907190250583
0.118615937281502
0.599594009223992
0.281790053494506
0.118640159892916
0.79664011899866
0.0847197211084234
0.118658878207835
0.881341121792165
0
0.118485076850417
0.539162572437343
0.34235235071224
0.118492795800718
0.541007206543448
0.340499997655834
0.118507819964283
0.544445937744648
0.337046242291069
0.118529316294847
0.548916242571363
0.332554441133791
0.11855647431893
0.554073104832171
0.3273704208489
0.11858866979893
0.560504139950487
0.320907190250583
0.11862482953298
0.571791132094265
0.309584038372756
0.118663328640628
0.605139534164976
0.276197137194395
0.118699838458461
0.773108216613057
0.108191944928482
0.118730245013643
0.881269754986357
0
0.118501244829666
0.57467870757227
0.306820047598064
0.118508798395129
0.580100622085731
0.30139057951914
0.118524178001339
0.586207882390982
0.295267939607679
0.118547061940357
0.591942716938886
0.289510221120757
0.118577469945946
0.596362578127788
0.285059951926266
0.118615937281502
0.599594009223993
0.281790053494505
0.118663328640628
0.605139534164976
0.276197137194396
0.118719438594003
0.628370936327209
0.252909625078788
0.118781105222411
0.794565170394422
0.0866537243831665
0.118835138581959
0.881164861418041
0
0.118512772335407
0.726556991840952
0.154930235823642
0.118520771972709
0.758499702959474
0.122979525067816
0.118537173756179
0.790992175086162
0.0904706511576592
0.11856182677484
0.812186780835272
0.0692513923898889
0.118595467333594
0.814351471358858
0.0670530613075487
0.118640159892917
0.79664011899866
0.0847197211084239
0.118699838458461
0.773108216613056
0.108191944928483
0.118781105222411
0.794565170394422
0.0866537243831669
0.118884935615706
0.881115064384294
0
0.119002795851987
0.880997204148013
0
0.11852129538374
0.88147870461626
0
0.11852950377332
0.88147049622668
0
0.118546146038841
0.881453853961159
0
0.118571882833533
0.881428117166467
0
0.118608311341828
0.881391688658172
0
0.118658878207834
0.881341121792166
0
0.118730245013643
0.881269754986357
0
0.118835138581959
0.881164861418041
0
0.119002795851987
0.880997204148014
0
0.119292598912949
0.880707401087051
0
0.118233099632716
0.452344216677023
0.429422683690262
0.118294286057048
0.516653011239737
0.365052702703215
0.118338898631415
0.841576278308564
0.0400848230600206
0.118379291329699
0.881620708670301
0
0.118425815563985
0.881574184436015
0
0.118461225037696
0.881538774962304
0
0.118485403352146
0.881514596647854
0
0.118501627074759
0.881498372925241
0
0.118512947836687
0.881487052163313
0
0.118521204804584
0.881478795195416
0
0.118294286057048
0.516653011239741
0.365052702703211
0.118322550549269
0.777180141526533
0.104497307924197
0.118355042556953
0.881644957443047
0
0.118398206012841
0.881601793987159
0
0.118438729771524
0.881561270228476
0
0.118470291885917
0.881529708114083
0
0.118493156052297
0.881506843947703
0
0.118509199954979
0.881490800045021
0
0.118520936050308
0.881479063949692
0
0.118529406281227
0.881470593718773
0
0.118338898631415
0.841576278308576
0.0400848230600093
0.118355042556953
0.881644957443047
0
0.118388398775755
0.881611601224245
0
0.118425240423139
0.881574759576861
0
0.118458800784891
0.881541199215109
0
0.11848649495467
0.88151350504533
0
0.118508203993313
0.881491796006687
0
0.118524564002392
0.881475435997608
0
0.118537325399932
0.881462674600068
0
0.118546048218104
0.881453951781896
0
0.118379291329699
0.881620708670301
0
0.118398206012841
0.881601793987159
0
0.118425240423139
0.881574759576861
0
0.118454487021255
0.881545512978745
0
0.11848261733997
0.88151738266003
0
0.118507959993407
0.881492040006593
0
0.118529716717621
0.881470283282379
0
0.118547432585169
0.881452567414831
0
0.118561973722051
0.881438026277949
0
0.118571788936501
0.881428211063499
0
0.118425815563985
0.881574184436015
0
0.118438729771524
0.881561270228476
0
0.118458800784891
0.881541199215109
0
0.11848261733997
0.88151738266003
0
0.118507934979168
0.881492065020832
0
0.118533149479647
0.881466850520353
0
0.11855688931894
0.88144311068106
0
0.118577839760558
0.881422160239442
0
0.118595618829992
0.881404381170008
0
0.118608226343182
0.881391773656818
0
0.118461225037696
0.881538774962304
0
0.118470291885917
0.881529708114083
0
0.11848649495467
0.88151350504533
0
0.118507959993407
0.881492040006593
0
0.118533149479647
0.881466850520353
0
0.118560706534605
0.881439293465395
0
0.11858910256676
0.88141089743324
0
0.118616318575977
0.881383681424023
0
0.11864032952168
0.88135967047832
0
0.118658808480113
0.881341191519887
0
0.118485403352146
0.881514596647854
0
0.118493156052297
0.881506843947703
0
0.118508203993314
0.881491796006686
0
0.118529716717621
0.881470283282379
0
0.11855688931894
0.88144311068106
0
0.11858910256676
0.88141089743324
0
0.118625301634664
0.881374698365336
0
0.118663716943232
0.881336283056768
0
0.118700046198662
0.881299953801338
0
0.118730200000644
0.881269799999356
0
0.118501627074759
0.881498372925241
0
0.118509199954979
0.881490800045021
0
0.118524564002392
0.881475435997608
0
0.118547432585169
0.881452567414831
0
0.118577839760558
0.881422160239442
0
0.118616318575977
0.881383681424023
0
0.118663716943232
0.881336283056768
0
0.118719836526797
0.881280163473203
0
0.118781306488338
0.881218693511662
0
0.118835148015211
0.881164851984789
0
0.118512947836687
0.881487052163313
0
0.118520936050308
0.881479063949692
0
0.118537325399932
0.881462674600068
0
0.118561973722052
0.881438026277948
0
0.118595618829992
0.881404381170008
0
0.11864032952168
0.88135967047832
0
0.118700046198662
0.881299953801338
0
0.118781306488338
0.881218693511662
0
0.118885102206074
0.881114897793926
0
0.119002870624067
0.880997129375933
0
0.118521204804584
0.881478795195416
0
0.118529406281227
0.881470593718773
0
0.118546048218104
0.881453951781896
0
0.118571788936501
0.881428211063499
0
0.118608226343182
0.881391773656818
0
0.118658808480113
0.881341191519887
0
0.118730200000644
0.881269799999356
0
0.118835148015211
0.881164851984789
0
0.119002870624067
0.880997129375933
0
0.119295723839937
0.880704276160063
0
0.118236518441055
0.577980855112063
0.303782626446882
0.118296645453995
0.678093667140512
0.203609687405492
0.118339717639429
0.850277178006802
0.0313831043537687
0.118379167125609
0.881620832874391
0
0.118425605130799
0.881574394869201
0
0.11846102142374
0.88153897857626
0
0.118485224804106
0.881514775195894
0
0.118501474745879
0.881498525254121
0
0.118512805930204
0.881487194069796
0
0.118521004724178
0.881478995275822
0
0.118296645453995
0.678093667140514
0.203609687405491
0.118323527921022
0.820786996226399
0.0608894758525787
0.118354966112626
0.881645033887374
0
0.118398002904824
0.881601997095176
0
0.11843852145475
0.88156147854525
0
0.118470098496415
0.881529901503585
0
0.118492984685027
0.881507015314973
0
0.118509055332812
0.881490944667188
0
0.118520795777932
0.881479204222068
0
0.118529207658829
0.881470792341171
0
0.118339717639429
0.850277178006804
0.0313831043537671
0.118354966112626
0.881645033887374
0
0.118388198851297
0.881611801148703
0
0.118425033204631
0.881574966795369
0
0.118458599971295
0.881541400028705
0
0.118486312076179
0.881513687923821
0
0.118508040330787
0.881491959669213
0
0.118524424569599
0.881475575430401
0
0.118537178070707
0.881462821929293
0
0.118545856115966
0.881454143884034
0
0.118379167125609
0.881620832874391
0
0.118398002904824
0.881601997095176
0
0.118425033204631
0.881574966795369
0
0.118454284313705
0.881545715686295
0
0.118482428806057
0.881517571193943
0
0.118507787770087
0.881492212229913
0
0.118529560162195
0.881470439837805
0
0.118547300008225
0.881452699991775
0
0.118561830364253
0.881438169635747
0
0.118571606088855
0.881428393911145
0
0.118425605130799
0.881574394869201
0
0.11843852145475
0.88156147854525
0
0.118458599971295
0.881541400028705
0
0.118482428806057
0.881517571193943
0
0.118507759717843
0.881492240282157
0
0.118532987358259
0.881467012641742
0
0.118556742013948
0.881443257986052
0
0.118577716548454
0.881422283451546
0
0.118595497010316
0.881404502989685
0
0.118608056516979
0.881391943483021
0
0.11846102142374
0.88153897857626
0
0.118470098496415
0.881529901503585
0
0.118486312076179
0.881513687923821
0
0.118507787770087
0.881492212229913
0
0.118532987358258
0.881467012641742
0
0.118560554975993
0.881439445024007
0
0.11858896427633
0.88141103572367
0
0.11861620917282
0.88138379082718
0
0.118640250900047
0.881359749099953
0
0.118658656146032
0.881341343853968
0
0.118485224804105
0.881514775195895
0
0.118492984685027
0.881507015314973
0
0.118508040330787
0.881491959669213
0
0.118529560162195
0.881470439837805
0
0.118556742013948
0.881443257986052
0
0.11858896427633
0.88141103572367
0
0.118625183084949
0.881374816915051
0
0.118663624405164
0.881336375594836
0
0.118700036251067
0.881299963748933
0
0.118730073203252
0.881269926796748
0
0.118501474745879
0.881498525254121
0
0.118509055332812
0.881490944667188
0
0.118524424569599
0.881475575430401
0
0.118547300008225
0.881452699991775
0
0.118577716548454
0.881422283451546
0
0.11861620917282
0.88138379082718
0
0.118663624405164
0.881336375594836
0
0.11871979061501
0.88128020938499
0
0.118781311361167
0.881218688638833
0
0.118835098666804
0.881164901333196
0
0.118512805930204
0.881487194069796
0
0.118520795777932
0.881479204222068
0
0.118537178070707
0.881462821929293
0
0.118561830364253
0.881438169635747
0
0.118595497010315
0.881404502989685
0
0.118640250900047
0.881359749099953
0
0.118700036251067
0.881299963748933
0
0.118781311361167
0.881218688638833
0
0.118885250292929
0.881114749707071
0
0.119002921192599
0.880997078807401
0
0.118521004724178
0.881478995275822
0
0.118529207658828
0.881470792341172
0
0.118545856115966
0.881454143884034
0
0.118571606088855
0.881428393911145
0
0.118608056516979
0.881391943483021
0
0.118658656146032
0.881341343853968
0
0.118730073203252
0.881269926796748
0
0.118835098666804
0.881164901333196
0
0.119002921192599
0.880997078807401
0
0.119302313630488
0.880697686369512
0
