0.118226080412893
0.394324941686208
0.487448977900899
0.118288571480986
0.41432195512805
0.467389473390963
0.118334234602202
0.46569653774454
0.415969227653258
0.118377314786627
0.525363733892615
0.356258951320758
0.118422413579673
0.531366570604324
0.350211015816003
0.118456522363494
0.526469481644932
0.355073995991574
0.118479949572845
0.535947996390702
0.345572054036453
0.118495881379871
0.572977659943957
0.308526458676172
0.118507296875522
0.725784273283549
0.155708429840929
0.118516003040061
0.881483996959939
0
0.118288571480986
0.414321955128047
0.467389473390966
0.118317563798962
0.448075314140412
0.433607122060625
0.118352549730055
0.506892029739161
0.374755420530784
0.118395251125004
0.526449501078494
0.355155247796502
0.118434708360443
0.524522028935592
0.357043262703965
0.11846527688438
0.524366224804946
0.357168498310674
0.118487567979658
0.538312787187385
0.343199644832958
0.118503368584512
0.578596212822704
0.302900418592785
0.11851522266037
0.757914668764292
0.123570108575338
0.118524181529908
0.881475818470092
0
0.118334234602202
0.465696537744537
0.415969227653261
0.118352549730055
0.50689202973916
0.374755420530785
0.11838537896302
0.523762587438565
0.357852033598415
0.118421456960825
0.5239378836665
0.357640659372675
0.118454140849839
0.521032051938482
0.360513807211679
0.118481118764911
0.525313984471331
0.356204896763758
0.118502431141676
0.542159438388363
0.339338130469961
0.118518600516048
0.584893573810216
0.296587825673736
0.118531559225001
0.790595199315113
0.0908732414598854
0.11854078875361
0.88145921124639
0
0.118377314786627
0.52536373389261
0.356258951320763
0.118395251125004
0.526449501078492
0.355155247796504
0.118421456960825
0.523937883666499
0.357640659372676
0.118449941341754
0.520426655558404
0.361123403099842
0.118477388625473
0.521064471914246
0.360458139460281
0.118502260104137
0.528898496341632
0.352599243554231
0.118523757482892
0.5469504530488
0.334525789468308
0.11854138567165
0.590804169963446
0.290654444364904
0.118556148582167
0.812050619236437
0.0693932321813957
0.118566497511522
0.881433502488478
0
0.118422413579673
0.53136657060432
0.350211015816006
0.118434708360443
0.52452202893559
0.357043262703967
0.118454140849839
0.521032051938481
0.36051380721168
0.118477388625473
0.521064471914244
0.360458139460282
0.118502262823202
0.525470369775646
0.356027367401152
0.118527186717147
0.534880081707937
0.346592731574916
0.118550775038878
0.55236712064122
0.329082104319902
0.118571654573826
0.595366158246597
0.286062187179577
0.118589745641737
0.814477766735513
0.0669324876227497
0.118602909212783
0.881397090787217
0
0.118456522363494
0.526469481644928
0.355073995991578
0.118465276884381
0.524366224804944
0.357168498310675
0.118481118764911
0.525313984471328
0.356204896763761
0.118502260104137
0.528898496341629
0.352599243554234
0.118527186717147
0.534880081707937
0.346592731574916
0.118554535082213
0.543765392023874
0.337680072893913
0.11858278568918
0.559020937441365
0.322396276869455
0.118609980261988
0.598743400776933
0.282646618961079
0.118634358417532
0.797613356686651
0.0837522848958179
0.1186534100217
0.8813465899783
0
0.118479949572845
0.535947996390701
0.345572054036455
0.118487567979658
0.538312787187386
0.343199644832957
0.118502431141676
0.542159438388361
0.339338130469963
0.118523757482892
0.546950453048801
0.334525789468307
0.118550775038878
0.55236712064122
0.329082104319902
0.11858278568918
0.559020937441366
0.322396276869455
0.11861882691445
0.570561534304693
0.310819638780857
0.118657198163115
0.604576996689075
0.27676580514781
0.118693886770644
0.775943749711771
0.105362363517585
0.118724532328763
0.881275467671237
0
0.118495881379871
0.572977659943958
0.308526458676171
0.118503368584512
0.578596212822704
0.302900418592784
0.118518600516048
0.584893573810217
0.296587825673736
0.11854138567165
0.590804169963448
0.290654444364902
0.118571654573826
0.595366158246599
0.286062187179575
0.118609980261988
0.598743400776934
0.282646618961079
0.118657198163115
0.604576996689075
0.27676580514781
0.118713107492661
0.628898124665846
0.252388767841493
0.118774906477303
0.802279684032895
0.0789454094898018
0.118828719289469
0.881171280710531
0
0.118507296875522
0.725784273283549
0.155708429840929
0.11851522266037
0.757914668764294
0.123570108575336
0.118531559225001
0.790595199315117
0.0908732414598821
0.118556148582167
0.81205061923644
0.0693932321813926
0.118589745641737
0.814477766735516
0.0669324876227469
0.118634358417531
0.797613356686653
0.083752284895816
0.118693886770644
0.775943749711772
0.105362363517583
0.118774906477303
0.802279684032895
0.0789454094898013
0.1188781980721
0.8811218019279
0
0.118994609458033
0.881005390541967
0
0.118516003040061
0.881483996959939
0
0.118524181529908
0.881475818470092
0
0.11854078875361
0.88145921124639
0
0.118566497511522
0.881433502488478
0
0.118602909212783
0.881397090787217
0
0.1186534100217
0.8813465899783
0
0.118724532328763
0.881275467671237
0
0.118828719289469
0.881171280710531
0
0.118994609458033
0.881005390541968
0
0.119280094731165
0.880719905268835
0
0.118228187950459
0.454407036203046
0.427364775846494
0.118290354166737
0.519241200173753
0.362468445659509
0.118335760100105
0.840104091023175
0.0415601488767191
0.118377549443569
0.881622450556431
0
0.118422582155193
0.881577417844807
0
0.118456755733667
0.881543244266333
0
0.118480307740981
0.881519692259019
0
0.118496282431414
0.881503717568586
0
0.118507477494865
0.881492522505135
0
0.118515910616089
0.881484089383911
0
0.118290354166737
0.519241200173758
0.362468445659505
0.118319190742875
0.770993541910572
0.110687267346552
0.118353023195442
0.881646976804558
0
0.118395484097457
0.881604515902543
0
0.118434920779577
0.881565079220423
0
0.118465578103018
0.881534421896982
0
0.118487957329859
0.881512042670141
0
0.118503788387045
0.881496211612955
0
0.118515391573465
0.881484608426535
0
0.118524081798
0.881475918202
0
0.118335760100106
0.840104091023188
0.0415601488767063
0.118353023195442
0.881646976804558
0
0.118385647534132
0.881614352465868
0
0.118421685884672
0.881578314115328
0
0.118454403243985
0.881545596756015
0
0.118481476192398
0.881518523807602
0
0.118502841705958
0.881497158294042
0
0.118519013748167
0.881480986251833
0
0.118531714216343
0.881468285783657
0
0.118540688490626
0.881459311509374
0
0.118377549443569
0.881622450556431
0
0.118395484097457
0.881604515902543
0
0.118421685884672
0.881578314115328
0
0.1184501924647
0.8815498075353
0
0.118477719406404
0.881522280593596
0
0.118502658303861
0.881497341696139
0
0.118524182168492
0.881475817831508
0
0.118541777958393
0.881458222041607
0
0.118556298650632
0.881443701349368
0
0.118566400825061
0.881433599174939
0
0.118422582155193
0.881577417844807
0
0.118434920779577
0.881565079220423
0
0.118454403243985
0.881545596756015
0
0.118477719406404
0.881522280593596
0
0.118502653492535
0.881497346507465
0
0.118527609905929
0.881472390094072
0
0.118551211339577
0.881448788660424
0
0.11857204529049
0.88142795470951
0
0.118589900071576
0.881410099928424
0
0.118602820777757
0.881397179222243
0
0.118456755733667
0.881543244266333
0
0.118465578103018
0.881534421896982
0
0.118481476192398
0.881518523807602
0
0.118502658303861
0.881497341696139
0
0.118527609905928
0.881472390094072
0
0.118554972232068
0.881445027767932
0
0.118583239391492
0.881416760608508
0
0.118610382084994
0.881389617915006
0
0.118634531267259
0.881365468732741
0
0.118653335803122
0.881346664196878
0
0.118480307740981
0.881519692259019
0
0.118487957329859
0.881512042670141
0
0.118502841705958
0.881497158294042
0
0.118524182168492
0.881475817831508
0
0.118551211339577
0.881448788660423
0
0.118583239391492
0.881416760608508
0
0.118619319056471
0.88138068094353
0
0.118657607802611
0.881342392197389
0
0.118694097078794
0.881305902921206
0
0.118724481129497
0.881275518870503
0
0.118496282431414
0.881503717568586
0
0.118503788387045
0.881496211612955
0
0.118519013748167
0.881480986251833
0
0.118541777958393
0.881458222041607
0
0.11857204529049
0.88142795470951
0
0.118610382084994
0.881389617915006
0
0.118657607802611
0.881342392197389
0
0.118713525449556
0.881286474550444
0
0.11877510473045
0.88122489526955
0
0.118828720403365
0.881171279596635
0
0.118507477494865
0.881492522505135
0
0.118515391573465
0.881484608426535
0
0.118531714216343
0.881468285783657
0
0.118556298650632
0.881443701349368
0
0.118589900071576
0.881410099928424
0
0.118634531267258
0.881365468732742
0
0.118694097078794
0.881305902921206
0
0.11877510473045
0.88122489526955
0
0.118878350005958
0.881121649994043
0
0.118994672322456
0.881005327677545
0
0.118515910616089
0.881484089383911
0
0.118524081798
0.881475918202
0
0.118540688490626
0.881459311509374
0
0.118566400825061
0.881433599174939
0
0.118602820777757
0.881397179222243
0
0.118653335803122
0.881346664196878
0
0.118724481129497
0.881275518870503
0
0.118828720403365
0.881171279596635
0
0.118994672322455
0.881005327677545
0
0.119283184421881
0.880716815578119
0
0.118231611167787
0.579094279120779
0.302674109711434
0.118292703237624
0.678862053458872
0.202845243303504
0.118336599535026
0.847341808879167
0.0343215915858064
0.118377426058164
0.881622573941836
0
0.118422368070891
0.881577631929109
0
0.118456554624343
0.881543445375657
0
0.118480130908443
0.881519869091557
0
0.118496129659561
0.881503870340439
0
0.118507336588101
0.881492663411899
0
0.118515707124566
0.881484292875434
0
0.118292703237624
0.678862053458874
0.202845243303502
0.118320199233298
0.818794892391641
0.0628849083750614
0.118352954902055
0.881647045097945
0
0.118395278896533
0.881604721103468
0
0.11843471266124
0.88156528733876
0
0.118465387274246
0.881534612725754
0
0.118487787020206
0.881512212979794
0
0.118503642848307
0.881496357151693
0
0.118515253461324
0.881484746538676
0
0.118523879603698
0.881476120396302
0
0.118336599535026
0.847341808879169
0.0343215915858048
0.118352954902055
0.881647045097945
0
0.118385446934581
0.881614553065419
0
0.118421477361235
0.881578522638765
0
0.118454204539484
0.881545795460516
0
0.118481295292509
0.881518704707491
0
0.118502678418346
0.881497321581654
0
0.118518874699131
0.88148112530087
0
0.118531568609456
0.881468431390544
0
0.118540492579863
0.881459507420137
0
0.118377426058164
0.881622573941836
0
0.118395278896533
0.881604721103467
0
0.118421477361235
0.881578522638765
0
0.118449991509465
0.881550008490535
0
0.118477533024792
0.881522466975208
0
0.118502487190673
0.881497512809327
0
0.118524025910348
0.881475974089652
0
0.118541644799612
0.881458355200388
0
0.118556156904296
0.881443843095704
0
0.118566213791066
0.881433786208934
0
0.118422368070891
0.881577631929109
0
0.11843471266124
0.88156528733876
0
0.118454204539484
0.881545795460516
0
0.118477533024792
0.881522466975208
0
0.11850247965156
0.88149752034844
0
0.11852744823934
0.88147255176066
0
0.118551062591167
0.881448937408833
0
0.118571922428837
0.881428077571163
0
0.11858977833589
0.88141022166411
0
0.118602645789914
0.881397354210086
0
0.118456554624343
0.881543445375657
0
0.118465387274246
0.881534612725754
0
0.118481295292509
0.881518704707491
0
0.118502487190673
0.881497512809327
0
0.11852744823934
0.88147255176066
0
0.118554820731285
0.881445179268715
0
0.11858310094015
0.88141689905985
0
0.118610272807163
0.881389727192837
0
0.118634451695478
0.881365548304522
0
0.118653176791566
0.881346823208434
0
0.118480130908443
0.881519869091557
0
0.118487787020206
0.881512212979794
0
0.118502678418346
0.881497321581654
0
0.118524025910348
0.881475974089652
0
0.118551062591167
0.881448937408833
0
0.11858310094015
0.88141689905985
0
0.118619198889302
0.881380801110698
0
0.118657515960674
0.881342484039326
0
0.118694084412249
0.881305915587751
0
0.118724345594661
0.881275654405339
0
0.118496129659561
0.881503870340439
0
0.118503642848307
0.881496357151693
0
0.118518874699131
0.88148112530087
0
0.118541644799612
0.881458355200388
0
0.118571922428837
0.881428077571163
0
0.118610272807164
0.881389727192836
0
0.118657515960674
0.881342484039326
0
0.118713483173529
0.881286516826471
0
0.118775100813823
0.881224899186177
0
0.118828660088311
0.881171339911689
0
0.118507336588101
0.881492663411899
0
0.118515253461324
0.881484746538676
0
0.118531568609456
0.881468431390544
0
0.118556156904297
0.881443843095703
0
0.11858977833589
0.88141022166411
0
0.118634451695478
0.881365548304522
0
0.118694084412249
0.881305915587751
0
0.118775100813823
0.881224899186177
0
0.118878477432004
0.881121522567996
0
0.118994704795043
0.881005295204957
0
0.118515707124566
0.881484292875434
0
0.118523879603698
0.881476120396302
0
0.118540492579863
0.881459507420137
0
0.118566213791066
0.881433786208934
0
0.118602645789915
0.881397354210085
0
0.118653176791566
0.881346823208434
0
0.118724345594661
0.881275654405339
0
0.118828660088311
0.881171339911689
0
0.118994704795043
0.881005295204957
0
0.119289703193994
0.880710296806006
0
