0.118221122410098
0.393395621070266
0.488383256519635
0.118282509392042
0.41259054853959
0.469126942068369
0.118327308955604
0.460550454870636
0.421122236173761
0.118368614259003
0.530421915906215
0.351209469834782
0.118414934828339
0.538719243124696
0.342865822046966
0.118450395305031
0.532571237435081
0.348978367259887
0.118474529906692
0.538907966973847
0.342617503119461
0.118490680088765
0.573492204480368
0.308017115430867
0.118502080989618
0.721932581711055
0.159565337299328
0.118510539293903
0.881489460706097
0
0.118282509392042
0.412590548539587
0.469126942068371
0.118310855522469
0.444100502943063
0.437588641534468
0.118344389857872
0.511475165508807
0.370180444633321
0.118387381165085
0.532498535851296
0.349114082983619
0.118427866797084
0.531207004964682
0.350365128238234
0.118459444343057
0.529062212301422
0.352478343355522
0.118482246836912
0.540514653097469
0.341003100065619
0.118498207508184
0.578654968662048
0.302846823829768
0.118510032499596
0.75235068397502
0.129139283525384
0.118518710296848
0.881481289703152
0
0.118327308955604
0.460550454870636
0.421122236173761
0.118344389857872
0.511475165508807
0.370180444633321
0.118377610209165
0.529121901770666
0.352500488020169
0.118414376439991
0.530326237882506
0.351259385677503
0.118447966425149
0.526666619449344
0.354885414125507
0.118475623626227
0.528847692969345
0.352676683404428
0.11849724602356
0.543747560083851
0.337755193892589
0.118513482252197
0.584488235428574
0.296998282319229
0.118526292719199
0.783712265469518
0.0977614418112832
0.118535301949532
0.881464698050468
0
0.118368614259003
0.530421915906215
0.351209469834782
0.118387381165085
0.532498535851297
0.349114082983619
0.11841437643999
0.530326237882507
0.351259385677503
0.118443658052319
0.526304274642014
0.355252067305667
0.11847177638227
0.525326718844601
0.356201504773129
0.118497053407341
0.531436482843438
0.350066463749221
0.118518716428543
0.548033646339162
0.333447637232294
0.118536323036567
0.589947558407196
0.291516118556236
0.118550874977242
0.80391741578852
0.0775317092342374
0.118560972589667
0.881439027410333
0
0.118414934828339
0.538719243124695
0.342865822046966
0.118427866797084
0.531207004964682
0.350365128238235
0.118447966425149
0.526666619449344
0.354885414125507
0.11847177638227
0.5253267188446
0.35620150477313
0.11849704843742
0.528348164397208
0.353154787165373
0.11852219223257
0.536592888744705
0.344884919022725
0.118545827930513
0.553006966445661
0.328447205623826
0.118566649885684
0.594050257237598
0.287383092876718
0.118584369977339
0.804914656767072
0.0765009732555894
0.118597306055534
0.881402693944466
0
0.118450395305031
0.532571237435077
0.348978367259892
0.118459444343057
0.529062212301421
0.352478343355522
0.118475623626227
0.528847692969343
0.352676683404431
0.118497053407341
0.531436482843435
0.350066463749224
0.11852219223257
0.536592888744702
0.344884919022728
0.118549675943244
0.544767256799807
0.33668306725695
0.118577952269282
0.559201854137838
0.32222019359288
0.118604996120681
0.596876448779499
0.28451855509982
0.11862883324894
0.785559052157912
0.0958121145931479
0.11864776047713
0.88135223952287
0
0.118474529906692
0.538907966973845
0.342617503119463
0.118482246836912
0.540514653097469
0.34100310006562
0.11849724602356
0.543747560083849
0.337755193892591
0.118518716428543
0.548033646339162
0.333447637232295
0.118545827930513
0.55300696644566
0.328447205623827
0.118577952269282
0.559201854137838
0.32222019359288
0.118614008131205
0.569998228912712
0.311387762956083
0.118652238671753
0.60170122220183
0.279646539126418
0.11868820892965
0.758635731723274
0.122676059347077
0.118718993458809
0.881281006541191
0
0.118490680088765
0.573492204480368
0.308017115430867
0.118498207508184
0.578654968662045
0.302846823829771
0.118513482252197
0.584488235428574
0.296998282319229
0.118536323036567
0.589947558407195
0.291516118556237
0.118566649885684
0.594050257237597
0.287383092876718
0.118604996120681
0.5968764487795
0.284518555099819
0.118652238671753
0.60170122220183
0.279646539126418
0.118708213910685
0.622623936750411
0.258667849338904
0.118768918618158
0.768979621838182
0.11225145954366
0.118823645924706
0.881176354075294
0
0.118502080989617
0.721932581711053
0.15956533729933
0.118510032499596
0.752350683975018
0.129139283525386
0.118526292719199
0.783712265469517
0.0977614418112841
0.118550874977242
0.803917415788519
0.0775317092342391
0.118584369977339
0.804914656767071
0.0765009732555902
0.11862883324894
0.785559052157912
0.0958121145931484
0.11868820892965
0.758635731723273
0.122676059347077
0.118768918618158
0.768979621838182
0.112251459543661
0.118874790411575
0.881125209588425
0
0.118989644990735
0.881010355009265
0
0.118510539293903
0.881489460706097
0
0.118518710296848
0.881481289703152
0
0.118535301949532
0.881464698050468
0
0.118560972589667
0.881439027410333
0
0.118597306055534
0.881402693944466
0
0.118647760477129
0.881352239522871
0
0.118718993458809
0.881281006541191
0
0.118823645924706
0.881176354075294
0
0.118989644990735
0.881010355009265
0
0.11927855503912
0.88072144496088
0
0.118223227834239
0.451936703378645
0.429840068787116
0.118284292602907
0.515473131307381
0.366242576089711
0.118328795533337
0.836695459838418
0.044975744628245
0.11836883410091
0.88163116589909
0
0.118415132833051
0.881584867166949
0
0.118450602676057
0.881549397323943
0
0.118474851263025
0.881525148736975
0
0.118491058846149
0.881508941153851
0
0.118502259232594
0.881497740767406
0
0.118510449252243
0.881489550747757
0
0.118284292602908
0.515473131307385
0.366242576089707
0.118312468988747
0.770122563860875
0.111564967150378
0.11834478991447
0.88165521008553
0
0.118387629457011
0.881612370542989
0
0.118428076430894
0.881571923569106
0
0.118459706994566
0.881540293005434
0
0.118482602247221
0.881517397752779
0
0.118498605051202
0.881501394948798
0
0.118510199058054
0.881489800941946
0
0.118518613004477
0.881481386995523
0
0.118328795533337
0.83669545983843
0.0449757446282336
0.11834478991447
0.88165521008553
0
0.118377882067164
0.881622117932836
0
0.118414611413812
0.881585388586188
0
0.118448199021158
0.881551800978842
0
0.11847593844211
0.88152406155789
0
0.118497626175659
0.881502373824341
0
0.118513876523594
0.881486123476406
0
0.118526447603207
0.881473552396793
0
0.1185352036084
0.8814647963916
0
0.11836883410091
0.88163116589909
0
0.118387629457011
0.881612370542989
0
0.118414611413812
0.881585388586188
0
0.118443884934679
0.881556115065321
0
0.118472063927179
0.881527936072821
0
0.118497413125448
0.881502586874552
0
0.118519113295899
0.881480886704101
0
0.118536699168211
0.881463300831789
0
0.118551024572359
0.881448975427641
0
0.118560877970179
0.881439122029821
0
0.118415132833051
0.881584867166949
0
0.118428076430894
0.881571923569106
0
0.118448199021158
0.881551800978842
0
0.118472063927179
0.881527936072821
0
0.118497398251055
0.881502601748945
0
0.118522582739143
0.881477417260857
0
0.118546239261745
0.881453760738255
0
0.118567025114378
0.881432974885622
0
0.118584524924021
0.881415475075978
0
0.118597220234454
0.881402779765546
0
0.118450602676057
0.881549397323943
0
0.118459706994566
0.881540293005434
0
0.11847593844211
0.88152406155789
0
0.118497413125448
0.881502586874552
0
0.118522582739143
0.881477417260857
0
0.118550085273138
0.881449914726862
0
0.118578380166497
0.881421619833503
0
0.118605383353423
0.881394616646577
0
0.118629008918401
0.881370991081599
0
0.118647689797952
0.881352310202048
0
0.118474851263025
0.881525148736975
0
0.118482602247221
0.881517397752779
0
0.118497626175659
0.881502373824341
0
0.118519113295899
0.881480886704101
0
0.118546239261745
0.881453760738255
0
0.118578380166497
0.881421619833503
0
0.118614471226924
0.881385528773076
0
0.118652633337835
0.881347366662165
0
0.118688428583661
0.881311571416339
0
0.118718947534903
0.881281052465096
0
0.118491058846149
0.881508941153851
0
0.118498605051202
0.881501394948798
0
0.118513876523594
0.881486123476406
0
0.118536699168211
0.881463300831789
0
0.118567025114378
0.881432974885622
0
0.118605383353423
0.881394616646577
0
0.118652633337835
0.881347366662165
0
0.118708602648468
0.881291397351532
0
0.118769152772554
0.881230847227446
0
0.118823648110453
0.881176351889547
0
0.118502259232594
0.881497740767406
0
0.118510199058054
0.881489800941946
0
0.118526447603208
0.881473552396792
0
0.118551024572359
0.881448975427641
0
0.118584524924022
0.881415475075979
0
0.118629008918401
0.881370991081599
0
0.118688428583661
0.881311571416339
0
0.118769152772554
0.881230847227446
0
0.118874929878487
0.881125070121513
0
0.118989741629895
0.881010258370105
0
0.118510449252243
0.881489550747757
0
0.118518613004477
0.881481386995523
0
0.1185352036084
0.8814647963916
0
0.118560877970179
0.881439122029821
0
0.118597220234454
0.881402779765546
0
0.118647689797952
0.881352310202048
0
0.118718947534904
0.881281052465096
0
0.118823648110453
0.881176351889547
0
0.118989741629895
0.881010258370105
0
0.119281687211923
0.880718312788077
0
0.1182266387259
0.577509377627884
0.304263983646216
0.118286653860398
0.677012785124993
0.204700561014609
0.118329623935398
0.847183581763893
0.0344867943007088
0.118368711645618
0.881631288354382
0
0.11841492298207
0.88158507701793
0
0.118450397711124
0.881549602288876
0
0.118474670330056
0.881525329669944
0
0.118490903832646
0.881509096167354
0
0.11850211594667
0.88149788405333
0
0.118510247730284
0.881489752269716
0
0.118286653860398
0.677012785124995
0.204700561014607
0.118313463301115
0.818850533590337
0.0628360031085478
0.118344716730778
0.881655283269222
0
0.118387426758732
0.881612573241268
0
0.11842786778579
0.88157213221421
0
0.118459511544426
0.881540488455574
0
0.118482428458206
0.881517571541794
0
0.118498457438401
0.881501542561599
0
0.118510057302555
0.881489942697445
0
0.11851841304767
0.88148158695233
0
0.118329623935398
0.847183581763895
0.034486794300707
0.118344716730778
0.881655283269222
0
0.118377682392978
0.881622317607022
0
0.118414404234408
0.881585595765592
0
0.118447996666662
0.881552003333338
0
0.118475753191737
0.881524246808263
0
0.118497460150757
0.881502539849243
0
0.118513735329145
0.881486264670855
0
0.118526301567186
0.881473698432814
0
0.118535009289132
0.881464990710868
0
0.118368711645618
0.881631288354382
0
0.118387426758732
0.881612573241268
0
0.118414404234408
0.881585595765592
0
0.118443680935458
0.881556319064542
0
0.118471873107698
0.881528126892302
0
0.118497238477191
0.881502761522809
0
0.118518954322471
0.881481045677529
0
0.118536564000639
0.881463435999361
0
0.118550881414669
0.881449118585331
0
0.118560692642031
0.881439307357969
0
0.11841492298207
0.88158507701793
0
0.11842786778579
0.88157213221421
0
0.118447996666662
0.881552003333338
0
0.118471873107698
0.881528126892302
0
0.118497220547194
0.881502779452806
0
0.118522418232809
0.881477581767191
0
0.118546089395822
0.881453910604178
0
0.118566898956036
0.881433101043964
0
0.118584404240233
0.881415595759767
0
0.118597047471489
0.881402952528511
0
0.118450397711124
0.881549602288876
0
0.118459511544426
0.881540488455574
0
0.118475753191737
0.881524246808263
0
0.118497238477191
0.881502761522809
0
0.118522418232809
0.881477581767191
0
0.118549931262457
0.881450068737543
0
0.11857823889538
0.88142176110462
0
0.11860527051138
0.88139472948862
0
0.118628933540383
0.881371066459617
0
0.118647533322996
0.881352466677004
0
0.118474670330056
0.881525329669944
0
0.118482428458206
0.881517571541794
0
0.118497460150757
0.881502539849243
0
0.118518954322471
0.881481045677529
0
0.118546089395822
0.881453910604178
0
0.11857823889538
0.88142176110462
0
0.118614348341389
0.881385651658611
0
0.118652536433685
0.881347463566316
0
0.118688423210715
0.881311576789285
0
0.118718814134002
0.881281185865998
0
0.118490903832646
0.881509096167354
0
0.118498457438401
0.881501542561599
0
0.118513735329145
0.881486264670855
0
0.118536564000639
0.881463435999361
0
0.118566898956036
0.881433101043964
0
0.11860527051138
0.88139472948862
0
0.118652536433685
0.881347463566316
0
0.118708541708468
0.881291458291533
0
0.118769193987616
0.881230806012384
0
0.118823578294952
0.881176421705049
0
0.11850211594667
0.88149788405333
0
0.118510057302555
0.881489942697445
0
0.118526301567186
0.881473698432814
0
0.118550881414669
0.881449118585331
0
0.118584404240233
0.881415595759767
0
0.118628933540383
0.881371066459617
0
0.118688423210715
0.881311576789285
0
0.118769193987616
0.881230806012384
0
0.118874984710288
0.881125015289713
0
0.118989825281377
0.881010174718623
0
0.118510247730284
0.881489752269716
0
0.11851841304767
0.88148158695233
0
0.118535009289132
0.881464990710868
0
0.118560692642031
0.881439307357969
0
0.118597047471489
0.881402952528511
0
0.118647533322996
0.881352466677004
0
0.118718814134002
0.881281185865998
0
0.118823578294952
0.881176421705048
0
0.118989825281377
0.881010174718623
0
0.119288300696812
0.880711699303188
0
