0.118216215632176
0.39333549915045
0.488448285217374
0.11827754204572
0.412413032587783
0.469309425366497
0.11832228179765
0.459965106852542
0.421712611349808
0.118363415604586
0.529984360445724
0.351652223949689
0.118409620202239
0.538826188724108
0.342764191073653
0.118445110430226
0.532814672969192
0.348740216600582
0.118469283444966
0.538792637080438
0.342738079474596
0.118485426057784
0.572915602367233
0.308598971574984
0.118496766149037
0.719672603722749
0.161830630128214
0.118505192874601
0.881494807125399
0
0.118277542045721
0.41241303258778
0.469309425366499
0.118305844927438
0.44363556448058
0.438058590591982
0.118339286123776
0.510848948431484
0.37081176544474
0.118382121177402
0.53237461440738
0.349243264415218
0.118422565828109
0.531427782871472
0.350149651300419
0.118454181131102
0.529169695736413
0.352376123132485
0.118477001078057
0.540281059888262
0.341241939033681
0.118492942203865
0.577953084303716
0.30355397349242
0.118504695911002
0.749359857695011
0.132135446393987
0.118513347347579
0.881486652652421
0
0.11832228179765
0.459965106852542
0.421712611349807
0.118339286123776
0.510848948431484
0.37081176544474
0.118372380374854
0.528909858844867
0.352717760780278
0.118409087662816
0.530460201887211
0.351130710449973
0.118442693904316
0.526864132598983
0.354693173496701
0.118470377963386
0.528810761927143
0.352718860109471
0.118491991506314
0.543410549778743
0.338097458714943
0.118508169931336
0.58364955350583
0.297842276562834
0.118520891104031
0.780098516054954
0.101380592841016
0.118529918214981
0.881470081785019
0
0.118363415604586
0.529984360445723
0.35165222394969
0.118382121177402
0.532374614407381
0.349243264415217
0.118409087662816
0.530460201887212
0.351130710449972
0.118438384886919
0.526517101768296
0.355044513344785
0.118466532712851
0.525384342285191
0.356149125001959
0.118491816734984
0.531256670725911
0.350251512539106
0.118513454554099
0.547604977359738
0.333881568086163
0.118530996046241
0.588978653562353
0.292490350391406
0.118545447010338
0.79985562052268
0.0815989324669819
0.118555562488947
0.881444437511053
0
0.118409620202239
0.538826188724108
0.342764191073653
0.118422565828109
0.531427782871471
0.35014965130042
0.118442693904316
0.526864132598983
0.354693173496701
0.11846653271285
0.525384342285189
0.35614912500196
0.118491817732004
0.52821876560764
0.353289416660356
0.118516951290959
0.536283658810581
0.34519938989846
0.118540551375414
0.552487947968689
0.328971500655898
0.118561294755091
0.592931775828046
0.288506929416864
0.118578886594601
0.800293456365912
0.0811276570394875
0.118591854196548
0.881408145803452
0
0.118445110430226
0.532814672969189
0.348740216600585
0.118454181131102
0.529169695736413
0.352376123132485
0.118470377963386
0.528810761927142
0.352718860109473
0.118491816734984
0.531256670725908
0.350251512539108
0.118516951290959
0.536283658810578
0.345199389898463
0.118544415563794
0.544330584005172
0.337125000431034
0.118572652292621
0.55856941670932
0.322857930998059
0.118599601649931
0.595569694859494
0.285830703490575
0.118623279274935
0.780163312095031
0.101213408630033
0.118642240065374
0.881357759934626
0
0.118469283444966
0.538792637080435
0.342738079474598
0.118477001078057
0.540281059888261
0.341241939033682
0.118491991506314
0.543410549778741
0.338097458714945
0.118513454554099
0.547604977359738
0.333881568086163
0.118540551375413
0.552487947968687
0.328971500655899
0.118572652292621
0.55856941670932
0.322857930998059
0.118608671392926
0.569137060247399
0.312254268359675
0.11864679463345
0.600066099961193
0.281287105405358
0.118682671007514
0.7520960266099
0.129221302382586
0.118713295689049
0.881286704310951
0
0.118485426057784
0.572915602367233
0.308598971574984
0.118492942203865
0.577953084303712
0.303553973492423
0.118508169931335
0.583649553505831
0.297842276562834
0.118530996046242
0.588978653562352
0.292490350391407
0.11856129475509
0.592931775828046
0.288506929416864
0.118599601649931
0.595569694859495
0.285830703490574
0.11864679463345
0.600066099961193
0.281287105405358
0.118702614959912
0.620008728783645
0.261288656256443
0.118762819240987
0.757081698024817
0.124155482734196
0.118817571123935
0.881182428876065
0
0.118496766149037
0.719672603722748
0.161830630128215
0.118504695911002
0.749359857695009
0.132135446393989
0.118520891104031
0.780098516054953
0.101380592841017
0.118545447010338
0.799855620522678
0.0815989324669837
0.1185788865946
0.800293456365911
0.0811276570394882
0.118623279274935
0.780163312095031
0.101213408630034
0.118682671007514
0.752096026609899
0.129221302382587
0.118762819240987
0.757081698024816
0.124155482734197
0.11886911941771
0.88113088058229
0
0.118982430204799
0.881017569795201
0
0.118505192874601
0.881494807125399
0
0.118513347347579
0.881486652652421
0
0.118529918214981
0.881470081785019
0
0.118555562488947
0.881444437511053
0
0.118591854196548
0.881408145803452
0
0.118642240065374
0.881357759934626
0
0.118713295689049
0.881286704310951
0
0.118817571123935
0.881182428876065
0
0.118982430204799
0.881017569795201
0
0.119270876804879
0.880729123195121
0
0.118218318839745
0.451734256342721
0.430047424817534
0.118279323115022
0.514893909689448
0.36682676719553
0.11832377216522
0.83419991330579
0.0474763145289899
0.118363637202931
0.881636362797069
0
0.118409823139063
0.881590176860937
0
0.118445318462002
0.881554681537998
0
0.118469602249548
0.881530397750452
0
0.118485803069898
0.881514196930102
0
0.118496945782943
0.881503054217057
0
0.118505103123047
0.881494896876953
0
0.118279323115022
0.514893909689452
0.366826767195526
0.118307456443615
0.766600702962323
0.115091840594062
0.118339694285013
0.881660305714987
0
0.118382373663769
0.881617626336231
0
0.118422779053316
0.881577220946684
0
0.11845444191946
0.88154555808054
0
0.11847735401058
0.88152264598942
0
0.118493337770702
0.881506662229298
0
0.118504863726347
0.881495136273653
0
0.118513250178295
0.881486749821705
0
0.11832377216522
0.834199913305802
0.0474763145289785
0.118339694285013
0.881660305714987
0
0.118372656040011
0.881627343959989
0
0.118409327307644
0.881590672692356
0
0.118442926445816
0.881557073554184
0
0.11847068975793
0.88152931024207
0
0.11849236959677
0.88150763040323
0
0.118508568341567
0.881491431658433
0
0.118521047643122
0.881478952356878
0
0.118529819624318
0.881470180375682
0
0.118363637202931
0.881636362797069
0
0.118382373663769
0.881617626336231
0
0.118409327307644
0.881590672692356
0
0.118438612580691
0.881561387419309
0
0.118466817351118
0.881533182648882
0
0.118492173434645
0.881507826565355
0
0.118513849486776
0.881486150513224
0
0.118531374933898
0.881468625066102
0
0.118545597940723
0.881454402059277
0
0.118555467521181
0.881444532478819
0
0.118409823139063
0.881590176860937
0
0.118422779053316
0.881577220946684
0
0.118442926445816
0.881557073554184
0
0.118466817351118
0.881533182648882
0
0.118492164223824
0.881507835776176
0
0.118517339292389
0.881482660707611
0
0.118540960694188
0.881459039305812
0
0.118561672708301
0.881438327291699
0
0.118579043299081
0.881420956700919
0
0.118591767969094
0.881408232030906
0
0.118445318462002
0.881554681537997
0
0.118454441919459
0.881545558080541
0
0.11847068975793
0.88152931024207
0
0.118492173434645
0.881507826565355
0
0.118517339292389
0.881482660707611
0
0.118544822704853
0.881455177295147
0
0.11857307757728
0.88142692242272
0
0.118599991871004
0.881400008128997
0
0.118623458055968
0.881376541944032
0
0.118642168892997
0.881357831107003
0
0.118469602249548
0.881530397750452
0
0.11847735401058
0.88152264598942
0
0.11849236959677
0.88150763040323
0
0.118513849486775
0.881486150513225
0
0.118540960694188
0.881459039305812
0
0.11857307757728
0.88142692242272
0
0.118609129969256
0.881390870030744
0
0.118647192261994
0.881352807738006
0
0.118682891679423
0.881317108320577
0
0.118713250885944
0.881286749114056
0
0.118485803069898
0.881514196930102
0
0.118493337770702
0.881506662229298
0
0.118508568341567
0.881491431658433
0
0.118531374933898
0.881468625066102
0
0.118561672708301
0.881438327291699
0
0.118599991871004
0.881400008128996
0
0.118647192261994
0.881352807738006
0
0.118702999833427
0.881297000166573
0
0.118763069713629
0.881236930286371
0
0.118817572542562
0.881182427457438
0
0.118496945782943
0.881503054217058
0
0.118504863726346
0.881495136273654
0
0.118521047643122
0.881478952356878
0
0.118545597940723
0.881454402059277
0
0.118579043299081
0.881420956700919
0
0.118623458055968
0.881376541944032
0
0.118682891679423
0.881317108320577
0
0.118763069713629
0.881236930286371
0
0.118869255961998
0.881130744038002
0
0.118982541314371
0.881017458685628
0
0.118505103123047
0.881494896876953
0
0.118513250178295
0.881486749821705
0
0.118529819624318
0.881470180375682
0
0.118555467521181
0.881444532478819
0
0.118591767969094
0.881408232030906
0
0.118642168892997
0.881357831107003
0
0.118713250885944
0.881286749114056
0
0.118817572542562
0.881182427457437
0
0.118982541314372
0.881017458685628
0
0.119274013711741
0.880725986288259
0
0.118221725803735
0.57727185001705
0.304506424179215
0.118281685158268
0.676475389241771
0.205242925599961
0.11832460507282
0.84568688419412
0.0359885107330596
0.118363515628838
0.881636484371162
0
0.118409613505335
0.881590386494665
0
0.118445112858474
0.881554887141527
0
0.118469420139959
0.881530579860041
0
0.118485646733134
0.881514353266866
0
0.118496801806639
0.881503198193361
0
0.118504900882346
0.881495099117654
0
0.118281685158268
0.676475389241773
0.205242925599959
0.118308459310479
0.817918609359793
0.063772931329728
0.118339622694857
0.881660377305143
0
0.118382171084644
0.881617828915356
0
0.118422570236147
0.881577429763853
0
0.118454245470802
0.881545754529198
0
0.118477179017498
0.881522820982502
0
0.118493188695925
0.881506811304075
0
0.118504721232751
0.881495278767249
0
0.11851304955242
0.88148695044758
0
0.11832460507282
0.845686884194122
0.0359885107330579
0.118339622694857
0.881660377305143
0
0.118372456418158
0.881627543581842
0
0.11840912013957
0.88159087986043
0
0.118442723360835
0.881557276639165
0
0.118470503333863
0.881529496666137
0
0.118492202390278
0.881507797609722
0
0.118508426258992
0.881491573741008
0
0.118520902222431
0.881479097777569
0
0.118529624198403
0.881470375801598
0
0.118363515628838
0.881636484371162
0
0.118382171084644
0.881617828915356
0
0.11840912013957
0.88159087986043
0
0.118438407976334
0.881561592023666
0
0.118466625408556
0.881533374591444
0
0.118491997570059
0.881508002429941
0
0.118513689303841
0.881486310696159
0
0.118531238494833
0.881468761505167
0
0.118545454851761
0.881454545148239
0
0.118555280949328
0.881444719050672
0
0.118409613505335
0.881590386494665
0
0.118422570236147
0.881577429763853
0
0.118442723360834
0.881557276639165
0
0.118466625408556
0.881533374591444
0
0.118491985294801
0.881508014705199
0
0.118517173582765
0.881482826417235
0
0.118540809551548
0.881459190448452
0
0.118561545121387
0.881438454878613
0
0.118578923150302
0.881421076849699
0
0.11859159369978
0.88140840630022
0
0.118445112858474
0.881554887141527
0
0.118454245470802
0.881545754529198
0
0.118470503333863
0.881529496666137
0
0.118491997570059
0.881508002429941
0
0.118517173582765
0.881482826417235
0
0.1185446674601
0.8814553325399
0
0.11857293483687
0.88142706516313
0
0.118599877387403
0.881400122612597
0
0.11862338421849
0.88137661578151
0
0.118642010195025
0.881357989804975
0
0.118469420139959
0.881530579860042
0
0.118477179017498
0.881522820982502
0
0.118492202390278
0.881507797609722
0
0.118513689303841
0.881486310696158
0
0.118540809551548
0.881459190448452
0
0.11857293483687
0.88142706516313
0
0.118609005011327
0.881390994988673
0
0.118647093226312
0.881352906773688
0
0.118682879092979
0.881317120907021
0
0.118713116398257
0.881286883601743
0
0.118485646733134
0.881514353266866
0
0.118493188695925
0.881506811304075
0
0.118508426258992
0.881491573741008
0
0.118531238494833
0.881468761505167
0
0.118561545121387
0.881438454878613
0
0.118599877387403
0.881400122612597
0
0.118647093226312
0.881352906773688
0
0.118702932381557
0.881297067618443
0
0.118763123302852
0.881236876697149
0
0.118817496171652
0.881182503828348
0
0.118496801806639
0.881503198193361
0
0.118504721232751
0.881495278767249
0
0.118520902222431
0.881479097777569
0
0.118545454851761
0.881454545148239
0
0.118578923150301
0.881421076849699
0
0.11862338421849
0.88137661578151
0
0.118682879092979
0.881317120907021
0
0.118763123302851
0.881236876697149
0
0.118869276483913
0.881130723516087
0
0.118982646701413
0.881017353298587
0
0.118504900882346
0.881495099117654
0
0.11851304955242
0.88148695044758
0
0.118529624198402
0.881470375801598
0
0.118555280949328
0.881444719050672
0
0.11859159369978
0.88140840630022
0
0.118642010195025
0.881357989804975
0
0.118713116398257
0.881286883601743
0
0.118817496171652
0.881182503828348
0
0.118982646701413
0.881017353298587
0
0.119280641174574
0.880719358825426
0
