0.118211354968487
0.394152133407664
0.487636511623848
0.118273670033434
0.413808718780056
0.46791761118651
0.118319158557935
0.463823285766033
0.417857555676032
0.118361662196982
0.524316290455973
0.357322047347045
0.118406495494915
0.531954267758399
0.349639236746686
0.118440727765933
0.527052786410446
0.354506485823621
0.118464237306029
0.53543347142306
0.346102291270912
0.118480128335415
0.571175839417453
0.310344032247131
0.11849135671377
0.718948556144958
0.162560087141272
0.118499961981817
0.881500038018183
0
0.118273670033434
0.413808718780053
0.467917611186513
0.118302529301388
0.446643116473275
0.435054354225337
0.118337203903334
0.505098468887043
0.376564327209623
0.118379466113001
0.526291923360772
0.355328610526227
0.11841885348859
0.525187502776403
0.356393643735006
0.118449529791035
0.524499972648707
0.357050497560258
0.118471845669409
0.537478326660714
0.344049827669877
0.118487574984077
0.576423939022895
0.305088485993028
0.118499212059715
0.748841917538772
0.132658870401513
0.118508086105174
0.881491913894826
0
0.118319158557935
0.463823285766031
0.417857555676034
0.118337203903334
0.505098468887043
0.376564327209623
0.11836968598338
0.52327551729777
0.35835479671885
0.118405623537209
0.524429405040589
0.357164971422203
0.118438368169609
0.521482422457304
0.360079209373087
0.118465401250981
0.52502691452166
0.356507684227359
0.118486665356711
0.541040012852282
0.340473321791007
0.118502651861153
0.582296426515728
0.29920092162312
0.11851533839696
0.779762049846484
0.101722611756556
0.118524621250662
0.881475378749338
0
0.118361662196982
0.524316290455969
0.357322047347049
0.118379466113001
0.52629192336077
0.355328610526229
0.118405623537209
0.524429405040588
0.357164971422204
0.118434165838523
0.520954570640578
0.360611263520899
0.118461679122916
0.521049664069833
0.360488656807251
0.118486543702222
0.528215349969224
0.353298106328553
0.118507947479054
0.545575506088302
0.335916546432644
0.118525371002257
0.587806933339982
0.293667695657761
0.118539824193042
0.799761828042051
0.0816983477649068
0.118550235484485
0.881449764515515
0
0.118406495494915
0.531954267758395
0.34963923674669
0.11841885348859
0.525187502776402
0.356393643735008
0.118438368169609
0.521482422457303
0.360079209373088
0.118461679122916
0.521049664069831
0.360488656807252
0.118486562801228
0.524924961215045
0.356588475983726
0.118511430712958
0.533843251339371
0.347645317947671
0.118534892771664
0.550732123927402
0.330732983300934
0.118555520626492
0.591895802667289
0.289548676706219
0.118573210592979
0.800416682754864
0.0810101066521567
0.118586511355173
0.881413488644827
0
0.118440727765933
0.527052786410442
0.354506485823624
0.118449529791035
0.524499972648706
0.357050497560259
0.118465401250981
0.525026914521656
0.356507684227364
0.118486543702222
0.52821534996922
0.353298106328558
0.118511430712958
0.53384325133937
0.347645317947671
0.11853869347938
0.54237172432836
0.33908958219226
0.118566796556197
0.557045713387973
0.32438749005583
0.118593669873444
0.594663711428486
0.28674261869807
0.118617498492198
0.781013695314045
0.100368806193757
0.118636846414562
0.881363153585438
0
0.118464237306029
0.535433471423058
0.346102291270914
0.118471845669409
0.537478326660715
0.344049827669876
0.118486665356711
0.541040012852281
0.340473321791009
0.118507947479053
0.545575506088303
0.335916546432643
0.118534892771664
0.550732123927403
0.330732983300933
0.118566796556197
0.557045713387974
0.324387490055829
0.118602682616817
0.567872425952617
0.313524891430566
0.118640663225176
0.599402273102495
0.281957063672329
0.11867664033917
0.754308343234589
0.127015016426241
0.118707740543577
0.881292259456423
0
0.118480128335415
0.571175839417455
0.31034403224713
0.118487574984077
0.576423939022896
0.305088485993028
0.118502651861153
0.582296426515728
0.299200921623119
0.118525371002257
0.587806933339985
0.293667695657758
0.118555520626492
0.591895802667292
0.289548676706216
0.118593669873444
0.594663711428487
0.286742618698069
0.118640663225176
0.599402273102494
0.28195706367233
0.118696279758372
0.620238915664631
0.261064804576997
0.11875653163718
0.76359442001246
0.11764904835036
0.118811576476296
0.881188423523704
0
0.11849135671377
0.718948556144958
0.162560087141272
0.118499212059715
0.748841917538773
0.132658870401512
0.11851533839696
0.779762049846487
0.101722611756553
0.118539824193042
0.799761828042054
0.0816983477649037
0.118573210592979
0.800416682754867
0.0810101066521538
0.118617498492198
0.781013695314047
0.100368806193755
0.11867664033917
0.75430834323459
0.12701501642624
0.11875653163718
0.76359442001246
0.117649048350359
0.118862530237251
0.881137469762749
0
0.118975314219391
0.881024685780609
0
0.118499961981817
0.881500038018183
0
0.118508086105174
0.881491913894826
0
0.118524621250662
0.881475378749338
0
0.118550235484485
0.881449764515515
0
0.118586511355174
0.881413488644826
0
0.118636846414561
0.881363153585438
0
0.118707740543577
0.881292259456423
0
0.118811576476296
0.881188423523704
0
0.118975314219391
0.881024685780609
0
0.119259332220683
0.880740667779317
0
0.118213455748304
0.45384230178411
0.427944242467586
0.118275446374251
0.517542799998771
0.364181753626978
0.118320684440373
0.832423775248793
0.0492555403108347
0.118361915144221
0.881638084855779
0
0.118406680738628
0.881593319261372
0
0.1184409587778
0.8815590412222
0
0.118464587810025
0.881535412189975
0
0.118480524584762
0.881519475415238
0
0.118491541732684
0.881508458267316
0
0.118499870451159
0.881500129548841
0
0.118275446374251
0.517542799998776
0.364181753626974
0.118304152548999
0.760519249252454
0.121176598198547
0.118337711402004
0.881662288597996
0
0.118379716478689
0.881620283521311
0
0.118419073775062
0.881580926224938
0
0.118449823447054
0.881550176552946
0
0.118472228254858
0.881527771745142
0
0.118487989245243
0.881512010754757
0
0.118499384923594
0.881500615076407
0
0.118507986746166
0.881492013253834
0
0.118320684440373
0.832423775248806
0.0492555403108215
0.118337711402004
0.881662288597996
0
0.118369971217519
0.881630028782481
0
0.118405865788026
0.881594134211974
0
0.118438627262075
0.881561372737925
0
0.118465749559515
0.881534250440485
0
0.118487070767066
0.881512929232934
0
0.118503079673781
0.881496920326219
0
0.118515498571858
0.881484501428142
0
0.118524520236351
0.881475479763649
0
0.118361915144221
0.881638084855779
0
0.118379716478689
0.881620283521311
0
0.118405865788026
0.881594134211974
0
0.118434416086635
0.881565583913365
0
0.118462000259479
0.881537999740521
0
0.118486933902983
0.881513066097017
0
0.11850836745658
0.88149163254342
0
0.118525773174492
0.881474226825508
0
0.118539978480311
0.881460021519689
0
0.118550137753139
0.881449862246861
0
0.118406680738627
0.881593319261373
0
0.118419073775062
0.881580926224938
0
0.118438627262075
0.881561372737925
0
0.118462000259479
0.881537999740521
0
0.11848694449092
0.88151305550908
0
0.11851184783256
0.88148815216744
0
0.118535324132069
0.881464675867931
0
0.118555921013423
0.881444078986577
0
0.118573370552863
0.881426629447137
0
0.118586421713242
0.881413578286758
0
0.1184409587778
0.8815590412222
0
0.118449823447054
0.881550176552946
0
0.118465749559515
0.881534250440485
0
0.118486933902983
0.881513066097017
0
0.11851184783256
0.88148815216744
0
0.118539125467934
0.881460874532066
0
0.118567243434466
0.881432756565534
0
0.118594082216027
0.881405917783973
0
0.118617681007632
0.881382318992368
0
0.118636770802929
0.881363229197071
0
0.118464587810025
0.881535412189975
0
0.118472228254858
0.881527771745142
0
0.118487070767066
0.881512929232934
0
0.11850836745658
0.88149163254342
0
0.118535324132069
0.881464675867931
0
0.118567243434466
0.881432756565534
0
0.11860316169559
0.88139683830441
0
0.118641083717263
0.881358916282737
0
0.118676866475538
0.881323133524462
0
0.118707688998661
0.881292311001339
0
0.118480524584762
0.881519475415238
0
0.118487989245243
0.881512010754757
0
0.118503079673781
0.881496920326219
0
0.118525773174492
0.881474226825508
0
0.118555921013423
0.881444078986577
0
0.118594082216027
0.881405917783973
0
0.118641083717263
0.881358916282737
0
0.118696684088665
0.881303315911335
0
0.11875678342251
0.88124321657749
0
0.118811567594751
0.881188432405249
0
0.118491541732684
0.881508458267316
0
0.118499384923593
0.881500615076407
0
0.118515498571858
0.881484501428142
0
0.118539978480311
0.881460021519689
0
0.118573370552863
0.881426629447137
0
0.118617681007632
0.881382318992368
0
0.118676866475538
0.881323133524462
0
0.11875678342251
0.88124321657749
0
0.118862654276966
0.881137345723034
0
0.118975402425447
0.881024597574553
0
0.118499870451159
0.881500129548841
0
0.118507986746167
0.881492013253834
0
0.118524520236351
0.881475479763649
0
0.118550137753139
0.881449862246861
0
0.118586421713242
0.881413578286758
0
0.118636770802929
0.881363229197071
0
0.118707688998661
0.881292311001339
0
0.118811567594751
0.881188432405249
0
0.118975402425447
0.881024597574553
0
0.119262430622875
0.880737569377125
0
0.118216867042938
0.578454212504814
0.303328920452248
0.11827779798159
0.677323849880724
0.204398352137685
0.118321536739572
0.843018464980461
0.038659998279967
0.118361796048853
0.881638203951147
0
0.118406467189173
0.881593532810827
0
0.118440755138463
0.881559244861537
0
0.118464407501817
0.881535592498183
0
0.118480367947645
0.881519632052355
0
0.118491398729283
0.881508601270717
0
0.118499664842283
0.881500335157718
0
0.11827779798159
0.677323849880726
0.204398352137683
0.118305186969435
0.816137447623606
0.0655573654069596
0.118337648611508
0.881662351388492
0
0.118379512122719
0.881620487877281
0
0.11841886454368
0.88158113545632
0
0.118449629445184
0.881550370554816
0
0.118472054461748
0.881527945538252
0
0.118487839419097
0.881512160580903
0
0.118499244528759
0.881500755471241
0
0.118507782589556
0.881492217410444
0
0.118321536739572
0.843018464980463
0.0386599982799655
0.118337648611508
0.881662351388492
0
0.118369771361426
0.881630228638574
0
0.118405656872707
0.881594343127293
0
0.118438425973565
0.881561574026435
0
0.118465565206374
0.881534434793626
0
0.11848690408613
0.88151309591387
0
0.118502937968902
0.881497062031098
0
0.118515354839142
0.881484645160858
0
0.118524321010047
0.881475678989953
0
0.118361796048853
0.881638203951147
0
0.118379512122719
0.881620487877281
0
0.118405656872707
0.881594343127293
0
0.118434212851303
0.881565787148698
0
0.118461810490591
0.881538189509409
0
0.118486759308078
0.881513240691922
0
0.118508207715284
0.881491792284716
0
0.118525636215152
0.881474363784849
0
0.118539837010088
0.881460162989912
0
0.118549947008423
0.881450052991577
0
0.118406467189173
0.881593532810827
0
0.11841886454368
0.88158113545632
0
0.118438425973565
0.881561574026435
0
0.118461810490591
0.881538189509409
0
0.118486767141827
0.881513232858173
0
0.118511682736308
0.881488317263692
0
0.118535171681613
0.881464828318387
0
0.118555793820278
0.881444206179722
0
0.118573250491166
0.881426749508834
0
0.118586242303459
0.881413757696541
0
0.118440755138464
0.881559244861536
0
0.118449629445184
0.881550370554816
0
0.118465565206374
0.881534434793626
0
0.118486759308078
0.881513240691922
0
0.118511682736308
0.881488317263692
0
0.118538970420538
0.881461029579462
0
0.118567100670755
0.881432899329245
0
0.118593967854094
0.881406032145906
0
0.118617606202018
0.881382393797983
0
0.118636605515789
0.881363394484211
0
0.118464407501817
0.881535592498183
0
0.118472054461748
0.881527945538252
0
0.11848690408613
0.88151309591387
0
0.118508207715284
0.881491792284716
0
0.118535171681613
0.881464828318387
0
0.118567100670755
0.881432899329245
0
0.11860303528905
0.88139696471095
0
0.118640985224596
0.881359014775404
0
0.118676855165776
0.881323144834224
0
0.118707545068394
0.881292454931606
0
0.118480367947645
0.881519632052355
0
0.118487839419097
0.881512160580903
0
0.118502937968902
0.881497062031098
0
0.118525636215152
0.881474363784848
0
0.118555793820278
0.881444206179722
0
0.118593967854094
0.881406032145906
0
0.118640985224596
0.881359014775404
0
0.118696619413072
0.881303380586928
0
0.118756836809139
0.881243163190861
0
0.118811477906501
0.881188522093499
0
0.118491398729283
0.881508601270717
0
0.118499244528759
0.881500755471241
0
0.118515354839142
0.881484645160858
0
0.118539837010088
0.881460162989912
0
0.118573250491166
0.881426749508834
0
0.118617606202017
0.881382393797983
0
0.118676855165776
0.881323144834224
0
0.118756836809139
0.881243163190861
0
0.118862665027304
0.881137334972696
0
0.118975472235024
0.881024527764976
0
0.118499664842283
0.881500335157717
0
0.118507782589556
0.881492217410444
0
0.118524321010047
0.881475678989953
0
0.118549947008423
0.881450052991577
0
0.118586242303459
0.881413757696541
0
0.118636605515789
0.881363394484211
0
0.118707545068394
0.881292454931606
0
0.118811477906501
0.881188522093499
0
0.118975472235024
0.881024527764976
0
0.119268981673102
0.880731018326898
0
