0.118206485223802
0.394095429476011
0.487698085300187
0.11826874206542
0.413640965213357
0.468090292721223
0.118314170013279
0.46320873436083
0.418477095625891
0.118356492401127
0.523945767031868
0.357697740567006
0.118401232712792
0.53211603564676
0.349482731640448
0.118435500580567
0.527248119791959
0.354316379627474
0.118459038699391
0.535277132400137
0.346263828900473
0.118474917867043
0.570595885104606
0.310929197028351
0.118486086955477
0.716737348959911
0.164776564084612
0.118494659889621
0.881505340110379
0
0.11826874206542
0.413640965213354
0.468090292721226
0.118297559035959
0.446172535905098
0.435529905058942
0.118332131281324
0.504491902797487
0.377175965921189
0.118374249904283
0.526206527048107
0.35541922304761
0.11841360879791
0.525392689391068
0.356193701811022
0.118444319618184
0.524554985384502
0.357000694997314
0.118466646020704
0.537215661542712
0.344317692436584
0.11848235351711
0.575725838239066
0.305791808243825
0.118493921686259
0.745925653441125
0.135580424872616
0.118502768625024
0.881497231374976
0
0.118314170013279
0.463208734360828
0.418477095625893
0.118332131281325
0.504491902797486
0.377175965921189
0.118364499694296
0.523083960862582
0.358551539443122
0.118400387530514
0.524567495159632
0.357032117309854
0.118433150318713
0.521634800078264
0.359932049603023
0.118460204268985
0.524945894403313
0.356593901327702
0.11848145612836
0.540681668632554
0.340836875239087
0.118497386515277
0.581458355100868
0.300044258383855
0.118509984743199
0.776187100937256
0.105302914319545
0.118519284894645
0.881480715105355
0
0.118356492401126
0.523945767031865
0.357697740567009
0.118374249904283
0.526206527048105
0.355419223047613
0.118400387530514
0.524567495159631
0.357032117309855
0.118428947415645
0.521128723662174
0.36044232892218
0.118456485392651
0.521058202872658
0.36048531173469
0.118481352583661
0.528002932778542
0.353515714637797
0.118502730150485
0.545132662551955
0.33636460729756
0.118520089856179
0.586844416454654
0.294635493689167
0.118534446261605
0.795760304814462
0.0857052489239321
0.118544874395123
0.881455125604877
0
0.118401232712792
0.532116035646756
0.349482731640452
0.11841360879791
0.525392689391066
0.356193701811024
0.118433150318713
0.521634800078263
0.359932049603024
0.118456485392652
0.521058202872657
0.360485311734692
0.118481378001808
0.524758700605968
0.356759921392224
0.118506234466942
0.533512175034404
0.347981590498653
0.118529662407235
0.550204585470301
0.331265752122465
0.118550215375255
0.590787521584188
0.290662263040557
0.118567781362643
0.795857515306711
0.0855747033306461
0.118581108348177
0.881418891651823
0
0.118435500580567
0.527248119791955
0.354316379627478
0.118444319618184
0.524554985384501
0.357000694997315
0.118460204268985
0.524945894403309
0.356593901327706
0.118481352583661
0.528002932778538
0.353515714637801
0.118506234466942
0.533512175034403
0.347981590498654
0.118533479459965
0.541922512231575
0.339544008308461
0.118561547056381
0.556410792298308
0.325027660645311
0.118588332899403
0.593371189426925
0.288040477673673
0.118612006281584
0.775673501501985
0.105714492216431
0.11863136518643
0.88136863481357
0
0.118459038699391
0.535277132400135
0.346263828900474
0.118466646020704
0.537215661542712
0.344317692436584
0.11848145612836
0.540681668632553
0.340836875239088
0.118502730150485
0.545132662551956
0.336364607297559
0.118529662407235
0.550204585470301
0.331265752122464
0.118561547056381
0.556410792298308
0.325027660645311
0.118597404144018
0.567020344537887
0.314382251318095
0.118635292223962
0.597787745320685
0.283576962455353
0.118671183253839
0.748023784366069
0.133305032380093
0.11870204088489
0.88129795911511
0
0.118474917867043
0.570595885104607
0.31092919702835
0.11848235351711
0.575725838239066
0.305791808243825
0.118497386515277
0.581458355100868
0.300044258383855
0.118520089856179
0.586844416454656
0.294635493689165
0.118550215375255
0.590787521584191
0.290662263040553
0.118588332899403
0.593371189426926
0.288040477673672
0.118635292223962
0.597787745320685
0.283576962455353
0.118690785981388
0.617686275053896
0.263622938964716
0.118750623175225
0.752148055959059
0.129101320865716
0.118805355124271
0.881194644875729
0
0.118486086955477
0.716737348959911
0.164776564084612
0.118493921686259
0.745925653441126
0.135580424872615
0.118509984743199
0.776187100937259
0.105302914319542
0.118534446261606
0.795760304814465
0.085705248923929
0.118567781362643
0.795857515306714
0.0855747033306431
0.118612006281584
0.775673501501988
0.105714492216428
0.118671183253839
0.74802378436607
0.133305032380091
0.118750623175225
0.752148055959059
0.129101320865716
0.118856096775122
0.881143903224878
0
0.11896793755478
0.88103206244522
0
0.118494659889621
0.881505340110379
0
0.118502768625024
0.881497231374976
0
0.118519284894645
0.881480715105355
0
0.118544874395123
0.881455125604877
0
0.118581108348177
0.881418891651823
0
0.11863136518643
0.88136863481357
0
0.11870204088489
0.88129795911511
0
0.118805355124271
0.881194644875729
0
0.11896793755478
0.88103206244522
0
0.119251464514658
0.880748535485342
0
0.118208583769919
0.453655572921264
0.428135843308817
0.11827051631739
0.51698964033424
0.364739843348369
0.118315702138355
0.829815617731766
0.0518686801298789
0.118356753192159
0.881643246807841
0
0.118401423231141
0.881598576768859
0
0.118435731062807
0.881564268937193
0
0.118459386610077
0.881540613389923
0
0.11847531249587
0.88152468750413
0
0.118486273472486
0.881513726527514
0
0.118494568687388
0.881505431312612
0
0.11827051631739
0.516989640334245
0.364739843348365
0.118299189592368
0.757066468061692
0.12463434234594
0.118332649037349
0.881667350962651
0
0.118374505516048
0.881625494483952
0
0.118413831813617
0.881586168186383
0
0.118444610880903
0.881555389119097
0
0.118467026236911
0.881532973763089
0
0.118482765949007
0.881517234050993
0
0.118494095891973
0.881505904108027
0
0.118502669425088
0.881497330574913
0
0.118315702138355
0.82981561773178
0.0518686801298654
0.118332649037349
0.881667350962651
0
0.118364789772263
0.881635210227737
0
0.118400634123749
0.881599365876251
0
0.118433408543295
0.881566591456705
0
0.118460549452845
0.881539450547155
0
0.118481859634916
0.881518140365084
0
0.118497818799501
0.881502181200499
0
0.11851014671432
0.88148985328568
0
0.11851918365318
0.88148081634682
0
0.118356753192159
0.881643246807841
0
0.118374505516048
0.881625494483952
0
0.118400634123749
0.881599365876251
0
0.118429197621767
0.881570802378233
0
0.118456803296066
0.881543196703934
0
0.118481739867905
0.881518260132095
0
0.118503148375042
0.881496851624958
0
0.11852049552444
0.88147950447556
0
0.118534601985584
0.881465398014416
0
0.118544776340478
0.881455223659522
0
0.118401423231141
0.881598576768859
0
0.118413831813617
0.881586168186383
0
0.118433408543295
0.881566591456705
0
0.118456803296066
0.881543196703934
0
0.118481756422492
0.881518243577508
0
0.118506649227326
0.881493350772674
0
0.118530091912016
0.881469908087984
0
0.118550619096338
0.881449380903662
0
0.118567943227667
0.881432056772333
0
0.118581018328308
0.881418981671692
0
0.118435731062807
0.881564268937193
0
0.118444610880903
0.881555389119097
0
0.118460549452845
0.881539450547155
0
0.118481739867905
0.881518260132095
0
0.118506649227326
0.881493350772674
0
0.118533909378954
0.881466090621046
0
0.118561991452498
0.881438008547503
0
0.118588748898503
0.881411251101497
0
0.118612192210645
0.881387807789355
0
0.118631289125419
0.881368710874581
0
0.118459386610077
0.881540613389923
0
0.118467026236911
0.881532973763089
0
0.118481859634916
0.881518140365084
0
0.118503148375041
0.881496851624959
0
0.118530091912016
0.881469908087984
0
0.118561991452497
0.881438008547503
0
0.118597878850719
0.881402121149281
0
0.118635716210962
0.881364283789038
0
0.118671410611946
0.881328589388054
0
0.118701990519715
0.881298009480285
0
0.11847531249587
0.881524687504129
0
0.118482765949007
0.881517234050993
0
0.118497818799501
0.881502181200499
0
0.118520495524441
0.881479504475559
0
0.118550619096338
0.881449380903662
0
0.118588748898503
0.881411251101497
0
0.118635716210962
0.881364283789038
0
0.118691185479974
0.881308814520027
0
0.118750884231685
0.881249115768315
0
0.118805348404132
0.881194651595868
0
0.118486273472486
0.881513726527514
0
0.118494095891973
0.881505904108028
0
0.11851014671432
0.88148985328568
0
0.118534601985584
0.881465398014416
0
0.118567943227667
0.881432056772333
0
0.118612192210645
0.881387807789355
0
0.118671410611946
0.881328589388054
0
0.118750884231685
0.881249115768315
0
0.11885623424621
0.88114376575379
0
0.11896803790283
0.88103196209717
0
0.118494568687387
0.881505431312613
0
0.118502669425088
0.881497330574912
0
0.11851918365318
0.88148081634682
0
0.118544776340478
0.881455223659522
0
0.118581018328308
0.881418981671692
0
0.11863128912542
0.88136871087458
0
0.118701990519715
0.881298009480285
0
0.118805348404132
0.881194651595868
0
0.11896803790283
0.88103196209717
0
0.11925456724786
0.88074543275214
0
0.118211991134474
0.578238465648226
0.3035495432173
0.118272868759527
0.67681488400307
0.204912247237403
0.118316559608333
0.841635372990223
0.0400480674014442
0.118356635383192
0.881643364616808
0
0.118401209847766
0.881598790152234
0
0.118435526627695
0.881564473372305
0
0.118459205156509
0.881540794843491
0
0.118475154592728
0.881524845407272
0
0.118486129770878
0.881513870229122
0
0.118494362377125
0.881505637622875
0
0.118272868759527
0.676814884003072
0.204912247237401
0.118300232809964
0.815286843821678
0.0664129233683577
0.118332588332562
0.881667411667438
0
0.118374301382853
0.881625698617147
0
0.118413622230571
0.881586377769429
0
0.118444415852438
0.881555584147563
0
0.118466851288373
0.881533148711627
0
0.118482614731939
0.881517385268061
0
0.118493954741839
0.881506045258161
0
0.118502464613998
0.881497535386002
0
0.118316559608333
0.841635372990225
0.0400480674014427
0.118332588332562
0.881667411667438
0
0.118364590074436
0.881635409925564
0
0.118400425086315
0.881599574913685
0
0.118433206437633
0.881566793562367
0
0.118460363959067
0.881539636040933
0
0.118481691821139
0.881518308178861
0
0.118497676162553
0.881502323837447
0
0.118510003592706
0.881489996407294
0
0.118518983328792
0.881481016671208
0
0.118356635383191
0.881643364616809
0
0.118374301382853
0.881625698617147
0
0.118400425086315
0.881599574913685
0
0.118428993673962
0.881571006326038
0
0.11845661241602
0.88154338758398
0
0.118481564107868
0.881518435892132
0
0.118502987476275
0.881497012523725
0
0.118520357363207
0.881479642636793
0
0.11853446057837
0.88146553942163
0
0.118544584359391
0.881455415640609
0
0.118401209847765
0.881598790152235
0
0.118413622230571
0.881586377769429
0
0.118433206437633
0.881566793562367
0
0.11845661241602
0.88154338758398
0
0.118481577898292
0.881518422101709
0
0.118506482976633
0.881493517023367
0
0.118529938237282
0.881470061762718
0
0.118550490523311
0.881449509476689
0
0.118567823688112
0.881432176311888
0
0.118580837406969
0.881419162593031
0
0.118435526627695
0.881564473372305
0
0.118444415852438
0.881555584147562
0
0.118460363959067
0.881539636040933
0
0.118481564107868
0.881518435892132
0
0.118506482976633
0.881493517023367
0
0.118533753142875
0.881466246857125
0
0.118561847283297
0.881438152716703
0
0.118588632953997
0.881411367046003
0
0.118612118921721
0.881387881078279
0
0.118631121595589
0.881368878404412
0
0.118459205156509
0.881540794843491
0
0.118466851288373
0.881533148711627
0
0.118481691821139
0.881518308178861
0
0.118502987476275
0.881497012523725
0
0.118529938237282
0.881470061762718
0
0.118561847283297
0.881438152716703
0
0.11859775048894
0.88140224951106
0
0.118635615628818
0.881364384371182
0
0.118671392358526
0.881328607641474
0
0.118701845408208
0.881298154591792
0
0.118475154592728
0.881524845407272
0
0.118482614731939
0.881517385268061
0
0.118497676162553
0.881502323837447
0
0.118520357363208
0.881479642636792
0
0.118550490523311
0.881449509476689
0
0.118588632953998
0.881411367046002
0
0.118635615628818
0.881364384371182
0
0.118691114322477
0.881308885677523
0
0.118750935371589
0.881249064628411
0
0.118805256719108
0.881194743280892
0
0.118486129770878
0.881513870229122
0
0.118493954741839
0.881506045258161
0
0.118510003592706
0.881489996407294
0
0.11853446057837
0.88146553942163
0
0.118567823688112
0.881432176311888
0
0.118612118921721
0.881387881078279
0
0.118671392358526
0.881328607641474
0
0.118750935371589
0.881249064628411
0
0.118856240761702
0.881143759238298
0
0.118968125177302
0.881031874822698
0
0.118494362377125
0.881505637622874
0
0.118502464613998
0.881497535386002
0
0.118518983328792
0.881481016671208
0
0.118544584359391
0.881455415640609
0
0.11858083740697
0.88141916259303
0
0.118631121595589
0.881368878404412
0
0.118701845408208
0.881298154591792
0
0.118805256719108
0.881194743280892
0
0.118968125177302
0.881031874822698
0
0.119261131650033
0.880738868349967
0
