0.118201636997565
0.394039050892021
0.487759312110414
0.118263835749627
0.413474725461849
0.468261438788524
0.118309203182782
0.462596145690491
0.419094651126727
0.118351348868201
0.523561716925257
0.358086934206542
0.11839599402523
0.532260871408234
0.349343134566536
0.118430295288846
0.527443051956029
0.354126652755125
0.118453863120326
0.535128045958014
0.346418090921661
0.118469731531468
0.570025819746817
0.311504448721715
0.118480840963418
0.714558987902703
0.166960171133878
0.118489380917055
0.881510619082945
0
0.118263835749627
0.413474725461846
0.468261438788527
0.118292611401848
0.445704017570581
0.436003371027571
0.118327082515651
0.503881497386593
0.377791420097756
0.118369058652897
0.526105566771372
0.355525374575731
0.118408386544822
0.525588964448608
0.35600264900657
0.11843913150644
0.524614582570495
0.356946285923064
0.118461470836667
0.536960532894281
0.344577996269052
0.118477159582402
0.575040484066207
0.306482356351391
0.118488654288951
0.743062803718736
0.138448541992313
0.118497472948151
0.881502527051849
0
0.118309203182782
0.462596145690489
0.419094651126729
0.118327082515651
0.503881497386593
0.377791420097757
0.118359337923294
0.522878994587523
0.358761667489183
0.118395174121727
0.524692564131099
0.356912261747175
0.118427953337762
0.521787463992721
0.359784582669517
0.11845502923024
0.524871893472938
0.356673077296822
0.11847627326756
0.540331122966028
0.341192603766412
0.118492165629651
0.580636772456507
0.300871061913842
0.118504645381469
0.77262903217335
0.108866322445181
0.118513965650342
0.881486034349659
0
0.118351348868201
0.523561716925254
0.358086934206545
0.118369058652897
0.52610556677137
0.355525374575733
0.118395174121726
0.524692564131098
0.356912261747175
0.118423749310143
0.521301078681183
0.360275172008674
0.118451311296316
0.521073000447776
0.360475688255908
0.118476180774618
0.527798069062741
0.353725750162641
0.118497529635051
0.544697398428381
0.336805071936568
0.118514812885766
0.585897070496672
0.295588116617562
0.118529078975433
0.791805537314172
0.0896653837103944
0.118539524367154
0.881460475632846
0
0.11839599402523
0.532260871408229
0.349343134566541
0.118408386544822
0.525588964448606
0.356002649006572
0.118427953337762
0.52178746399272
0.359784582669518
0.118451311296316
0.521073000447775
0.360475688255909
0.118476212118518
0.52460009508852
0.356923692792962
0.118501055672095
0.533188381283725
0.34831056304418
0.11852444597995
0.549685714981974
0.331789839038076
0.118544918131458
0.589702756410305
0.291752325458237
0.118562357360089
0.791366325770672
0.0900713168692392
0.11857570268511
0.88142429731489
0
0.118430295288846
0.527443051956024
0.35412665275513
0.118439131506441
0.524614582570494
0.356946285923065
0.11845502923024
0.524871893472934
0.356673077296826
0.118476180774618
0.527798069062737
0.353725750162645
0.118501055672095
0.533188381283724
0.348310563044181
0.118528279815993
0.541480986168837
0.339990734015171
0.118556306062429
0.555787413140418
0.325656280797153
0.118582995709779
0.592111466667455
0.289305537622766
0.118606501339786
0.770439105129835
0.110954393530378
0.118625844509524
0.881374155490476
0
0.118453863120326
0.535128045958012
0.346418090921663
0.118461470836667
0.536960532894281
0.344577996269052
0.11847627326756
0.540331122966027
0.341192603766413
0.118497529635051
0.544697398428381
0.336805071936568
0.11852444597995
0.549685714981975
0.331789839038075
0.118556306062429
0.555787413140419
0.325656280797152
0.118592123192036
0.566189371339765
0.315218505468199
0.118629901605062
0.596226273625897
0.285143824769041
0.118665670215129
0.742192513542816
0.139141816242055
0.118696214135756
0.881303785864244
0
0.118469731531468
0.570025819746818
0.311504448721714
0.118477159582402
0.575040484066207
0.306482356351391
0.118492165629651
0.580636772456508
0.300871061913842
0.118514812885766
0.585897070496674
0.29558811661756
0.118544918131458
0.589702756410308
0.291752325458234
0.118582995709779
0.592111466667456
0.289305537622765
0.118629901605062
0.596226273625897
0.285143824769042
0.118685243419574
0.615276886213284
0.266037870367142
0.118744634952967
0.741834795905104
0.139420569141929
0.118798796995377
0.881201203004623
0
0.118480840963418
0.714558987902704
0.166960171133878
0.118488654288951
0.743062803718737
0.138448541992312
0.118504645381469
0.772629032173352
0.108866322445178
0.118529078975434
0.791805537314175
0.0896653837103913
0.118562357360089
0.791366325770675
0.0900713168692361
0.118606501339786
0.770439105129838
0.110954393530376
0.118665670215129
0.742192513542817
0.139141816242054
0.118744634952967
0.741834795905105
0.139420569141928
0.118849082797652
0.881150917202348
0
0.118959895702181
0.881040104297819
0
0.118489380917055
0.881510619082945
0
0.118497472948151
0.881502527051849
0
0.118513965650342
0.881486034349659
0
0.118539524367154
0.881460475632846
0
0.11857570268511
0.881424297314889
0
0.118625844509524
0.881374155490476
0
0.118696214135756
0.881303785864245
0
0.118798796995377
0.881201203004623
0
0.118959895702181
0.881040104297819
0
0.119242850250337
0.880757149749663
0
0.118203733324735
0.453469463100497
0.428326803574768
0.118265607913817
0.516442719611334
0.365291672474849
0.118310742633347
0.827195494706075
0.0544937626605789
0.118351618147781
0.881648381852219
0
0.11839618975442
0.88160381024558
0
0.118430525397845
0.881569474602155
0
0.11845420843761
0.88154579156239
0
0.118470124523375
0.881529875476625
0
0.118481028990303
0.881518971009697
0
0.118489290060698
0.881510709939302
0
0.118265607913817
0.516442719611338
0.365291672474845
0.118294247988691
0.753638973546669
0.128066778464639
0.118327610802647
0.881672389197353
0
0.118369319335294
0.881630680664706
0
0.118408612394098
0.881591387605902
0
0.118439420507361
0.88156057949264
0
0.118461848640325
0.881538151359675
0
0.118477569993469
0.881522430006531
0
0.118488829836146
0.881511170163854
0
0.118497373930068
0.881502626069932
0
0.118310742633347
0.827195494706088
0.0544937626605658
0.118327610802647
0.881672389197353
0
0.11835963261218
0.88164036738782
0
0.118395425082097
0.881604574917903
0
0.1184282109449
0.8815717890551
0
0.118455371396954
0.881544628603046
0
0.118476674597224
0.881523325402776
0
0.118492595273588
0.881507404726412
0
0.118504809380657
0.881495190619343
0
0.118513864215595
0.881486135784405
0
0.118351618147781
0.881648381852219
0
0.118369319335294
0.881630680664706
0
0.118395425082097
0.881604574917903
0
0.1184239997617
0.8815760002383
0
0.11845162623829
0.88154837376171
0
0.118476565371394
0.881523434628606
0
0.118497946448419
0.881502053551581
0
0.118515224362179
0.881484775637821
0
0.118529236210904
0.881470763789096
0
0.118539426032795
0.881460573967205
0
0.11839618975442
0.88160381024558
0
0.118408612394098
0.881591387605902
0
0.1184282109449
0.8815717890551
0
0.11845162623829
0.88154837376171
0
0.11847658755614
0.88152341244386
0
0.118501468456132
0.881498531543868
0
0.118524874135593
0.881475125864407
0
0.118545325685829
0.881454674314171
0
0.118562521210314
0.881437478789686
0
0.118575612341475
0.881424387658525
0
0.118430525397845
0.881569474602155
0
0.118439420507361
0.881560579492639
0
0.118455371396954
0.881544628603046
0
0.118476565371393
0.881523434628606
0
0.118501468456132
0.881498531543868
0
0.118528708269263
0.881471291730737
0
0.11855674882416
0.88144325117584
0
0.11858341610253
0.88141658389747
0
0.118606690849818
0.881393309150182
0
0.118625768075935
0.881374231924065
0
0.11845420843761
0.88154579156239
0
0.118461848640325
0.881538151359675
0
0.118476674597224
0.881523325402776
0
0.118497946448419
0.881502053551581
0
0.118524874135593
0.881475125864407
0
0.11855674882416
0.88144325117584
0
0.118592594907001
0.881407405092999
0
0.118630330382368
0.881369669617632
0
0.118665898998211
0.881334101001789
0
0.11869616499038
0.88130383500962
0
0.118470124523375
0.881529875476625
0
0.118477569993469
0.881522430006531
0
0.118492595273588
0.881507404726412
0
0.118515224362179
0.881484775637821
0
0.118545325685829
0.881454674314171
0
0.11858341610253
0.88141658389747
0
0.118630330382368
0.881369669617632
0
0.118685640099841
0.881314359900159
0
0.118744903330385
0.881255096669615
0
0.118798793327986
0.881201206672013
0
0.118481028990303
0.881518971009697
0
0.118488829836146
0.881511170163854
0
0.118504809380657
0.881495190619343
0
0.118529236210904
0.881470763789096
0
0.118562521210314
0.881437478789686
0
0.118606690849818
0.881393309150182
0
0.118665898998212
0.881334101001789
0
0.118744903330384
0.881255096669616
0
0.118849239015761
0.881150760984239
0
0.118960009699168
0.881039990300832
0
0.118489290060698
0.881510709939302
0
0.118497373930068
0.881502626069932
0
0.118513864215596
0.881486135784404
0
0.118539426032795
0.881460573967205
0
0.118575612341475
0.881424387658525
0
0.118625768075935
0.881374231924065
0
0.11869616499038
0.88130383500962
0
0.118798793327987
0.881201206672014
0
0.118960009699168
0.881039990300832
0
0.119245957811127
0.880754042188873
0
0.118207136782742
0.578021391426366
0.303771471790892
0.118267961115842
0.676307428878547
0.205424610005611
0.118311605670814
0.840278691291166
0.0414097030380206
0.118351501563413
0.881648498436587
0
0.118395976538764
0.881604023461236
0
0.118430320193096
0.881569679806904
0
0.118454025847404
0.881545974152596
0
0.118469965364016
0.881530034635984
0
0.118480884582013
0.881519115417987
0
0.118489083049992
0.881510916950007
0
0.118267961115842
0.676307428878549
0.205424610005609
0.118295300147137
0.814451405576021
0.067253294276842
0.118327552152948
0.881672447847052
0
0.118369115406458
0.881630884593542
0
0.118408402480102
0.881591597519897
0
0.118439224473342
0.881560775526658
0
0.118461672539882
0.881538327460118
0
0.118477417361041
0.881522582638959
0
0.118488687904639
0.881511312095361
0
0.118497168462923
0.881502831537077
0
0.118311605670814
0.840278691291167
0.0414097030380191
0.118327552152948
0.881672447847052
0
0.118359433047481
0.881640566952519
0
0.118395215931564
0.881604784068436
0
0.118428008054259
0.881571991945741
0
0.118455184778787
0.881544815221213
0
0.118476505614995
0.881523494385005
0
0.118492450990252
0.881507549009748
0
0.118504667212725
0.881495332787275
0
0.1185136628102
0.8814863371898
0
0.118351501563413
0.881648498436587
0
0.118369115406458
0.881630884593542
0
0.118395215931564
0.881604784068436
0
0.118423795137182
0.881576204862818
0
0.118451434276709
0.881548565723291
0
0.118476388471101
0.881523611528899
0
0.118497784435433
0.881502215564568
0
0.118515085542272
0.881484914457728
0
0.118529094928839
0.881470905071161
0
0.118539232829237
0.881460767170763
0
0.118395976538763
0.881604023461237
0
0.118408402480102
0.881591597519897
0
0.118428008054259
0.881571991945741
0
0.118451434276709
0.881548565723291
0
0.118476407885456
0.881523592114544
0
0.118501301088931
0.881498698911069
0
0.118524719294296
0.881475280705704
0
0.118545195815737
0.881454804184263
0
0.118562402197873
0.881437597802127
0
0.118575429907981
0.881424570092019
0
0.118430320193096
0.881569679806904
0
0.118439224473343
0.881560775526657
0
0.118455184778787
0.881544815221213
0
0.118476388471101
0.881523611528899
0
0.118501301088931
0.881498698911069
0
0.118528550905958
0.881471449094042
0
0.118556603348365
0.881443396651635
0
0.118583298692819
0.881416701307181
0
0.118606619030077
0.881393380969923
0
0.118625598285655
0.881374401714345
0
0.118454025847404
0.881545974152596
0
0.118461672539882
0.881538327460118
0
0.118476505614995
0.881523494385005
0
0.118497784435433
0.881502215564567
0
0.118524719294296
0.881475280705704
0
0.118556603348365
0.881443396651635
0
0.118592464771129
0.881407535228871
0
0.118630227943848
0.881369772056152
0
0.118665874299043
0.881334125700957
0
0.118696018444926
0.881303981555074
0
0.118469965364016
0.881530034635984
0
0.118477417361041
0.881522582638959
0
0.118492450990252
0.881507549009748
0
0.118515085542272
0.881484914457728
0
0.118545195815737
0.881454804184263
0
0.118583298692819
0.881416701307181
0
0.118630227943848
0.881369772056152
0
0.11868556323394
0.88131443676606
0
0.118744947643284
0.881255052356716
0
0.118798700615327
0.881201299384673
0
0.118480884582013
0.881519115417987
0
0.118488687904639
0.881511312095361
0
0.118504667212725
0.881495332787275
0
0.118529094928839
0.881470905071161
0
0.118562402197873
0.881437597802127
0
0.118606619030077
0.881393380969923
0
0.118665874299043
0.881334125700957
0
0.118744947643284
0.881255052356716
0
0.118849246896415
0.881150753103585
0
0.11896011717044
0.88103988282956
0
0.118489083049993
0.881510916950007
0
0.118497168462923
0.881502831537077
0
0.1185136628102
0.8814863371898
0
0.118539232829237
0.881460767170763
0
0.118575429907981
0.881424570092019
0
0.118625598285655
0.881374401714345
0
0.118696018444926
0.881303981555074
0
0.118798700615327
0.881201299384673
0
0.11896011717044
0.88103988282956
0
0.119252537199393
0.880747462800607
0
