0.118196807463603
0.393983128109715
0.487820064426682
0.118258948020269
0.413310135706252
0.468430916273479
0.118304255274757
0.461986489782231
0.419709254943012
0.118346226212951
0.523165182755601
0.358488591031448
0.118390772957614
0.532389047432489
0.349220179609897
0.118425103850431
0.527637153389846
0.353937742759723
0.118448700952851
0.534986116152661
0.346565182894489
0.118464558955684
0.569465649811433
0.312069791232883
0.118475609830407
0.712413556207788
0.169110833961805
0.118484117187279
0.881515882812721
0
0.118258948020269
0.413310135706248
0.468430916273483
0.11828768267696
0.445238311692018
0.436474005631022
0.118322053264065
0.503268038624024
0.378409908111911
0.118363886477604
0.525989750398757
0.355646363123639
0.11840317907959
0.525776074013355
0.355820746907055
0.118433955453431
0.524678445008628
0.356887599537941
0.118456307222061
0.536712959707331
0.344830733070608
0.11847197712583
0.574367921701139
0.307160101173031
0.118483399093709
0.740253237753217
0.141263363153074
0.11849218945428
0.88150781054572
0
0.118304255274757
0.461986489782229
0.419709254943014
0.118322053264065
0.503268038624024
0.378409908111911
0.118354195099661
0.522661410285469
0.35898439461487
0.118389975852129
0.524804627635464
0.356805396512407
0.118422767133814
0.521939959778702
0.359637273087485
0.118449862609112
0.524804789584843
0.356745347806045
0.118471097418114
0.539988555827028
0.341540346754858
0.118486950842483
0.579832560073866
0.301680489083651
0.118499312098011
0.769091210459258
0.112409477442731
0.118508650933656
0.881491349066344
0
0.118346226212951
0.523165182755598
0.358488591031451
0.118363886477604
0.525989750398755
0.355646363123641
0.118389975852129
0.524804627635463
0.356805396512408
0.118418561448133
0.521471155764024
0.360110282787843
0.118446143309398
0.521093808563332
0.36046004812727
0.118471011162392
0.527600819706203
0.353928169131406
0.118492327083896
0.544269930859886
0.337237742056218
0.118509530343924
0.584965201880143
0.296525267775933
0.118523703936247
0.787899927715393
0.0935763683483595
0.118534163923986
0.881465836076014
0
0.118390772957614
0.532389047432485
0.349220179609901
0.11840317907959
0.525776074013353
0.355820746907057
0.118422767133814
0.5219399597787
0.359637273087486
0.118446143309398
0.521093808563331
0.360460048127271
0.118471046604067
0.524449179993789
0.357079773402144
0.118495869708597
0.532872120063278
0.348632010228125
0.118519213187676
0.549175939920005
0.332304846892319
0.118539595697246
0.588642057359185
0.292818346943569
0.118556902487016
0.786948236233573
0.09449486127941
0.118570259331285
0.881429740668715
0
0.118425103850431
0.52763715338984
0.353937742759728
0.118433955453431
0.524678445008627
0.356887599537943
0.118449862609112
0.524804789584839
0.356745347806049
0.118471011162392
0.527600819706199
0.35392816913141
0.118495869708597
0.532872120063277
0.348632010228126
0.118523059486284
0.541047610178426
0.340429330335291
0.118551026509034
0.555176285881222
0.326272687609744
0.118577600910011
0.590885685381256
0.290536713708733
0.118600923732808
0.765319278009576
0.116079798257616
0.118620236144858
0.881379763855142
0
0.118448700952851
0.534986116152658
0.346565182894491
0.118456307222061
0.536712959707331
0.344830733070608
0.118471097418114
0.539988555827027
0.341540346754859
0.118492327083896
0.544269930859886
0.337237742056219
0.118519213187675
0.549175939920005
0.33230484689232
0.118551026509034
0.555176285881224
0.326272687609743
0.118586770992133
0.565380378253552
0.316032850754316
0.118624399521521
0.594719302487772
0.286656297990707
0.11866000278663
0.736778239351487
0.144561757861883
0.118690214579999
0.881309785420001
0
0.118464558955684
0.569465649811434
0.312069791232882
0.11847197712583
0.57436792170114
0.30716010117303
0.118486950842483
0.579832560073867
0.30168048908365
0.118509530343924
0.584965201880145
0.296525267775931
0.118539595697246
0.588642057359188
0.292818346943567
0.118577600910011
0.590885685381257
0.290536713708732
0.118624399521521
0.594719302487772
0.286656297990707
0.118679511006552
0.613003754793449
0.268316734199998
0.118738380204376
0.732532407636279
0.148729212159345
0.118791928657265
0.881208071342735
0
0.118475609830407
0.712413556207789
0.169110833961804
0.118483399093709
0.740253237753218
0.141263363153073
0.118499312098011
0.769091210459261
0.112409477442728
0.118523703936248
0.787899927715396
0.0935763683483562
0.118556902487016
0.786948236233576
0.0944948612794073
0.118600923732807
0.765319278009579
0.116079798257614
0.11866000278663
0.736778239351489
0.144561757861882
0.118738380204376
0.73253240763628
0.148729212159345
0.118841677138713
0.881158322861287
0
0.118951303854094
0.881048696145906
0
0.118484117187279
0.881515882812721
0
0.11849218945428
0.88150781054572
0
0.118508650933656
0.881491349066344
0
0.118534163923986
0.881465836076014
0
0.118570259331285
0.881429740668715
0
0.118620236144858
0.881379763855142
0
0.118690214579999
0.881309785420001
0
0.118791928657265
0.881208071342735
0
0.118951303854094
0.881048696145906
0
0.1192335693768
0.8807664306232
0
0.118198901584817
0.453284126759124
0.428516971656058
0.11826071809426
0.51590220925023
0.365837072655509
0.1183058008428
0.824564507221462
0.0571296919357379
0.118346503806639
0.881653496193361
0
0.118390973982954
0.881609026017046
0
0.118425334011732
0.881574665988268
0
0.118449043980405
0.881550956019595
0
0.118464950510216
0.881535049489784
0
0.118475799409577
0.881524200590423
0
0.118484026704643
0.881515973295357
0
0.11826071809426
0.515902209250235
0.365837072655505
0.118289324241947
0.750237549423976
0.131473126334076
0.118322591990318
0.881677408009682
0
0.118364152180271
0.881635847819729
0
0.118403408099502
0.881596591900498
0
0.1184342426556
0.8815657573444
0
0.118456682959391
0.881543317040609
0
0.118472385807365
0.881527614192635
0
0.1184835760173
0.8815164239827
0
0.118492090649628
0.881507909350372
0
0.1183058008428
0.824564507221475
0.0571296919357249
0.118322591990318
0.881677408009682
0
0.118354494318321
0.881645505681679
0
0.118390231415354
0.881609768584646
0
0.118423024662264
0.881576975337736
0
0.118450202246757
0.881549797753243
0
0.118471497025939
0.881528502974061
0
0.118487378333679
0.881512621666321
0
0.118499478168013
0.881500521831987
0
0.118508549334169
0.881491450665831
0
0.118346503806639
0.881653496193361
0
0.118364152180271
0.881635847819729
0
0.118390231415354
0.881609768584646
0
0.118418812693506
0.881581187306494
0
0.118446455866022
0.881553544133978
0
0.118471393577768
0.881528606422232
0
0.1184927429068
0.8815072570932
0
0.118509947842567
0.881490052157433
0
0.118523862728108
0.881476137271892
0
0.118534065350444
0.881465934649556
0
0.118390973982954
0.881609026017046
0
0.118403408099502
0.881596591900498
0
0.118423024662264
0.881576975337736
0
0.118446455866022
0.881553544133978
0
0.118471419645703
0.881528580354297
0
0.118496281150728
0.881503718849272
0
0.118519640627955
0.881480359372045
0
0.118540007525541
0.881459992474459
0
0.11855706839577
0.88144293160423
0
0.118570168722658
0.881429831277342
0
0.118425334011732
0.881574665988268
0
0.1184342426556
0.8815657573444
0
0.118450202246757
0.881549797753243
0
0.118471393577768
0.881528606422232
0
0.118496281150728
0.881503718849272
0
0.118523487281516
0.881476512718484
0
0.118551468565581
0.881448531434419
0
0.118578026376128
0.881421973623872
0
0.11860111696208
0.88139888303792
0
0.118620159428472
0.881379840571528
0
0.118449043980405
0.881550956019595
0
0.118456682959392
0.881543317040609
0
0.118471497025939
0.881528502974061
0
0.1184927429068
0.8815072570932
0
0.118519640627955
0.881480359372045
0
0.118551468565581
0.881448531434419
0
0.118587240985233
0.881412759014767
0
0.118624834093051
0.881375165906949
0
0.118660233106083
0.881339766893917
0
0.118690166733521
0.881309833266479
0
0.118464950510216
0.881535049489784
0
0.118472385807365
0.881527614192635
0
0.118487378333679
0.881512621666321
0
0.118509947842567
0.881490052157433
0
0.118540007525541
0.881459992474459
0
0.118578026376128
0.881421973623872
0
0.118624834093051
0.881375165906949
0
0.118679906385574
0.881320093614426
0
0.118738656578118
0.881261343421882
0
0.118791928024736
0.881208071975264
0
0.118475799409577
0.881524200590423
0
0.1184835760173
0.8815164239827
0
0.118499478168013
0.881500521831987
0
0.118523862728108
0.881476137271892
0
0.118557068395771
0.881442931604229
0
0.11860111696208
0.88139888303792
0
0.118660233106083
0.881339766893917
0
0.118738656578117
0.881261343421883
0
0.118841854735791
0.881158145264209
0
0.118951432590931
0.881048567409069
0
0.118484026704643
0.881515973295357
0
0.118492090649628
0.881507909350372
0
0.118508549334169
0.881491450665831
0
0.118534065350444
0.881465934649556
0
0.118570168722658
0.881429831277342
0
0.118620159428472
0.881379840571528
0
0.118690166733521
0.881309833266479
0
0.118791928024736
0.881208071975264
0
0.118951432590931
0.881048567409069
0
0.119236682146135
0.880763317853865
0
0.118202301158816
0.577803218113116
0.303994480728069
0.118263071961888
0.67580177482957
0.205935153208542
0.118306669436073
0.838947841627674
0.0427454889362531
0.118346388419669
0.881653611580331
0
0.118390760946101
0.881609239053899
0
0.118425128084809
0.881574871915191
0
0.118448860287924
0.881551139712076
0
0.118464790128162
0.881535209871838
0
0.118475654307431
0.881524345692569
0
0.118483818999864
0.881516181000136
0
0.118263071961888
0.675801774829572
0.20593515320854
0.118290385479165
0.813630283209414
0.0680793313114203
0.118322535379223
0.881677464620777
0
0.118363948443041
0.881636051556959
0
0.118403197892779
0.881596802107221
0
0.118434045662353
0.881565954337647
0
0.118456505744533
0.881543494255467
0
0.118472231808387
0.881527768191613
0
0.118483433318198
0.881516566681802
0
0.118491884529192
0.881508115470809
0
0.118306669436073
0.838947841627675
0.0427454889362516
0.118322535379223
0.881677464620777
0
0.118354294870396
0.881645705129604
0
0.118390022176057
0.881609977823943
0
0.118422821040112
0.881577178959888
0
0.118450014549375
0.881549985450625
0
0.118471326921788
0.881528673078212
0
0.118487232478396
0.881512767521604
0
0.118499336914807
0.881500663085193
0
0.118508346851691
0.881491653148309
0
0.118346388419669
0.881653611580331
0
0.118363948443041
0.881636051556959
0
0.118390022176057
0.881609977823943
0
0.118418607447064
0.881581392552936
0
0.11844626287406
0.88155373712594
0
0.118471215581757
0.881528784418243
0
0.118492579821989
0.881507420178011
0
0.118509808364243
0.881490191635757
0
0.118523721564359
0.881476278435641
0
0.118533870929125
0.881466129070875
0
0.118390760946101
0.881609239053899
0
0.118403197892779
0.881596802107221
0
0.118422821040112
0.881577178959888
0
0.11844626287406
0.88155373712594
0
0.118471238877726
0.881528761122274
0
0.118496112721302
0.881503887278698
0
0.118519484682345
0.881480515317655
0
0.118539876411819
0.881460123588181
0
0.118556949886881
0.881443050113119
0
0.118569984779261
0.881430015220739
0
0.118425128084809
0.881574871915191
0
0.118434045662354
0.881565954337647
0
0.118450014549375
0.881549985450625
0
0.118471215581757
0.881528784418243
0
0.118496112721302
0.881503887278698
0
0.118523328862418
0.881476671137582
0
0.118551321876343
0.881448678123657
0
0.11857790758424
0.88142209241576
0
0.118601046503867
0.881398953496133
0
0.118619987387601
0.881380012612399
0
0.118448860287924
0.881551139712076
0
0.118456505744533
0.881543494255467
0
0.118471326921788
0.881528673078212
0
0.118492579821989
0.881507420178011
0
0.118519484682345
0.881480515317655
0
0.118551321876343
0.881448678123657
0
0.118587109220612
0.881412890779388
0
0.118624729941156
0.881375270058844
0
0.118660202341738
0.881339797658262
0
0.118690018600273
0.881309981399727
0
0.118464790128162
0.881535209871838
0
0.118472231808387
0.881527768191613
0
0.118487232478396
0.881512767521604
0
0.118509808364243
0.881490191635757
0
0.118539876411819
0.881460123588181
0
0.11857790758424
0.88142209241576
0
0.118624729941156
0.881375270058844
0
0.118679824429107
0.881320175570893
0
0.118738695014986
0.881261304985014
0
0.118791833589207
0.881208166410793
0
0.118475654307431
0.881524345692569
0
0.118483433318198
0.881516566681802
0
0.118499336914807
0.881500663085193
0
0.11852372156436
0.88147627843564
0
0.118556949886881
0.881443050113119
0
0.118601046503867
0.881398953496133
0
0.118660202341738
0.881339797658262
0
0.118738695014986
0.881261304985014
0
0.118841862468499
0.881158137531501
0
0.118951562313816
0.881048437686184
0
0.118483818999864
0.881516181000136
0
0.118491884529192
0.881508115470808
0
0.118508346851691
0.881491653148309
0
0.118533870929125
0.881466129070875
0
0.118569984779261
0.881430015220739
0
0.118619987387601
0.881380012612399
0
0.118690018600273
0.881309981399727
0
0.118791833589207
0.881208166410793
0
0.118951562313816
0.881048437686184
0
0.119243278242173
0.880756721757827
0
