0.118191984765686
0.393040832071206
0.488767183163108
0.118253011010343
0.41155022803488
0.470196760954777
0.118297446999838
0.457052533183647
0.424650019816515
0.118337774925909
0.527740010413447
0.353922214660643
0.118383391462993
0.53910656465107
0.342510043885936
0.118418979948511
0.533971392020119
0.347609628031371
0.118443343109677
0.538325601796458
0.343231055093865
0.118459458567288
0.57018961776432
0.311350923668392
0.118470510861691
0.708870073852385
0.172659415285924
0.118478784344999
0.881521215655001
0
0.118253011010343
0.411550228034878
0.470196760954779
0.118281108744142
0.44136090434171
0.440357986914148
0.118314096755051
0.507685666295117
0.374000236949832
0.118356173836402
0.531549959992778
0.35009386617082
0.118396379172254
0.532347262043377
0.34925635878437
0.118428158456771
0.529755619474496
0.351816222068732
0.118451078406528
0.539233884121978
0.342315037471493
0.118466937658171
0.574639223110967
0.306893839230861
0.118478343415976
0.735196421010487
0.146325235573537
0.118486864971928
0.881513135028072
0
0.118297446999838
0.457052533183647
0.424650019816515
0.118314096755051
0.507685666295118
0.374000236949832
0.118346578877159
0.527675232094419
0.353978189028422
0.118382972178556
0.530904283371175
0.350712744450269
0.118416630112606
0.527818461901308
0.353764907986086
0.118444455024734
0.528731632199042
0.352823912776224
0.118466052542265
0.541845656072733
0.339688291385002
0.118482004636565
0.579672561897213
0.301845433466223
0.118494227337821
0.76232898973018
0.119176782931999
0.118503343460936
0.881496656539064
0
0.118337774925909
0.527740010413447
0.353922214660644
0.118356173836402
0.531549959992779
0.350093866170819
0.118382972178556
0.530904283371174
0.35071274445027
0.118412319971153
0.527511820940836
0.35407585908801
0.118440616996743
0.525758171681808
0.355801211321448
0.118465957825692
0.530479428564129
0.35105461361018
0.118487488210518
0.545583516338345
0.335928995451137
0.118504698000218
0.58439133932606
0.297103962673722
0.118518690389524
0.780256609409104
0.101224700201372
0.118528873132491
0.881471126867509
0
0.118383391462994
0.53910656465107
0.342510043885937
0.118396379172254
0.532347262043376
0.34925635878437
0.118416630112606
0.527818461901308
0.353764907986087
0.118440616996743
0.525758171681807
0.355801211321449
0.11846599128488
0.52769443468313
0.35383957403199
0.11849110480607
0.534855312340551
0.346653582853379
0.118514555658822
0.550026676546135
0.331458767795043
0.118534936896218
0.587684664420374
0.293780398683408
0.11855193793308
0.778170444441609
0.103277617625311
0.118564957110349
0.88143504288965
0
0.118418979948511
0.533971392020115
0.347609628031374
0.118428158456772
0.529755619474496
0.351816222068733
0.118444455024734
0.52873163219904
0.352823912776226
0.118465957825692
0.530479428564126
0.351054613610183
0.11849110480607
0.534855312340548
0.346653582853382
0.118518513853489
0.542267376009168
0.339214110137343
0.118546599283698
0.555579047982258
0.325874352734044
0.118573152113215
0.589503929920756
0.291922917966029
0.118596186682808
0.754969497596268
0.126434315720924
0.118614889574264
0.881385110425736
0
0.118443343109677
0.538325601796457
0.343231055093866
0.118451078406528
0.539233884121977
0.342315037471495
0.118466052542265
0.541845656072731
0.339688291385004
0.118487488210517
0.545583516338344
0.335928995451139
0.118514555658822
0.550026676546131
0.331458767795047
0.118546599283698
0.555579047982257
0.325874352734045
0.118582497413579
0.565136657057751
0.31628084552867
0.118620193790434
0.592623570975851
0.288756235233716
0.118655494944828
0.725411649210497
0.155932855844675
0.118684738424109
0.881315261575891
0
0.118459458567288
0.57018961776432
0.311350923668392
0.118466937658171
0.574639223110965
0.306893839230864
0.118482004636565
0.579672561897214
0.301845433466221
0.118504698000218
0.584391339326059
0.297103962673723
0.118534936896218
0.587684664420373
0.293780398683409
0.118573152113215
0.589503929920757
0.291922917966028
0.118620193790434
0.592623570975851
0.288756235233715
0.118675628126018
0.608840044913171
0.272484326960811
0.118734254552883
0.712391142818619
0.168874602628498
0.118786087291222
0.881213912708778
0
0.118470510861691
0.708870073852383
0.172659415285926
0.118478343415976
0.735196421010485
0.146325235573539
0.118494227337821
0.762328989730179
0.119176782932
0.118518690389524
0.780256609409102
0.101224700201374
0.11855193793308
0.778170444441609
0.103277617625311
0.118596186682808
0.754969497596268
0.126434315720924
0.118655494944828
0.725411649210497
0.155932855844675
0.118734254552883
0.712391142818619
0.168874602628498
0.118838660346651
0.845364752283783
0.0357965873695653
0.118944161113835
0.881055838886165
0
0.118478784344999
0.881521215655001
0
0.118486864971928
0.881513135028072
0
0.118503343460936
0.881496656539064
0
0.118528873132491
0.881471126867509
0
0.118564957110349
0.881435042889651
0
0.118614889574264
0.881385110425736
0
0.118684738424109
0.881315261575891
0
0.118786087291222
0.881213912708778
0
0.118944161113834
0.881055838886165
0
0.119228207764331
0.880771792235669
0
0.118194077037637
0.450732862347801
0.431073060614562
0.118254781493994
0.512099988598004
0.369645229908002
0.118298979467621
0.821387284837675
0.0603137356947041
0.118338016509682
0.881661983490318
0
0.118383615910604
0.881616384089396
0
0.118419192953764
0.881580807046236
0
0.118443649731651
0.881556350268349
0
0.118459826890682
0.881540173109318
0
0.118470697673153
0.881529302326847
0
0.118478696280106
0.881521303719894
0
0.118254781493994
0.512099988598008
0.369645229907998
0.118282742060536
0.749218216364656
0.132499041574808
0.118314543620155
0.881685456379845
0
0.118356443543594
0.881643556456406
0
0.118396610232665
0.881603389767335
0
0.118428411926176
0.881571588073825
0
0.11845141885529
0.88154858114471
0
0.118467323287296
0.881532676712704
0
0.118478517667569
0.881521482332431
0
0.118486768689882
0.881513231310118
0
0.118298979467621
0.821387284837686
0.0603137356946931
0.118314543620155
0.881685456379845
0
0.118346869375459
0.881653130624541
0
0.118383233742609
0.881616766257391
0
0.118416864795642
0.881583135204358
0
0.118444752604629
0.881555247395371
0
0.118466419326213
0.881533580673787
0
0.118482408014443
0.881517591985557
0
0.118494393052627
0.881505606947373
0
0.118503243824242
0.881496756175758
0
0.118338016509682
0.881661983490318
0
0.118356443543594
0.881643556456406
0
0.118383233742609
0.881616766257391
0
0.118412554034584
0.881587445965416
0
0.118440888920569
0.881559111079431
0
0.118466299341856
0.881533700658144
0
0.118487873409213
0.881512126590787
0
0.118505096122563
0.881494903877437
0
0.118518848315947
0.881481151684053
0
0.118528776614726
0.881471223385275
0
0.118383615910604
0.881616384089396
0
0.118396610232665
0.881603389767335
0
0.118416864795642
0.881583135204358
0
0.118440888920569
0.881559111079431
0
0.118466321283675
0.881533678716325
0
0.118491479885569
0.881508520114431
0
0.118514955194389
0.881485044805611
0
0.118535329904136
0.881464670095864
0
0.118552103908109
0.881447896091891
0
0.118564868965187
0.881435131034813
0
0.118419192953764
0.881580807046236
0
0.118428411926175
0.881571588073825
0
0.118444752604629
0.881555247395371
0
0.118466299341856
0.881533700658144
0
0.118491479885569
0.881508520114431
0
0.118518910150411
0.881481089849589
0
0.118547012993223
0.881452987006777
0
0.118573559657081
0.881426440342919
0
0.11859637837408
0.88140362162592
0
0.118614817156531
0.881385182843469
0
0.118443649731651
0.881556350268349
0
0.11845141885529
0.88154858114471
0
0.118466419326213
0.881533580673787
0
0.118487873409213
0.881512126590787
0
0.118514955194389
0.881485044805611
0
0.118547012993223
0.881452987006777
0
0.118582938109447
0.881417061890553
0
0.118620611536602
0.881379388463398
0
0.118655726363858
0.881344273636142
0
0.118684698595532
0.881315301404468
0
0.118459826890682
0.881540173109318
0
0.118467323287296
0.881532676712704
0
0.118482408014443
0.881517591985557
0
0.118505096122563
0.881494903877437
0
0.118535329904136
0.881464670095864
0
0.118573559657081
0.881426440342919
0
0.118620611536602
0.881379388463398
0
0.11867600117598
0.88132399882402
0
0.118734545221632
0.881265454778368
0
0.118786100609662
0.881213899390338
0
0.118470697673153
0.881529302326847
0
0.118478517667569
0.881521482332431
0
0.118494393052627
0.881505606947373
0
0.118518848315948
0.881481151684053
0
0.118552103908109
0.881447896091891
0
0.11859637837408
0.88140362162592
0
0.118655726363858
0.881344273636142
0
0.118734545221632
0.881265454778368
0
0.118838815465334
0.881161184534666
0
0.118944330299047
0.881055669700953
0
0.118478696280106
0.881521303719894
0
0.118486768689882
0.881513231310118
0
0.118503243824243
0.881496756175758
0
0.118528776614726
0.881471223385275
0
0.118564868965187
0.881435131034813
0
0.118614817156531
0.881385182843469
0
0.118684698595532
0.881315301404468
0
0.118786100609662
0.881213899390338
0
0.118944330299048
0.881055669700953
0
0.119231370650707
0.880768629349293
0
0.118197464705632
0.576064559377296
0.305737975917072
0.118257146877933
0.673811666875573
0.207931186246493
0.118299839155749
0.83863994299211
0.0430602178521411
0.118337898973794
0.881662101026206
0
0.118383406948867
0.881616593051133
0
0.118418984514325
0.881581015485675
0
0.118443461933785
0.881556538066215
0
0.11845966412077
0.88154033587923
0
0.118470550219372
0.881529449780628
0
0.118478490472337
0.881521509527664
0
0.118257146877933
0.673811666875576
0.207931186246491
0.118283789084733
0.813538507943964
0.0681777029713033
0.118314481063534
0.881685518936466
0
0.118356241001054
0.881643758998946
0
0.11839640067586
0.88160359932414
0
0.118428210846709
0.881571789153291
0
0.118451237955798
0.881548762044202
0
0.118467167111488
0.881532832888512
0
0.118478371435374
0.881521628564626
0
0.1184865647119
0.8815134352881
0
0.118299839155748
0.838639942992112
0.0430602178521396
0.118314481063534
0.881685518936466
0
0.118346669452135
0.881653330547865
0
0.118383026529199
0.881616973470801
0
0.118416658490735
0.881583341509265
0
0.118444560530241
0.881555439469759
0
0.118466246187144
0.881533753812856
0
0.118482259753253
0.881517740246747
0
0.11849425127821
0.88150574872179
0
0.118503042925805
0.881496957074195
0
0.118337898973794
0.881662101026206
0
0.118356241001054
0.881643758998946
0
0.118383026529199
0.881616973470801
0
0.118412346834484
0.881587653165516
0
0.118440691682387
0.881559308317613
0
0.118466117499838
0.881533882500162
0
0.118487707316494
0.881512292683506
0
0.118504954797059
0.881495045202941
0
0.118518705465388
0.881481294534612
0
0.118528583834214
0.881471416165786
0
0.118383406948867
0.881616593051133
0
0.11839640067586
0.88160359932414
0
0.118416658490735
0.881583341509265
0
0.118440691682387
0.881559308317613
0
0.118466136352691
0.881533863647309
0
0.118491308232284
0.881508691767716
0
0.118514797879342
0.881485202120658
0
0.118535195682454
0.881464804317545
0
0.118551986078351
0.881448013921649
0
0.118564686963279
0.881435313036721
0
0.118418984514325
0.881581015485675
0
0.118428210846709
0.881571789153291
0
0.118444560530241
0.881555439469759
0
0.118466117499838
0.881533882500162
0
0.118491308232284
0.881508691767716
0
0.118518748893693
0.881481251106307
0
0.118546863374954
0.881453136625046
0
0.118573437777846
0.881426562222154
0
0.118596303853032
0.881403696146968
0
0.118614648686854
0.881385351313146
0
0.118443461933785
0.881556538066215
0
0.118451237955799
0.881548762044202
0
0.118466246187144
0.881533753812856
0
0.118487707316494
0.881512292683506
0
0.118514797879342
0.881485202120658
0
0.118546863374955
0.881453136625045
0
0.118582804050513
0.881417195949487
0
0.118620503677962
0.881379496322038
0
0.11865569055646
0.88134430944354
0
0.118684555290372
0.881315444709628
0
0.11845966412077
0.88154033587923
0
0.118467167111488
0.881532832888512
0
0.118482259753253
0.881517740246747
0
0.118504954797059
0.881495045202941
0
0.118535195682454
0.881464804317546
0
0.118573437777846
0.881426562222154
0
0.118620503677962
0.881379496322038
0
0.118675908564668
0.881324091435332
0
0.118734574948121
0.881265425051879
0
0.118786010925197
0.881213989074803
0
0.118470550219372
0.881529449780628
0
0.118478371435374
0.881521628564626
0
0.11849425127821
0.88150574872179
0
0.118518705465388
0.881481294534612
0
0.118551986078351
0.881448013921649
0
0.118596303853032
0.881403696146968
0
0.11865569055646
0.88134430944354
0
0.118734574948121
0.881265425051879
0
0.118838730429777
0.881161269570223
0
0.118944524782047
0.881055475217953
0
0.118478490472337
0.881521509527663
0
0.1184865647119
0.8815134352881
0
0.118503042925805
0.881496957074195
0
0.118528583834214
0.881471416165786
0
0.118564686963278
0.881435313036722
0
0.118614648686854
0.881385351313146
0
0.118684555290372
0.881315444709628
0
0.118786010925197
0.881213989074803
0
0.118944524782047
0.881055475217953
0
0.11923809011083
0.88076190988917
0
