0.118187218525414
0.392982078070216
0.488830703404369
0.118248185523771
0.411381452444055
0.470370362032174
0.118292563436384
0.456472055126631
0.425235381436985
0.118332737626649
0.527275425511241
0.354391836862109
0.11837823732489
0.539115340455906
0.342506422219204
0.118413839663359
0.534187680215259
0.347398480121383
0.118438243543277
0.538252075274417
0.343309681182306
0.118454358659253
0.569673596962198
0.311872044378549
0.118465358146562
0.70680260749285
0.174732034360588
0.118473600854736
0.881526399145264
0
0.118248185523772
0.411381452444053
0.470370362032176
0.118276244701566
0.440911684518518
0.440812070779916
0.118309145156098
0.507050394145287
0.374640460698616
0.118351076436229
0.531349093608564
0.350299829955207
0.1183912305168
0.532493700297557
0.349115069185643
0.118423040889581
0.529879221866279
0.351697737244141
0.118445987183715
0.539047209845323
0.342506802970962
0.118461838302133
0.574012876310677
0.30752528538719
0.118473181530401
0.732510374792559
0.14901644367704
0.118481672397553
0.881518327602448
0
0.118292563436384
0.456472055126632
0.425235381436985
0.118309145156098
0.507050394145287
0.374640460698615
0.118341509674487
0.527398863216889
0.354259627108624
0.118377838965879
0.530949397135321
0.350672763898801
0.118411503935788
0.527999046686128
0.353589449378084
0.11843936113026
0.528734767476533
0.352825871393207
0.118460965756822
0.541556479372193
0.339982554870986
0.118476894203963
0.578922582845698
0.302600522950339
0.11848903354145
0.758868099589724
0.122642866868826
0.118498136367628
0.881501863632372
0
0.118332737626649
0.527275425511241
0.35439183686211
0.118351076436229
0.531349093608565
0.350299829955206
0.118377838965878
0.530949397135321
0.350672763898801
0.118407193436164
0.527693396772824
0.353899409791012
0.118435522071294
0.525847149724052
0.355717328204655
0.118460880482896
0.530347241452205
0.351191878064899
0.118482395917218
0.545202118995075
0.336315485087707
0.118499541114689
0.583516440060289
0.297984018825022
0.118513442405399
0.776431710249894
0.105054847344708
0.118523655485336
0.881476344514664
0
0.11837823732489
0.539115340455906
0.342506422219203
0.1183912305168
0.532493700297556
0.349115069185643
0.118411503935788
0.527999046686128
0.353589449378084
0.118435522071293
0.525847149724051
0.355717328204656
0.11846091935779
0.527612877460517
0.353926203181693
0.118486034576317
0.534592480875497
0.346921484548186
0.118509461560752
0.549559213923927
0.331931324515321
0.11852978310609
0.586695773654246
0.294774443239665
0.118546695020113
0.773915589975501
0.107537715004386
0.118559721957759
0.881440278042241
0
0.118413839663359
0.534187680215254
0.347398480121387
0.118423040889581
0.529879221866278
0.351697737244141
0.118439361130261
0.528734767476531
0.352825871393208
0.118460880482896
0.530347241452203
0.351191878064901
0.118486034576317
0.534592480875495
0.346921484548189
0.118513434022478
0.541877614909885
0.339608951067637
0.118541487270372
0.555012154222253
0.326446358507375
0.118567977370866
0.588373272298839
0.293058750330295
0.118590978659646
0.750513692400579
0.130895328939776
0.118609564108369
0.881390435891631
0
0.118438243543277
0.538252075274417
0.343309681182306
0.118445987183715
0.539047209845322
0.342506802970963
0.118460965756822
0.541556479372191
0.339982554870987
0.118482395917217
0.545202118995074
0.336315485087709
0.118509461560752
0.549559213923923
0.331931324515325
0.118541487270372
0.555012154222252
0.326446358507376
0.118577327601157
0.564390828086359
0.317031844312484
0.118614900672252
0.591265771537822
0.290119327789926
0.118650033993
0.720831606640925
0.160518359366076
0.11867917604543
0.88132082395457
0
0.118454358659253
0.569673596962198
0.311872044378549
0.118461838302133
0.574012876310675
0.307525285387193
0.118476894203963
0.578922582845699
0.302600522950339
0.118499541114689
0.583516440060288
0.297984018825023
0.11852978310609
0.586695773654245
0.294774443239665
0.118567977370866
0.58837327229884
0.293058750330294
0.118614900672252
0.591265771537822
0.290119327789925
0.118670163596121
0.606911642315984
0.274418194087895
0.118728422270469
0.705632572430452
0.175639005299079
0.11878007236876
0.88121992763124
0
0.118465358146562
0.706802607492848
0.17473203436059
0.118473181530401
0.732510374792557
0.149016443677042
0.11848903354145
0.758868099589723
0.122642866868827
0.118513442405399
0.776431710249892
0.105054847344709
0.118546695020113
0.773915589975501
0.107537715004387
0.118590978659646
0.750513692400579
0.130895328939775
0.118650033993
0.720831606640925
0.160518359366075
0.118728422270469
0.705632572430452
0.175639005299079
0.118832119094728
0.824405040081856
0.0567628408234158
0.11893721591869
0.88106278408131
0
0.118473600854736
0.881526399145264
0
0.118481672397553
0.881518327602447
0
0.118498136367628
0.881501863632372
0
0.118523655485336
0.881476344514664
0
0.118559721957759
0.881440278042241
0
0.118609564108368
0.881390435891632
0
0.11867917604543
0.88132082395457
0
0.11878007236876
0.88121992763124
0
0.118937215918689
0.881062784081311
0
0.119219959633928
0.880780040366072
0
0.118189308644041
0.45053359417955
0.43127709717641
0.118249953880776
0.511560014837377
0.370190031281847
0.118294102373818
0.818777285120064
0.0629286125061179
0.118332983239817
0.881667016760184
0
0.11837846530116
0.88162153469884
0
0.118414053733101
0.881585946266899
0
0.118438547665637
0.881561452334363
0
0.118454725115491
0.881545274884509
0
0.118465546417981
0.881534453582019
0
0.1184735131589
0.8815264868411
0
0.118249953880776
0.51156001483738
0.370190031281843
0.118277882325198
0.745806368183406
0.135915749491396
0.118309598906082
0.881690401093918
0
0.118351348633402
0.881648651366598
0
0.118391464877165
0.881608535122835
0
0.118423293120351
0.881576706879649
0
0.118446325013225
0.881553674986775
0
0.118462221847263
0.881537778152737
0
0.118473357082573
0.881526642917427
0
0.118481576329733
0.881518423670267
0
0.118294102373818
0.818777285120075
0.0629286125061067
0.118309598906082
0.881690401093918
0
0.118341802117998
0.881658197882002
0
0.118378104419706
0.881621895580294
0
0.118411739368236
0.881588260631764
0
0.118439656040941
0.881560343959059
0
0.118461330124065
0.881538669875935
0
0.118477295198167
0.881522704801833
0
0.118489200640325
0.881510799359675
0
0.118498036786281
0.881501963213719
0
0.118332983239817
0.881667016760184
0
0.118351348633402
0.881648651366598
0
0.118378104419706
0.881621895580294
0
0.118407429081925
0.881592570918075
0
0.118435791878637
0.881564208121363
0
0.118461219148407
0.881538780851593
0
0.118482779408747
0.881517220591253
0
0.118499944525882
0.881500055474118
0
0.118513602325528
0.881486397674473
0
0.118523558767689
0.881476441232311
0
0.11837846530116
0.88162153469884
0
0.118391464877165
0.881608535122835
0
0.118411739368236
0.881588260631764
0
0.118435791878637
0.881564208121363
0
0.11846124637136
0.88153875362864
0
0.118486407475673
0.881513592524327
0
0.118509859792908
0.881490140207092
0
0.118530179997142
0.881469820002858
0
0.11854686307279
0.88145313692721
0
0.118559633565321
0.881440366434679
0
0.118414053733101
0.881585946266899
0
0.118423293120351
0.881576706879649
0
0.118439656040941
0.881560343959059
0
0.118461219148407
0.881538780851593
0
0.118486407475673
0.881513592524327
0
0.118513828946857
0.881486171053143
0
0.118541899895026
0.881458100104974
0
0.118568389663148
0.881431610336852
0
0.118591171220036
0.881408828779964
0
0.118609492282023
0.881390507717977
0
0.118438547665637
0.881561452334363
0
0.118446325013225
0.881553674986775
0
0.118461330124065
0.881538669875935
0
0.118482779408746
0.881517220591254
0
0.118509859792908
0.881490140207092
0
0.118541899895026
0.881458100104974
0
0.118577766579881
0.881422233420119
0
0.11861532408136
0.88138467591864
0
0.118650270029322
0.881349729970678
0
0.118679137810861
0.881320862189139
0
0.118454725115491
0.881545274884509
0
0.118462221847263
0.881537778152737
0
0.118477295198167
0.881522704801833
0
0.118499944525882
0.881500055474118
0
0.118530179997142
0.881469820002858
0
0.118568389663148
0.881431610336852
0
0.11861532408136
0.88138467591864
0
0.118670536211142
0.881329463788858
0
0.118728722508893
0.881271277491107
0
0.118780088773724
0.881219911226276
0
0.118465546417981
0.881534453582019
0
0.118473357082573
0.881526642917427
0
0.118489200640325
0.881510799359675
0
0.118513602325528
0.881486397674472
0
0.11854686307279
0.88145313692721
0
0.118591171220035
0.881408828779965
0
0.118650270029322
0.881349729970678
0
0.118728722508893
0.881271277491107
0
0.118832275276691
0.881167724723309
0
0.118937385950916
0.881062614049084
0
0.118473513158901
0.8815264868411
0
0.118481576329733
0.881518423670267
0
0.118498036786281
0.881501963213719
0
0.118523558767689
0.881476441232311
0
0.118559633565321
0.881440366434679
0
0.118609492282023
0.881390507717977
0
0.118679137810861
0.881320862189139
0
0.118780088773724
0.881219911226276
0
0.118937385950916
0.881062614049084
0
0.119223129499577
0.880776870500424
0
0.118192692529196
0.575817889071953
0.305989418398851
0.118252319695011
0.673281555295435
0.208466125009554
0.118294967637582
0.837307170835231
0.0443978615271873
0.118332866454793
0.881667133545207
0
0.118378256374713
0.881621743625287
0
0.118413844772669
0.881586155227331
0
0.118438358755754
0.881561641244246
0
0.118454561083745
0.881545438916255
0
0.118465398263165
0.881534601736835
0
0.118473306638304
0.881526693361696
0
0.118252319695011
0.673281555295437
0.208466125009552
0.118278938608421
0.81270573682695
0.0690153245646288
0.118309538217355
0.881690461782645
0
0.118351145977949
0.881648854022051
0
0.118391255169166
0.881608744830834
0
0.118423091173971
0.881576908826029
0
0.118446142949963
0.881553857050037
0
0.118462064288209
0.881537935711791
0
0.118473210100104
0.881526789899896
0
0.118481371671599
0.881518628328401
0
0.118294967637582
0.837307170835233
0.0443978615271857
0.118309538217355
0.881690461782645
0
0.118341602010075
0.881658397989925
0
0.118377897152313
0.881622102847687
0
0.118411532491835
0.881588467508165
0
0.118439462883727
0.881560537116273
0
0.118461155803591
0.881538844196409
0
0.118477145389469
0.881522854610531
0
0.118489058409104
0.881510941590896
0
0.118497835169017
0.881502164830983
0
0.118332866454793
0.881667133545207
0
0.118351145977949
0.881648854022051
0
0.118377897152313
0.881622102847687
0
0.118407221433989
0.881592778566011
0
0.118435593654476
0.881564406345524
0
0.118461036154136
0.881538963845864
0
0.118482612191378
0.881517387808622
0
0.118499802547519
0.881500197452481
0
0.118513460575246
0.881486539424754
0
0.118523364830749
0.881476635169251
0
0.118378256374713
0.881621743625287
0
0.118391255169166
0.881608744830834
0
0.118411532491835
0.881588467508165
0
0.118435593654476
0.881564406345524
0
0.118461060293824
0.881538939706176
0
0.11848623469608
0.88151376530392
0
0.118509701349976
0.881490298650024
0
0.1185300446343
0.8814699553657
0
0.118546745830346
0.881453254169654
0
0.118559450071188
0.881440549928812
0
0.118413844772669
0.881586155227331
0
0.118423091173971
0.881576908826029
0
0.118439462883727
0.881560537116273
0
0.118461036154136
0.881538963845864
0
0.11848623469608
0.88151376530392
0
0.118513666595065
0.881486333404935
0
0.118541749084945
0.881458250915055
0
0.118568266550343
0.881431733449657
0
0.118591092896392
0.881408907103608
0
0.118609322895496
0.881390677104504
0
0.118438358755754
0.881561641244246
0
0.118446142949963
0.881553857050037
0
0.118461155803591
0.881538844196409
0
0.118482612191378
0.881517387808622
0
0.118509701349976
0.881490298650024
0
0.118541749084945
0.881458250915055
0
0.118577631007135
0.881422368992865
0
0.118615214806918
0.881384785193082
0
0.118650233377223
0.881349766622777
0
0.118678992960833
0.881321007039167
0
0.118454561083746
0.881545438916255
0
0.118462064288209
0.881537935711791
0
0.118477145389469
0.881522854610531
0
0.118499802547519
0.881500197452481
0
0.1185300446343
0.8814699553657
0
0.118568266550343
0.881431733449657
0
0.118615214806918
0.881384785193082
0
0.11867043979447
0.88132956020553
0
0.11872874946612
0.881271250533881
0
0.118779995478103
0.881220004521897
0
0.118465398263165
0.881534601736835
0
0.118473210100104
0.881526789899896
0
0.118489058409104
0.881510941590896
0
0.118513460575246
0.881486539424754
0
0.118546745830346
0.881453254169654
0
0.118591092896392
0.881408907103608
0
0.118650233377223
0.881349766622777
0
0.118728749466119
0.881271250533881
0
0.11883218992444
0.88116781007556
0
0.118937578704781
0.88106242129522
0
0.118473306638304
0.881526693361696
0
0.118481371671599
0.881518628328401
0
0.118497835169017
0.881502164830983
0
0.118523364830749
0.881476635169251
0
0.118559450071188
0.881440549928812
0
0.118609322895496
0.881390677104504
0
0.118678992960833
0.881321007039167
0
0.118779995478103
0.881220004521897
0
0.118937578704781
0.881062421295219
0
0.119229872953319
0.880770127046681
0
