0.118182481461527
0.392923252908994
0.488894265629479
0.118243388997278
0.411213788172475
0.470542822830247
0.118287709159691
0.45589385061254
0.425818440227768
0.118327731194176
0.526806569819354
0.35486569898647
0.118373113245888
0.539109687103129
0.342517199650983
0.118408726403783
0.534398164970438
0.34719310862578
0.11843317098591
0.538184592512752
0.343382236501337
0.118449287549418
0.569166781652701
0.312383930797881
0.1184602368811
0.704764410444164
0.176775352674736
0.118468449724247
0.881531550275753
0
0.118243388997278
0.411213788172473
0.470542822830249
0.11827140980708
0.440465212204878
0.441263377988042
0.118304223280309
0.506415214636831
0.37528056208286
0.11834600922287
0.531137985271478
0.350516005505652
0.118386109264419
0.532627695495884
0.348986195239697
0.118417948153089
0.530003977939522
0.351578073907389
0.118440921260158
0.538867777432819
0.342691301307023
0.118456766244357
0.573397967812616
0.308145265943028
0.118468050849924
0.729869542778731
0.151662406371345
0.118476510015932
0.881523489984068
0
0.118287709159692
0.455893850612541
0.425818440227767
0.118304223280309
0.506415214636832
0.375280562082859
0.118336470292274
0.52711441382697
0.354549115880756
0.118372732947677
0.530980635704805
0.350646631347518
0.118406400840723
0.528175162693299
0.353418436465978
0.11843428831515
0.528743579657017
0.352822132027834
0.118455900153358
0.541275169909144
0.340268929937498
0.118471807159277
0.578187406968107
0.303340785872616
0.118483873218653
0.755477618453338
0.126038508328009
0.118492951731944
0.881507048268056
0
0.118327731194176
0.526806569819354
0.35486569898647
0.11834600922287
0.53113798527148
0.350516005505651
0.118372732947677
0.530980635704805
0.350646631347518
0.118402089307984
0.527868224886309
0.353729685805707
0.118430445449877
0.525939950023236
0.355629604526886
0.118455818644482
0.530222612717053
0.351321568638465
0.118477316963986
0.544828419115096
0.336694263920917
0.118494396028098
0.582655674175733
0.298849929796169
0.118508201235574
0.77261267300096
0.108879125763466
0.11851844908731
0.881481550912691
0
0.118373113245888
0.539109687103129
0.342517199650982
0.11838610926442
0.532627695495883
0.348986195239697
0.118406400840723
0.528175162693299
0.353418436465978
0.118430445449877
0.525939950023235
0.355629604526887
0.118455860886374
0.527538818382276
0.35400532073135
0.118480972602047
0.534337405709032
0.347181621688921
0.118504370535337
0.549100234532162
0.332395394932501
0.118524628844166
0.585726651735932
0.295748719419902
0.118541451785754
0.769718299865018
0.111740248349228
0.118554490440267
0.881445509559733
0
0.118408726403783
0.534398164970434
0.347193108625783
0.118417948153089
0.530003977939522
0.351578073907389
0.11843428831515
0.528743579657015
0.352822132027835
0.118455818644482
0.53022261271705
0.351321568638468
0.118480972602047
0.534337405709029
0.347181621688924
0.11850835360403
0.541495824119711
0.33999582227626
0.118536365370055
0.554455936417525
0.327007698212421
0.118562786422588
0.587269714058302
0.29416749951911
0.11858575530004
0.746276680350636
0.135137564349323
0.118604242804187
0.881395757195813
0
0.11843317098591
0.538184592512752
0.343382236501338
0.118440921260158
0.538867777432818
0.342691301307024
0.118455900153358
0.541275169909142
0.3402689299375
0.118477316963986
0.544828419115095
0.336694263920919
0.118504370535337
0.549100234532158
0.332395394932505
0.118536365370054
0.554455936417524
0.327007698212422
0.118572133501383
0.563662684352063
0.317765182146554
0.118609573016383
0.589949385091867
0.29144104189175
0.118644548305277
0.716435326437193
0.16492012525753
0.118673655625698
0.881326344374302
0
0.118449287549419
0.569166781652701
0.312383930797881
0.118456766244357
0.573397967812614
0.30814526594303
0.118471807159277
0.578187406968107
0.303340785872615
0.118494396028098
0.582655674175732
0.29884992979617
0.118524628844166
0.585726651735931
0.295748719419903
0.118562786422588
0.587269714058304
0.294167499519108
0.118609573016383
0.589949385091867
0.29144104189175
0.118664637942998
0.605068712605536
0.276266649451467
0.118722515376264
0.6994106987092
0.181866785914535
0.118774260985489
0.881225739014511
0
0.1184602368811
0.704764410444162
0.176775352674738
0.118468050849924
0.729869542778728
0.151662406371348
0.118483873218653
0.755477618453336
0.126038508328011
0.118508201235573
0.772612673000958
0.108879125763469
0.118541451785754
0.769718299865017
0.111740248349229
0.11858575530004
0.746276680350636
0.135137564349323
0.118644548305277
0.716435326437193
0.16492012525753
0.118722515376264
0.6994106987092
0.181866785914536
0.118825127404501
0.804596240158479
0.0765786324370201
0.118931021193349
0.881068978806651
0
0.118468449724247
0.881531550275753
0
0.118476510015932
0.881523489984068
0
0.118492951731944
0.881507048268056
0
0.11851844908731
0.881481550912691
0
0.118554490440267
0.881445509559733
0
0.118604242804187
0.881395757195813
0
0.118673655625698
0.881326344374302
0
0.118774260985489
0.88122573901451
0
0.118931021193349
0.881068978806651
0
0.119212026821598
0.880787973178402
0
0.118184569451881
0.450334500639581
0.431480929908538
0.118245155236267
0.511026093492951
0.370728751270782
0.118289253701591
0.816152833301951
0.0655579129964582
0.118327980814125
0.881672019185875
0
0.118373344695465
0.881626655304535
0
0.118408941787521
0.881591058212479
0
0.118433472852802
0.881566527147198
0
0.118449652294937
0.881550347705063
0
0.118460426658346
0.881539573341654
0
0.118468362424227
0.881531637575773
0
0.118245155236267
0.511026093492954
0.370728751270779
0.118273051011034
0.742417739175054
0.139309209813912
0.118304683946647
0.881695316053353
0
0.118346283808935
0.881653716191065
0
0.118386347045383
0.881613652954617
0
0.118418199483111
0.881581800516889
0
0.118441256702429
0.881558743297571
0
0.118457147903006
0.881542852096994
0
0.118468227750378
0.881531772249622
0
0.118476414190387
0.881523585809613
0
0.118289253701591
0.816152833301962
0.0655579129964469
0.118304683946647
0.881695316053353
0
0.11833676457729
0.88166323542271
0
0.118373002333603
0.881626997666397
0
0.118406637361173
0.881593362638827
0
0.118434580884116
0.881565419115884
0
0.118456262330465
0.881543737669535
0
0.11847220602465
0.88152779397535
0
0.118484041593492
0.881515958406508
0
0.118492852298109
0.881507147701891
0
0.118327980814125
0.881672019185875
0
0.118346283808935
0.881653716191065
0
0.118373002333603
0.881626997666397
0
0.118402326855276
0.881597673144724
0
0.118430713523032
0.881569286476968
0
0.118456154708405
0.881543845291595
0
0.118477698907054
0.881522301092946
0
0.118494804863074
0.881505195136926
0
0.11850836332662
0.88149163667338
0
0.118518352201559
0.881481647798441
0
0.118373344695465
0.881626655304535
0
0.118386347045383
0.881613652954617
0
0.118406637361173
0.881593362638827
0
0.118430713523032
0.881569286476968
0
0.11845618518355
0.88154381481645
0
0.11848134346711
0.88151865653289
0
0.118504767534522
0.881495232465478
0
0.118525029703514
0.881474970296486
0
0.118541621954844
0.881458378045156
0
0.118554401824657
0.881445598175343
0
0.118408941787521
0.881591058212479
0
0.11841819948311
0.88158180051689
0
0.118434580884116
0.881565419115884
0
0.118456154708406
0.881543845291594
0
0.11848134346711
0.88151865653289
0
0.118508747170106
0.881491252829894
0
0.118536776810664
0.881463223189336
0
0.118563203415823
0.881436796584177
0
0.118585948708442
0.881414051291558
0
0.118604171568354
0.881395828431646
0
0.118433472852803
0.881566527147197
0
0.118441256702429
0.881558743297571
0
0.118456262330465
0.881543737669535
0
0.118477698907054
0.881522301092946
0
0.118504767534523
0.881495232465477
0
0.118536776810664
0.881463223189336
0
0.118572570511655
0.881427429488345
0
0.118610001911179
0.881389998088821
0
0.118644789043485
0.881355210956515
0
0.118673618985549
0.881326381014451
0
0.118449652294937
0.881550347705063
0
0.118457147903006
0.881542852096994
0
0.11847220602465
0.88152779397535
0
0.118494804863074
0.881505195136926
0
0.118525029703515
0.881474970296485
0
0.118563203415823
0.881436796584177
0
0.118610001911179
0.881389998088821
0
0.118665010499346
0.881334989500654
0
0.11872282633784
0.88127717366216
0
0.118774280543352
0.881225719456648
0
0.118460426658346
0.881539573341654
0
0.118468227750378
0.881531772249622
0
0.118484041593492
0.881515958406508
0
0.11850836332662
0.88149163667338
0
0.118541621954845
0.881458378045155
0
0.118585948708442
0.881414051291558
0
0.118644789043485
0.881355210956515
0
0.11872282633784
0.88127717366216
0
0.118825303711087
0.881174696288913
0
0.118931180047434
0.881068819952566
0
0.118468362424227
0.881531637575773
0
0.118476414190387
0.881523585809613
0
0.118492852298109
0.881507147701891
0
0.118518352201559
0.881481647798441
0
0.118554401824657
0.881445598175343
0
0.118604171568354
0.881395828431646
0
0.118673618985549
0.881326381014451
0
0.118774280543352
0.881225719456648
0
0.118931180047434
0.881068819952566
0
0.119215204250426
0.880784795749574
0
0.118187949585769
0.575569353253166
0.306242697161065
0.118247521410329
0.672752204487686
0.209000274101985
0.118290124534743
0.83599722526016
0.0457126502050967
0.118327864781572
0.881672135218428
0
0.118373135774833
0.881626864225167
0
0.118408732341424
0.881591267658576
0
0.118433282864656
0.881566717135344
0
0.118449487033591
0.881550512966409
0
0.118460277827131
0.881539722172868
0
0.118468155200355
0.881531844799645
0
0.118247521410329
0.672752204487689
0.209000274101983
0.118274116720125
0.811884454527294
0.0698414287525816
0.118304625133004
0.881695374866996
0
0.118346081022245
0.881653918977755
0
0.118386137202651
0.881613862797349
0
0.118417996712599
0.881582003287401
0
0.118441073507158
0.881558926492842
0
0.118456989002547
0.881543010997453
0
0.118468080053592
0.881531919946408
0
0.118476208856106
0.881523791143894
0
0.118290124534743
0.835997225260162
0.0457126502050952
0.118304625133004
0.881695374866996
0
0.118336564267517
0.881663435732483
0
0.118372795014567
0.881627204985433
0
0.118406429956882
0.881593570043118
0
0.118434386682975
0.881565613317025
0
0.118456086859152
0.881543913140848
0
0.118472054722971
0.881527945277029
0
0.118483898580108
0.881516101419892
0
0.118492650066748
0.881507349933252
0
0.118327864781572
0.881672135218428
0
0.118346081022245
0.881653918977755
0
0.118372795014567
0.881627204985433
0
0.118402118800953
0.881597881199047
0
0.118430514357336
0.881569485642664
0
0.118455970590892
0.881544029409108
0
0.118477530586601
0.881522469413399
0
0.118494662229301
0.881505337770699
0
0.118508222926061
0.881491777073939
0
0.118518157125802
0.881481842874198
0
0.118373135774833
0.881626864225167
0
0.118386137202651
0.881613862797349
0
0.118406429956882
0.881593570043118
0
0.118430514357336
0.881569485642664
0
0.118455997989666
0.881544002010334
0
0.118481169578397
0.881518830421603
0
0.11850460797501
0.88149539202499
0
0.118524893208483
0.881475106791517
0
0.118541505259235
0.881458494740765
0
0.118554216852417
0.881445783147583
0
0.118408732341424
0.881591267658576
0
0.118417996712599
0.881582003287401
0
0.118434386682975
0.881565613317025
0
0.118455970590892
0.881544029409108
0
0.118481169578397
0.881518830421603
0
0.118508583726341
0.881491416273659
0
0.118536624802412
0.881463375197588
0
0.118563079059775
0.881436920940225
0
0.118585866727054
0.881414133272946
0
0.11860400124047
0.88139599875953
0
0.118433282864656
0.881566717135344
0
0.118441073507158
0.881558926492842
0
0.118456086859152
0.881543913140848
0
0.118477530586602
0.881522469413399
0
0.11850460797501
0.88149539202499
0
0.118536624802412
0.881463375197588
0
0.118572433414364
0.881427566585636
0
0.118609891202833
0.881390108797167
0
0.118644751548739
0.881355248451261
0
0.118673472588646
0.881326527411354
0
0.118449487033591
0.881550512966409
0
0.118456989002547
0.881543010997453
0
0.118472054722971
0.881527945277029
0
0.118494662229301
0.881505337770699
0
0.118524893208483
0.881475106791517
0
0.118563079059775
0.881436920940225
0
0.118609891202833
0.881390108797167
0
0.118664910541094
0.881335089458906
0
0.11872285136961
0.88127714863039
0
0.118774183340351
0.881225816659649
0
0.118460277827131
0.881539722172869
0
0.118468080053592
0.881531919946408
0
0.118483898580108
0.881516101419892
0
0.118508222926061
0.881491777073939
0
0.118541505259235
0.881458494740765
0
0.118585866727054
0.881414133272946
0
0.118644751548739
0.881355248451261
0
0.11872285136961
0.88127714863039
0
0.118825253506712
0.881174746493288
0
0.118931349142266
0.881068650857734
0
0.118468155200355
0.881531844799645
0
0.118476208856106
0.881523791143894
0
0.118492650066748
0.881507349933252
0
0.118518157125802
0.881481842874198
0
0.118554216852416
0.881445783147584
0
0.11860400124047
0.88139599875953
0
0.118673472588646
0.881326527411354
0
0.118774183340351
0.881225816659649
0
0.118931349142266
0.881068650857734
0
0.119221975281132
0.880778024718868
0
