0.118177769981581
0.392864529107347
0.488957700911072
0.118238617798762
0.411047401094392
0.470713981106846
0.118282880330618
0.45531860542022
0.426398514249162
0.118322751630806
0.526333889215394
0.355343359153799
0.118368014815679
0.539090200668981
0.34254178451534
0.118403635196978
0.534602579852149
0.346993784950873
0.118428119616226
0.538122943379095
0.343448937004679
0.118444238507042
0.568669101053783
0.312886660439175
0.118455139602293
0.7027553371743
0.178789523223407
0.118463323824171
0.881536676175829
0
0.118238617798762
0.41104740109439
0.470713981106848
0.118266600336015
0.440021978139967
0.441711421524018
0.118299327350786
0.505780487952092
0.375920184697121
0.118340968232102
0.530917339116935
0.350741692650964
0.118381011236454
0.532749339370734
0.348869649392812
0.118412875553815
0.530129490198888
0.351457634247297
0.118435875094664
0.538695467500889
0.342868657404448
0.118451714606712
0.572794358233225
0.308753927160063
0.118462942651451
0.727273486873998
0.154263570474551
0.118471371172471
0.881528628827529
0
0.118282880330618
0.455318605420221
0.426398514249161
0.118299327350786
0.505780487952094
0.37592018469712
0.118331456929834
0.526822568696975
0.354845974373191
0.118367650431308
0.530998350220678
0.350633999348014
0.11840131719306
0.528346407080429
0.353252275726511
0.118429232823186
0.528757771399727
0.352812995777087
0.118450851488942
0.541001663107975
0.340547485403083
0.118466737330372
0.577466715345739
0.304066547323888
0.118478732376266
0.752156728382054
0.12936453924168
0.118487787022262
0.881512212977737
0
0.118322751630806
0.526333889215394
0.3553433591538
0.118340968232102
0.530917339116936
0.350741692650962
0.118367650431308
0.530998350220678
0.350633999348014
0.118397004370127
0.528035948828692
0.353567046801181
0.118425384575223
0.52603615050269
0.355538464922086
0.118450770702802
0.530105402474715
0.351443826822483
0.118472250955111
0.544462364563849
0.33706538448104
0.118489264164444
0.581808975783521
0.299701760052035
0.118502974534105
0.768801725089625
0.11269530037627
0.118513257782341
0.881486742217659
0
0.118368014815679
0.539090200668982
0.342541784515339
0.118381011236454
0.532749339370734
0.348869649392812
0.11840131719306
0.52834640708043
0.35325227572651
0.118425384575223
0.52603615050269
0.355538464922087
0.118450815063295
0.527472073326712
0.354077111609993
0.118475920574458
0.534090038604884
0.347434040820658
0.11849928728993
0.548649602455949
0.332851110254121
0.118519481753345
0.58477659184388
0.296703926402775
0.118536218206662
0.765576418931805
0.115887362861533
0.118549271519743
0.881450728480258
0
0.118403635196978
0.534602579852145
0.346993784950876
0.118412875553815
0.530129490198888
0.351457634247297
0.118429232823186
0.528757771399725
0.352812995777088
0.118450770702802
0.530105402474713
0.351443826822485
0.118475920574458
0.534090038604881
0.347434040820661
0.118503279034365
0.541121919948992
0.340374801016643
0.118531245936597
0.553910016946258
0.327558737117145
0.118557597109418
0.58619189984748
0.295250503043101
0.118580536529193
0.742237923989384
0.139181539481424
0.118598939740447
0.881401060259552
0
0.118428119616226
0.538122943379095
0.343448937004679
0.118435875094663
0.538695467500888
0.342868657404449
0.118450851488942
0.541001663107974
0.340547485403084
0.118472250955111
0.544462364563849
0.33706538448104
0.11849928728993
0.548649602455945
0.332851110254125
0.118531245936597
0.553910016946256
0.327558737117146
0.118566938051808
0.562951086016375
0.318481975931818
0.118604245333903
0.588671509890358
0.292724244775739
0.118639075981549
0.712211396638
0.16914952738045
0.118668177162708
0.881331822837292
0
0.118444238507043
0.568669101053783
0.312886660439175
0.118451714606712
0.572794358233224
0.308753927160065
0.118466737330372
0.577466715345739
0.304066547323888
0.118489264164444
0.58180897578352
0.299701760052036
0.118519481753345
0.584776591843879
0.296703926402776
0.118557597109419
0.586191899847482
0.2952505030431
0.118604245333903
0.588671509890358
0.292724244775738
0.118659113979376
0.603301915820592
0.278038970200032
0.118716635221032
0.693653560644829
0.187629804134139
0.118768541441513
0.881231458558487
0
0.118455139602293
0.702755337174298
0.178789523223409
0.118462942651451
0.727273486873996
0.154263570474553
0.118478732376266
0.752156728382052
0.129364539241682
0.118502974534105
0.768801725089622
0.112695300376273
0.118536218206662
0.765576418931805
0.115887362861534
0.118580536529193
0.742237923989384
0.139181539481423
0.118639075981549
0.712211396638
0.169149527380451
0.118716635221032
0.69365356064483
0.187629804134139
0.118818220706313
0.78591032999579
0.0952714492978964
0.118924944199527
0.881075055800473
0
0.118463323824171
0.881536676175829
0
0.118471371172471
0.881528628827529
0
0.118487787022263
0.881512212977738
0
0.118513257782341
0.881486742217659
0
0.118549271519742
0.881450728480258
0
0.118598939740447
0.881401060259553
0
0.118668177162708
0.881331822837292
0
0.118768541441513
0.881231458558487
0
0.118924944199527
0.881075055800474
0
0.119204007204252
0.880795992795748
0
0.118179855860906
0.450135778333948
0.431684365805147
0.118240381924594
0.510498407921117
0.371261210154289
0.118284429749586
0.81351511157817
0.0682004586722436
0.118323005243115
0.881676994756885
0
0.118368249677175
0.881631750322825
0
0.118403852116542
0.881596147883458
0
0.118428419449669
0.881571580550332
0
0.118444601678879
0.881555398321121
0
0.118455330931239
0.881544669068761
0
0.118463236947935
0.881536763052065
0
0.118240381924594
0.51049840792112
0.371261210154286
0.118268244505161
0.739053397903527
0.142678357591312
0.118299794986015
0.881700205013985
0
0.1183412451055
0.8816587548945
0
0.118381252518789
0.881618747481211
0
0.118413126264692
0.881586873735308
0
0.118436208326066
0.881563791673934
0
0.118452094522457
0.881547905477543
0
0.11846312093988
0.88153687906012
0
0.11847127561797
0.88152872438203
0
0.118284429749586
0.813515111578181
0.0682004586722328
0.118299794986015
0.881700205013985
0
0.118331752951502
0.881668247048498
0
0.118367923743722
0.881632076256278
0
0.118401555048774
0.881598444951226
0
0.118429523270475
0.881570476729524
0
0.118451211588823
0.881548788411177
0
0.118467134218172
0.881532865781828
0
0.11847890206997
0.88152109793003
0
0.118487687761577
0.881512312238423
0
0.118323005243115
0.881676994756885
0
0.1183412451055
0.8816587548945
0
0.118367923743722
0.881632076256278
0
0.118397244033927
0.881602755966074
0
0.118425651153827
0.881574348846173
0
0.118451104248309
0.88154889575169
0
0.118472631351387
0.881527368648613
0
0.118489678464473
0.881510321535527
0
0.118503138839041
0.881496861160959
0
0.11851316073967
0.88148683926033
0
0.118368249677175
0.881631750322825
0
0.118381252518789
0.881618747481211
0
0.118401555048774
0.881598444951226
0
0.118425651153827
0.881574348846173
0
0.118451136725465
0.881548863274535
0
0.118476289347876
0.881523710652124
0
0.118499682949075
0.881500317050925
0
0.118519886564376
0.881480113435624
0
0.118536390521036
0.881463609478964
0
0.118549182696124
0.881450817303876
0
0.118403852116542
0.881596147883458
0
0.118413126264692
0.881586873735309
0
0.118429523270476
0.881570476729524
0
0.11845110424831
0.88154889575169
0
0.118476289347876
0.881523710652124
0
0.11850367106677
0.88149632893323
0
0.118531655963934
0.881468344036066
0
0.118558018701207
0.881441981298793
0
0.118580730761868
0.881419269238132
0
0.118598869126277
0.881401130873723
0
0.118428419449669
0.881571580550331
0
0.118436208326066
0.881563791673934
0
0.118451211588823
0.881548788411177
0
0.118472631351387
0.881527368648613
0
0.118499682949076
0.881500317050924
0
0.118531655963934
0.881468344036066
0
0.11856737280674
0.88143262719326
0
0.11860467951021
0.88139532048979
0
0.11863932151724
0.88136067848276
0
0.1186681422414
0.8813318577586
0
0.118444601678879
0.881555398321121
0
0.118452094522457
0.881547905477543
0
0.118467134218172
0.881532865781828
0
0.118489678464472
0.881510321535528
0
0.118519886564377
0.881480113435623
0
0.118558018701207
0.881441981298793
0
0.11860467951021
0.88139532048979
0
0.11865948632349
0.88134051367651
0
0.118716957395723
0.881283042604277
0
0.118768564566731
0.881231435433269
0
0.118455330931239
0.881544669068761
0
0.11846312093988
0.88153687906012
0
0.11847890206997
0.88152109793003
0
0.118503138839042
0.881496861160958
0
0.118536390521036
0.881463609478964
0
0.118580730761868
0.881419269238132
0
0.11863932151724
0.88136067848276
0
0.118716957395723
0.881283042604277
0
0.118818418848714
0.881181581151286
0
0.118925093487053
0.881074906512947
0
0.118463236947935
0.881536763052065
0
0.11847127561797
0.88152872438203
0
0.118487687761577
0.881512312238423
0
0.11851316073967
0.88148683926033
0
0.118549182696124
0.881450817303876
0
0.118598869126277
0.881401130873723
0
0.1186681422414
0.8813318577586
0
0.118768564566731
0.881231435433269
0
0.118925093487053
0.881074906512947
0
0.119207194022908
0.880792805977092
0
0.118183232271443
0.575319240333215
0.306497527395342
0.118242748390088
0.672223963735937
0.209533287873975
0.118285306148958
0.834709468387519
0.0470052254635229
0.118322889964997
0.881677110035003
0
0.1183680407501
0.8816319592499
0
0.118403642217122
0.881596357782878
0
0.118428228414376
0.881571771585624
0
0.118444435216066
0.881555564783934
0
0.118455181442554
0.881544818557446
0
0.118463029030715
0.881536970969285
0
0.118242748390087
0.672223963735939
0.209533287873973
0.118269319814188
0.81107393268643
0.0706567474993816
0.118299738055574
0.881700261944426
0
0.118341042169449
0.881658957830551
0
0.118381042553028
0.881618957446972
0
0.118412922707335
0.881587077292665
0
0.118436024024263
0.881563975975737
0
0.118451934312794
0.881548065687206
0
0.118462972550913
0.881537027449087
0
0.11847106961438
0.88152893038562
0
0.118285306148958
0.83470946838752
0.0470052254635213
0.118299738055575
0.881700261944425
0
0.118331552422846
0.881668447577154
0
0.118367716369801
0.881632283630199
0
0.118401347151136
0.881598652848865
0
0.118429328054193
0.881570671945807
0
0.11845103498488
0.88154896501512
0
0.118466981462482
0.881533018537518
0
0.118478758305259
0.881521241694741
0
0.118487484916157
0.881512515083843
0
0.118322889964997
0.881677110035003
0
0.118341042169449
0.881658957830551
0
0.118367716369801
0.881632283630199
0
0.118397035604166
0.881602964395834
0
0.118425451078092
0.881574548921908
0
0.118450919021163
0.881549080978837
0
0.118472461933157
0.881527538066843
0
0.118489535161337
0.881510464838663
0
0.118502999754457
0.881497000245543
0
0.118512964525798
0.881487035474202
0
0.1183680407501
0.8816319592499
0
0.118381042553028
0.881618957446972
0
0.118401347151136
0.881598652848865
0
0.118425451078092
0.881574548921908
0
0.118450948428639
0.881549051571361
0
0.118476114348511
0.881523885651489
0
0.118499522266815
0.881500477733185
0
0.118519748935479
0.881480251064521
0
0.118536274331287
0.881463725668713
0
0.118548996255449
0.881451003744551
0
0.118403642217122
0.881596357782878
0
0.118412922707335
0.881587077292665
0
0.118429328054193
0.881570671945807
0
0.118450919021163
0.881549080978837
0
0.118476114348511
0.88152388565149
0
0.118503506516906
0.881496493483094
0
0.11853150274112
0.88146849725888
0
0.118557893092613
0.881442106907387
0
0.118580645262458
0.881419354737542
0
0.11859869783924
0.88140130216076
0
0.118428228414376
0.881571771585624
0
0.118436024024263
0.881563975975737
0
0.11845103498488
0.88154896501512
0
0.118472461933157
0.881527538066843
0
0.118499522266815
0.881500477733185
0
0.11853150274112
0.88146849725888
0
0.118567234177498
0.881432765822502
0
0.118604567360689
0.881395432639311
0
0.118639283201811
0.88136071679819
0
0.118667994283564
0.881332005716436
0
0.118444435216066
0.881555564783934
0
0.118451934312794
0.881548065687206
0
0.118466981462482
0.881533018537518
0
0.118489535161337
0.881510464838663
0
0.118519748935479
0.881480251064521
0
0.118557893092613
0.881442106907387
0
0.118604567360689
0.881395432639311
0
0.118659382993979
0.881340617006021
0
0.118716980834375
0.881283019165625
0
0.118768463153154
0.881231536846846
0
0.118455181442554
0.881544818557446
0
0.118462972550913
0.881537027449087
0
0.118478758305259
0.881521241694741
0
0.118502999754457
0.881497000245543
0
0.118536274331287
0.881463725668713
0
0.118580645262458
0.881419354737542
0
0.118639283201811
0.88136071679819
0
0.118716980834375
0.881283019165625
0
0.118818401175705
0.881181598824295
0
0.118925239151783
0.881074760848217
0
0.118463029030715
0.881536970969285
0
0.11847106961438
0.88152893038562
0
0.118487484916157
0.881512515083843
0
0.118512964525798
0.881487035474202
0
0.118548996255449
0.881451003744551
0
0.11859869783924
0.88140130216076
0
0.118667994283564
0.881332005716436
0
0.118768463153154
0.881231536846846
0
0.118925239151783
0.881074760848217
0
0.119213997049834
0.880786002950166
0
