0.118173080900862
0.392806057434245
0.489020861664892
0.118233868832054
0.410882429214442
0.470883701953504
0.118278073930632
0.454746869929966
0.426975056139402
0.11831779608834
0.525857807781986
0.355824396129673
0.118362939442488
0.539057457642559
0.342579602914953
0.118398563714504
0.534800667670167
0.346800768615329
0.118423087096661
0.53806688534215
0.34351002756119
0.118439208868243
0.568180421261022
0.313380369870735
0.118450062813152
0.700775129359963
0.180774807826885
0.118458219026329
0.881541780973671
0
0.118233868832054
0.41088242921444
0.470883701953506
0.118261813241364
0.439582379709025
0.442155807049611
0.11829445448958
0.505146539867835
0.376559005642585
0.118335950849371
0.530687826741812
0.350976222408816
0.118375934296635
0.532858745862708
0.348765319840657
0.118407821405924
0.530255359282385
0.35133681931169
0.118430847431684
0.538530115411168
0.343039037157148
0.118446682186947
0.572201806542645
0.309351511270408
0.118457854115419
0.724721663674681
0.1568204822099
0.118466252260126
0.881533747739874
0
0.118278073930632
0.454746869929967
0.426975056139401
0.118294454489579
0.505146539867836
0.376559005642585
0.118326466976796
0.526523976931157
0.355149556092047
0.118362589331783
0.531002908445342
0.350634502222875
0.118396251559237
0.528512403635586
0.353091344805177
0.118424194154825
0.528777029403005
0.35279877644217
0.118445820966072
0.540735848113606
0.340818330920322
0.11846168817621
0.576760345505461
0.304777966318329
0.118473609115768
0.748904928955738
0.132621461928494
0.118482639531029
0.881517360468971
0
0.11831779608834
0.525857807781986
0.355824396129674
0.118335950849371
0.530687826741814
0.350976222408815
0.118362589331783
0.531002908445342
0.350634502222875
0.118391937164089
0.528196249127213
0.353411813708699
0.118420338668844
0.526135333842931
0.355444327488225
0.118445737293598
0.529995469415941
0.351558793290461
0.118467202454292
0.544104260904108
0.3374285366416
0.118484165885935
0.580978635672524
0.300537198441541
0.118497757417281
0.764999421657417
0.116502820925302
0.118508078767524
0.881491921232476
0
0.118362939442488
0.53905745764256
0.342579602914952
0.118375934296636
0.532858745862708
0.348765319840657
0.118396251559237
0.528512403635587
0.353091344805176
0.118420338668844
0.52613533384293
0.355444327488227
0.118445781399951
0.527412460002105
0.354141758597944
0.118470878382636
0.533850351702289
0.347678769915076
0.118494210508238
0.548207163474158
0.333298626017604
0.118514329748686
0.583843005020829
0.297642665230486
0.11853098891722
0.761487323546571
0.119981687536209
0.118544061766974
0.881455938233026
0
0.118398563714505
0.534800667670162
0.346800768615333
0.118407821405924
0.530255359282385
0.351336819311691
0.118424194154825
0.528777029403004
0.352798776442172
0.118445737293598
0.529995469415939
0.351558793290463
0.118470878382636
0.533850351702286
0.347678769915078
0.11849821072052
0.540755883252318
0.340745906027162
0.118526129267881
0.553374192873371
0.328099677858748
0.118552407292626
0.585138869446164
0.296308723261211
0.118575319353317
0.738380971625747
0.143043709020936
0.118593647706139
0.881406352293861
0
0.118423087096661
0.538066885342149
0.34351002756119
0.118430847431684
0.538530115411167
0.343039037157149
0.118445820966072
0.540735848113605
0.340818330920323
0.118467202454292
0.544104260904108
0.3374285366416
0.118494210508238
0.548207163474154
0.333298626017607
0.118526129267881
0.553374192873369
0.32809967785875
0.118561742625262
0.562255319295423
0.319182938079315
0.118598917261083
0.58743038459386
0.293970698145056
0.118633609739783
0.708153034626263
0.173213355633955
0.118662715736994
0.881337284263006
0
0.118439208868243
0.568180421261022
0.313380369870735
0.118446682186947
0.572201806542643
0.30935151127041
0.11846168817621
0.576760345505461
0.304777966318329
0.118484165885935
0.580978635672523
0.300537198441542
0.118514329748685
0.583843005020827
0.297642665230487
0.118552407292626
0.585138869446165
0.296308723261209
0.118598917261083
0.587430384593861
0.293970698145056
0.118653587571834
0.601605202088942
0.279741210339224
0.118710761882218
0.688309549386065
0.192979688731717
0.11876283966347
0.88123716033653
0
0.118450062813152
0.700775129359961
0.180774807826888
0.118457854115419
0.724721663674678
0.156820482209903
0.118473609115768
0.748904928955736
0.132621461928496
0.118497757417281
0.764999421657415
0.116502820925304
0.11853098891722
0.761487323546571
0.11998168753621
0.118575319353317
0.738380971625747
0.143043709020936
0.118633609739783
0.708153034626262
0.173213355633955
0.118710761882218
0.688309549386065
0.192979688731717
0.118811346953588
0.768362645916859
0.112826007129552
0.118918814328373
0.881081185671627
0
0.118458219026329
0.881541780973671
0
0.118466252260126
0.881533747739874
0
0.118482639531029
0.881517360468971
0
0.118508078767524
0.881491921232476
0
0.118544061766974
0.881455938233026
0
0.118593647706138
0.881406352293862
0
0.118662715736994
0.881337284263006
0
0.11876283966347
0.88123716033653
0
0.118918814328373
0.881081185671627
0
0.119195693756438
0.880804306243562
0
0.118175164683318
0.449937601293551
0.43188723402313
0.118235630848394
0.509977104276357
0.371787264875249
0.118279627614239
0.810865222613169
0.0708551497725922
0.118318053650625
0.881681946349375
0
0.11836317761284
0.88163682238716
0
0.118398782311927
0.881601217688073
0
0.118423385032755
0.881576614967244
0
0.118439570532313
0.881560429467687
0
0.118450255727032
0.881549744272968
0
0.118458132596451
0.881541867403549
0
0.118235630848394
0.50997710427636
0.371787264875245
0.118263459850277
0.73571436440568
0.146022175744043
0.118294929129934
0.881705070870067
0
0.118336229879393
0.881663770120607
0
0.118376179095861
0.881623820904139
0
0.118408071687888
0.881591928312112
0
0.118431178525451
0.881568821474549
0
0.118447060408108
0.881552939591893
0
0.118458033814125
0.881541966185875
0
0.118466156999402
0.881533843000598
0
0.118279627614239
0.81086522261318
0.0708551497725817
0.118294929129933
0.881705070870067
0
0.118326764605201
0.881673235394799
0
0.118362866514253
0.881637133485747
0
0.118396490919584
0.881603509080417
0
0.118424482606546
0.881575517393454
0
0.11844617896704
0.88155382103296
0
0.118462082968659
0.881537917031341
0
0.118473780135963
0.881526219864037
0
0.118482540467209
0.881517459532791
0
0.118318053650625
0.881681946349375
0
0.118336229879393
0.881663770120607
0
0.118362866514253
0.881637133485747
0
0.118392179092119
0.881607820907881
0
0.118420603934072
0.881579396065928
0
0.118446068336192
0.881553931663808
0
0.118467581017989
0.881532418982011
0
0.118484580210603
0.881515419789397
0
0.11849792412863
0.88150207587137
0
0.118507981592184
0.881492018407816
0
0.11836317761284
0.88163682238716
0
0.118376179095861
0.881623820904139
0
0.118396490919583
0.881603509080417
0
0.118420603934072
0.881579396065928
0
0.118446100499271
0.881553899500729
0
0.118471245053467
0.881528754946533
0
0.118494604894415
0.881505395105585
0
0.118514740541087
0.881485259458913
0
0.118531163460698
0.881468836539303
0
0.118543972769775
0.881456027230225
0
0.118398782311927
0.881601217688073
0
0.118408071687888
0.881591928312112
0
0.118424482606546
0.881575517393454
0
0.118446068336192
0.881553931663808
0
0.118471245053467
0.881528754946533
0
0.118498601186297
0.881501398813703
0
0.118526537897977
0.881473462102023
0
0.118552833677351
0.881447166322649
0
0.118575514426658
0.881424485573342
0
0.11859357776882
0.88140642223118
0
0.118423385032755
0.881576614967244
0
0.118431178525451
0.881568821474549
0
0.118446178967041
0.881553821032959
0
0.118467581017989
0.881532418982011
0
0.118494604894415
0.881505395105585
0
0.118526537897977
0.881473462102023
0
0.118562175218798
0.881437824781202
0
0.118599356913683
0.881400643086317
0
0.11863386025742
0.88136613974258
0
0.118662682673273
0.881337317326727
0
0.118439570532313
0.881560429467687
0
0.118447060408108
0.881552939591893
0
0.118462082968659
0.881537917031341
0
0.118484580210603
0.881515419789398
0
0.118514740541087
0.881485259458913
0
0.118552833677351
0.881447166322649
0
0.118599356913683
0.881400643086317
0
0.118653960075016
0.881346039924984
0
0.118711096034225
0.881288903965775
0
0.118762866684439
0.881237133315561
0
0.118450255727032
0.881549744272968
0
0.118458033814125
0.881541966185875
0
0.118473780135963
0.881526219864037
0
0.11849792412863
0.88150207587137
0
0.118531163460698
0.881468836539302
0
0.118575514426658
0.881424485573342
0
0.11863386025742
0.88136613974258
0
0.118711096034225
0.881288903965775
0
0.11881156967498
0.88118843032502
0
0.118918955152699
0.881081044847301
0
0.118458132596451
0.881541867403549
0
0.118466156999402
0.881533843000598
0
0.118482540467209
0.881517459532791
0
0.118507981592184
0.881492018407816
0
0.118543972769775
0.881456027230225
0
0.11859357776882
0.88140642223118
0
0.118662682673273
0.881337317326727
0
0.118762866684439
0.881237133315562
0
0.118918955152699
0.881081044847301
0
0.119198891258856
0.880801108741144
0
0.118178537395463
0.575067806530757
0.30675365607378
0.118237997536921
0.671697125161916
0.210064877301163
0.11828050958179
0.833443217088869
0.048276273329341
0.1183179391263
0.881682060873699
0
0.118362968662189
0.881637031337811
0
0.1183985719829
0.8816014280171
0
0.118423192972478
0.881576807027522
0
0.118439402886202
0.881560597113798
0
0.118450105588386
0.881549894411614
0
0.118457923991861
0.881542076008139
0
0.118237997536921
0.671697125161918
0.210064877301161
0.118264544943246
0.810273408376494
0.07146204668026
0.118294874090381
0.881705125909619
0
0.118336026773167
0.881663973226833
0
0.118375969011313
0.881624030988687
0
0.118407867372162
0.881592132627838
0
0.118430993132181
0.881569006867819
0
0.118446898908279
0.881553101091721
0
0.118457884735976
0.881542115264024
0
0.118465950329337
0.881534049670663
0
0.11828050958179
0.833443217088871
0.0482762733293393
0.118294874090381
0.881705125909619
0
0.118326563838667
0.881673436161333
0
0.118362659076435
0.881637340923564
0
0.11839628255541
0.88160371744459
0
0.118424286395533
0.881575713604468
0
0.118446001234886
0.881553998765114
0
0.1184619287485
0.8815380712515
0
0.118473635604566
0.881526364395434
0
0.118482337005157
0.881517662994843
0
0.1183179391263
0.881682060873699
0
0.118336026773167
0.881663973226833
0
0.118362659076436
0.881637340923564
0
0.11839197031097
0.88160802968903
0
0.118420402974758
0.881579597025242
0
0.118445882006887
0.881554117993113
0
0.118467410464522
0.881532589535478
0
0.118484435556978
0.881515564443022
0
0.118497786598575
0.881502213401425
0
0.118507784250648
0.881492215749352
0
0.118362968662189
0.881637031337811
0
0.118375969011313
0.881624030988687
0
0.11839628255541
0.88160371744459
0
0.118420402974758
0.881579597025242
0
0.118445911112366
0.881554088887634
0
0.118471068946625
0.881528931053375
0
0.118494443106136
0.881505556893864
0
0.118514602279151
0.881485397720849
0
0.118531047813759
0.881468952186242
0
0.118543784880188
0.881456215119812
0
0.1183985719829
0.8816014280171
0
0.118407867372162
0.881592132627838
0
0.118424286395533
0.881575713604467
0
0.118445882006887
0.881554117993113
0
0.118471068946625
0.881528931053375
0
0.118498435531009
0.881501564468991
0
0.118526383471598
0.881473616528402
0
0.118552706854165
0.881447293145835
0
0.118575425563225
0.881424574436775
0
0.118593405509556
0.881406594490444
0
0.118423192972478
0.881576807027522
0
0.118430993132181
0.881569006867819
0
0.118446001234886
0.881553998765114
0
0.118467410464522
0.881532589535478
0
0.118494443106136
0.881505556893864
0
0.118526383471598
0.881473616528402
0
0.118562035092864
0.881437964907136
0
0.118599243370045
0.881400756629955
0
0.118633821172064
0.881366178827936
0
0.118662533116466
0.881337466883534
0
0.118439402886202
0.881560597113798
0
0.118446898908279
0.881553101091721
0
0.1184619287485
0.8815380712515
0
0.118484435556978
0.881515564443022
0
0.118514602279151
0.881485397720849
0
0.118552706854165
0.881447293145835
0
0.118599243370045
0.881400756629955
0
0.11865385360953
0.88134614639047
0
0.118711118213709
0.881288881786291
0
0.118762760626751
0.881237239373249
0
0.118450105588386
0.881549894411614
0
0.118457884735976
0.881542115264024
0
0.118473635604566
0.881526364395434
0
0.118497786598575
0.881502213401425
0
0.118531047813758
0.881468952186242
0
0.118575425563225
0.881424574436775
0
0.118633821172064
0.881366178827936
0
0.118711118213709
0.881288881786291
0
0.118811582599859
0.881188417400141
0
0.118919077361419
0.881080922638581
0
0.118457923991861
0.881542076008138
0
0.118465950329337
0.881534049670663
0
0.118482337005157
0.881517662994843
0
0.118507784250648
0.881492215749352
0
0.118543784880187
0.881456215119813
0
0.118593405509556
0.881406594490444
0
0.118662533116466
0.881337466883534
0
0.118762760626751
0.881237239373249
0
0.11891907736142
0.881080922638581
0
0.119205730483736
0.880794269516264
0
