0.118168412988555
0.392747890836739
0.489083696174706
0.11822914102853
0.410718905819152
0.471051953152318
0.11827328915406
0.45417899126064
0.4275477195853
0.118312864109585
0.525378690528003
0.356308445362412
0.118357887335578
0.539011996799217
0.342630115865205
0.118393512933309
0.534992172033879
0.346614315032813
0.118418074933146
0.538016137343377
0.343565787723477
0.118434200451875
0.567700515360342
0.313865284187783
0.118445008294423
0.698823166650783
0.182731825054794
0.118453136655412
0.881546863344588
0
0.11822914102853
0.41071890581915
0.47105195315232
0.118257047603043
0.439146651127707
0.44259630126925
0.118289604073287
0.504513621767435
0.377196774159278
0.118330956999486
0.530450065193025
0.351218977807489
0.118370879266958
0.532956033410727
0.348673087322316
0.118402787425878
0.530381176969664
0.351216035604458
0.118425840831878
0.538371508028628
0.343202651139494
0.118441672323619
0.571619945444478
0.309938382231903
0.118452789263643
0.722212783560757
0.1593344271756
0.118461156396928
0.881538843603072
0
0.11827328915406
0.45417899126064
0.4275477195853
0.118289604073287
0.504513621767436
0.377196774159277
0.118321500293979
0.52621922983357
0.355459269872451
0.118357550405497
0.53099467207048
0.350647777524023
0.118391205800775
0.528672787792607
0.352936006406617
0.118419175397855
0.5288010138477
0.352779810754446
0.118440813156373
0.540477545691879
0.341081641151747
0.1184566659531
0.576067798028923
0.305475536017977
0.11846851408337
0.745719338132943
0.135812147783688
0.118477516013329
0.881522483986671
0
0.118312864109585
0.525378690528002
0.356308445362413
0.118330956999486
0.530450065193027
0.351218977807487
0.118357550405497
0.530994672070481
0.350647777524023
0.118386889573448
0.528348823986686
0.353264286439866
0.118415310948383
0.526237065833182
0.355347623218435
0.118440723373038
0.529892621059014
0.351666655567948
0.1184621786986
0.543754138654376
0.337783682647024
0.118479108136581
0.5801657150783
0.301355176785119
0.118492582453933
0.76120772636598
0.120299691180088
0.1185029217388
0.8814970782612
0
0.118357887335578
0.539011996799217
0.342630115865205
0.118370879266958
0.532956033410726
0.348673087322316
0.118391205800776
0.528672787792607
0.352936006406617
0.118415310948382
0.526237065833181
0.355347623218437
0.118440764840933
0.527359749553448
0.35419948560562
0.118465853305962
0.533618233695351
0.347915912998686
0.118489153126783
0.547772563497749
0.333738283375469
0.118509204354702
0.58292328666777
0.298567508977528
0.118525847718507
0.757540909897261
0.123933242384232
0.118538856188043
0.881461143811958
0
0.118393512933309
0.534992172033874
0.346614315032817
0.118402787425878
0.530381176969663
0.351216035604458
0.118419175397855
0.528801013847698
0.352779810754447
0.118440723373038
0.529892621059013
0.351666655567949
0.118465853305962
0.533618233695349
0.347915912998689
0.118493156691116
0.540397611319855
0.341109231989029
0.118521025011343
0.552848141611144
0.328630833377513
0.118547221279001
0.58410956127631
0.297343217444689
0.118570056595628
0.734623754464003
0.146806188940369
0.118588337739984
0.881411662260016
0
0.118418074933146
0.538016137343376
0.343565787723478
0.118425840831878
0.538371508028627
0.343202651139495
0.118440813156373
0.540477545691879
0.341081641151748
0.1184621786986
0.543754138654375
0.337783682647024
0.118489153126783
0.547772563497745
0.333738283375472
0.118521025011343
0.552848141611142
0.328630833377515
0.118556562680729
0.5615743821429
0.319869055176371
0.11859361190811
0.586223515318186
0.295182872773704
0.118628163115355
0.704251232903118
0.177120603981527
0.118657232144315
0.881342767855685
0
0.118434200451875
0.567700515360343
0.313865284187782
0.118441672323619
0.571619945444476
0.309938382231905
0.1184566659531
0.576067798028923
0.305475536017976
0.118479108136581
0.580165715078299
0.30135517678512
0.118509204354702
0.582923286667768
0.298567508977529
0.118547221279001
0.584109561276311
0.297343217444688
0.11859361190811
0.586223515318186
0.295182872773704
0.118648125512804
0.599969959257216
0.281381915229979
0.118705017013639
0.683324114466778
0.197970868519583
0.11875703662447
0.88124296337553
0
0.118445008294423
0.698823166650781
0.182731825054797
0.118452789263643
0.722212783560755
0.159334427175602
0.11846851408337
0.745719338132941
0.13581214778369
0.118492582453933
0.761207726365977
0.12029969118009
0.118525847718507
0.75754090989726
0.123933242384233
0.118570056595628
0.734623754464003
0.146806188940369
0.118628163115355
0.704251232903117
0.177120603981528
0.118705017013639
0.683324114466778
0.197970868519583
0.118805115220762
0.752710858883107
0.128484025896131
0.118912123524209
0.881087876475791
0
0.118453136655412
0.881546863344588
0
0.118461156396928
0.881538843603072
0
0.118477516013329
0.881522483986671
0
0.1185029217388
0.8814970782612
0
0.118538856188042
0.881461143811958
0
0.118588337739984
0.881411662260016
0
0.118657232144315
0.881342767855685
0
0.11875703662447
0.88124296337553
0
0.118912123524209
0.881087876475791
0
0.119186520156705
0.880813479843295
0
0.118170494677625
0.449740032819873
0.432089472502502
0.118230900933131
0.50946219781305
0.372306901253819
0.11827484658286
0.80820401363013
0.0735211397870098
0.118313125518708
0.881686874481292
0
0.118358128640291
0.881641871359709
0
0.11839373324853
0.88160626675147
0
0.11841837100845
0.88158162899155
0
0.118434560595933
0.881565439404067
0
0.118445202808954
0.881554797191046
0
0.118453050683271
0.881546949316729
0
0.118230900933131
0.509462197813053
0.372306901253815
0.118258696192927
0.732401453234634
0.149339850572439
0.118290085697451
0.88170991430255
0
0.118331237990076
0.881668762009925
0
0.118371127505641
0.881628872494359
0
0.118403037362713
0.881596962637287
0
0.118426169766375
0.881573830233625
0
0.118442048829379
0.881557951170621
0
0.118452970380264
0.881547029619736
0
0.118461061439055
0.881538938560945
0
0.11827484658286
0.80820401363014
0.0735211397869993
0.11829008569745
0.88170991430255
0
0.118321799334259
0.881678200665742
0
0.118357831315165
0.881642168684835
0
0.118391446724143
0.881608553275857
0
0.118419461875168
0.881580538124832
0
0.118441168964774
0.881558831035226
0
0.118457058569357
0.881542941430643
0
0.118468686424717
0.881531313575283
0
0.11847741715309
0.88152258284691
0
0.118313125518708
0.881686874481292
0
0.118331237990075
0.881668762009925
0
0.118357831315165
0.881642168684835
0
0.118387133800006
0.881612866199994
0
0.118415574957763
0.881584425042237
0
0.118441051815371
0.881558948184629
0
0.118462555178058
0.881537444821942
0
0.118479519722125
0.881520480277875
0
0.118492751570322
0.881507248429678
0
0.11850282444131
0.88149717555869
0
0.118358128640291
0.881641871359709
0
0.118371127505641
0.881628872494359
0
0.118391446724143
0.881608553275857
0
0.118415574957763
0.881584425042237
0
0.118441081297425
0.881558918702575
0
0.118466217678393
0.881533782321607
0
0.118489546001014
0.881510453998986
0
0.118509621802691
0.881490378197309
0
0.118526022842572
0.881473977157428
0
0.118538767484644
0.881461232515356
0
0.11839373324853
0.88160626675147
0
0.118403037362713
0.881596962637287
0
0.118419461875168
0.881580538124832
0
0.118441051815371
0.881558948184629
0
0.118466217678393
0.881533782321607
0
0.118493545376957
0.881506454623043
0
0.118521432067998
0.881478567932002
0
0.118547652578603
0.881452347421397
0
0.118570254191354
0.881429745808647
0
0.118588268611184
0.881411731388816
0
0.11841837100845
0.88158162899155
0
0.118426169766375
0.881573830233625
0
0.118441168964774
0.881558831035226
0
0.118462555178057
0.881537444821943
0
0.118489546001015
0.881510453998985
0
0.118521432067998
0.881478567932002
0
0.118556992970388
0.881443007029612
0
0.118594056987323
0.881405943012677
0
0.118628418760228
0.881371581239772
0
0.118657201031282
0.881342798968718
0
0.118434560595933
0.881565439404067
0
0.118442048829379
0.881557951170621
0
0.118457058569357
0.881542941430643
0
0.118479519722125
0.881520480277875
0
0.118509621802691
0.881490378197309
0
0.118547652578603
0.881452347421397
0
0.118594056987323
0.881405943012677
0
0.118648497979362
0.881351502020638
0
0.118705363484993
0.881294636515007
0
0.118757067762609
0.881242932237391
0
0.118445202808954
0.881554797191046
0
0.118452970380264
0.881547029619736
0
0.118468686424717
0.881531313575283
0
0.118492751570322
0.881507248429678
0
0.118526022842572
0.881473977157428
0
0.118570254191353
0.881429745808647
0
0.118628418760228
0.881371581239772
0
0.118705363484993
0.881294636515007
0
0.118805346400915
0.881194653599085
0
0.118912265207927
0.881087734792072
0
0.118453050683271
0.881546949316729
0
0.118461061439055
0.881538938560945
0
0.11847741715309
0.88152258284691
0
0.11850282444131
0.88149717555869
0
0.118538767484644
0.881461232515356
0
0.118588268611184
0.881411731388816
0
0.118657201031282
0.881342798968718
0
0.118757067762609
0.881242932237391
0
0.118912265207928
0.881087734792072
0
0.119189731417836
0.880810268582164
0
0.118173863713282
0.574815162895907
0.307010973390811
0.118233267774248
0.671171792421192
0.21059493980456
0.118275734125584
0.832197596956416
0.0495266689180003
0.118313011741857
0.881686988258143
0
0.118357919640579
0.881642080359421
0
0.118393522502419
0.881606477497581
0
0.118418177935034
0.881581822064966
0
0.118434391774828
0.881565608225172
0
0.118445052019575
0.881554947980425
0
0.118452841392491
0.881547158607509
0
0.118233267774248
0.671171792421194
0.210594939804558
0.118259791265015
0.809481933412611
0.0722582753223735
0.118290032553299
0.881709967446701
0
0.11833103468634
0.88166896531366
0
0.118370917296164
0.881629082703836
0
0.11840283230667
0.88159716769333
0
0.118425983287426
0.881574016712574
0
0.118441886051009
0.881558113948991
0
0.118452820610106
0.881547179389894
0
0.118460854100321
0.881539145899679
0
0.118275734125584
0.832197596956417
0.0495266689179986
0.118290032553299
0.881709967446701
0
0.118321598304874
0.881678401695126
0
0.118357623795117
0.881642376204883
0
0.118391237909315
0.881608762090685
0
0.118419264680627
0.881580735319373
0
0.118440990103333
0.881559009896667
0
0.118456902890042
0.881543097109958
0
0.11846854111633
0.88153145888367
0
0.118477213058977
0.881522786941023
0
0.118313011741857
0.881686988258143
0
0.11833103468634
0.88166896531366
0
0.118357623795117
0.881642376204883
0
0.118386924680293
0.881613075319707
0
0.118415373130758
0.881584626869242
0
0.118440864382521
0.881559135617479
0
0.118462383464886
0.881537616535114
0
0.118479373398579
0.881520626601421
0
0.118492615476895
0.881507384523105
0
0.118502625981683
0.881497374018317
0
0.118357919640579
0.881642080359421
0
0.118370917296164
0.881629082703836
0
0.118391237909315
0.881608762090685
0
0.118415373130758
0.881584626869242
0
0.118440890820923
0.881559109179077
0
0.118466040451454
0.881533959548546
0
0.118489383092873
0.881510616907127
0
0.118509483096635
0.881490516903364
0
0.118525904447154
0.881474095552846
0
0.118538578876124
0.881461421123876
0
0.118393522502419
0.881606477497581
0
0.11840283230667
0.881597167693331
0
0.118419264680627
0.881580735319373
0
0.118440864382521
0.881559135617479
0
0.118466040451454
0.881533959548546
0
0.118493378600308
0.881506621399692
0
0.118521276429052
0.881478723570948
0
0.118547524570515
0.881452475429485
0
0.118570164638029
0.881429835361971
0
0.118588095466586
0.881411904533414
0
0.118418177935034
0.881581822064966
0
0.118425983287426
0.881574016712574
0
0.118440990103333
0.881559009896667
0
0.118462383464886
0.881537616535114
0
0.118489383092873
0.881510616907127
0
0.118521276429052
0.881478723570948
0
0.118556851358645
0.881443148641355
0
0.118593942068947
0.881406057931053
0
0.118628378937163
0.881371621062837
0
0.11865704973167
0.88134295026833
0
0.118434391774828
0.881565608225172
0
0.118441886051009
0.881558113948991
0
0.118456902890042
0.881543097109958
0
0.118479373398579
0.881520626601421
0
0.118509483096635
0.881490516903365
0
0.118547524570515
0.881452475429486
0
0.118593942068947
0.881406057931053
0
0.118648388525853
0.881351611474147
0
0.118705384452159
0.881294615547841
0
0.118756956342875
0.881243043657125
0
0.118445052019575
0.881554947980425
0
0.118452820610106
0.881547179389894
0
0.11846854111633
0.88153145888367
0
0.118492615476895
0.881507384523105
0
0.118525904447154
0.881474095552846
0
0.118570164638029
0.881429835361971
0
0.118628378937163
0.881371621062837
0
0.118705384452159
0.881294615547841
0
0.118805356139291
0.881194643860709
0
0.118912378338011
0.88108762166199
0
0.118452841392491
0.881547158607509
0
0.118460854100321
0.881539145899679
0
0.118477213058976
0.881522786941024
0
0.118502625981683
0.881497374018317
0
0.118538578876124
0.881461421123876
0
0.118588095466585
0.881411904533415
0
0.11865704973167
0.88134295026833
0
0.118756956342875
0.881243043657125
0
0.118912378338011
0.881087621661989
0
0.119196614245099
0.880803385754901
0
