0.11816376254404
0.392690199557072
0.489146037898888
0.118224430593774
0.410557000831293
0.471218568574933
0.118268520630937
0.453617228941182
0.428114250427881
0.11830795964128
0.524888052395928
0.356803987962792
0.118352860754832
0.538953560504075
0.342693578741093
0.11838848523928
0.535176831865831
0.346434682894889
0.118413085830468
0.537970433811031
0.343616480358501
0.118429216416799
0.5672291424845
0.314341641098701
0.118439979619242
0.696898628214009
0.184661392166749
0.118448080121689
0.881551919878311
0
0.118224430593774
0.410557000831291
0.471218568574935
0.118252301154937
0.43871504044268
0.443032658402383
0.118284775301488
0.50387933541855
0.377835889279962
0.118325988143911
0.530203803451145
0.351470208404944
0.118365848211464
0.533041271552738
0.348592880235798
0.118397776106895
0.530506570024715
0.351095653868389
0.118420858192709
0.538219452708349
0.343359689098942
0.118436688671154
0.57104839607232
0.310514915256526
0.118447753224189
0.719745107076757
0.161807139699055
0.118456087716987
0.881543912283013
0
0.118268520630937
0.453617228941182
0.428114250427881
0.118284775301488
0.503879335418551
0.377835889279961
0.118316557063308
0.525908412429594
0.355775030507098
0.118352535152924
0.530973952107165
0.350673512739911
0.118386182266465
0.528827239832126
0.352786577901409
0.118414179318397
0.528829409346696
0.352756411334907
0.118435830968416
0.540226589682558
0.341337579349026
0.118451674304393
0.575388375178631
0.306159950516976
0.118463457830891
0.742595282957031
0.138941259212078
0.118472420554506
0.881527579445494
0
0.11830795964128
0.524888052395928
0.356803987962792
0.118325988143911
0.530203803451147
0.351470208404943
0.118352535152924
0.530973952107166
0.35067351273991
0.118381863886694
0.528493419069918
0.353124717043389
0.118410304440139
0.526340936224286
0.355248759335575
0.118435732248532
0.529796669635412
0.351767598116056
0.118457181653704
0.543411841559248
0.338130976787048
0.118474086894168
0.579369616895051
0.302156296210781
0.118487484353655
0.757494326239558
0.124018189406787
0.118497780985009
0.881502219014991
0
0.118352860754832
0.538953560504075
0.342693578741093
0.118365848211464
0.533041271552738
0.348592880235798
0.118386182266465
0.528827239832127
0.352786577901409
0.118410304440139
0.526340936224286
0.355248759335576
0.118435769510324
0.527313716810894
0.354250513678782
0.118460850532058
0.533393576729032
0.34814557273891
0.118484118949926
0.547345683648015
0.334170197402059
0.118504098221836
0.582017781292604
0.29947812048556
0.118520692419813
0.753688309876233
0.127790997703954
0.118533646371337
0.881466353628663
0
0.11838848523928
0.535176831865827
0.346434682894893
0.118397776106896
0.530506570024715
0.35109565386839
0.118414179318397
0.528829409346695
0.352756411334908
0.118435732248532
0.529796669635411
0.351767598116058
0.118460850532058
0.53339357672903
0.348145572738911
0.118488126149913
0.540046940333975
0.341464933516112
0.118515946683261
0.552331405253382
0.329152648063357
0.118542059895089
0.583102605242434
0.298355334862477
0.118564801717134
0.73096255896993
0.150472639312936
0.118583008222579
0.881416991777421
0
0.118413085830468
0.53797043381103
0.343616480358502
0.118420858192709
0.538219452708349
0.343359689098942
0.118435830968416
0.540226589682558
0.341337579349027
0.118457181653704
0.543411841559248
0.338130976787048
0.118484118949926
0.547345683648012
0.334170197402062
0.118515946683261
0.55233140525338
0.32915264806336
0.118551419923563
0.560907084912005
0.320541495164433
0.118588360179905
0.58504818963903
0.296363450181065
0.118622763671766
0.700497578206065
0.180879658122169
0.118651677544987
0.881348322455013
0
0.118429216416799
0.567229142484501
0.3143416410987
0.118436688671154
0.571048396072318
0.310514915256527
0.118451674304393
0.575388375178631
0.306159950516976
0.118474086894168
0.57936961689505
0.302156296210782
0.118504098221836
0.582017781292603
0.299478120485561
0.118542059895089
0.583102605242435
0.298355334862476
0.118588360179905
0.585048189639031
0.296363450181065
0.118642785114822
0.598391173531919
0.282966041353259
0.118699488739817
0.678744921335512
0.202555589924671
0.118750939102878
0.881249060897122
0
0.118439979619242
0.696898628214006
0.184661392166752
0.118447753224189
0.719745107076754
0.161807139699057
0.118463457830891
0.742595282957029
0.13894125921208
0.118487484353655
0.757494326239556
0.12401818940679
0.118520692419813
0.753688309876232
0.127790997703955
0.118564801717134
0.73096255896993
0.150472639312936
0.118622763671766
0.700497578206064
0.18087965812217
0.118699488739817
0.678744921335512
0.202555589924671
0.1187988385658
0.739169095372009
0.142032066062191
0.11890464353949
0.88109535646051
0
0.118448080121689
0.881551919878311
0
0.118456087716987
0.881543912283013
0
0.118472420554506
0.881527579445494
0
0.118497780985009
0.881502219014991
0
0.118533646371337
0.881466353628663
0
0.118583008222579
0.881416991777421
0
0.118651677544987
0.881348322455013
0
0.118750939102878
0.881249060897122
0
0.11890464353949
0.88109535646051
0
0.119176132360959
0.880823867639041
0
0.11816584216709
0.44954327168837
0.43229088614454
0.118226188381752
0.508953881124244
0.372819930494004
0.118270078470632
0.805520886250508
0.0762090352788606
0.118308229009447
0.881691770990553
0
0.118353105279915
0.881646894720085
0
0.118388707292495
0.881611292707505
0
0.118413380059264
0.881586619940736
0
0.118429575018023
0.881570424981977
0
0.118440175761319
0.881559824238681
0
0.118447994627821
0.881552005372179
0
0.118226188381752
0.508953881124247
0.372819930494001
0.11825395138176
0.729115128931518
0.152630919686721
0.118285265707458
0.881714734292542
0
0.11832627123732
0.88167372876268
0
0.118366099817024
0.881633900182976
0
0.118398025762812
0.881601974237188
0
0.118421184946407
0.881578815053593
0
0.118437063451539
0.881562936548461
0
0.118447935780554
0.881552064219446
0
0.118455993079951
0.881544006920049
0
0.118270078470632
0.805520886250518
0.07620903527885
0.118285265707458
0.881714734292542
0
0.118316857545253
0.881683142454747
0
0.118352819662171
0.88164718033783
0
0.118386424793481
0.88161357520652
0
0.118414463855485
0.881585536144515
0
0.118436184542551
0.881563815457449
0
0.118452064783487
0.881547935216513
0
0.118463631512005
0.881536368487995
0
0.118472321896902
0.881527678103098
0
0.118308229009447
0.881691770990553
0
0.118326271237319
0.881673728762681
0
0.118352819662171
0.88164718033783
0
0.118382110427851
0.881617889572149
0
0.118410567255182
0.881589432744818
0
0.118436058046531
0.881563941953469
0
0.118457556011882
0.881542443988118
0
0.118474495862499
0.881525504137501
0
0.118487654828037
0.881512345171963
0
0.118497683891929
0.881502316108072
0
0.118353105279915
0.881646894720085
0
0.118366099817024
0.881633900182976
0
0.11838642479348
0.88161357520652
0
0.118410567255182
0.881589432744818
0
0.118436083270406
0.881563916729594
0
0.118461212463564
0.881538787536436
0
0.118484510222185
0.881515489777815
0
0.118504522507235
0.881495477492765
0
0.118520869177563
0.881479130822437
0
0.118533558018102
0.881466441981898
0
0.118388707292495
0.881611292707505
0
0.118398025762812
0.881601974237188
0
0.118414463855485
0.881585536144515
0
0.118436058046531
0.881563941953469
0
0.118461212463564
0.881538787536436
0
0.118488512827798
0.881511487172202
0
0.118516351930707
0.881483648069293
0
0.118542495967838
0.881457504032162
0
0.118565001743518
0.881434998256482
0
0.118582939913806
0.881417060086194
0
0.118413380059264
0.881586619940736
0
0.118421184946407
0.881578815053593
0
0.118436184542551
0.881563815457449
0
0.118457556011882
0.881542443988119
0
0.118484510222185
0.881515489777815
0
0.118516351930707
0.881483648069293
0
0.118551847669155
0.881448152330845
0
0.118588810539673
0.881411189460327
0
0.118623024425736
0.881376975574264
0
0.118651648408496
0.881348351591504
0
0.118429575018023
0.881570424981977
0
0.118437063451539
0.881562936548461
0
0.118452064783487
0.881547935216513
0
0.118474495862499
0.881525504137501
0
0.118504522507235
0.881495477492765
0
0.118542495967838
0.881457504032162
0
0.118588810539673
0.881411189460327
0
0.118643156674219
0.881356843325781
0
0.118699834661353
0.881300165338647
0
0.118750976426642
0.881249023573358
0
0.118440175761319
0.881559824238681
0
0.118447935780554
0.881552064219446
0
0.118463631512005
0.881536368487995
0
0.118487654828038
0.881512345171963
0
0.118520869177563
0.881479130822437
0
0.118565001743518
0.881434998256482
0
0.118623024425736
0.881376975574264
0
0.118699834661353
0.881300165338647
0
0.118799075501614
0.881200924498386
0
0.118904791928024
0.881095208071976
0
0.118447994627821
0.881552005372179
0
0.118455993079951
0.881544006920049
0
0.118472321896902
0.881527678103098
0
0.118497683891929
0.881502316108072
0
0.118533558018102
0.881466441981898
0
0.118582939913806
0.881417060086194
0
0.118651648408496
0.881348351591504
0
0.118750976426642
0.881249023573358
0
0.118904791928024
0.881095208071976
0
0.119179360517615
0.880820639482385
0
0.118169207545941
0.574561593810844
0.307269198643215
0.118228555292061
0.670648335375373
0.211123109332566
0.118270972432225
0.830988338205238
0.0507406893625371
0.118308116769995
0.881691883230005
0
0.118352896259295
0.881647103740705
0
0.118388496143633
0.881611503856367
0
0.118413185984938
0.881586814015062
0
0.118429405030898
0.881570594969102
0
0.118440024323482
0.881559975676518
0
0.118447784653035
0.881552215346965
0
0.118228555292061
0.670648335375374
0.211123109332564
0.11825505669154
0.80869853281068
0.07304641049778
0.118285214717247
0.881714785282753
0
0.118326067770047
0.881673932229953
0
0.11836588948119
0.88163411051881
0
0.11839781998479
0.88160218001521
0
0.118420997389302
0.881579002610698
0
0.118436899408679
0.881563100591321
0
0.118447785325867
0.881552214674133
0
0.118455785067633
0.881544214932367
0
0.118270972432225
0.83098833820524
0.0507406893625355
0.118285214717247
0.881714785282753
0
0.118316656265766
0.881683343734234
0
0.118352612046616
0.881647387953384
0
0.118386215543478
0.881613784456522
0
0.118414265690945
0.881585734309055
0
0.118436004556367
0.881563995443633
0
0.118451907676659
0.881548092323341
0
0.118463485437951
0.881536514562049
0
0.118472117146052
0.881527882853948
0
0.118308116769995
0.881691883230005
0
0.118326067770046
0.881673932229954
0
0.118352612046616
0.881647387953384
0
0.118381900981475
0.881618099018525
0
0.118410364577476
0.881589635422524
0
0.118435869513729
0.881564130486271
0
0.118457383145859
0.881542616854141
0
0.118474347910753
0.881525652089247
0
0.118487517946699
0.881512482053301
0
0.118497484800087
0.881502515199913
0
0.118352896259295
0.881647103740705
0
0.11836588948119
0.88163411051881
0
0.118386215543478
0.881613784456522
0
0.118410364577476
0.881589635422524
0
0.118435891707292
0.881564108292708
0
0.11846103411039
0.88153896588961
0
0.118484346191716
0.881515653808284
0
0.118504383351719
0.881495616648281
0
0.118520749859793
0.881479250140207
0
0.118533368722767
0.881466631277233
0
0.118388496143633
0.881611503856367
0
0.11839781998479
0.88160218001521
0
0.118414265690945
0.881585734309055
0
0.118435869513729
0.881564130486271
0
0.118461034110389
0.881538965889611
0
0.118488344915012
0.881511655084988
0
0.118516195067661
0.881483804932339
0
0.118542366761819
0.881457633238181
0
0.118564911369469
0.881435088630531
0
0.118582765801567
0.881417234198433
0
0.118413185984938
0.881586814015062
0
0.118420997389302
0.881579002610698
0
0.118436004556367
0.881563995443633
0
0.118457383145859
0.881542616854141
0
0.118484346191716
0.881515653808284
0
0.118516195067661
0.881483804932339
0
0.118551704576185
0.881448295423815
0
0.118588694258158
0.881411305741842
0
0.118622983708466
0.881377016291534
0
0.118651495102598
0.881348504897402
0
0.118429405030898
0.881570594969102
0
0.118436899408679
0.881563100591321
0
0.118451907676659
0.881548092323341
0
0.118474347910753
0.881525652089247
0
0.118504383351719
0.881495616648281
0
0.118542366761819
0.881457633238181
0
0.118588694258158
0.881411305741842
0
0.118643044116242
0.881356955883758
0
0.118699844865736
0.881300155134264
0
0.118750862592997
0.881249137407004
0
0.118440024323482
0.881559975676518
0
0.118447785325867
0.881552214674133
0
0.118463485437951
0.881536514562049
0
0.118487517946699
0.881512482053301
0
0.118520749859793
0.881479250140207
0
0.118564911369469
0.881435088630531
0
0.118622983708466
0.881377016291534
0
0.118699844865736
0.881300155134264
0
0.118799075667041
0.881200924332959
0
0.11890490452274
0.88109509547726
0
0.118447784653035
0.881552215346965
0
0.118455785067633
0.881544214932367
0
0.118472117146052
0.881527882853948
0
0.118497484800087
0.881502515199913
0
0.118533368722767
0.881466631277233
0
0.118582765801567
0.881417234198433
0
0.118651495102598
0.881348504897402
0
0.118750862592997
0.881249137407004
0
0.11890490452274
0.88109509547726
0
0.11918629550167
0.88081370449833
0
