0.11815913026006
0.392632943114263
0.489207926625677
0.118219738516812
0.410396645448114
0.471383616035074
0.118263770479311
0.453062298064581
0.428673931456108
0.118303081668173
0.524381519928278
0.357315398403549
0.118347858133271
0.538881939312275
0.342770202554454
0.118383478951784
0.535354380654406
0.346262140393811
0.118408117553589
0.537929519473024
0.343662362973388
0.118424253964751
0.566766163997672
0.314809582037577
0.118434973771684
0.695001203268851
0.186563822959465
0.118443046901006
0.881556953098994
0
0.118219738516812
0.410396645448112
0.471383616035076
0.118247574396504
0.438287627253861
0.443464798349636
0.118279968345738
0.503242408471354
0.378477623182909
0.118321043274334
0.529948944859832
0.351730011865834
0.118360839625272
0.533114522866157
0.348524637508572
0.118392785237406
0.530631164477841
0.350976050284753
0.118415896138102
0.538073783646269
0.343510320215629
0.118431726362391
0.570487002053773
0.311081271583837
0.118442739775684
0.717318216366882
0.164239043857434
0.118451041680626
0.881548958319374
0
0.118263770479311
0.453062298064582
0.428673931456107
0.118279968345737
0.503242408471354
0.378477623182908
0.118311636657902
0.525591663578689
0.356096699763409
0.118347542323874
0.530941047358645
0.350711410317481
0.118381178921362
0.528975454478027
0.352643366600612
0.118409202509234
0.528861908188755
0.352728889302011
0.118430868737503
0.539982907084428
0.341586224178069
0.118446703407748
0.574721909291606
0.306831387300645
0.118458423081176
0.739532787276838
0.142008789641985
0.118467344834035
0.881532655165965
0
0.118303081668173
0.524381519928278
0.357315398403549
0.118321043274334
0.529948944859834
0.351730011865832
0.118347542323873
0.530941047358645
0.350711410317481
0.118376858204272
0.52862980263767
0.352993339158058
0.118405316040763
0.526446547700479
0.355148136258758
0.118430758877243
0.529707470466715
0.351861770656042
0.118452203173899
0.543077387859962
0.33847040896614
0.118469085690193
0.578590429331995
0.302940484977812
0.118482403300356
0.753863741360247
0.127653855339396
0.118492650616104
0.881507349383896
0
0.118347858133271
0.538881939312274
0.342770202554455
0.118360839625272
0.533114522866156
0.348524637508573
0.118381178921362
0.528975454478026
0.352643366600612
0.118405316040763
0.526446547700479
0.355148136258759
0.118430790663021
0.527274173756387
0.354295035580592
0.118455862759771
0.533176397543485
0.348367739696744
0.118479100016762
0.546926905058427
0.334593994924812
0.118499017024057
0.581129231893054
0.300371751082888
0.118515532084534
0.749925688914544
0.131558779000922
0.11852842540342
0.88147157459658
0
0.118383478951784
0.535354380654401
0.346262140393815
0.118392785237406
0.530631164477842
0.350976050284752
0.118409202509234
0.528861908188754
0.352728889302012
0.118430758877243
0.529707470466713
0.351861770656044
0.118455862759771
0.533176397543484
0.348367739696745
0.118483104894217
0.539704001809429
0.341812893296354
0.118510870329218
0.551824095667694
0.329665034003088
0.118536882894292
0.582116406282192
0.299346710823515
0.118559523276607
0.727397768443885
0.154042708279508
0.118577634222362
0.881422365777638
0
0.118408117553589
0.537929519473022
0.343662362973389
0.118415896138102
0.538073783646269
0.343510320215629
0.118430868737503
0.539982907084427
0.341586224178069
0.118452203173898
0.543077387859961
0.33847040896614
0.118479100016762
0.546926905058424
0.334593994924815
0.118510870329218
0.551824095667692
0.32966503400309
0.118546270446936
0.5602537024182
0.321200027134864
0.118583088936873
0.583905084255441
0.297511826807687
0.118617320366244
0.696893103447809
0.184489576185947
0.118646007603306
0.881353992396694
0
0.118424253964751
0.566766163997672
0.314809582037576
0.11843172636239
0.570487002053771
0.311081271583838
0.118446703407748
0.574721909291606
0.306831387300646
0.118469085690193
0.578590429331994
0.302940484977813
0.118499017024057
0.581129231893053
0.300371751082889
0.118536882894292
0.582116406282193
0.299346710823515
0.118583088936873
0.583905084255441
0.297511826807687
0.118637413883297
0.596871682474148
0.284490903642555
0.118693907657356
0.674593224213629
0.206712868129015
0.118744545932588
0.881255454067412
0
0.118434973771684
0.695001203268848
0.186563822959467
0.118442739775684
0.71731821636688
0.164239043857436
0.118458423081176
0.739532787276836
0.142008789641987
0.118482403300356
0.753863741360245
0.127653855339399
0.118515532084534
0.749925688914543
0.131558779000923
0.118559523276607
0.727397768443885
0.154042708279508
0.118617320366244
0.696893103447808
0.184489576185948
0.118693907657356
0.674593224213628
0.206712868129016
0.11879199642505
0.727342109728883
0.153865893846066
0.118896616540502
0.881103383459498
0
0.118443046901006
0.881556953098994
0
0.118451041680626
0.881548958319374
0
0.118467344834035
0.881532655165965
0
0.118492650616104
0.881507349383896
0
0.11852842540342
0.88147157459658
0
0.118577634222362
0.881422365777638
0
0.118646007603306
0.881353992396694
0
0.118744545932588
0.881255454067412
0
0.118896616540502
0.881103383459498
0
0.119164693080284
0.880835306919716
0
0.118161207820809
0.449347277051179
0.432491515128012
0.118221494191077
0.508452042771335
0.373326463037589
0.118265327218765
0.802810097022981
0.0789245757582542
0.118303361289946
0.881696638710054
0
0.118348106014507
0.881651893985493
0
0.118383702866388
0.881616297133612
0
0.118408410068248
0.881591589931752
0
0.118424611088595
0.881575388911405
0
0.118435171573306
0.881564828426694
0
0.11844296189995
0.88155703810005
0
0.118221494191077
0.508452042771337
0.373326463037586
0.118249225933923
0.725855793576725
0.155894980489352
0.118280468574253
0.881719531425747
0
0.118321328587517
0.881678671412483
0
0.118361094616576
0.881638905383424
0
0.118393034800627
0.881606965199373
0
0.118416220837086
0.881583779162914
0
0.118432099521996
0.881567900478004
0
0.11844292380384
0.88155707619616
0
0.118450947382887
0.881549052617113
0
0.118265327218765
0.802810097022992
0.0789245757582437
0.118280468574253
0.881719531425747
0
0.118311938589888
0.881688061410112
0
0.118347830379486
0.881652169620514
0
0.118381423208537
0.881618576791463
0
0.118409485312115
0.881590514687885
0
0.118431220228503
0.881568779771497
0
0.118447091948266
0.881552908051734
0
0.118458598144658
0.881541401855342
0
0.118467246408211
0.881532753591789
0
0.118303361289946
0.881696638710054
0
0.118321328587517
0.881678671412483
0
0.118347830379486
0.881652169620514
0
0.118377107186571
0.881622892813429
0
0.118405577900576
0.881594422099424
0
0.118431082218125
0.881568917781875
0
0.118452575594203
0.881547424405797
0
0.118469492249327
0.881530507750673
0
0.118482575245209
0.881517424754791
0
0.118492553741897
0.881507446258103
0
0.118348106014507
0.881651893985493
0
0.118361094616576
0.881638905383424
0
0.118381423208537
0.881618576791463
0
0.118405577900576
0.881594422099424
0
0.118431101930604
0.881568898069396
0
0.118456222433458
0.881543777566542
0
0.118479489706274
0.881520510293726
0
0.118499443927994
0.881500556072006
0
0.118515710587972
0.881484289412028
0
0.118528337434372
0.881471662565628
0
0.118383702866388
0.881616297133612
0
0.118393034800627
0.881606965199373
0
0.118409485312116
0.881590514687884
0
0.118431082218125
0.881568917781875
0
0.118456222433458
0.881543777566542
0
0.118483489879396
0.881516510120604
0
0.118511274298998
0.881488725701002
0
0.118537326000126
0.881462673999874
0
0.118559725841665
0.881440274158334
0
0.118577566780004
0.881422433219996
0
0.118408410068248
0.881591589931752
0
0.118416220837086
0.881583779162914
0
0.118431220228503
0.881568779771497
0
0.118452575594203
0.881547424405797
0
0.118479489706274
0.881520510293726
0
0.118511274298998
0.881488725701002
0
0.118546696522161
0.881453303477839
0
0.118583545692783
0.881416454307217
0
0.118617586470588
0.881382413529412
0
0.118645980512301
0.881354019487699
0
0.118424611088595
0.881575388911405
0
0.118432099521996
0.881567900478004
0
0.118447091948266
0.881552908051734
0
0.118469492249327
0.881530507750673
0
0.118499443927994
0.881500556072006
0
0.118537326000126
0.881462673999874
0
0.118583545692783
0.881416454307217
0
0.118637785694907
0.881362214305093
0
0.118694244962093
0.881305755037907
0
0.118744590557512
0.881255409442488
0
0.118435171573306
0.881564828426694
0
0.11844292380384
0.88155707619616
0
0.118458598144658
0.881541401855342
0
0.118482575245209
0.881517424754791
0
0.118515710587972
0.881484289412028
0
0.118559725841665
0.881440274158335
0
0.118617586470588
0.881382413529412
0
0.118694244962093
0.881305755037907
0
0.118792247205643
0.881207752794357
0
0.118896770810169
0.881103229189832
0
0.11844296189995
0.88155703810005
0
0.118450947382887
0.881549052617113
0
0.118467246408211
0.881532753591789
0
0.118492553741897
0.881507446258103
0
0.118528337434372
0.881471662565627
0
0.118577566780004
0.881422433219996
0
0.118645980512301
0.881354019487699
0
0.118744590557512
0.881255409442488
0
0.118896770810169
0.881103229189831
0
0.119167939452753
0.880832060547247
0
0.118164569563403
0.574307071768701
0.307528358667896
0.118223861093799
0.670126677952626
0.211649460953575
0.118266228068256
0.829822720574574
0.0519110513571699
0.118303251005346
0.881696748994654
0
0.118347896999112
0.881652103000888
0
0.118383491335984
0.881616508664016
0
0.118408215013875
0.881591784986125
0
0.118424439952823
0.881575560047177
0
0.118435019494792
0.881564980505208
0
0.11844275124534
0.88155724875466
0
0.118223861093799
0.670126677952627
0.211649460953574
0.118250341736174
0.807922079476719
0.0738275787871071
0.118280419879216
0.881719580120784
0
0.118321124978182
0.881678875021818
0
0.118360884159062
0.881639115840938
0
0.11839282832791
0.88160717167209
0
0.118416032221684
0.881583967778316
0
0.118431934240076
0.881568065759924
0
0.11844277267798
0.88155722732202
0
0.118450738700562
0.881549261299438
0
0.118266228068256
0.829822720574575
0.0519110513571683
0.118280419879216
0.881719580120784
0
0.118311737065376
0.881688262934624
0
0.118347622660084
0.881652377339916
0
0.118381213547252
0.881618786452748
0
0.118409286204976
0.881590713795024
0
0.118431039140316
0.881568960859684
0
0.118446933455287
0.881553066544713
0
0.118458451336129
0.881541548663871
0
0.118467040996847
0.881532959003153
0
0.118303251005346
0.881696748994654
0
0.118321124978182
0.881678875021818
0
0.118347622660085
0.881652377339916
0
0.118376897433499
0.881623102566501
0
0.118405374403574
0.881594625596426
0
0.118430892609707
0.881569107390293
0
0.118452401599575
0.881547598400425
0
0.118469342709958
0.881530657290042
0
0.118482437639129
0.881517562360871
0
0.11849235400022
0.88150764599978
0
0.118347896999112
0.881652103000888
0
0.118360884159062
0.881639115840938
0
0.118381213547252
0.881618786452748
0
0.118405374403574
0.881594625596426
0
0.118430909306446
0.881569090693554
0
0.118456042975582
0.881543957024418
0
0.118479324550178
0.881520675449822
0
0.118499303723238
0.881500696276762
0
0.11851559053084
0.88148440946916
0
0.118528147429948
0.881471852570052
0
0.118383491335984
0.881616508664016
0
0.11839282832791
0.88160717167209
0
0.118409286204976
0.881590713795024
0
0.118430892609707
0.881569107390293
0
0.118456042975582
0.881543957024418
0
0.118483320865668
0.881516679134332
0
0.118511116279976
0.881488883720024
0
0.118537196079555
0.881462803920445
0
0.118559634671138
0.881440365328862
0
0.118577391647576
0.881422608352424
0
0.118408215013875
0.881591784986125
0
0.118416032221684
0.881583967778316
0
0.118431039140316
0.881568960859684
0
0.118452401599575
0.881547598400425
0
0.118479324550178
0.881520675449822
0
0.118511116279976
0.881488883720024
0
0.118546552064222
0.881453447935778
0
0.118583428197866
0.881416571802134
0
0.118617544806417
0.881382455193583
0
0.11864582504051
0.881354174959491
0
0.118424439952823
0.881575560047177
0
0.118431934240076
0.881568065759924
0
0.118446933455287
0.881553066544713
0
0.118469342709958
0.881530657290042
0
0.118499303723238
0.881500696276762
0
0.118537196079555
0.881462803920445
0
0.118583428197866
0.881416571802134
0
0.118637670233068
0.881362329766932
0
0.118694239286674
0.881305760713326
0
0.118744475716423
0.881255524283577
0
0.118435019494792
0.881564980505208
0
0.11844277267798
0.88155722732202
0
0.118458451336129
0.881541548663871
0
0.118482437639129
0.881517562360871
0
0.11851559053084
0.88148440946916
0
0.118559634671138
0.881440365328862
0
0.118617544806417
0.881382455193583
0
0.118694239286674
0.881305760713326
0
0.118792249263619
0.881207750736381
0
0.118896879439721
0.881103120560279
0
0.118442751245341
0.881557248754659
0
0.118450738700562
0.881549261299438
0
0.118467040996847
0.881532959003153
0
0.118492354000221
0.881507645999779
0
0.118528147429948
0.881471852570052
0
0.118577391647576
0.881422608352424
0
0.11864582504051
0.881354174959491
0
0.118744475716423
0.881255524283577
0
0.118896879439721
0.881103120560279
0
0.119174933487965
0.880825066512035
0
