0.118154515699401
0.392576131575099
0.4892693527255
0.118215064280094
0.410237842199212
0.471547093520694
0.118259038740938
0.452513952094433
0.429227009164629
0.118298224582916
0.523860458889886
0.357841316527198
0.118342873692817
0.538797326828936
0.342859799478246
0.118378487727724
0.53552463446801
0.346096877804266
0.118403163026319
0.537893201175938
0.343703635797743
0.118419305498307
0.566311562795331
0.315269131706362
0.118429982967482
0.69313094375867
0.188439073273847
0.118438029356133
0.881561970643867
0
0.118215064280094
0.41023784219921
0.471547093520696
0.118242865688776
0.437864595085415
0.443892539225809
0.118275180432351
0.502603328992528
0.379121490575121
0.118316117479717
0.529685890027093
0.351997992493189
0.118355847456206
0.533175946542452
0.348468206001342
0.118387807638128
0.530754645900031
0.350857546461841
0.118410946384243
0.537934400812375
0.343654652803381
0.118426776228827
0.569935743196638
0.311637480574535
0.118437739125211
0.71493215070243
0.166630110172359
0.118446008700299
0.881553991299701
0
0.118259038740938
0.452513952094433
0.429227009164629
0.118275180432351
0.502603328992529
0.37912149057512
0.118306735005409
0.525269407472631
0.35642385752196
0.118342566246431
0.530896339529452
0.350761094224118
0.11837618846324
0.529117192472612
0.352506619064148
0.11840423590166
0.528898246887041
0.352697517211298
0.118425915731489
0.539746493458522
0.341827590809989
0.118441740962274
0.574068358958924
0.307489900078803
0.118453395657492
0.736532159079534
0.145014445262975
0.118462275416136
0.881537724583864
0
0.118298224582916
0.523860458889886
0.357841316527198
0.118316117479717
0.529685890027094
0.351997992493189
0.11834256624643
0.530896339529452
0.350761094224118
0.118371865202866
0.528757811233515
0.352870323563619
0.118400336146846
0.526553543470041
0.355046120383113
0.11842579108901
0.529624928039754
0.351949280871236
0.118447228810131
0.542750884982405
0.338801886207464
0.118464088234175
0.577828461931443
0.303707449834382
0.118477317953045
0.750318174448055
0.1312045075989
0.118487512087594
0.881512487912406
0
0.118342873692817
0.538797326828936
0.342859799478247
0.118355847456206
0.53317594654245
0.348468206001344
0.11837618846324
0.529117192472612
0.352506619064148
0.118400336146846
0.526553543470041
0.355046120383113
0.11842581539164
0.527240976425698
0.354333208182662
0.118450872957291
0.532966804888446
0.348582322154263
0.118474076135603
0.546516965783725
0.335008958080671
0.118493943438353
0.58026235974405
0.301243696817597
0.118510338797423
0.746253162286465
0.135236498916112
0.118523167972028
0.881476832027972
0
0.118378487727724
0.535524634468006
0.34609687780427
0.118387807638128
0.530754645900031
0.35085754646184
0.11840423590166
0.528898246887041
0.352697517211299
0.11842579108901
0.529624928039752
0.351949280871238
0.118450872957291
0.532966804888445
0.348582322154264
0.118478067841627
0.539369124443691
0.342152807714682
0.118505761360072
0.551326957768042
0.330167280871886
0.118531657904772
0.581151915613811
0.300316426481418
0.118554166719756
0.723927911190961
0.157517922089283
0.11857217897932
0.88142782102068
0
0.118403163026319
0.537893201175937
0.343703635797745
0.118410946384243
0.537934400812376
0.343654652803381
0.118425915731489
0.539746493458521
0.34182759080999
0.118447228810131
0.542750884982404
0.338801886207465
0.118474076135603
0.546516965783723
0.335008958080674
0.118505761360072
0.551326957768039
0.330167280871889
0.118541050654074
0.559615005350982
0.321843943994944
0.11857770108927
0.58279369198069
0.298628606930041
0.118611737630713
0.693436382603176
0.18795187976611
0.118640191362898
0.881359808637102
0
0.118419305498307
0.566311562795332
0.315269131706361
0.118426776228827
0.569935743196638
0.311637480574536
0.118441740962274
0.574068358958924
0.307489900078803
0.118464088234175
0.577828461931442
0.303707449834383
0.118493943438353
0.580262359744049
0.301243696817598
0.118531657904772
0.581151915613811
0.300316426481418
0.11857770108927
0.58279369198069
0.29862860693004
0.118631862941255
0.595412470522983
0.285955666535762
0.118688066228419
0.670813066686272
0.210498867085309
0.118737919696127
0.881262080303873
0
0.118429982967482
0.693130943758668
0.18843907327385
0.118437739125211
0.714932150702428
0.166630110172361
0.118453395657492
0.736532159079531
0.145014445262977
0.118477317953045
0.750318174448052
0.131204507598903
0.118510338797423
0.746253162286464
0.135236498916114
0.118554166719756
0.723927911190961
0.157517922089283
0.118611737630713
0.693436382603175
0.187951879766111
0.118688066228419
0.670813066686272
0.210498867085309
0.118784803762256
0.716969733003316
0.164245463234428
0.118888191706159
0.881111808293841
0
0.118438029356133
0.881561970643867
0
0.118446008700299
0.881553991299701
0
0.118462275416136
0.881537724583864
0
0.118487512087594
0.881512487912406
0
0.118523167972028
0.881476832027972
0
0.11857217897932
0.88142782102068
0
0.118640191362898
0.881359808637102
0
0.118737919696127
0.881262080303873
0
0.118888191706159
0.881111808293841
0
0.119152375151669
0.880847624848331
0
0.118156591208267
0.449152064528919
0.432691344262814
0.118216817842236
0.507956650205345
0.373826531952419
0.118260594610263
0.800074567770156
0.0816648376195815
0.118298514215603
0.881701485784397
0
0.118343125033881
0.881656874966119
0
0.118378713735148
0.881621286264852
0
0.11840345408046
0.88159654591954
0
0.118419661294831
0.881580338705169
0
0.118430182481149
0.881569817518851
0
0.118437944875982
0.881562055124018
0
0.118216817842236
0.507956650205348
0.373826531952416
0.118244518230906
0.722624380298504
0.15913110147059
0.11827569052167
0.88172430947833
0
0.118316405039625
0.881683594960375
0
0.118356105955844
0.881643894044156
0
0.118388057430759
0.881611942569241
0
0.118411269279486
0.881588730720514
0
0.118427147940277
0.881572852059723
0
0.118437924669647
0.881562075330353
0
0.118445914772252
0.881554085227748
0
0.118260594610263
0.800074567770166
0.0816648376195712
0.11827569052167
0.88172430947833
0
0.118307038380076
0.881692961619924
0
0.118342857901902
0.881657142098098
0
0.118376434809648
0.881623565190352
0
0.118404517340718
0.881595482659282
0
0.118426265414936
0.881573734585064
0
0.118442127787357
0.881557872212643
0
0.118453572144052
0.881546427855948
0
0.11846217725684
0.88153782274316
0
0.118298514215603
0.881701485784397
0
0.118316405039625
0.881683594960375
0
0.118342857901902
0.881657142098098
0
0.118372116900116
0.881627883099884
0
0.118400597484571
0.881599402515429
0
0.118426112365267
0.881573887634733
0
0.118447599613919
0.881552400386081
0
0.118464492547944
0.881535507452057
0
0.118477491402531
0.881522508597469
0
0.118487415472858
0.881512584527142
0
0.118343125033881
0.881656874966119
0
0.118356105955844
0.881643894044156
0
0.118376434809648
0.881623565190352
0
0.118400597484571
0.881599402515429
0
0.118426124615056
0.881573875384944
0
0.118451230810117
0.881548769189883
0
0.118474464460275
0.881525535539725
0
0.118494367481178
0.881505632518822
0
0.118510519254979
0.881489480745021
0
0.118523080443962
0.881476919556038
0
0.118378713735148
0.881621286264852
0
0.118388057430759
0.881611942569241
0
0.118404517340718
0.881595482659282
0
0.118426112365267
0.881573887634733
0
0.118451230810117
0.881548769189883
0
0.118478451690113
0.881521548309887
0
0.118506164646751
0.881493835353249
0
0.118532106481567
0.881467893518433
0
0.118554372169694
0.881445627830306
0
0.118572112490173
0.881427887509827
0
0.11840345408046
0.88159654591954
0
0.118411269279486
0.881588730720514
0
0.118426265414936
0.881573734585064
0
0.118447599613919
0.881552400386081
0
0.118474464460275
0.881525535539725
0
0.118506164646751
0.881493835353249
0
0.118541476313015
0.881458523686985
0
0.118578167350589
0.881421832649411
0
0.118612009459317
0.881387990540683
0
0.118640166435035
0.881359833564965
0
0.118419661294831
0.881580338705169
0
0.118427147940277
0.881572852059723
0
0.118442127787357
0.881557872212643
0
0.118464492547943
0.881535507452057
0
0.118494367481178
0.881505632518822
0
0.118532106481567
0.881467893518433
0
0.118578167350589
0.881421832649411
0
0.118632236787033
0.881367763212967
0
0.118688396417086
0.881311603582914
0
0.118737971360137
0.881262028639863
0
0.118430182481149
0.881569817518851
0
0.118437924669647
0.881562075330353
0
0.118453572144052
0.881546427855948
0
0.118477491402531
0.881522508597469
0
0.118510519254979
0.881489480745021
0
0.118554372169694
0.881445627830306
0
0.118612009459317
0.881387990540683
0
0.118688396417086
0.881311603582914
0
0.118785068947963
0.881214931052037
0
0.118888351296263
0.881111648703737
0
0.118437944875982
0.881562055124018
0
0.118445914772252
0.881554085227748
0
0.11846217725684
0.88153782274316
0
0.118487415472858
0.881512584527142
0
0.118523080443962
0.881476919556038
0
0.118572112490173
0.881427887509827
0
0.118640166435035
0.881359833564965
0
0.118737971360137
0.881262028639863
0
0.118888351296263
0.881111648703737
0
0.119155640185988
0.880844359814012
0
0.118159949333879
0.574051642419823
0.307788408246298
0.118219184677402
0.669606849049013
0.212173966273586
0.118261502258073
0.828697897209172
0.0530406005327544
0.118298405824098
0.881701594175902
0
0.118342916035737
0.881657083964263
0
0.118378501855225
0.881621498144776
0
0.118403258079485
0.881596741920515
0
0.118419489037682
0.881580510962318
0
0.118430029776321
0.881569970223679
0
0.118437733549596
0.881562266450404
0
0.118219184677402
0.669606849049014
0.212173966273584
0.118245644758524
0.807151810242488
0.074602544998988
0.118275644116457
0.881724355883543
0
0.118316201287519
0.881683798712481
0
0.118355895390337
0.881644104609663
0
0.118387850303264
0.881612149696736
0
0.118411079637711
0.881588920362289
0
0.118426981451304
0.881573018548696
0
0.118437772887736
0.881562227112264
0
0.118445705425574
0.881554294574426
0
0.118261502258073
0.828697897209174
0.0530406005327529
0.118275644116458
0.881724355883542
0
0.118306836607275
0.881693163392725
0
0.11834265007952
0.88165734992048
0
0.118376224773695
0.881623775226305
0
0.118404317332898
0.881595682667102
0
0.118426083258159
0.881573916741841
0
0.118441967950241
0.881558032049759
0
0.118453424612918
0.881546575387082
0
0.118461971185361
0.881538028814639
0
0.118298405824098
0.881701594175902
0
0.118316201287519
0.881683798712481
0
0.11834265007952
0.88165734992048
0
0.118371906873195
0.881628093126805
0
0.118400393216351
0.881599606783649
0
0.118425921722353
0.881574078277647
0
0.118447424527393
0.881552575472607
0
0.118464341444582
0.881535658555418
0
0.11847735305481
0.88152264694519
0
0.11848721507118
0.88151278492882
0
0.118342916035737
0.881657083964263
0
0.118355895390337
0.881644104609663
0
0.118376224773695
0.881623775226305
0
0.118400393216351
0.881599606783649
0
0.11842593097519
0.88157406902481
0
0.118451050289951
0.881548949710049
0
0.118474298186446
0.881525701813554
0
0.118494225466818
0.881505774533182
0
0.118510398714738
0.881489601285262
0
0.118522889722588
0.881477110277412
0
0.118378501855225
0.881621498144776
0
0.118387850303264
0.881612149696736
0
0.118404317332898
0.881595682667102
0
0.118425921722353
0.881574078277647
0
0.11845105028995
0.88154894971005
0
0.118478281627805
0.881521718372195
0
0.118506005525638
0.881493994474362
0
0.118531975792724
0.881468024207276
0
0.118554280520567
0.881445719479433
0
0.11857193633616
0.88142806366384
0
0.118403258079485
0.881596741920515
0
0.118411079637711
0.881588920362289
0
0.118426083258159
0.881573916741841
0
0.118447424527393
0.881552575472607
0
0.118474298186446
0.881525701813554
0
0.118506005525638
0.881493994474362
0
0.118541330636533
0.881458669363467
0
0.1185780492241
0.8814219507759
0
0.118611966910648
0.881388033089352
0
0.118640008759253
0.881359991240747
0
0.118419489037682
0.881580510962318
0
0.118426981451304
0.881573018548696
0
0.118441967950241
0.881558032049759
0
0.118464341444582
0.881535658555418
0
0.118494225466818
0.881505774533182
0
0.118531975792724
0.881468024207276
0
0.1185780492241
0.8814219507759
0
0.118632118798437
0.881367881201563
0
0.118688376927193
0.881311623072807
0
0.118737854192218
0.881262145807782
0
0.118430029776321
0.881569970223679
0
0.118437772887736
0.881562227112264
0
0.118453424612918
0.881546575387082
0
0.11847735305481
0.88152264694519
0
0.118510398714738
0.881489601285262
0
0.118554280520567
0.881445719479433
0
0.118611966910648
0.881388033089352
0
0.118688376927193
0.881311623072807
0
0.118785072736241
0.881214927263759
0
0.11888845267916
0.88111154732084
0
0.118437733549596
0.881562266450404
0
0.118445705425574
0.881554294574426
0
0.118461971185361
0.881538028814639
0
0.11848721507118
0.88151278492882
0
0.118522889722588
0.881477110277412
0
0.11857193633616
0.88142806366384
0
0.118640008759253
0.881359991240747
0
0.118737854192218
0.881262145807782
0
0.11888845267916
0.88111154732084
0
0.119162699118122
0.880837300881878
0
