0.118149913123267
0.392520035934243
0.48933005094249
0.118210401828784
0.410080878520348
0.471708719650868
0.118254318589006
0.451972388026305
0.429773293384688
0.118293380531139
0.523326351274449
0.358380268194412
0.118337898716995
0.538700001109086
0.342962100173919
0.118373501684823
0.535687434868018
0.345939063447159
0.118398211366641
0.537861304156862
0.343740484476497
0.118414359600591
0.565865385873469
0.31572025452594
0.118424995727664
0.691288139565107
0.190286864707229
0.118433016115221
0.881566983884779
0
0.118210401828784
0.410080878520346
0.47170871965087
0.118238168541835
0.437446369032669
0.444315462425497
0.118270404430414
0.501962714050868
0.379766881518718
0.118311202556902
0.529415092081548
0.35227370536155
0.118350862205662
0.533225727727058
0.34842341006728
0.118382832388126
0.530876714272145
0.350740453339729
0.118405996734205
0.537801223988485
0.34379277927731
0.118421825319625
0.569394686856837
0.312183487823538
0.11843273826308
0.712587204724613
0.168980057012307
0.118440975928677
0.881559024071323
0
0.118254318589006
0.451972388026306
0.429773293384688
0.118270404430414
0.501962714050868
0.379766881518717
0.118301844137941
0.524942100499891
0.356756055362169
0.118337597590603
0.53084022934643
0.350822173062967
0.11837119987784
0.529252238843181
0.352376561278979
0.118399266535771
0.528938165344371
0.352662568119858
0.118420957037391
0.539517383386991
0.342061659575617
0.118436770605162
0.573427815881845
0.308135413512993
0.118448359585766
0.733593747878043
0.147957892536191
0.118457196746613
0.881542803253387
0
0.118293380531139
0.523326351274448
0.358380268194412
0.118311202556902
0.529415092081549
0.352273705361549
0.118337597590603
0.53084022934643
0.350822173062967
0.118366873857894
0.528877309923956
0.352755816218149
0.118395351551469
0.526661566866125
0.354943081582406
0.118420813096295
0.529548949821828
0.352030237081877
0.118442239403449
0.542432490780349
0.339125269816201
0.118459071332808
0.57708384888031
0.304457079786882
0.118472208835579
0.746858504740063
0.134669286424358
0.11848234674159
0.88151765325841
0
0.118337898716996
0.538700001109085
0.34296210017392
0.118350862205662
0.533225727727056
0.348423410067282
0.11837119987784
0.529252238843181
0.352376561278979
0.118395351551469
0.526661566866125
0.354943081582406
0.118420827940192
0.527213968466295
0.354365203593512
0.118445862541141
0.532764892393952
0.348789245064907
0.118469023166817
0.546116210781144
0.335414766052038
0.118488835093139
0.579418610455079
0.302092554451782
0.11850509514995
0.742674226916409
0.138820677933641
0.118517853361109
0.881482146638892
0
0.118373501684823
0.535687434868014
0.345939063447163
0.118382832388126
0.530876714272146
0.350740453339728
0.118399266535771
0.52893816534437
0.352662568119858
0.118420813096295
0.529548949821826
0.352030237081878
0.118445862541141
0.532764892393951
0.348789245064908
0.118472995913631
0.539042586560347
0.342484417526022
0.118500600949747
0.550841030927809
0.330658368122444
0.118526389795161
0.580215642964452
0.301257967240387
0.11854870596493
0.720549336472587
0.160901957562483
0.118566617932984
0.881433382067016
0
0.118398211366641
0.53786130415686
0.343740484476499
0.118405996734205
0.537801223988485
0.34379277927731
0.118420957037392
0.53951738338699
0.342061659575618
0.118442239403449
0.542432490780348
0.339125269816203
0.118469023166817
0.546116210781142
0.335414766052041
0.118500600949747
0.550841030927806
0.330658368122447
0.118535729162682
0.558991161066018
0.3224731097713
0.11857215550652
0.581710383543385
0.299717460950095
0.118605982432615
0.690119942049173
0.191274075518212
0.11863420783428
0.88136579216572
0
0.118414359600591
0.565865385873469
0.31572025452594
0.118421825319625
0.569394686856836
0.312183487823538
0.118436770605162
0.573427815881845
0.308135413512993
0.118459071332808
0.57708384888031
0.304457079786882
0.118488835093139
0.579418610455078
0.302092554451783
0.118526389795161
0.580215642964452
0.301257967240387
0.11857215550652
0.581710383543385
0.299717460950095
0.118626094618747
0.594010549076822
0.287363356304431
0.118681946598584
0.667348242662564
0.213969810738852
0.11873106242232
0.88126893757768
0
0.118424995727663
0.691288139565105
0.190286864707232
0.11843273826308
0.712587204724611
0.168980057012309
0.118448359585766
0.733593747878041
0.147957892536193
0.118472208835579
0.74685850474006
0.134669286424361
0.11850509514995
0.742674226916408
0.138820677933642
0.11854870596493
0.720549336472587
0.160901957562483
0.118605982432615
0.690119942049172
0.191274075518213
0.118681946598584
0.667348242662564
0.213969810738852
0.118777288974387
0.707840583455413
0.1733821275702
0.118879412477578
0.881120587522422
0
0.118433016115221
0.881566983884779
0
0.118440975928677
0.881559024071323
0
0.118457196746613
0.881542803253387
0
0.11848234674159
0.88151765325841
0
0.118517853361108
0.881482146638892
0
0.118566617932984
0.881433382067016
0
0.11863420783428
0.88136579216572
0
0.11873106242232
0.88126893757768
0
0.118879412477578
0.881120587522422
0
0.119139257903155
0.880860742096845
0
0.118151986588708
0.448957953497928
0.432890059913364
0.118212153281271
0.507468019520765
0.374319827197964
0.118255873738182
0.797318007148955
0.0844261191128631
0.118293679940048
0.881706320059952
0
0.118338153676615
0.881661846323385
0
0.118373730106557
0.881626269893443
0
0.118398501311866
0.881601498688134
0
0.118414714285841
0.881585285714159
0
0.118425197016344
0.881574802983656
0
0.118432932185741
0.881567067814259
0
0.118212153281271
0.507468019520768
0.374319827197961
0.118239821818938
0.719422338471159
0.162337839709903
0.118270924517289
0.881729075482711
0
0.118311492470661
0.881688507529339
0
0.118351124426967
0.881648875573033
0
0.118383082835027
0.881616917164973
0
0.118406318177249
0.881593681822752
0
0.118422195814994
0.881577804185006
0
0.118432925376156
0.881567074623844
0
0.118440882402368
0.881559117597632
0
0.118255873738182
0.797318007148965
0.0844261191128523
0.118270924517289
0.881729075482711
0
0.118302149058547
0.881697850941453
0
0.118337893000708
0.881662106999292
0
0.11837144868301
0.88162855131699
0
0.118399547095548
0.881600452904452
0
0.1184213052903
0.8815786947097
0
0.118437155995588
0.881562844004412
0
0.118448537541042
0.881551462458958
0
0.118457098889385
0.881542901110615
0
0.118293679940048
0.881706320059952
0
0.11831149247066
0.881688507529339
0
0.118337893000708
0.881662106999292
0
0.118367128643242
0.881632871356757
0
0.118395612908034
0.881604387091966
0
0.118421132807655
0.881578867192345
0
0.118442609026897
0.881557390973103
0
0.118459473783652
0.881540526216348
0
0.118472383828762
0.881527616171238
0
0.118482250424578
0.881517749575423
0
0.118338153676615
0.881661846323385
0
0.118351124426967
0.881648875573033
0
0.11837144868301
0.88162855131699
0
0.118395612908034
0.881604387091966
0
0.118421135659008
0.881578864340992
0
0.118446219064002
0.881553780935998
0
0.118469410610178
0.881530589389822
0
0.118489256625845
0.881510743374155
0
0.118505277573012
0.881494722426989
0
0.118517766316473
0.881482233683527
0
0.118373730106557
0.881626269893443
0
0.118383082835026
0.881616917164974
0
0.118399547095548
0.881600452904452
0
0.118421132807655
0.881578867192345
0
0.118446219064002
0.881553780935998
0
0.118473379031818
0.881526620968182
0
0.118501003618574
0.881498996381426
0
0.118526835389135
0.881473164610865
0
0.118548914711783
0.881451085288217
0
0.118566552469604
0.881433447530396
0
0.118398501311866
0.881601498688134
0
0.118406318177249
0.881593681822752
0
0.118421305290301
0.881578694709699
0
0.118442609026897
0.881557390973103
0
0.118469410610178
0.881530589389822
0
0.118501003618574
0.881498996381426
0
0.118536155108115
0.881463844891885
0
0.118572635251508
0.881427364748492
0
0.118606260246274
0.881393739753726
0
0.118634185188457
0.881365814811543
0
0.118414714285841
0.881585285714159
0
0.118422195814994
0.881577804185006
0
0.118437155995588
0.881562844004412
0
0.118459473783652
0.881540526216348
0
0.118489256625845
0.881510743374155
0
0.118526835389135
0.881473164610865
0
0.118572635251508
0.881427364748492
0
0.118626471314648
0.881373528685352
0
0.118682270558438
0.881317729441562
0
0.118731121051026
0.881268878948974
0
0.118425197016344
0.881574802983656
0
0.118432925376156
0.881567074623844
0
0.118448537541042
0.881551462458958
0
0.118472383828762
0.881527616171238
0
0.118505277573012
0.881494722426988
0
0.118548914711783
0.881451085288217
0
0.118606260246274
0.881393739753726
0
0.118682270558438
0.881317729441562
0
0.118777569425135
0.881222430574865
0
0.118879577252567
0.881120422747433
0
0.118432932185741
0.881567067814259
0
0.118440882402368
0.881559117597632
0
0.118457098889385
0.881542901110615
0
0.118482250424578
0.881517749575423
0
0.118517766316473
0.881482233683527
0
0.118566552469604
0.881433447530396
0
0.118634185188457
0.881365814811543
0
0.118731121051026
0.881268878948974
0
0.118879577252567
0.881120422747433
0
0.119142541555307
0.880857458444693
0
0.118155341113605
0.573795742056792
0.308048916829604
0.118214519994331
0.669089376252636
0.212696103753033
0.118256788097265
0.827612014585699
0.054131197317036
0.118293573380663
0.881706426619337
0
0.118337944710509
0.881662055289491
0
0.118373517916128
0.881626482083872
0
0.118398304405494
0.881601695594507
0
0.118414540940366
0.881585459059634
0
0.118425043702637
0.881574956297363
0
0.118432720196453
0.881567279803547
0
0.118214519994331
0.669089376252637
0.212696103753032
0.118240959307721
0.806387493208754
0.0753715474835253
0.118270880399459
0.881729119600541
0
0.118311288580618
0.881688711419382
0
0.118350913773945
0.881649086226055
0
0.118382875100553
0.881617124899447
0
0.118406127548882
0.881593872451118
0
0.118422028155562
0.881577971844438
0
0.118432772955477
0.881567227044523
0
0.118440672397258
0.881559327602742
0
0.118256788097265
0.8276120145857
0.0541311973170345
0.11827088039946
0.88172911960054
0
0.11830194704255
0.88169805295745
0
0.118337685083955
0.881662314916045
0
0.118371238316279
0.881628761683721
0
0.118399346237455
0.881600653762546
0
0.118421122105812
0.881578877894188
0
0.118436994859542
0.881563005140458
0
0.118448389300953
0.881551610699047
0
0.118456892158068
0.881543107841932
0
0.118293573380663
0.881706426619337
0
0.118311288580618
0.881688711419382
0
0.118337685083955
0.881662314916045
0
0.11836691838228
0.88163308161772
0
0.118395407924414
0.881604592075586
0
0.11842094117869
0.88157905882131
0
0.118442432893855
0.881557567106145
0
0.118459321178784
0.881540678821216
0
0.11847224473264
0.88152775526736
0
0.118482049352918
0.881517950647082
0
0.118337944710509
0.881662055289491
0
0.118350913773945
0.881649086226055
0
0.118371238316279
0.881628761683721
0
0.118395407924414
0.881604592075586
0
0.118420941054648
0.881579058945352
0
0.118446037526569
0.881553962473431
0
0.118469243265533
0.881530756734467
0
0.118489112834682
0.881510887165318
0
0.118505156462485
0.881494843537516
0
0.118517574855569
0.881482425144431
0
0.118373517916128
0.881626482083872
0
0.118382875100553
0.881617124899447
0
0.118399346237455
0.881600653762545
0
0.11842094117869
0.88157905882131
0
0.118446037526569
0.881553962473431
0
0.118473207954558
0.881526792045442
0
0.118500843370189
0.881499156629811
0
0.118526702681739
0.881473297318261
0
0.118548823004529
0.881451176995471
0
0.11856637529088
0.88143362470912
0
0.118398304405493
0.881601695594507
0
0.118406127548882
0.881593872451117
0
0.118421122105812
0.881578877894188
0
0.118442432893855
0.881557567106145
0
0.118469243265533
0.881530756734467
0
0.118500843370189
0.881499156629811
0
0.118536008295261
0.881463991704739
0
0.118572517320171
0.881427482679829
0
0.118606216837628
0.881393783162372
0
0.118634025296356
0.881365974703644
0
0.118414540940366
0.881585459059634
0
0.118422028155562
0.881577971844438
0
0.118436994859542
0.881563005140458
0
0.118459321178784
0.881540678821216
0
0.118489112834682
0.881510887165318
0
0.118526702681739
0.881473297318261
0
0.118572517320171
0.881427482679829
0
0.118626351015785
0.881373648984215
0
0.118682238848767
0.881317761151233
0
0.118731000479527
0.881268999520473
0
0.118425043702637
0.881574956297363
0
0.118432772955477
0.881567227044523
0
0.118448389300953
0.881551610699047
0
0.11847224473264
0.88152775526736
0
0.118505156462484
0.881494843537516
0
0.118548823004529
0.881451176995471
0
0.118606216837628
0.881393783162372
0
0.118682238848767
0.881317761151233
0
0.118777574944768
0.881222425055232
0
0.118879668402383
0.881120331597617
0
0.118432720196453
0.881567279803547
0
0.118440672397258
0.881559327602742
0
0.118456892158068
0.881543107841932
0
0.118482049352918
0.881517950647082
0
0.118517574855569
0.881482425144431
0
0.11856637529088
0.88143362470912
0
0.118634025296356
0.881365974703644
0
0.118731000479527
0.881268999520473
0
0.118879668402383
0.881120331597617
0
0.119149670452598
0.880850329547402
0
