0.11814531341374
0.392465089869238
0.489389596717023
0.118205741929824
0.40992620356858
0.471868054501596
0.118249600388368
0.451437985164422
0.430312414447211
0.118288539328884
0.522780658784566
0.35893080188655
0.118332922450163
0.538590306911787
0.34307677063805
0.118368509145415
0.535842653958356
0.345788836896228
0.118393250062017
0.537833668101175
0.343773081836808
0.118409403263175
0.565427718345415
0.31616287839141
0.118419998889731
0.689473199081715
0.192106802028554
0.11842799398135
0.88157200601865
0
0.118205741929824
0.409926203568578
0.471868054501598
0.118233473498107
0.437033514379384
0.444733012122509
0.118265630541178
0.501321230943124
0.380413138515698
0.118306288105501
0.529137035564319
0.35255667633018
0.118345872624338
0.533264081542586
0.348390045833076
0.118377847228052
0.5309970880754
0.350625064696548
0.118401033988756
0.537674180202392
0.343924785808852
0.118416859840963
0.568863933603628
0.312719206555409
0.118427723227395
0.710283761126068
0.171288515646537
0.118435929371652
0.881564070628348
0
0.118249600388368
0.451437985164422
0.43031241444721
0.118265630541178
0.501321230943125
0.380413138515697
0.11829695378157
0.524610216076015
0.357092830142415
0.11833262528726
0.530773138104119
0.350894236608621
0.118366201095124
0.529380409074745
0.35225338983013
0.118394281152883
0.528981402470381
0.352624316376736
0.11841597822625
0.539295609208815
0.342288412564935
0.118431777017047
0.572800385035251
0.308767837947702
0.118443299516265
0.730717824857008
0.150838875626727
0.118452093517994
0.881547906482006
0
0.118288539328884
0.522780658784567
0.358930801886549
0.118306288105501
0.52913703556432
0.352556676330179
0.11833262528726
0.53077313810412
0.35089423660862
0.11836187218885
0.528988198825429
0.352649928985721
0.118390349161351
0.526770265595622
0.354839385243027
0.118415810582391
0.529479426483225
0.352104762934383
0.118437219113863
0.54212233533457
0.339440445551567
0.118454017345681
0.576356646876709
0.305189335777611
0.118467059266028
0.743484996705251
0.138047944028721
0.118477138159111
0.881522861840889
0
0.118332922450163
0.538590306911786
0.343076770638051
0.118345872624338
0.533264081542585
0.348390045833077
0.118366201095124
0.529380409074745
0.352253389830131
0.118390349161351
0.526770265595622
0.354839385243028
0.118415814298828
0.527192974732772
0.3543912109684
0.118440816802502
0.532570712072048
0.34898847112545
0.118463924811217
0.545724831065195
0.335811244123587
0.118483670160038
0.578597966707328
0.302918363132634
0.118499785215112
0.739190428750742
0.142309786034146
0.118512465424957
0.881487534575043
0
0.118368509145416
0.535842653958353
0.345788836896232
0.118377847228052
0.530997088075401
0.350625064696548
0.118394281152883
0.528981402470381
0.352624316376736
0.118415810582391
0.529479426483223
0.352104762934385
0.118440816802502
0.532570712072047
0.348988471125451
0.118467875787782
0.53872454159881
0.342807582613409
0.118495377855166
0.55036656508263
0.331138057062205
0.118521041741603
0.579309332538855
0.302169625719541
0.118543136171682
0.717266045361123
0.164190818467195
0.118560937019403
0.881439062980597
0
0.118393250062017
0.537833668101173
0.34377308183681
0.118401033988756
0.537674180202391
0.343924785808853
0.11841597822625
0.539295609208814
0.342288412564936
0.118437219113863
0.542122335334568
0.339440445551568
0.118463924811217
0.545724831065193
0.33581124412359
0.118495377855166
0.550366565082627
0.331138057062207
0.118530328323142
0.558383859683779
0.32308581199308
0.118566520547836
0.580664377844612
0.300769101607552
0.118600031332654
0.686929754218115
0.194470214449232
0.11862803858366
0.88137196141634
0
0.118409403263175
0.565427718345415
0.31616287839141
0.118416859840963
0.568863933603628
0.312719206555409
0.118431777017047
0.572800385035251
0.308767837947702
0.118454017345681
0.576356646876708
0.305189335777611
0.118483670160038
0.578597966707328
0.302918363132635
0.118521041741603
0.579309332538855
0.302169625719542
0.118566520547836
0.580664377844612
0.300769101607552
0.11862004880248
0.592649967243536
0.288729983953984
0.118675527917381
0.664148692045638
0.217175780036981
0.11872395864886
0.88127604135114
0
0.118419998889731
0.689473199081712
0.192106802028556
0.118427723227395
0.710283761126065
0.17128851564654
0.118443299516265
0.730717824857006
0.15083887562673
0.118467059266028
0.743484996705248
0.138047944028724
0.118499785215112
0.739190428750741
0.142309786034147
0.118543136171682
0.717266045361123
0.164190818467194
0.118600031332654
0.686929754218114
0.194470214449232
0.118675527917381
0.664148692045638
0.217175780036981
0.11876944642672
0.699775624105899
0.181454929467381
0.118870281190809
0.881129718809191
0
0.11842799398135
0.88157200601865
0
0.118435929371652
0.881564070628348
0
0.118452093517995
0.881547906482006
0
0.118477138159111
0.881522861840889
0
0.118512465424957
0.881487534575043
0
0.118560937019403
0.881439062980597
0
0.11862803858366
0.88137196141634
0
0.11872395864886
0.88127604135114
0
0.118870281190809
0.881129718809191
0
0.119125363943121
0.880874636056879
0
0.11814738484085
0.448765456956461
0.433087158202689
0.118207491275549
0.506986664611802
0.374805844112649
0.118251154929452
0.79454424395916
0.0872046011113878
0.118288848359493
0.881711151640507
0
0.118333181227654
0.881666818772346
0
0.118368740344833
0.881631259655167
0
0.11839353929256
0.88160646070744
0
0.118409757082598
0.881590242917402
0
0.118420202023891
0.881579797976109
0
0.118427910634417
0.881572089365583
0
0.118207491275549
0.506986664611805
0.374805844112646
0.118235127271486
0.71625142745534
0.165513445273174
0.118266160846634
0.881733839153366
0
0.118306580540702
0.881693419459298
0
0.118346138824605
0.881653861175395
0
0.118378098787799
0.881621901212201
0
0.118401354360091
0.881598645639909
0
0.11841722936656
0.88158277063344
0
0.118427911966318
0.881572088033682
0
0.118435836279959
0.881564163720041
0
0.118251154929452
0.794544243959171
0.0872046011113766
0.118266160846634
0.881733839153366
0
0.118297260423063
0.881702739576937
0
0.118332924654897
0.881667075345103
0
0.118366452780644
0.881633547219356
0
0.118394561328826
0.881605438671174
0
0.118416325418097
0.881583674581903
0
0.118432161234212
0.881567838765788
0
0.118443478988062
0.881556521011938
0
0.118451995997498
0.881548004002502
0
0.118288848359493
0.881711151640507
0
0.118306580540702
0.881693419459298
0
0.118332924654897
0.881667075345103
0
0.118362130453688
0.881637869546312
0
0.118390611072768
0.881609388927233
0
0.11841612919469
0.88158387080531
0
0.118437587920289
0.881562412079711
0
0.118454418231841
0.881545581768159
0
0.118467235841179
0.881532764158821
0
0.118477042174912
0.881522957825088
0
0.118333181227654
0.881666818772346
0
0.118346138824605
0.881653861175395
0
0.118366452780644
0.881633547219356
0
0.118390611072768
0.881609388927233
0
0.118416121009233
0.881583878990767
0
0.118441172393828
0.881558827606172
0
0.118464311714451
0.881535688285549
0
0.118484089547487
0.881515910452513
0
0.118499969623517
0.881500030376483
0
0.118512378895667
0.881487621104333
0
0.118368740344833
0.881631259655167
0
0.118378098787798
0.881621901212202
0
0.118394561328826
0.881605438671174
0
0.11841612919469
0.88158387080531
0
0.118441172393828
0.881558827606172
0
0.118468258473324
0.881531741526676
0
0.118495780070411
0.881504219929589
0
0.11852148444187
0.88147851555813
0
0.118543348173815
0.881456651826185
0
0.118560872622216
0.881439127377784
0
0.11839353929256
0.88160646070744
0
0.118401354360091
0.881598645639909
0
0.118416325418097
0.881583674581903
0
0.118437587920289
0.881562412079711
0
0.118464311714451
0.881535688285549
0
0.118495780070411
0.881504219929589
0
0.118530753318622
0.881469246681378
0
0.118567000091649
0.881432999908351
0
0.118600316209064
0.881399683790936
0
0.118628018347076
0.881371981652924
0
0.118409757082598
0.881590242917402
0
0.11841722936656
0.88158277063344
0
0.118432161234212
0.881567838765788
0
0.118454418231841
0.881545581768159
0
0.118484089547487
0.881515910452513
0
0.11852148444187
0.88147851555813
0
0.118567000091649
0.881432999908351
0
0.118620437378271
0.881379562621729
0
0.118675846696568
0.881324153303432
0
0.118724024281236
0.881275975718764
0
0.118420202023891
0.881579797976109
0
0.118427911966318
0.881572088033682
0
0.118443478988062
0.881556521011937
0
0.11846723584118
0.88153276415882
0
0.118499969623517
0.881500030376483
0
0.118543348173815
0.881456651826185
0
0.118600316209064
0.881399683790936
0
0.118675846696568
0.881324153303432
0
0.118769743072162
0.881230256927838
0
0.118870451264472
0.881129548735528
0
0.118427910634417
0.881572089365583
0
0.118435836279959
0.881564163720041
0
0.118451995997498
0.881548004002502
0
0.118477042174912
0.881522957825088
0
0.118512378895667
0.881487621104333
0
0.118560872622216
0.881439127377784
0
0.118628018347076
0.881371981652924
0
0.118724024281236
0.881275975718764
0
0.118870451264472
0.881129548735528
0
0.119128665709644
0.880871334290356
0
0.118150735775511
0.573540052040241
0.308309212184249
0.118209857811127
0.668575063378587
0.213215078810287
0.118252075921715
0.826563644536229
0.055184279542056
0.11828874357811
0.88171125642189
0
0.118332972310284
0.881667027689716
0
0.118368527885575
0.881631472114425
0
0.11839334152481
0.88160665847519
0
0.118409582683338
0.881590417316662
0
0.118420048118659
0.881579951881341
0
0.118427697990755
0.881572302009245
0
0.118209857811126
0.668575063378589
0.213215078810285
0.118236275962521
0.805629216931226
0.0761345071062529
0.118266119016063
0.881733880983937
0
0.118306376521718
0.881693623478282
0
0.118345928107088
0.881654071892912
0
0.118377890495898
0.881622109504102
0
0.118401162786089
0.881598837213911
0
0.118417060572574
0.881582939427426
0
0.118427758922622
0.881572241077378
0
0.118435625621343
0.881564374378657
0
0.118252075921715
0.826563644536231
0.0551842795420545
0.118266119016063
0.881733880983937
0
0.118297058174074
0.881702941825926
0
0.11833271665535
0.88166728334465
0
0.118366242127341
0.881633757872659
0
0.118394359670488
0.881605640329512
0
0.118416141243958
0.881583858756041
0
0.118431998838747
0.881568001161253
0
0.118443330048723
0.881556669951277
0
0.118451788605044
0.881548211394956
0
0.11828874357811
0.88171125642189
0
0.118306376521718
0.881693623478282
0
0.11833271665535
0.88166728334465
0
0.118361919998287
0.881638080001713
0
0.118390405427814
0.881609594572186
0
0.118415936623387
0.881584063376613
0
0.118437410776227
0.881562589223773
0
0.11845426417277
0.88154573582723
0
0.118467095987288
0.881532904012712
0
0.118476840420985
0.881523159579015
0
0.118332972310284
0.881667027689716
0
0.118345928107088
0.881654071892912
0
0.118366242127341
0.881633757872659
0
0.118390405427814
0.881609594572186
0
0.118415925486261
0.881584074513739
0
0.118440989873773
0.881559010126227
0
0.118464143330142
0.881535856669858
0
0.11848394403964
0.88151605596036
0
0.118499847873202
0.881500152126798
0
0.118512186668261
0.881487813331739
0
0.118368527885575
0.881631472114425
0
0.118377890495898
0.881622109504102
0
0.118394359670488
0.881605640329512
0
0.118415936623387
0.881584063376613
0
0.118440989873773
0.881559010126228
0
0.118468086404387
0.881531913595613
0
0.118495618702581
0.881504381297419
0
0.118521349696912
0.881478650303088
0
0.118543256195954
0.881456743804046
0
0.118560694382162
0.881439305617839
0
0.118393341524809
0.881606658475191
0
0.11840116278609
0.881598837213911
0
0.118416141243958
0.881583858756042
0
0.118437410776227
0.881562589223773
0
0.118464143330142
0.881535856669858
0
0.118495618702581
0.881504381297419
0
0.118530605145345
0.881469394854655
0
0.118566880194233
0.881433119805767
0
0.118600272778906
0.881399727221094
0
0.118627856252226
0.881372143747774
0
0.118409582683338
0.881590417316662
0
0.118417060572574
0.881582939427426
0
0.118431998838747
0.881568001161253
0
0.11845426417277
0.88154573582723
0
0.11848394403964
0.88151605596036
0
0.118521349696912
0.881478650303088
0
0.118566880194233
0.881433119805767
0
0.118620317450863
0.881379682549137
0
0.118675804284291
0.881324195715709
0
0.118723899401864
0.881276100598136
0
0.118420048118659
0.881579951881341
0
0.118427758922622
0.881572241077378
0
0.118443330048723
0.881556669951277
0
0.118467095987288
0.881532904012712
0
0.118499847873202
0.881500152126798
0
0.118543256195954
0.881456743804046
0
0.118600272778906
0.881399727221094
0
0.118675804284291
0.88132419571571
0
0.118769750353406
0.881230249646594
0
0.118870529323821
0.881129470676179
0
0.118427697990755
0.881572302009245
0
0.118435625621343
0.881564374378657
0
0.118451788605044
0.881548211394956
0
0.118476840420985
0.881523159579015
0
0.118512186668261
0.881487813331739
0
0.118560694382161
0.881439305617838
0
0.118627856252226
0.881372143747774
0
0.118723899401864
0.881276100598136
0
0.118870529323822
0.881129470676178
0
0.119135868980802
0.880864131019198
0
