0.118140705266761
0.392411827245739
0.4894474674875
0.118201073288394
0.40977436813847
0.472024558573136
0.118244872616619
0.450911240465914
0.430843886917466
0.118283689106419
0.522224811985666
0.359491498907915
0.118327932724087
0.538468637904929
0.343203429370984
0.1183634973332
0.535990186579079
0.345646316087722
0.118388265764022
0.537810135981302
0.343801598254676
0.118404422808611
0.564998655610093
0.316596921581296
0.11841497866829
0.687686561624993
0.193898459706717
0.118422949118323
0.881577050881677
0
0.118201073288394
0.409774368138468
0.472024558573138
0.118228769137554
0.436626680587516
0.44514455027493
0.11826084714217
0.500679582012436
0.381059570845394
0.118301362139714
0.528852224505937
0.35284641335435
0.118340866192177
0.533291246378765
0.348367887429058
0.118372838978203
0.531115501272214
0.350511659749584
0.118396044381055
0.537553195156638
0.344050760462308
0.118411865719184
0.568343590158239
0.313244544122576
0.118422679884194
0.708022190451882
0.173555129663923
0.118430854883903
0.881569145116097
0
0.118244872616619
0.450911240465915
0.430843886917466
0.11826084714217
0.500679582012437
0.381059570845393
0.118292052012475
0.524274237102185
0.35743371088534
0.118327636880103
0.530695503540672
0.350976859579225
0.118361178978249
0.529501550755978
0.352137270265772
0.118389265823768
0.529027699354924
0.352583034821308
0.118410964749294
0.539081197179461
0.342507838071246
0.118426745397524
0.572186160506129
0.309387094096347
0.11843820079618
0.727904514581362
0.153657284622458
0.1184469512247
0.8815530487753
0
0.118283689106419
0.522224811985667
0.359491498907915
0.118301362139713
0.528852224505938
0.352846413354348
0.118327636880103
0.530695503540672
0.350976859579225
0.118356847059163
0.529090415742508
0.35255273719833
0.118385314941343
0.526879299141314
0.354735385917342
0.118410768580826
0.52941624142901
0.352172989990164
0.118432152264486
0.541820538654348
0.339747309081166
0.11844891046785
0.575646867566624
0.305904221965527
0.118461854337318
0.740197437574903
0.141340708087779
0.118471872050646
0.881528127949354
0
0.118327932724087
0.538468637904928
0.343203429370985
0.118340866192177
0.533291246378765
0.348367887429059
0.118361178978249
0.529501550755978
0.352137270265773
0.118385314941343
0.526879299141314
0.354735385917343
0.118410759345592
0.527177814498199
0.35441142615621
0.118435719462348
0.532384314935528
0.349179965602123
0.118458763753961
0.545343015740145
0.336198220505894
0.118478431281917
0.577800264228366
0.303721304489717
0.118494395144885
0.735802066287835
0.145703538567281
0.118506991858912
0.881493008141088
0
0.1183634973332
0.535990186579075
0.345646316087725
0.118372838978203
0.531115501272215
0.350511659749583
0.118389265823768
0.529027699354924
0.352583034821307
0.118410768580826
0.529416241429007
0.352172989990167
0.118435719462348
0.532384314935527
0.349179965602124
0.118462689486666
0.538415170615911
0.343122139897422
0.118490071890736
0.549903814947079
0.331606113162185
0.11851559230603
0.578432897964455
0.303051509729515
0.118537449143018
0.71407936000582
0.167383190851162
0.118555129595041
0.881444870404959
0
0.118388265764022
0.537810135981299
0.343801598254679
0.118396044381055
0.537553195156638
0.344050760462308
0.118410964749294
0.53908119717946
0.342507838071246
0.118432152264486
0.541820538654346
0.339747309081168
0.118458763753961
0.545343015740142
0.336198220505897
0.118490071890736
0.549903814947076
0.331606113162188
0.118524821694229
0.557794104980393
0.323681073325377
0.118560755772028
0.579660041794208
0.301779202433764
0.118593899972811
0.683858629164926
0.197547470862263
0.118621687770896
0.881378312229104
0
0.118404422808611
0.564998655610093
0.316596921581296
0.118411865719184
0.568343590158239
0.313244544122576
0.118426745397524
0.572186160506129
0.309387094096347
0.11844891046785
0.575646867566623
0.305904221965528
0.118478431281917
0.577800264228366
0.303721304489717
0.11851559230603
0.578432897964455
0.303051509729516
0.118560755772028
0.579660041794208
0.301779202433764
0.11861377718042
0.591325080123298
0.290061142696282
0.118668838385873
0.661174255702409
0.220156905911718
0.118716618852595
0.881283381147405
0
0.11841497866829
0.687686561624991
0.193898459706719
0.118422679884194
0.70802219045188
0.173555129663926
0.11843820079618
0.72790451458136
0.15365728462246
0.118461854337318
0.7401974375749
0.141340708087782
0.118494395144885
0.735802066287834
0.145703538567282
0.118537449143018
0.71407936000582
0.167383190851162
0.118593899972811
0.683858629164926
0.197547470862264
0.118668838385873
0.661174255702408
0.220156905911718
0.118761297035512
0.692621935684146
0.188616767280341
0.118860812961802
0.881139187038198
0
0.118422949118323
0.881577050881677
0
0.118430854883903
0.881569145116097
0
0.1184469512247
0.8815530487753
0
0.118471872050646
0.881528127949354
0
0.118506991858911
0.881493008141089
0
0.118555129595041
0.881444870404959
0
0.118621687770896
0.881378312229104
0
0.118716618852596
0.881283381147405
0
0.118860812961801
0.881139187038199
0
0.119110711256222
0.880889288743778
0
0.118142774657938
0.448575211557054
0.433282013785008
0.118202820525626
0.506513223969767
0.375283955504607
0.118246426634914
0.791757137468341
0.0899964358967442
0.118284007663981
0.881715992336019
0
0.118328195544038
0.881671804455962
0
0.11836373169547
0.88163626830453
0
0.118388554696691
0.881611445303309
0
0.118404776022878
0.881595223977122
0
0.11841518372485
0.88158481627515
0
0.118422866386833
0.881577133613167
0
0.118202820525626
0.50651322396977
0.375283955504604
0.118230423194621
0.713113606853471
0.168655969951908
0.118261387940829
0.881738612059171
0
0.118301657307576
0.881698342692424
0
0.118341136658917
0.881658863341083
0
0.118373092129916
0.881626907870084
0
0.118396364079771
0.881603635920229
0
0.118412234530283
0.881587765469717
0
0.118422870310947
0.881577129689053
0
0.11843076226054
0.88156923773946
0
0.118246426634915
0.791757137468352
0.089996435896733
0.118261387940829
0.881738612059171
0
0.118292360601919
0.881707639398081
0
0.118327940446897
0.881672059553103
0
0.118361433987303
0.881638566012698
0
0.118389546131199
0.881610453868801
0
0.118411311258023
0.881588688741977
0
0.118427128698746
0.881572871301254
0
0.11843838183484
0.88156161816516
0
0.118446854074684
0.881553145925317
0
0.118284007663981
0.881715992336019
0
0.118301657307576
0.881698342692424
0
0.118327940446897
0.881672059553103
0
0.118357109218664
0.881642890781336
0
0.118385577967552
0.881614422032448
0
0.118411086582632
0.881588913417368
0
0.118432520617422
0.881567479382578
0
0.118449310062518
0.881550689937482
0
0.11846203253396
0.88153796746604
0
0.118471776430456
0.881528223569544
0
0.118328195544038
0.881671804455962
0
0.118341136658917
0.881658863341083
0
0.118361433987302
0.881638566012698
0
0.118385577967552
0.881614422032448
0
0.118411065579449
0.881588934420551
0
0.118436074565762
0.881563925434238
0
0.118459150483359
0.881540849516641
0
0.118478848839221
0.881521151160779
0
0.118494581562743
0.881505418437257
0
0.118506905872568
0.881493094127432
0
0.11836373169547
0.88163626830453
0
0.118373092129916
0.881626907870084
0
0.118389546131199
0.881610453868801
0
0.118411086582632
0.881588913417368
0
0.118436074565762
0.881563925434238
0
0.118463072153109
0.881536927846891
0
0.11849047404366
0.88150952595634
0
0.118516032424806
0.881483967575194
0
0.118537664394775
0.881462335605225
0
0.118555066294235
0.881444933705765
0
0.118388554696691
0.881611445303309
0
0.118396364079771
0.881603635920229
0
0.118411311258023
0.881588688741977
0
0.118432520617422
0.881567479382578
0
0.118459150483359
0.881540849516641
0
0.11849047404366
0.88150952595634
0
0.118525245950759
0.881474754049241
0
0.118561231317177
0.881438768682823
0
0.118594192244989
0.881405807755012
0
0.118621670025364
0.881378329974636
0
0.118404776022878
0.881595223977122
0
0.118412234530283
0.881587765469717
0
0.118427128698746
0.881572871301254
0
0.118449310062518
0.881550689937482
0
0.118478848839221
0.881521151160779
0
0.118516032424806
0.881483967575194
0
0.118561231317177
0.881438768682823
0
0.118614179825504
0.881385820174496
0
0.118669152585455
0.881330847414545
0
0.118716691540878
0.881283308459122
0
0.11841518372485
0.88158481627515
0
0.118422870310946
0.881577129689054
0
0.11843838183484
0.88156161816516
0
0.11846203253396
0.88153796746604
0
0.118494581562743
0.881505418437257
0
0.118537664394774
0.881462335605225
0
0.118594192244988
0.881405807755012
0
0.118669152585455
0.881330847414545
0
0.118761610682298
0.881238389317702
0
0.118860988587291
0.88113901141271
0
0.118422866386833
0.881577133613167
0
0.11843076226054
0.88156923773946
0
0.118446854074684
0.881553145925316
0
0.118471776430456
0.881528223569544
0
0.118506905872568
0.881493094127432
0
0.118555066294235
0.881444933705765
0
0.118621670025364
0.881378329974636
0
0.118716691540878
0.881283308459122
0
0.118860988587291
0.881139011412709
0
0.119114030190026
0.880885969809974
0
0.118146122003905
0.573285406449079
0.308568471547016
0.118205186823569
0.668064882363002
0.213729930813428
0.118247354190764
0.825551667871842
0.0562009779373943
0.118283904610553
0.881716095389447
0
0.118327986692051
0.881672013307949
0
0.118363519009464
0.881636480990536
0
0.1183883561123
0.8816116438877
0
0.118404600604335
0.881595399395665
0
0.118415029244043
0.881584970755957
0
0.11842265309631
0.88157734690369
0
0.118205186823569
0.668064882363004
0.213729930813427
0.118231583333796
0.804877272085551
0.0768911445806525
0.118261348397276
0.881738651602724
0
0.118301453170873
0.881698546829127
0
0.118340925901
0.881659074099
0
0.118372883330595
0.881627116669405
0
0.118396171601334
0.881603828398666
0
0.118412064636528
0.881587935363472
0
0.118422716657954
0.881577283342046
0
0.118430550951897
0.881569449048103
0
0.118247354190764
0.825551667871843
0.0562009779373928
0.118261348397276
0.881738651602724
0
0.118292158133222
0.881707841866778
0
0.118327732378236
0.881672267621764
0
0.118361223091865
0.881638776908135
0
0.118389343722986
0.881610656277014
0
0.11841112613118
0.88158887386882
0
0.118426965080197
0.881573034919803
0
0.118438232203292
0.881561767796708
0
0.118446646018108
0.881553353981892
0
0.118283904610552
0.881716095389448
0
0.118301453170873
0.881698546829127
0
0.118327732378236
0.881672267621764
0
0.118356898608712
0.881643101391288
0
0.118385371715903
0.881614628284097
0
0.118410893112887
0.881589106887113
0
0.118432342495351
0.881567657504649
0
0.118449154590564
0.881550845409436
0
0.118461891912189
0.881538108087811
0
0.118471573981248
0.881528426018752
0
0.118327986692051
0.881672013307949
0
0.118340925901
0.881659074099
0
0.118361223091865
0.881638776908135
0
0.118385371715903
0.881614628284097
0
0.118410869185026
0.881589130814974
0
0.118435891099413
0.881564108900587
0
0.118458981090734
0.881541018909266
0
0.118478701666348
0.881521298333652
0
0.118494459116933
0.881505540883067
0
0.118506712852784
0.881493287147216
0
0.118363519009464
0.881636480990536
0
0.118372883330595
0.881627116669405
0
0.118389343722986
0.881610656277014
0
0.118410893112887
0.881589106887113
0
0.118435891099413
0.881564108900587
0
0.118462899124593
0.881537100875407
0
0.118490311588887
0.881509688411113
0
0.118515895688631
0.881484104311369
0
0.118537571992189
0.88146242800781
0
0.118554886955983
0.881445113044017
0
0.1183883561123
0.8816116438877
0
0.118396171601334
0.881603828398666
0
0.11841112613118
0.88158887386882
0
0.118432342495352
0.881567657504648
0
0.118458981090734
0.881541018909266
0
0.118490311588887
0.881509688411113
0
0.118525096408213
0.881474903591787
0
0.118561108866246
0.881438891133755
0
0.118594148864496
0.881405851135504
0
0.11862150569284
0.88137849430716
0
0.118404600604335
0.881595399395665
0
0.118412064636528
0.881587935363472
0
0.118426965080197
0.881573034919803
0
0.118449154590564
0.881550845409437
0
0.118478701666348
0.881521298333652
0
0.118515895688631
0.881484104311369
0
0.118561108866246
0.881438891133755
0
0.118614060861509
0.881385939138491
0
0.118669100556985
0.881330899443015
0
0.118716561477203
0.881283438522797
0
0.118415029244043
0.881584970755957
0
0.118422716657954
0.881577283342046
0
0.118438232203292
0.881561767796708
0
0.118461891912189
0.881538108087811
0
0.118494459116933
0.881505540883067
0
0.118537571992189
0.88146242800781
0
0.118594148864496
0.881405851135504
0
0.118669100556985
0.881330899443015
0
0.118761619656199
0.881238380343801
0
0.118861050670108
0.881138949329892
0
0.11842265309631
0.88157734690369
0
0.118430550951897
0.881569449048103
0
0.118446646018108
0.881553353981892
0
0.118471573981249
0.881528426018751
0
0.118506712852783
0.881493287147217
0
0.118554886955983
0.881445113044017
0
0.11862150569284
0.88137849430716
0
0.118716561477203
0.881283438522797
0
0.118861050670108
0.881138949329892
0
0.119121311628652
0.880878688371348
0
