0.118136076207032
0.39236083373705
0.489503090055919
0.118196383528068
0.409625976761042
0.47217763971089
0.118240122820894
0.450392712489402
0.431367164689704
0.118278817243002
0.521660215296748
0.36006096746025
0.118322916910502
0.538335436639159
0.343341646450339
0.118358453361455
0.53612995558543
0.345511591053115
0.118383245298978
0.537790551171534
0.343826203529488
0.118399404903443
0.564578283537349
0.317022311559208
0.118409921673744
0.685928622423804
0.195661455902452
0.11841786808493
0.88158213191507
0
0.118196383528068
0.40962597676104
0.472177639710892
0.11822404304843
0.436226553243744
0.445549403707826
0.118256041756457
0.500038498106608
0.381705460136935
0.118296412074739
0.528561182068955
0.353142405856306
0.118335830152004
0.533307483712935
0.348356686135062
0.118367794618393
0.531231701901976
0.350400503479631
0.118391014650719
0.53743818157488
0.344170803774401
0.118406829617723
0.567833738405353
0.313759431976924
0.118417594920925
0.705802755336783
0.175779649742292
0.118425739149445
0.881574260850555
0
0.118240122820894
0.450392712489403
0.431367164689703
0.118256041756457
0.500038498106608
0.381705460136935
0.118287126272322
0.523934653742347
0.357778219985332
0.118322619631616
0.530607771345042
0.351069609023342
0.118356120561373
0.529615535058957
0.352028344379671
0.118384207296599
0.529076789054026
0.352539003649375
0.118405903236765
0.538874146653088
0.342719950110147
0.118421662513555
0.571585186354135
0.30999315113231
0.118433050467802
0.725153681591085
0.156413267941113
0.118441757047468
0.881558242952532
0
0.118278817243002
0.521660215296749
0.360060967460249
0.118296412074739
0.528561182068956
0.353142405856306
0.118322619631616
0.530607771345042
0.351069609023342
0.118351785504631
0.529183923766978
0.352464290728391
0.11838023560217
0.526988328307404
0.354631436090426
0.118405673562473
0.529359256271461
0.352235070166067
0.118427025430744
0.541527183989966
0.34004579057929
0.118443737901238
0.574954433420583
0.306601828678178
0.118456582255853
0.736995023246925
0.144548394497223
0.11846653703238
0.88153346296762
0
0.118322916910503
0.538335436639158
0.343341646450339
0.118335830152004
0.533307483712934
0.348356686135062
0.118356120561373
0.529615535058956
0.352028344379671
0.11838023560217
0.526988328307404
0.354631436090426
0.118405649448942
0.527168288553549
0.354426061997509
0.118430556728893
0.532205725734752
0.349363717536355
0.118453526578821
0.544970901814394
0.336575571606784
0.118473106686948
0.577025161348304
0.304501731964748
0.118488916484576
0.732508080736247
0.149003002779177
0.118501424560753
0.881498575439247
0
0.118358453361455
0.536129955585427
0.345511591053118
0.118367794618393
0.531231701901977
0.35040050347963
0.118384207296599
0.529076789054026
0.352539003649374
0.118405673562473
0.529359256271458
0.352235070166069
0.118430556728893
0.532205725734751
0.349363717536356
0.118457423035782
0.538114615050179
0.343427961914039
0.118484669370113
0.54945290001272
0.332062430617166
0.118510030848813
0.577585529397901
0.303904439753286
0.118531646479403
0.710987484322037
0.17048086919856
0.118549193170275
0.881450806829725
0
0.118383245298978
0.537790551171532
0.34382620352949
0.118391014650719
0.537438181574879
0.344170803774402
0.118405903236765
0.538874146653088
0.342719950110147
0.118427025430744
0.541527183989964
0.340045790579292
0.118453526578821
0.544970901814392
0.336575571606787
0.118484669370113
0.549452900012717
0.33206243061717
0.118519193990993
0.557221813022763
0.324258992986245
0.11855484441873
0.578696162697109
0.302748992884161
0.118587627772617
0.680911930475808
0.200500441751576
0.118615154960934
0.881384845039066
0
0.118399404903443
0.564578283537349
0.317022311559208
0.118406829617723
0.567833738405353
0.313759431976924
0.118421662513555
0.571585186354135
0.30999315113231
0.118443737901238
0.574954433420583
0.306601828678179
0.118473106686947
0.577025161348304
0.304501731964749
0.118510030848813
0.577585529397901
0.303904439753286
0.118554844418731
0.578696162697109
0.302748992884161
0.118607304603483
0.59003774080439
0.291354954592127
0.118661879597137
0.658389455015706
0.222948665387156
0.11870904427281
0.88129095572719
0
0.118409921673744
0.685928622423801
0.195661455902455
0.118417594920925
0.705802755336781
0.175779649742294
0.118433050467802
0.725153681591083
0.156413267941115
0.118456582255853
0.736995023246921
0.144548394497226
0.118488916484576
0.732508080736246
0.149003002779178
0.118531646479403
0.710987484322038
0.170480869198559
0.118587627772616
0.680911930475807
0.200500441751576
0.118661879597137
0.658389455015705
0.222948665387157
0.118752847669918
0.686249644585307
0.194997507744774
0.118851015417949
0.881148984582051
0
0.11841786808493
0.881582131915071
0
0.118425739149445
0.881574260850555
0
0.118441757047468
0.881558242952532
0
0.11846653703238
0.88153346296762
0
0.118501424560753
0.881498575439247
0
0.118549193170275
0.881450806829725
0
0.118615154960934
0.881384845039066
0
0.11870904427281
0.88129095572719
0
0.118851015417949
0.881148984582051
0
0.119095305479754
0.880904694520246
0
0.118138143554984
0.448387923379427
0.433473933065589
0.118198128650883
0.506048401729538
0.375753469619579
0.118241676380685
0.788960491184762
0.0927978324345534
0.118279145264424
0.881720854735576
0
0.11832318400183
0.88167681599817
0
0.118358691268887
0.881641308731113
0
0.118383534348696
0.881616465651304
0
0.118399757771991
0.881600242228009
0
0.118410128731832
0.881589871268168
0
0.118417786000488
0.881582213999512
0
0.118198128650884
0.506048401729541
0.375753469619576
0.118225697195237
0.710010941158886
0.171763361645877
0.1182565933416
0.8817434066584
0
0.118296710203279
0.881703289796721
0
0.118336105175781
0.881663894824219
0
0.11836804983146
0.88163195016854
0
0.11839133406755
0.88160866593245
0
0.118407197960923
0.881592802039077
0
0.118417787096174
0.881582212903826
0
0.118425647023779
0.881574352976221
0
0.118241676380685
0.788960491184773
0.0927978324345424
0.1182565933416
0.8817434066584
0
0.1182874370587
0.8817125629413
0
0.118322927647312
0.881677072352688
0
0.118356379322595
0.881643620677405
0
0.11838448823094
0.88161551176906
0
0.118406249416663
0.881593750583337
0
0.118422045135287
0.881577954864712
0
0.118433233119384
0.881566766880616
0
0.118441660295007
0.881558339704993
0
0.118279145264424
0.881720854735576
0
0.118296710203279
0.881703289796721
0
0.118322927647312
0.881677072352688
0
0.118352051958779
0.881647948041221
0
0.118380500275753
0.881619499724247
0
0.118405991407239
0.881594008592761
0
0.118427393648459
0.881572606351541
0
0.118444136441666
0.881555863558334
0
0.118456762110358
0.881543237889642
0
0.118466441802617
0.881533558197383
0
0.11832318400183
0.88167681599817
0
0.118336105175781
0.881663894824219
0
0.118356379322595
0.881643620677405
0
0.118380500275753
0.881619499724247
0
0.11840595569965
0.88159404430035
0
0.118430911731398
0.881569088268602
0
0.118453913427082
0.881546086572918
0
0.118473522667782
0.881526477332218
0
0.11848910493932
0.88151089506068
0
0.118501339139106
0.881498660860894
0
0.118358691268887
0.881641308731113
0
0.118368049831459
0.88163195016854
0
0.11838448823094
0.88161551176906
0
0.118405991407239
0.881594008592761
0
0.118430911731398
0.881569088268601
0
0.11845780601403
0.88154219398597
0
0.118485071750291
0.881514928249709
0
0.118510468694402
0.881489531305598
0
0.118531864979121
0.881468135020879
0
0.11854913098626
0.88145086901374
0
0.118383534348696
0.881616465651304
0
0.11839133406755
0.88160866593245
0
0.118406249416663
0.881593750583337
0
0.118427393648459
0.881572606351541
0
0.118453913427082
0.881546086572918
0
0.118485071750291
0.881514928249709
0
0.118519617850954
0.881480382149046
0
0.118555316373625
0.881444683626375
0
0.118587925727224
0.881412074272776
0
0.118615139973037
0.881384860026963
0
0.118399757771991
0.881600242228009
0
0.118407197960923
0.881592802039077
0
0.118422045135287
0.881577954864713
0
0.118444136441666
0.881555863558334
0
0.118473522667782
0.881526477332218
0
0.118510468694402
0.881489531305598
0
0.118555316373625
0.881444683626375
0
0.118607720743897
0.881392279256103
0
0.118662190867124
0.881337809132876
0
0.11870912414446
0.88129087585554
0
0.118410128731831
0.881589871268169
0
0.118417787096174
0.881582212903826
0
0.118433233119384
0.881566766880616
0
0.118456762110358
0.881543237889642
0
0.11848910493932
0.88151089506068
0
0.118531864979121
0.881468135020879
0
0.118587925727224
0.881412074272776
0
0.118662190867124
0.881337809132876
0
0.118753179144936
0.881246820855064
0
0.118851196999706
0.881148803000294
0
0.118417786000488
0.881582213999512
0
0.118425647023779
0.881574352976221
0
0.118441660295007
0.881558339704993
0
0.118466441802617
0.881533558197383
0
0.118501339139106
0.881498660860894
0
0.11854913098626
0.88145086901374
0
0.118615139973037
0.881384860026963
0
0.11870912414446
0.88129087585554
0
0.118851196999706
0.881148803000294
0
0.119098640277543
0.880901359722457
0
0.118141487303966
0.573032720580053
0.308825792115981
0.118200494643084
0.667559887000148
0.214239618356768
0.11824261043929
0.824575167005482
0.0571822225552282
0.1182790438909
0.8817209561091
0
0.118322975229735
0.881677024770265
0
0.118358478395931
0.881641521604069
0
0.118383334990345
0.881616665009656
0
0.11839958136618
0.88160041863382
0
0.118409973688322
0.881590026311678
0
0.118417572068325
0.881582427931675
0
0.118200494643084
0.667559887000149
0.214239618356767
0.118226869033268
0.804132050675332
0.0776410802914006
0.118256556082918
0.881743443917082
0
0.118296505959386
0.881703494040614
0
0.118335894399436
0.881664105600564
0
0.118367840571677
0.881632159428323
0
0.118391140722827
0.881608859277173
0
0.118407026998722
0.881592973001278
0
0.118417632843917
0.881582367156083
0
0.118425435066133
0.881574564933867
0
0.11824261043929
0.824575167005484
0.0571822225552266
0.118256556082918
0.881743443917082
0
0.118287234383276
0.881712765616724
0
0.118322719521554
0.881677280478446
0
0.11835616822549
0.88164383177451
0
0.118384285119338
0.881615714880662
0
0.118406063369634
0.881593936630366
0
0.118421880325382
0.881578119674618
0
0.118433082798999
0.881566917201001
0
0.118441451569417
0.881558548430583
0
0.118279043890899
0.881720956109101
0
0.118296505959386
0.881703494040614
0
0.118322719521554
0.881677280478446
0
0.118351841229963
0.881648158770037
0
0.118380293467631
0.881619706532369
0
0.118405797078192
0.881594202921808
0
0.118427214575408
0.881572785424592
0
0.118443979592054
0.881556020407946
0
0.118456620709671
0.881543379290329
0
0.118466238643848
0.881533761356152
0
0.118322975229735
0.881677024770265
0
0.118335894399436
0.881664105600564
0
0.11835616822549
0.88164383177451
0
0.118380293467631
0.881619706532369
0
0.118405758476219
0.881594241523781
0
0.118430727348828
0.881569272651172
0
0.118453743048526
0.881546256951474
0
0.118473373873591
0.881526626126409
0
0.118488981751415
0.881511018248585
0
0.118501145299653
0.881498854700347
0
0.118358478395931
0.881641521604069
0
0.118367840571677
0.881632159428323
0
0.118384285119338
0.881615714880662
0
0.118405797078192
0.881594202921808
0
0.118430727348828
0.881569272651172
0
0.118457632048624
0.881542367951377
0
0.118484908230115
0.881515091769885
0
0.118510330028322
0.881489669971678
0
0.118531772027078
0.881468227972922
0
0.118548950503808
0.881451049496192
0
0.118383334990344
0.881616665009656
0
0.118391140722827
0.881608859277173
0
0.118406063369634
0.881593936630366
0
0.118427214575408
0.881572785424592
0
0.118453743048526
0.881546256951474
0
0.118484908230115
0.881515091769885
0
0.118519466973463
0.881480533026537
0
0.118555191458293
0.881444808541707
0
0.118587880914252
0.881412119085748
0
0.118614973728525
0.881385026271475
0
0.11839958136618
0.88160041863382
0
0.118407026998722
0.881592973001278
0
0.118421880325382
0.881578119674618
0
0.118443979592054
0.881556020407946
0
0.118473373873591
0.881526626126409
0
0.118510330028322
0.881489669971678
0
0.118555191458293
0.881444808541707
0
0.118607602447083
0.881392397552917
0
0.118662130927731
0.88133786907227
0
0.118708988130148
0.881291011869852
0
0.118409973688322
0.881590026311678
0
0.118417632843917
0.881582367156083
0
0.118433082798999
0.881566917201001
0
0.118456620709671
0.881543379290329
0
0.118488981751414
0.881511018248586
0
0.118531772027078
0.881468227972922
0
0.118587880914252
0.881412119085748
0
0.11866213092773
0.88133786907227
0
0.11875318975433
0.88124681024567
0
0.118851240159895
0.881148759840105
0
0.118417572068325
0.881582427931674
0
0.118425435066133
0.881574564933867
0
0.118441451569417
0.881558548430583
0
0.118466238643848
0.881533761356152
0
0.118501145299653
0.881498854700348
0
0.118548950503808
0.881451049496192
0
0.118614973728525
0.881385026271475
0
0.118708988130148
0.881291011869852
0
0.118851240159895
0.881148759840105
0
0.1191060031425
0.8808939968575
0
