0.118131414128405
0.392312668291704
0.489555917579891
0.118191660753049
0.409481604970392
0.472326734276559
0.118235339248877
0.449882921610097
0.431881739141026
0.118273912053426
0.521088211482793
0.360637876463781
0.118317863711983
0.538191158775538
0.343490977512479
0.118353366109812
0.536261884475624
0.345384749414564
0.118378177566511
0.537774728723115
0.343847093710374
0.118394338400594
0.564166633802474
0.317439027796932
0.118404816646858
0.684199627606327
0.197395555746815
0.118412739460342
0.881587260539658
0
0.118191660753049
0.40948160497039
0.472326734276561
0.118219283431651
0.435833766093008
0.445946950475341
0.118251202722746
0.499398697802743
0.382350099474511
0.118291426528394
0.52826442399051
0.353444149481097
0.118330753479874
0.533313055504827
0.348356191015298
0.11836270339715
0.531345437072092
0.350291859530758
0.118385934195456
0.537329020243556
0.344285045560988
0.118401741010731
0.567334396205699
0.31426386278357
0.118412457762459
0.703625482083187
0.177962060154354
0.118420571418797
0.881579428581203
0
0.118235339248877
0.449882921610097
0.431881739141026
0.118251202722746
0.499398697802744
0.38235009947451
0.118282165183492
0.523591941645315
0.358125893171193
0.118317562587104
0.530510376548548
0.351172060864347
0.118351015426001
0.529722248701618
0.351926735872381
0.118379095655762
0.529128392608147
0.352492511736091
0.118400784280644
0.538674411923738
0.342924803795618
0.118416519374164
0.570997402774748
0.310586077851088
0.118427839670478
0.722464768357608
0.159107391971914
0.118436501844782
0.881563498155218
0
0.118273912053426
0.521088211482795
0.360637876463779
0.118291426528393
0.528264423990511
0.353444149481096
0.118317562587104
0.530510376548549
0.351172060864346
0.118346677235089
0.529268703315906
0.352384619449005
0.118375101690213
0.527097013058528
0.354527885251259
0.1184005171242
0.529308291307879
0.352291191567921
0.118421831480718
0.541242261059055
0.340335907460227
0.118438493760862
0.574279062781628
0.307282443457511
0.11845123777499
0.733876180498538
0.147672581726473
0.118461126888571
0.881538873111429
0
0.118317863711984
0.538191158775537
0.343490977512479
0.118330753479875
0.533313055504827
0.348356191015299
0.118351015426001
0.529722248701618
0.351926735872381
0.118375101690212
0.527097013058528
0.35452788525126
0.118400476601766
0.527164156610049
0.354435366788185
0.118425322657998
0.532034874488358
0.349539802853643
0.118448210056137
0.544608443432252
0.336943346511612
0.118467696370632
0.576271943263897
0.305260360365471
0.118483351799229
0.729305910321396
0.152210737879375
0.11849576132787
0.88150423867213
0
0.118353366109812
0.53626188447562
0.345384749414567
0.11836270339715
0.531345437072093
0.350291859530757
0.118379095655762
0.529128392608148
0.35249251173609
0.1184005171242
0.529308291307877
0.352291191567923
0.118425322657998
0.532034874488357
0.349539802853645
0.11845207414456
0.537822841209754
0.343725084645686
0.118479173086897
0.549013635481317
0.332507191431786
0.11850436768253
0.576765784331556
0.304729847985914
0.118525751219877
0.707985390853552
0.173488857926571
0.118543126152138
0.881456873847862
0
0.118378177566511
0.537774728723114
0.343847093710375
0.118385934195456
0.537329020243555
0.344285045560989
0.118400784280644
0.538674411923738
0.342924803795618
0.118421831480718
0.541242261059053
0.34033590746023
0.118448210056137
0.544608443432249
0.336943346511614
0.118479173086897
0.549013635481314
0.332507191431789
0.11851345594164
0.556666406592506
0.324820137465853
0.118548808651916
0.577770848263041
0.303680343085043
0.118581314029802
0.678126121225885
0.203292564744313
0.118608408024684
0.881391591975316
0
0.118394338400595
0.564166633802473
0.317439027796933
0.118401741010731
0.567334396205699
0.31426386278357
0.118416519374163
0.570997402774749
0.310586077851088
0.118438493760862
0.574279062781627
0.307282443457511
0.118467696370632
0.576271943263897
0.305260360365472
0.118504367682531
0.576765784331555
0.304729847985914
0.118548808651916
0.577770848263041
0.303680343085043
0.118600611996782
0.588790731363337
0.292608656639882
0.118654582932781
0.655750194797964
0.225595222269255
0.118701169784151
0.881298830215849
0
0.118404816646858
0.684199627606324
0.197395555746818
0.118412457762459
0.703625482083185
0.177962060154356
0.118427839670478
0.722464768357606
0.159107391971916
0.11845123777499
0.733876180498534
0.147672581726476
0.118483351799229
0.729305910321394
0.152210737879377
0.118525751219877
0.707985390853552
0.17348885792657
0.118581314029802
0.678126121225885
0.203292564744313
0.118654582932781
0.655750194797963
0.225595222269256
0.118744104286259
0.680572299305515
0.200683596408226
0.118840782971538
0.881159217028462
0
0.118412739460342
0.881587260539658
0
0.118420571418797
0.881579428581203
0
0.118436501844782
0.881563498155218
0
0.118461126888571
0.881538873111429
0
0.11849576132787
0.88150423867213
0
0.118543126152138
0.881456873847862
0
0.118608408024684
0.881391591975316
0
0.118701169784151
0.881298830215849
0
0.118840782971537
0.881159217028463
0
0.119079039796167
0.880920960203833
0
0.118133479418324
0.448204277102074
0.433662243479602
0.118193403747166
0.505592866404697
0.376213729848137
0.118236892398849
0.786157872702473
0.0956052348986781
0.118274249459163
0.881725750540837
0
0.118318135259924
0.881681864740076
0
0.118353607887527
0.881646392112473
0
0.118378467092318
0.881621532907682
0
0.118394691141367
0.881605308858633
0
0.118405025773023
0.881594974226977
0
0.11841265804195
0.881587341958051
0
0.118193403747166
0.5055928664047
0.376213729848134
0.118220937487947
0.706945432262425
0.174833630249629
0.118251765350402
0.881748234649598
0
0.118291727808311
0.881708272191689
0
0.118331033297098
0.881668966702902
0
0.118362961068464
0.881637038931537
0
0.118386253655693
0.881613746344307
0
0.118402109087606
0.881597890912394
0
0.118412651739838
0.881587348260162
0
0.118420479812797
0.881579520187203
0
0.118236892398849
0.786157872702484
0.0956052348986672
0.118251765350402
0.881748234649598
0
0.118282478379594
0.881717521620406
0
0.118317875248486
0.881682124751514
0
0.118351278282921
0.881648721717079
0
0.118379377615103
0.881620622384897
0
0.11840113039625
0.88159886960375
0
0.118416901493818
0.881583098506182
0
0.11842802397675
0.88157197602325
0
0.118436405512132
0.881563594487868
0
0.118274249459163
0.881725750540837
0
0.118291727808311
0.881708272191689
0
0.118317875248486
0.881682124751514
0
0.118346948294504
0.881653051705496
0
0.11837536842324
0.88162463157676
0
0.118400835126873
0.881599164873127
0
0.118422199744514
0.881577800255486
0
0.118438891389845
0.881561108610155
0
0.11845141931139
0.88154858068861
0
0.118461032063155
0.881538967936845
0
0.118318135259924
0.881681864740076
0
0.118331033297098
0.881668966702902
0
0.118351278282921
0.881648721717079
0
0.11837536842324
0.88162463157676
0
0.118400783202823
0.881599216797177
0
0.118425677746165
0.881574322253835
0
0.118448597100288
0.881551402899712
0
0.118468110870453
0.881531889129547
0
0.118483542297239
0.881516457702761
0
0.118495676471742
0.881504323528258
0
0.118353607887527
0.881646392112473
0
0.118362961068463
0.881637038931537
0
0.118379377615104
0.881620622384896
0
0.118400835126873
0.881599164873127
0
0.118425677746165
0.881574322253835
0
0.118452457490102
0.881547542509898
0
0.1184795756527
0.8815204243473
0
0.118504803282004
0.881495196717996
0
0.118525972919318
0.881474027080682
0
0.118543065072708
0.881456934927292
0
0.118378467092319
0.881621532907682
0
0.118386253655693
0.881613746344307
0
0.11840113039625
0.88159886960375
0
0.118422199744514
0.881577800255486
0
0.118448597100288
0.881551402899712
0
0.1184795756527
0.8815204243473
0
0.118513879266878
0.881486120733122
0
0.118549276772268
0.881450723227732
0
0.118581609818133
0.881418390181867
0
0.118608396736854
0.881391603263146
0
0.118394691141367
0.881605308858633
0
0.118402109087606
0.881597890912394
0
0.118416901493818
0.881583098506182
0
0.118438891389845
0.881561108610155
0
0.118468110870453
0.881531889129546
0
0.118504803282004
0.881495196717996
0
0.118549276772268
0.881450723227732
0
0.118601041610975
0.881398958389025
0
0.118654897082131
0.881345102917869
0
0.118701257160825
0.881298742839175
0
0.118405025773023
0.881594974226977
0
0.118412651739838
0.881587348260162
0
0.11842802397675
0.88157197602325
0
0.11845141931139
0.88154858068861
0
0.118483542297239
0.881516457702761
0
0.118525972919318
0.881474027080682
0
0.118581609818133
0.881418390181867
0
0.118654897082131
0.881345102917869
0
0.118744450304937
0.881255549695063
0
0.118840971923161
0.88115902807684
0
0.11841265804195
0.88158734195805
0
0.118420479812797
0.881579520187203
0
0.118436405512132
0.881563594487868
0
0.118461032063155
0.881538967936845
0
0.118495676471742
0.881504323528258
0
0.118543065072708
0.881456934927292
0
0.118608396736854
0.881391603263146
0
0.118701257160825
0.881298742839175
0
0.118840971923161
0.881159028076839
0
0.11908238910347
0.88091761089653
0
0.118136819551086
0.57278287341201
0.309080307036904
0.118195769355385
0.667061068500324
0.21474316214429
0.118237832908017
0.823633244343981
0.0581289227480015
0.118274149714769
0.881725850285231
0
0.1183179265743
0.8816820734257
0
0.118353394859054
0.881646605140946
0
0.118378266994975
0.881621733005025
0
0.11839451377327
0.88160548622673
0
0.118404870173054
0.881595129826946
0
0.11841244346981
0.88158755653019
0
0.118195769355385
0.667061068500326
0.214743162144289
0.118222121280739
0.803393871210616
0.0783840075086445
0.118251730369292
0.881748269630708
0
0.11829152346145
0.88170847653855
0
0.118330822516573
0.881669177483427
0
0.118362751386694
0.881637248613306
0
0.118386059475177
0.881613940524823
0
0.118401937081464
0.881598062918536
0
0.118412496892237
0.881587503107763
0
0.118420267204306
0.881579732795694
0
0.118237832908017
0.823633244343983
0.0581289227480001
0.118251730369292
0.881748269630708
0
0.118282275504503
0.881717724495497
0
0.11831766707049
0.88168233292951
0
0.118351067014895
0.881648932985105
0
0.118379173836794
0.881620826163206
0
0.118400943451742
0.881599056548258
0
0.118416735515684
0.881583264484316
0
0.118427872963906
0.881572127036094
0
0.118436196108813
0.881563803891187
0
0.118274149714769
0.881725850285231
0
0.11829152346145
0.881708476538551
0
0.11831766707049
0.88168233292951
0
0.118346737472286
0.881653262527714
0
0.11837516109685
0.88162483890315
0
0.118400639963964
0.881599360036036
0
0.118422019732423
0.881577980267577
0
0.118438733185137
0.881561266814863
0
0.118451277112652
0.881548722887348
0
0.118460828174427
0.881539171825574
0
0.1183179265743
0.8816820734257
0
0.118330822516573
0.881669177483427
0
0.118351067014895
0.881648932985105
0
0.11837516109685
0.88162483890315
0
0.118400585177289
0.881599414822711
0
0.118425492457493
0.881574507542507
0
0.118448425735603
0.881551574264397
0
0.118467960480005
0.881532039519995
0
0.11848341831852
0.88151658168148
0
0.118495481770104
0.881504518229897
0
0.118353394859054
0.881646605140946
0
0.118362751386694
0.881637248613306
0
0.118379173836794
0.881620826163206
0
0.118400639963964
0.881599360036036
0
0.118425492457493
0.881574507542507
0
0.11845228258362
0.88154771741638
0
0.118479411055437
0.881520588944563
0
0.118504662716149
0.881495337283851
0
0.118525879274742
0.881474120725258
0
0.118542883352046
0.881457116647954
0
0.118378266994975
0.881621733005025
0
0.118386059475177
0.881613940524823
0
0.118400943451742
0.881599056548258
0
0.118422019732423
0.881577980267577
0
0.118448425735603
0.881551574264397
0
0.118479411055437
0.881520588944563
0
0.11851372703788
0.88148627296212
0
0.11854914938012
0.88145085061988
0
0.118581557943479
0.881418442056521
0
0.118608230172186
0.881391769827814
0
0.11839451377327
0.88160548622673
0
0.118401937081464
0.881598062918536
0
0.118416735515684
0.881583264484316
0
0.118438733185137
0.881561266814863
0
0.118467960480005
0.881532039519995
0
0.118504662716149
0.881495337283851
0
0.11854914938012
0.88145085061988
0
0.118600923799665
0.881399076200335
0
0.118654833661517
0.881345166338483
0
0.118701114722774
0.881298885277226
0
0.118404870173054
0.881595129826946
0
0.118412496892237
0.881587503107763
0
0.118427872963906
0.881572127036094
0
0.118451277112652
0.881548722887348
0
0.118483418318519
0.881516581681481
0
0.118525879274742
0.881474120725258
0
0.118581557943479
0.881418442056521
0
0.118654833661517
0.881345166338483
0
0.118744459369186
0.881255540630814
0
0.118840995036944
0.881159004963056
0
0.11841244346981
0.88158755653019
0
0.118420267204305
0.881579732795695
0
0.118436196108813
0.881563803891187
0
0.118460828174427
0.881539171825573
0
0.118495481770103
0.881504518229897
0
0.118542883352046
0.881457116647954
0
0.118608230172186
0.881391769827814
0
0.118701114722774
0.881298885277226
0
0.118840995036944
0.881159004963056
0
0.11908983660412
0.88091016339588
0
