0.118126887034195
0.39317997825716
0.488693134708646
0.118188159457861
0.411009568513583
0.470802272028556
0.118232608971439
0.453479422088171
0.42828796894039
0.11827240098333
0.515740872496103
0.365986726520567
0.11831522065342
0.532447042405444
0.349237736941136
0.118349673889714
0.53016769884814
0.351482627262146
0.118373723128937
0.533571592820107
0.348054684050956
0.118389540515691
0.562096600923166
0.319513858561143
0.118399887592508
0.683674396009923
0.197925716397569
0.118407949246721
0.881592050753279
0
0.118188159457861
0.411009568513579
0.470802272028559
0.118216344685477
0.438731769574024
0.443051885740498
0.11824937647841
0.493861228605185
0.387889394916405
0.118289176122912
0.522813280067419
0.358897543809669
0.118327651624444
0.52737273953874
0.354299608836816
0.118358716407561
0.525898117143253
0.355743166449186
0.1183813371042
0.533801138615991
0.347817524279809
0.118396870186173
0.565561371061209
0.316041758752619
0.118407454484602
0.703419157869246
0.178173387646152
0.118415745151825
0.881584254848175
0
0.118232608971439
0.45347942208817
0.428287968940392
0.11824937647841
0.493861228605184
0.387889394916405
0.118279885185435
0.518275920065852
0.363444194748713
0.118314651394772
0.524996971046564
0.356688377558664
0.118347360264517
0.523919694163499
0.357732945571984
0.118374729911304
0.524457068340125
0.35716820174857
0.118395986431129
0.535709865716811
0.345894147852061
0.118411527642948
0.569443112744236
0.312145359612816
0.118422751532034
0.722432907221243
0.159144341246723
0.118431620137673
0.881568379862327
0
0.11827240098333
0.515740872496101
0.365986726520569
0.118289176122912
0.522813280067416
0.358897543809672
0.118314651394772
0.524996971046563
0.356688377558666
0.118343122341059
0.52346839258495
0.358188485073991
0.118370884766126
0.521897843546223
0.35973127168765
0.118395787534199
0.525463827174235
0.356140385291566
0.11841681619537
0.538733319365101
0.342849864439529
0.1184333670619
0.572874877266496
0.308691755671604
0.118446047601147
0.733915831702993
0.14763812069586
0.118456184359103
0.881543815640897
0
0.11831522065342
0.53244704240544
0.349237736941139
0.118327651624444
0.527372739538738
0.354299608836818
0.118347360264517
0.523919694163496
0.357732945571987
0.118370884766127
0.521897843546221
0.359731271687653
0.118395774281349
0.523003055472639
0.358601170246011
0.118420290034854
0.528965708057415
0.352614001907731
0.118443022161201
0.542466771130092
0.339090206708706
0.118462414825978
0.574972765760999
0.306564819413024
0.118478086589905
0.729291678670366
0.15223023473973
0.118490760260132
0.881509239739868
0
0.118349673889714
0.530167698848134
0.351482627262151
0.118358716407561
0.525898117143252
0.355743166449188
0.118374729911305
0.524457068340121
0.357168201748575
0.118395787534199
0.52546382717423
0.356140385291571
0.118420290034854
0.528965708057415
0.352614001907731
0.118446816900329
0.535413552282554
0.346139630817117
0.11847379647757
0.547175274134023
0.334350929388407
0.118498956977933
0.57555062465271
0.305950418369357
0.118520384085379
0.707947244430092
0.173532371484529
0.118538013812
0.881461986188
0
0.118373723128936
0.533571592820104
0.34805468405096
0.1183813371042
0.53380113861599
0.34781752427981
0.118395986431128
0.53570986571681
0.345894147852062
0.11841681619537
0.538733319365099
0.34284986443953
0.118443022161201
0.542466771130092
0.339090206708707
0.11847379647757
0.547175274134023
0.334350929388407
0.118507992425499
0.555125884808065
0.326366122766436
0.118543281537744
0.576658001380025
0.30479871708223
0.118575820902833
0.678133054931995
0.203291124165172
0.118603036268194
0.881396963731806
0
0.118389540515691
0.562096600923167
0.319513858561143
0.118396870186172
0.565561371061209
0.316041758752619
0.118411527642948
0.569443112744237
0.312145359612815
0.1184333670619
0.572874877266497
0.308691755671603
0.118462414825978
0.574972765761
0.306564819413022
0.118498956977933
0.575550624652711
0.305950418369357
0.118543281537744
0.576658001380025
0.30479871708223
0.118594939635848
0.587998446294279
0.293406614069873
0.118649125286573
0.656181669689261
0.225169205024165
0.118695475426867
0.881304524573133
0
0.118399887592508
0.683674396009924
0.197925716397569
0.118407454484602
0.703419157869247
0.17817338764615
0.118422751532034
0.722432907221245
0.159144341246721
0.118446047601147
0.733915831702996
0.147638120695857
0.118478086589905
0.729291678670368
0.152230234739728
0.118520384085379
0.707947244430094
0.173532371484528
0.118575820902833
0.678133054931997
0.20329112416517
0.118649125286574
0.656181669689262
0.225169205024165
0.118739509109475
0.683845600347361
0.197414890543163
0.11883752491164
0.88116247508836
0
0.118407949246721
0.881592050753279
0
0.118415745151825
0.881584254848175
0
0.118431620137673
0.881568379862327
0
0.118456184359103
0.881543815640897
0
0.118490760260132
0.881509239739868
0
0.118538013812
0.881461986188
0
0.118603036268195
0.881396963731806
0
0.118695475426867
0.881304524573133
0
0.11883752491164
0.88116247508836
0
0.119083255890765
0.880916744109235
0
0.118128949462995
0.450575235503989
0.431295815033015
0.118189898188357
0.508517084108797
0.373293017702846
0.118234163331009
0.783561436578564
0.0982044000904273
0.118272830386467
0.881727169613533
0
0.118315494976585
0.881684505023415
0
0.11834992339587
0.88165007660413
0
0.118374040225076
0.881625959774924
0
0.118389914169217
0.881610085830783
0
0.118400104077909
0.881599895922091
0
0.118407866441093
0.881592133558907
0
0.118189898188357
0.508517084108802
0.373293017702841
0.118218004017451
0.702650971880685
0.179131024101863
0.118250088532407
0.881749911467593
0
0.118289501707644
0.881710498292356
0
0.118327934356295
0.881672065643705
0
0.11835899450142
0.88164100549858
0
0.118381686173532
0.881618313826468
0
0.118397258365367
0.881602741634633
0
0.118407654941845
0.881592345058155
0
0.118415651636588
0.881584348363412
0
0.118234163331009
0.783561436578576
0.0982044000904155
0.118250088532407
0.881749911467593
0
0.118280233382164
0.881719766617836
0
0.118314971359438
0.881685028640562
0
0.118347636147839
0.881652363852161
0
0.11837504231928
0.88162495768072
0
0.118396361426612
0.881603638573388
0
0.118411929368727
0.881588070631273
0
0.118422941150183
0.881577058849817
0
0.118431521644303
0.881568478355697
0
0.118272830386467
0.881727169613533
0
0.118289501707644
0.881710498292356
0
0.118314971359438
0.881685028640562
0
0.118343403738018
0.881656596261982
0
0.118371177481403
0.881628822518597
0
0.118396138805554
0.881603861194446
0
0.118417211919396
0.881582788080604
0
0.118433784094103
0.881566215905897
0
0.118446234550286
0.881553765449714
0
0.118456086976696
0.881543913023304
0
0.118315494976585
0.881684505023415
0
0.118327934356295
0.881672065643705
0
0.118347636147839
0.881652363852161
0
0.118371177481403
0.881628822518597
0
0.118396114337031
0.881603885662969
0
0.118420676921013
0.881579323078986
0
0.118443433532393
0.881556566467607
0
0.118462849216297
0.881537150783703
0
0.118478282690195
0.881521717309805
0
0.118490672331501
0.881509327668499
0
0.11834992339587
0.88165007660413
0
0.11835899450142
0.88164100549858
0
0.11837504231928
0.88162495768072
0
0.118396138805554
0.881603861194446
0
0.118420676921013
0.881579323078987
0
0.118447227965712
0.881552772034288
0
0.118474222131763
0.881525777868237
0
0.118499412195164
0.881500587804836
0
0.118520613135687
0.881479386864313
0
0.118537948932469
0.881462051067531
0
0.118374040225076
0.881625959774924
0
0.118381686173532
0.881618313826468
0
0.118396361426613
0.881603638573387
0
0.118417211919396
0.881582788080604
0
0.118443433532393
0.881556566467607
0
0.118474222131763
0.881525777868237
0
0.118508436196083
0.881491563803917
0
0.11854377060038
0.88145622939962
0
0.118576127883696
0.881423872116304
0
0.118603021481546
0.881396978518454
0
0.118389914169217
0.881610085830783
0
0.118397258365367
0.881602741634633
0
0.118411929368727
0.881588070631273
0
0.118433784094103
0.881566215905897
0
0.118462849216297
0.881537150783703
0
0.118499412195164
0.881500587804836
0
0.11854377060038
0.88145622939962
0
0.118595403815928
0.881404596184072
0
0.118649451428459
0.881350548571541
0
0.118695568194148
0.881304431805852
0
0.118400104077909
0.881599895922091
0
0.118407654941845
0.881592345058155
0
0.118422941150183
0.881577058849817
0
0.118446234550286
0.881553765449714
0
0.118478282690195
0.881521717309805
0
0.118520613135687
0.881479386864313
0
0.118576127883696
0.881423872116304
0
0.118649451428459
0.881350548571541
0
0.118739863132044
0.881260136867956
0
0.11883771617154
0.88116228382846
0
0.118407866441093
0.881592133558908
0
0.118415651636588
0.881584348363412
0
0.118431521644303
0.881568478355697
0
0.118456086976696
0.881543913023304
0
0.118490672331501
0.881509327668499
0
0.11853794893247
0.881462051067531
0
0.118603021481546
0.881396978518454
0
0.118695568194148
0.881304431805852
0
0.11883771617154
0.881162283828461
0
0.119086476901964
0.880913523098036
0
0.11813229349877
0.574390593737352
0.307477112763878
0.118192253280421
0.668405615748359
0.213402130971221
0.118235125404998
0.822356007240726
0.059408867354276
0.118272738411724
0.881727261588276
0
0.118315284328171
0.881684715671829
0
0.118349709621067
0.881650290378933
0
0.118373841735066
0.881626158264934
0
0.118389737115718
0.881610262884282
0
0.118399949256444
0.881600050743556
0
0.118407648762861
0.881592351237139
0
0.118192253280421
0.66840561574836
0.213402130971219
0.118219224963178
0.802287640326077
0.0794931347107454
0.118250064660906
0.881749935339094
0
0.118289298939563
0.881710701060437
0
0.118327721207992
0.881672278792008
0
0.118358785777399
0.881641214222601
0
0.118381493555782
0.881618506444218
0
0.118397086242532
0.881602913757468
0
0.118407501776321
0.881592498223679
0
0.118415435726571
0.881584564273429
0
0.118235125404998
0.822356007240727
0.0594088673542747
0.118250064660907
0.881749935339094
0
0.11828003359748
0.88171996640252
0
0.118314760619399
0.881685239380601
0
0.118347424451675
0.881652575548325
0
0.118374840301815
0.881625159698185
0
0.118396175527911
0.881603824472089
0
0.118411763073166
0.881588236926834
0
0.11842279165694
0.88157720834306
0
0.118431308718017
0.881568691281983
0
0.118272738411724
0.881727261588276
0
0.118289298939563
0.881710701060437
0
0.118314760619399
0.881685239380601
0
0.118343191951455
0.881656808048545
0
0.118370971404906
0.881629028595094
0
0.118395945325534
0.881604054674466
0
0.118417032914655
0.881582967085345
0
0.118433624959653
0.881566375040347
0
0.118446094084517
0.881553905915483
0
0.118455879159621
0.881544120840378
0
0.118315284328171
0.881684715671829
0
0.118327721207992
0.881672278792008
0
0.118347424451675
0.881652575548325
0
0.118370971404906
0.881629028595094
0
0.118395918178299
0.881604081821701
0
0.11842049288173
0.88157950711827
0
0.118443261367736
0.881556738632264
0
0.11846269858053
0.88153730141947
0
0.118478158973875
0.881521841026125
0
0.118490472851877
0.881509527148123
0
0.118349709621067
0.881650290378933
0
0.118358785777399
0.881641214222601
0
0.118374840301815
0.881625159698185
0
0.118395945325534
0.881604054674466
0
0.11842049288173
0.88157950711827
0
0.118447053826753
0.881552946173247
0
0.118474057923548
0.881525942076452
0
0.118499270817488
0.881500729182512
0
0.118520519117942
0.881479480882058
0
0.118537761505646
0.881462238494354
0
0.118373841735066
0.881626158264935
0
0.118381493555782
0.881618506444218
0
0.118396175527911
0.881603824472089
0
0.118417032914655
0.881582967085345
0
0.118443261367736
0.881556738632264
0
0.118474057923549
0.881525942076452
0
0.118508282860884
0.881491717139116
0
0.118543642105812
0.881456357894188
0
0.118576075750353
0.881423924249647
0
0.118602851520412
0.881397148479588
0
0.118389737115718
0.881610262884282
0
0.118397086242532
0.881602913757468
0
0.118411763073166
0.881588236926834
0
0.118433624959653
0.881566375040347
0
0.11846269858053
0.881537301419471
0
0.118499270817488
0.881500729182512
0
0.118543642105812
0.881456357894188
0
0.118595289803829
0.881404710196171
0
0.118649389148117
0.881350610851883
0
0.118695452425067
0.881304547574933
0
0.118399949256444
0.881600050743556
0
0.118407501776321
0.881592498223679
0
0.11842279165694
0.88157720834306
0
0.118446094084517
0.881553905915483
0
0.118478158973875
0.881521841026125
0
0.118520519117942
0.881479480882058
0
0.118576075750353
0.881423924249647
0
0.118649389148117
0.881350610851883
0
0.118739877765987
0.881260122234013
0
0.118837765477713
0.881162234522287
0
0.118407648762861
0.881592351237139
0
0.118415435726571
0.881584564273429
0
0.118431308718017
0.881568691281983
0
0.118455879159621
0.881544120840378
0
0.118490472851877
0.881509527148122
0
0.118537761505646
0.881462238494354
0
0.118602851520412
0.881397148479588
0
0.118695452425067
0.881304547574933
0
0.118837765477713
0.881162234522287
0
0.119093602633912
0.880906397366088
0
