0.118121968078658
0.392225771239901
0.489652260681441
0.118182095585756
0.409205830581601
0.472612073832643
0.118225654108247
0.448889939697904
0.432884406193849
0.118263988921151
0.519926621718587
0.361809389360262
0.118307640531595
0.53787104944852
0.343821310019885
0.118343065305854
0.53650178131261
0.345155153381536
0.118367909912952
0.537753272966809
0.343878817120239
0.118384072746747
0.563368712197825
0.318247215055428
0.118394479460683
0.680828124901591
0.200777395637726
0.118402340452368
0.881597659547632
0
0.118182095585756
0.409205830581599
0.472612073832645
0.118209645438276
0.43507111569325
0.446719238868474
0.118241409479222
0.498125210916436
0.383633379604342
0.118281342471746
0.527655642833345
0.35406301469491
0.118320482529483
0.53329312047874
0.348386396991777
0.118352395666361
0.531564346891396
0.350083257442243
0.118375644884822
0.53712723033896
0.344497124776218
0.118391434090231
0.566365930317204
0.315242635592565
0.118402052051945
0.69939129596487
0.182206651983184
0.118410103609877
0.881589896390123
0
0.118225654108247
0.448889939697905
0.432884406193849
0.118241409479222
0.498125210916436
0.383633379604342
0.118272130407886
0.52289883204573
0.358829037546385
0.118307335393313
0.53028812758408
0.351404537022606
0.118340688044483
0.529913311121536
0.35174600083398
0.118368753949773
0.529237654883715
0.352393591166512
0.118390430962647
0.538295697952691
0.343313871084662
0.118406119977862
0.569858730679182
0.311735149342956
0.118417308485287
0.717260561585947
0.164322129928766
0.118425881873756
0.881574118126245
0
0.118263988921151
0.519926621718589
0.36180938936026
0.118281342471746
0.527655642833345
0.354063014694909
0.118307335393313
0.530288127584081
0.351404537022606
0.11833634695854
0.529411887191281
0.35225176585018
0.118364723301792
0.527311728731062
0.354323547967145
0.118390104665623
0.52922292189986
0.352386973434517
0.118411359392744
0.540695847553488
0.340892793053769
0.118427934605861
0.572974002837797
0.308598062556343
0.118440492446643
0.727863902452608
0.15369560510075
0.11845025603284
0.88154974396716
0
0.118307640531595
0.53787104944852
0.343821310019886
0.118320482529483
0.533293120478739
0.348386396991778
0.118340688044484
0.529913311121535
0.351746000833981
0.118364723301792
0.527311728731063
0.354323547967145
0.118390038336867
0.527170430042334
0.354439531620799
0.118414793360188
0.531714560505103
0.349870646134709
0.118437557827805
0.543908982487822
0.337653459684373
0.118456900072226
0.574820485493429
0.306722614434346
0.118472291745072
0.723133848923432
0.158393859331496
0.118484530381479
0.881515469618521
0
0.118343065305854
0.536501781312606
0.34515515338154
0.118352395666361
0.531564346891396
0.350083257442242
0.118368753949773
0.529237654883716
0.352393591166511
0.118390104665623
0.529222921899858
0.352386973434519
0.118414793360188
0.5317145605051
0.349870646134712
0.118441381240542
0.537262426154654
0.344296192604804
0.118468283061719
0.548163116238326
0.333368600699955
0.118493263216129
0.575189542399988
0.306317194383883
0.118514308848438
0.702182932983568
0.179302758167995
0.118531435011996
0.881468564988004
0
0.118367909912952
0.537753272966807
0.343878817120241
0.118375644884821
0.537127230338959
0.344497124776219
0.118390430962647
0.538295697952691
0.343313871084662
0.118411359392744
0.540695847553486
0.340892793053771
0.118437557827805
0.543908982487819
0.337653459684376
0.118468283061719
0.548163116238323
0.333368600699958
0.118502286624474
0.555591804902449
0.325905908473077
0.118537339539571
0.575998647520148
0.305464012940281
0.118569625249618
0.672884287600287
0.208546087150094
0.118596171058656
0.881403828941344
0
0.118384072746747
0.563368712197824
0.318247215055429
0.118391434090231
0.566365930317203
0.315242635592566
0.118406119977862
0.569858730679182
0.311735149342956
0.118427934605861
0.572974002837796
0.308598062556343
0.118456900072226
0.574820485493429
0.306722614434346
0.118493263216129
0.575189542399988
0.306317194383883
0.118537339539571
0.575998647520148
0.305464012940281
0.118588519807697
0.586353699425386
0.295057780766917
0.118642251482266
0.650676453154015
0.230681295363719
0.118688521328566
0.881311478671434
0
0.118394479460683
0.680828124901589
0.200777395637729
0.118402052051945
0.699391295964869
0.182206651983186
0.118417308485287
0.717260561585946
0.164322129928768
0.118440492446643
0.727863902452604
0.153695605100753
0.118472291745072
0.72313384892343
0.158393859331498
0.118514308848438
0.702182932983567
0.179302758167995
0.118569625249618
0.672884287600287
0.208546087150094
0.118642251482266
0.650676453154013
0.23068129536372
0.118731654765235
0.670927976122664
0.210340369112102
0.118827294704639
0.874939543077516
0.00623316221784476
0.118402340452368
0.881597659547632
0
0.118410103609877
0.881589896390123
0
0.118425881873756
0.881574118126244
0
0.11845025603284
0.88154974396716
0
0.118484530381479
0.881515469618521
0
0.118531435011996
0.881468564988004
0
0.118596171058656
0.881403828941344
0
0.118688521328566
0.881311478671434
0
0.118827294704639
0.874939543077516
0.00623316221784474
0.119058007241402
0.880941992758598
0
0.118124029196376
0.447849201117141
0.434026769686484
0.118183834262154
0.504710622512194
0.377105543225652
0.118227206570293
0.780544826372422
0.101227967057285
0.118264344020262
0.881735655979738
0
0.118307920519642
0.881692079480358
0
0.118343314544347
0.881656685455653
0
0.118368200140623
0.881631799859377
0
0.118384424883698
0.881615575116302
0
0.11839469222486
0.88160530777514
0
0.118402260484268
0.881597739515732
0
0.118183834262155
0.504710622512197
0.377105543225648
0.118211298809215
0.700931042650874
0.180857658539912
0.11824199389317
0.88175800610683
0
0.118281649526348
0.881718350473652
0
0.118320771333248
0.881679228666752
0
0.118352657813708
0.881647342186292
0
0.11837596377188
0.88162403622812
0
0.118391801081644
0.881608198918356
0
0.118402249740296
0.881597750259704
0
0.118410013029484
0.881589986970516
0
0.118227206570293
0.780544826372433
0.101227967057274
0.11824199389317
0.88175800610683
0
0.118272447903356
0.881727552096644
0
0.118307656559607
0.881692343440393
0
0.118340958254227
0.881659041745773
0
0.118369036850835
0.881630963149165
0
0.118390775449036
0.881609224550964
0
0.118406499991928
0.881593500008072
0
0.118417495987056
0.881582504012944
0
0.118425786301955
0.881574213698045
0
0.118264344020262
0.881735655979738
0
0.118281649526348
0.881718350473652
0
0.118307656559607
0.881692343440393
0
0.118336626204682
0.881663373795318
0
0.11836499267439
0.88163500732561
0
0.118390420594922
0.881609579405078
0
0.118411724892958
0.881588275107042
0
0.118428328344228
0.881571671655772
0
0.118440677093869
0.881559322906131
0
0.118450161820616
0.881549838179384
0
0.118307920519642
0.881692079480358
0
0.118320771333248
0.881679228666752
0
0.118340958254227
0.881659041745773
0
0.11836499267439
0.88163500732561
0
0.118390342880081
0.881609657119919
0
0.118415144440659
0.881584855559341
0
0.118437940344069
0.881562059655931
0
0.118457307823817
0.881542692176183
0
0.118472485797677
0.881527514202323
0
0.118484446237195
0.881515553762805
0
0.118343314544347
0.881656685455653
0
0.118352657813708
0.881647342186292
0
0.118369036850836
0.881630963149164
0
0.118390420594922
0.881609579405078
0
0.118415144440659
0.881584855559341
0
0.118441759078631
0.881558240921369
0
0.118468678071515
0.881531321928485
0
0.11849368738201
0.88150631261799
0
0.118514535887238
0.881485464112762
0
0.1185313752301
0.8814686247699
0
0.118368200140623
0.881631799859377
0
0.11837596377188
0.881624036228121
0
0.118390775449037
0.881609224550963
0
0.118411724892958
0.881588275107042
0
0.118437940344069
0.881562059655931
0
0.118468678071515
0.881531321928485
0
0.118502697330518
0.881497302669482
0
0.118537787694623
0.881462212305376
0
0.118569914544371
0.881430085455629
0
0.11859616497414
0.88140383502586
0
0.118384424883698
0.881615575116302
0
0.118391801081644
0.881608198918356
0
0.118406499991928
0.881593500008072
0
0.118428328344228
0.881571671655772
0
0.118457307823817
0.881542692176183
0
0.11849368738201
0.881506312617989
0
0.118537787694623
0.881462212305376
0
0.11858895552703
0.88141104447297
0
0.118642560280517
0.881357439719484
0
0.118688619727976
0.881311380272024
0
0.11839469222486
0.88160530777514
0
0.118402249740296
0.881597750259704
0
0.118417495987056
0.881582504012944
0
0.118440677093869
0.881559322906131
0
0.118472485797677
0.881527514202323
0
0.118514535887238
0.881485464112762
0
0.118569914544371
0.881430085455629
0
0.118642560280516
0.881357439719484
0
0.118731963142415
0.881268036857585
0
0.118827465494584
0.881172534505416
0
0.118402260484268
0.881597739515732
0
0.118410013029484
0.881589986970516
0
0.118425786301955
0.881574213698045
0
0.118450161820616
0.881549838179384
0
0.118484446237195
0.881515553762805
0
0.1185313752301
0.8814686247699
0
0.11859616497414
0.88140383502586
0
0.118688619727976
0.881311380272024
0
0.118827465494585
0.881172534505415
0
0.119061282288211
0.880938717711789
0
0.118127362013674
0.572293304447595
0.309579333538731
0.118186198813807
0.666083450855299
0.215730350330894
0.118228159889154
0.821846930365381
0.0599249097454653
0.118264247329788
0.881735752670212
0
0.118307711917632
0.881692288082368
0
0.118343101173395
0.881656898826605
0
0.118367998540874
0.881632001459126
0
0.118384245544978
0.881615754455022
0
0.118394535157175
0.881605464842824
0
0.118402044780178
0.881597955219822
0
0.118186198813807
0.666083450855301
0.215730350330893
0.11821250733859
0.801936876499285
0.079850616162125
0.118241963403667
0.881758036596333
0
0.118281444882261
0.881718555117739
0
0.118320560456978
0.881679439543022
0
0.118352447248971
0.881647552751029
0
0.118375767852113
0.881624232147887
0
0.118391626922998
0.881608373077002
0
0.118402093750884
0.881597906249116
0
0.118409799081664
0.881590200918336
0
0.118228159889154
0.821846930365382
0.0599249097454639
0.118241963403667
0.881758036596333
0
0.118272244547646
0.881727755452354
0
0.118307448160735
0.881692551839265
0
0.118340746560571
0.881659253439429
0
0.118368831641415
0.881631168358585
0
0.118390586559041
0.881609413440959
0
0.118406331559149
0.881593668440851
0
0.118417343449275
0.881582656550725
0
0.118425575479201
0.881574424520799
0
0.118264247329788
0.881735752670212
0
0.118281444882261
0.881718555117739
0
0.118307448160735
0.881692551839265
0
0.118336415089169
0.881663584910831
0
0.118364784186
0.881635215814
0
0.118390223551681
0.881609776448319
0
0.118411542721333
0.881588457278667
0
0.118428167226665
0.881571832773335
0
0.118440533079135
0.881559466920865
0
0.118449956374138
0.881550043625862
0
0.118307711917632
0.881692288082368
0
0.118320560456979
0.881679439543022
0
0.118340746560571
0.881659253439429
0
0.118364784186
0.881635215814
0
0.118390143012578
0.881609856987422
0
0.118414956963858
0.881585043036142
0
0.118437766528496
0.881562233471504
0
0.118457153889888
0.881542846110112
0
0.118472359907688
0.881527640092312
0
0.118484249654641
0.881515750345359
0
0.118343101173395
0.881656898826605
0
0.118352447248971
0.881647552751029
0
0.118368831641415
0.881631168358585
0
0.118390223551681
0.881609776448319
0
0.118414956963857
0.881585043036142
0
0.118441581712891
0.881558418287109
0
0.1184685105536
0.8815314894464
0
0.118493542401737
0.881506457598263
0
0.118514440494457
0.881485559505543
0
0.11853119071369
0.88146880928631
0
0.118367998540874
0.881632001459126
0
0.118375767852113
0.881624232147887
0
0.118390586559041
0.881609413440959
0
0.118411542721333
0.881588457278667
0
0.118437766528496
0.881562233471504
0
0.1184685105536
0.8815314894464
0
0.118502541294741
0.881497458705259
0
0.118537654344985
0.881462345655015
0
0.11856984972066
0.88143015027934
0
0.118595996063718
0.881404003936282
0
0.118384245544978
0.881615754455022
0
0.118391626922998
0.881608373077002
0
0.118406331559149
0.881593668440851
0
0.118428167226665
0.881571832773335
0
0.118457153889888
0.881542846110112
0
0.118493542401737
0.881506457598263
0
0.118537654344985
0.881462345655015
0
0.118588836041796
0.881411163958204
0
0.118642488041907
0.881357511958093
0
0.118688457186783
0.881311542813217
0
0.118394535157175
0.881605464842825
0
0.118402093750884
0.881597906249116
0
0.118417343449275
0.881582656550725
0
0.118440533079135
0.881559466920865
0
0.118472359907688
0.881527640092312
0
0.118514440494457
0.881485559505543
0
0.11856984972066
0.88143015027934
0
0.118642488041907
0.881357511958094
0
0.118731930569452
0.881268069430548
0
0.118827396758882
0.881172603241118
0
0.118402044780178
0.881597955219822
0
0.118409799081664
0.881590200918336
0
0.118425575479201
0.881574424520799
0
0.118449956374138
0.881550043625862
0
0.118484249654641
0.881515750345359
0
0.11853119071369
0.88146880928631
0
0.118595996063718
0.881404003936282
0
0.118688457186783
0.881311542813217
0
0.118827396758882
0.881172603241118
0
0.119068734958583
0.880931265041417
0
