0.118117210199799
0.392185649608633
0.489697140191569
0.11817728077391
0.409072920551645
0.472749798674446
0.118220783496254
0.448404711483628
0.433374505020118
0.118259005500593
0.519338424279381
0.362402570220026
0.118302512250173
0.537695718463492
0.344001769286335
0.118337901033977
0.536609277288699
0.345052821677323
0.118362765406428
0.537746683692684
0.343890550900888
0.118378933624112
0.562981103510671
0.318639962865217
0.118389313281038
0.679185500911977
0.202425185806986
0.118397119446547
0.881602880553453
0
0.11817728077391
0.409072920551643
0.472749798674448
0.118204796589772
0.434699572140078
0.44709563127015
0.118236487952166
0.497491687307368
0.384271824740466
0.118276282835077
0.527344235397168
0.354379481767756
0.118315335641069
0.533267849784342
0.348416814574589
0.118347234968761
0.531668775050802
0.349983989980437
0.118370498338663
0.537033666399161
0.344595835262176
0.118386281651223
0.565895041904008
0.315718676444769
0.11839684769499
0.697325452988229
0.184277699316781
0.118404867813436
0.881595132186564
0
0.118220783496254
0.448404711483628
0.433374505020117
0.118236487952166
0.497491687307368
0.384271824740466
0.118267095054576
0.522548951578944
0.359183953366479
0.118302212569203
0.530163760170121
0.351534027260677
0.118335523765039
0.529997275464095
0.351667200770866
0.118363591949134
0.52929442188601
0.352341986164857
0.118385272826854
0.538115623458529
0.343499103714617
0.118400945642412
0.569305175797088
0.3122938785605
0.118412073121912
0.714733661946642
0.166854264931446
0.118420605042741
0.881579394957259
0
0.118259005500593
0.519338424279382
0.362402570220024
0.118276282835077
0.527344235397167
0.354379481767756
0.118302212569202
0.530163760170121
0.351534027260676
0.118331183920022
0.529470072091132
0.352198743988846
0.118359550624872
0.527416909599897
0.35422353977523
0.118384932275264
0.529187573400244
0.352427494324492
0.118406174368506
0.540432839355025
0.341160986276469
0.118422719996506
0.572340209170429
0.309237070833065
0.11843519787166
0.724952060621936
0.156612741506404
0.118444908397384
0.881555091602616
0
0.118302512250173
0.537695718463491
0.344001769286335
0.118315335641069
0.533267849784341
0.34841681457459
0.118335523765039
0.529997275464094
0.351667200770867
0.118359550624872
0.527416909599898
0.35422353977523
0.11838485909738
0.527179921157845
0.354435219744776
0.118409595842716
0.531563927701634
0.350026476455649
0.118432325837389
0.54356981510406
0.337997859058551
0.11845161928836
0.574116599106019
0.307431781605621
0.118466902279854
0.720142048837922
0.161391048882224
0.118479073938563
0.881520926061437
0
0.118337901033978
0.536609277288696
0.345052821677326
0.118347234968761
0.531668775050802
0.349983989980437
0.118363591949134
0.52929442188601
0.352341986164857
0.118384932275264
0.529187573400242
0.352427494324494
0.118409595842716
0.531563927701631
0.350026476455653
0.118436139848434
0.536992043135342
0.344571817016224
0.118462979041285
0.547749033770851
0.333787987187864
0.118487879493329
0.574426813322741
0.307085307183931
0.118508780272143
0.699366276251457
0.1821249434764
0.11852580002349
0.88147419997651
0
0.118362765406428
0.537746683692682
0.34389055090089
0.118370498338663
0.53703366639916
0.344595835262177
0.118385272826854
0.538115623458529
0.343499103714618
0.118406174368506
0.540432839355023
0.341160986276471
0.118432325837389
0.543569815104057
0.337997859058555
0.118462979041285
0.547749033770849
0.333787987187866
0.118496877813664
0.555069287233754
0.326433834952582
0.118531783019926
0.575147296445828
0.306320920534247
0.118563920452841
0.670412862878804
0.211023216668355
0.118590147426823
0.881409852573177
0
0.118378933624112
0.562981103510669
0.318639962865219
0.118386281651223
0.565895041904008
0.315718676444769
0.118400945642412
0.569305175797088
0.312293878560501
0.118422719996506
0.572340209170427
0.309237070833066
0.11845161928836
0.574116599106019
0.307431781605621
0.118487879493329
0.57442681332274
0.307085307183931
0.118531783019926
0.575147296445827
0.306320920534247
0.118582552398668
0.585174949070974
0.296242498530358
0.118635851358817
0.648293788884495
0.233070359756688
0.118681509815049
0.881318490184951
0
0.118389313281038
0.679185500911974
0.202425185806988
0.11839684769499
0.697325452988227
0.184277699316783
0.118412073121912
0.714733661946641
0.166854264931447
0.11843519787166
0.724952060621933
0.156612741506407
0.118466902279853
0.72014204883792
0.161391048882226
0.118508780272143
0.699366276251457
0.182124943476399
0.118563920452841
0.670412862878805
0.211023216668355
0.118635851358817
0.648293788884495
0.233070359756688
0.118723985839788
0.666935635443109
0.214340378717103
0.118816892408613
0.86016858298312
0.0210145246082668
0.118397119446547
0.881602880553453
0
0.118404867813436
0.881595132186564
0
0.118420605042741
0.881579394957259
0
0.118444908397384
0.881555091602616
0
0.118479073938563
0.881520926061437
0
0.11852580002349
0.88147419997651
0
0.118590147426823
0.881409852573177
0
0.118681509815049
0.881318490184951
0
0.118816892408613
0.860168582983121
0.0210145246082665
0.119048745281486
0.880951254718514
0
0.118119269202327
0.447676255398387
0.434204475399286
0.118179017246415
0.504281990058376
0.377538992695209
0.118222335674319
0.777734498091249
0.104043166234433
0.118259368320926
0.881740631679074
0
0.118302795580408
0.881697204419592
0
0.118338153198341
0.881661846801659
0
0.118363055221239
0.881636944778762
0
0.118379284807636
0.881620715192364
0
0.118389526911364
0.881610473088636
0
0.118397040331659
0.881602959668341
0
0.118179017246415
0.504281990058378
0.377538992695207
0.118206449371956
0.697980893330373
0.183812657297671
0.118237082369176
0.881762917630824
0
0.118276591826701
0.881723408173299
0
0.118315628020823
0.881684371979176
0
0.118347498545508
0.881652501454492
0
0.11837081613818
0.88162918386182
0
0.118386647533816
0.881613352466184
0
0.118397047374818
0.881602952625182
0
0.118404777723018
0.881595222276982
0
0.118222335674319
0.777734498091259
0.104043166234422
0.118237082369176
0.881762917630824
0
0.118267413726579
0.881732586273421
0
0.118302537021377
0.881697462978623
0
0.118335796771862
0.881664203228138
0
0.118363874509579
0.881636125490421
0
0.118385615740133
0.881614384259867
0
0.118401324167585
0.881598675832415
0
0.11841226219825
0.88158773780175
0
0.118420509834717
0.881579490165283
0
0.118259368320926
0.881740631679074
0
0.118276591826701
0.881723408173299
0
0.118302537021377
0.881697462978623
0
0.118331466351404
0.881668533648596
0
0.118359820530498
0.881640179469502
0
0.118385246474052
0.881614753525948
0
0.118406538052342
0.881593461947659
0
0.118423111777117
0.881576888222882
0
0.118435384126229
0.881564615873771
0
0.118444814528439
0.881555185471561
0
0.118302795580408
0.881697204419592
0
0.118315628020823
0.881684371979176
0
0.118335796771862
0.881664203228138
0
0.118359820530498
0.881640179469502
0
0.118385161986536
0.881614838013464
0
0.118409944726476
0.881590055273524
0
0.118432706602205
0.881567293397795
0
0.118452024770245
0.881547975229755
0
0.118467098396148
0.881532901603853
0
0.118478990353923
0.881521009646077
0
0.118338153198341
0.881661846801659
0
0.118347498545508
0.881652501454492
0
0.118363874509579
0.881636125490421
0
0.118385246474052
0.881614753525948
0
0.118409944726476
0.881590055273524
0
0.118436515859988
0.881563484140013
0
0.1184633728594
0.8815366271406
0
0.118488301770191
0.881511698229809
0
0.118509011036034
0.881490988963966
0
0.118525741582529
0.881474258417471
0
0.118363055221239
0.881636944778761
0
0.11837081613818
0.88162918386182
0
0.118385615740133
0.881614384259867
0
0.118406538052341
0.881593461947659
0
0.118432706602205
0.881567293397795
0
0.1184633728594
0.8815366271406
0
0.118497288389017
0.881502711610983
0
0.118532230986624
0.881467769013376
0
0.118564210083651
0.881435789916349
0
0.118590145883526
0.881409854116474
0
0.118379284807636
0.881620715192364
0
0.118386647533816
0.881613352466184
0
0.118401324167585
0.881598675832415
0
0.118423111777117
0.881576888222883
0
0.118452024770245
0.881547975229755
0
0.118488301770191
0.881511698229809
0
0.118532230986624
0.881467769013376
0
0.118583008236794
0.881416991763206
0
0.118636168800415
0.881363831199585
0
0.118681619460513
0.881318380539487
0
0.118389526911364
0.881610473088636
0
0.118397047374817
0.881602952625183
0
0.11841226219825
0.88158773780175
0
0.118435384126229
0.881564615873771
0
0.118467098396148
0.881532901603852
0
0.118509011036034
0.881490988963966
0
0.118564210083651
0.881435789916349
0
0.118636168800415
0.881363831199585
0
0.118724299902033
0.881275700097967
0
0.118817108467403
0.881182891532597
0
0.118397040331659
0.881602959668341
0
0.118404777723018
0.881595222276982
0
0.118420509834718
0.881579490165282
0
0.118444814528439
0.881555185471561
0
0.118478990353923
0.881521009646077
0
0.118525741582529
0.881474258417471
0
0.118590145883526
0.881409854116474
0
0.118681619460513
0.881318380539487
0
0.118817108467403
0.881182891532597
0
0.119051978877215
0.880948021122785
0
0.118122598329783
0.572051602201232
0.309825799468985
0.118181381112382
0.665601991921718
0.2162166269659
0.118223295396359
0.820995710520772
0.0607809940828698
0.118259273027167
0.881740726972834
0
0.118302586911897
0.881697413088103
0
0.118337939576818
0.881662060423182
0
0.118362852800202
0.881637147199798
0
0.118379104408858
0.881620895591142
0
0.11838936860065
0.88161063139935
0
0.118396824308664
0.881603175691336
0
0.118181381112382
0.66560199192172
0.216216626965899
0.118207670740266
0.801213164649398
0.0805791646103367
0.118237054076247
0.881762945923753
0
0.118276386928147
0.881723613071853
0
0.118315416995773
0.881684583004227
0
0.118347287468871
0.881652712531129
0
0.118370619276577
0.881629380723423
0
0.118386472242014
0.881613527757986
0
0.118396890975596
0.881603109024404
0
0.118404563089209
0.881595436910791
0
0.118223295396358
0.820995710520773
0.0607809940828686
0.118237054076247
0.881762945923753
0
0.118267210031018
0.881732789968982
0
0.118302328403545
0.881697671596455
0
0.118335584785224
0.881664415214776
0
0.118363668519976
0.881636331480024
0
0.118385425812961
0.881614574187039
0
0.118401154479245
0.881598845520756
0
0.118412108876104
0.881587891123896
0
0.118420298294432
0.881579701705568
0
0.118259273027166
0.881740726972834
0
0.118276386928147
0.881723613071853
0
0.118302328403546
0.881697671596455
0
0.118331255004191
0.881668744995809
0
0.118359611401676
0.881640388598324
0
0.118385048440993
0.881614951559007
0
0.11840635477715
0.88159364522285
0
0.11842294925101
0.88157705074899
0
0.118435239270407
0.881564760729593
0
0.118444608327966
0.881555391672034
0
0.118302586911897
0.881697413088103
0
0.118315416995773
0.881684583004227
0
0.118335584785224
0.881664415214776
0
0.118359611401676
0.881640388598324
0
0.118384961157036
0.881615038842964
0
0.118409756158346
0.881590243841654
0
0.118432531647942
0.881567468352058
0
0.118451869283161
0.881548130716839
0
0.118466971797522
0.881533028202478
0
0.118478792935834
0.881521207064166
0
0.118337939576818
0.881662060423182
0
0.118347287468871
0.881652712531129
0
0.118363668519976
0.881636331480024
0
0.118385048440993
0.881614951559007
0
0.118409756158346
0.881590243841654
0
0.11843633738714
0.88156366261286
0
0.118463204206379
0.881536795793621
0
0.118488155164753
0.881511844835247
0
0.118508915347896
0.881491084652104
0
0.118525555988232
0.881474444011768
0
0.118362852800202
0.881637147199799
0
0.118370619276577
0.881629380723423
0
0.118385425812961
0.881614574187039
0
0.11840635477715
0.88159364522285
0
0.118432531647942
0.881567468352058
0
0.118463204206379
0.881536795793621
0
0.118497131206877
0.881502868793123
0
0.118532095978545
0.881467904021454
0
0.118564140513141
0.88143585948686
0
0.118589976660647
0.881410023339353
0
0.118379104408858
0.881620895591142
0
0.118386472242014
0.881613527757986
0
0.118401154479245
0.881598845520756
0
0.11842294925101
0.88157705074899
0
0.118451869283161
0.881548130716839
0
0.118488155164753
0.881511844835247
0
0.118532095978545
0.881467904021454
0
0.118582890037255
0.881417109962745
0
0.118636095343872
0.881363904656128
0
0.118681451455528
0.881318548544472
0
0.11838936860065
0.88161063139935
0
0.118396890975596
0.881603109024405
0
0.118412108876104
0.881587891123896
0
0.118435239270407
0.881564760729593
0
0.118466971797522
0.881533028202478
0
0.118508915347896
0.881491084652104
0
0.118564140513141
0.88143585948686
0
0.118636095343872
0.881363904656128
0
0.118724258467304
0.881275741532696
0
0.118817139755532
0.881182860244468
0
0.118396824308664
0.881603175691336
0
0.118404563089209
0.881595436910791
0
0.118420298294432
0.881579701705568
0
0.118444608327967
0.881555391672033
0
0.118478792935834
0.881521207064166
0
0.118525555988232
0.881474444011768
0
0.118589976660647
0.881410023339353
0
0.118681451455528
0.881318548544472
0
0.118817139755532
0.881182860244468
0
0.119059395663809
0.880940604336191
0
