0.118112439006083
0.392147216398109
0.489740344595808
0.118172453613931
0.408942820458957
0.472884725927112
0.118215902038128
0.447926418222541
0.433857679739331
0.118254014053399
0.518746271807964
0.362999714138637
0.118297377450934
0.537510758088341
0.344191864460725
0.118332729732295
0.5367084257611
0.344958844506605
0.11835761383603
0.537742562801515
0.343899823362455
0.11837378855547
0.562600888828748
0.319025322615782
0.118384142411334
0.67757172100616
0.204044136582505
0.118391893947162
0.881608106052838
0
0.118172453613931
0.408942820458955
0.472884725927114
0.118199936096365
0.434334068604991
0.447465995298644
0.118231556654579
0.496860587469022
0.384907855876399
0.118271215735232
0.527028699510681
0.354700084754087
0.11831018183893
0.533232749203031
0.348457068958039
0.118342066469421
0.53176961765882
0.349888315871759
0.118365344117407
0.536944802636599
0.344689853245994
0.118381122496792
0.565432894907175
0.316185982596032
0.118391638356618
0.695292707498432
0.18631565414495
0.118399627915147
0.881600372084853
0
0.118215902038128
0.447926418222541
0.433857679739331
0.118231556654579
0.496860587469023
0.384907855876399
0.118262051668177
0.522197330412023
0.359540617919801
0.118297082552127
0.530031107219112
0.351671810228762
0.118330351304931
0.530073535192492
0.351596113502577
0.118358420456484
0.529352362604552
0.352289216938964
0.118380104851701
0.537941748236991
0.343678146911308
0.118395761801168
0.568762261437567
0.312841976761265
0.118406830323362
0.712256795905804
0.169336373770834
0.118415322799454
0.881584677200546
0
0.118254014053399
0.518746271807965
0.362999714138635
0.118271215735232
0.527028699510681
0.354700084754087
0.118297082552127
0.530031107219112
0.351671810228761
0.118326012534341
0.529519450276324
0.352154537189335
0.118354367207659
0.527520384691967
0.354125248100374
0.118379746550312
0.529157062650657
0.352463190799032
0.118400973357264
0.540176974535368
0.341422052107368
0.118417487400983
0.571719665040945
0.309862847558071
0.118429886673792
0.722105838351303
0.159464274974904
0.118439546241699
0.881560453758301
0
0.118297377450934
0.53751075808834
0.344191864460725
0.118310181838931
0.53323274920303
0.348457068958039
0.118330351304931
0.530073535192491
0.351596113502578
0.118354367207659
0.527520384691967
0.354125248100373
0.118379664947151
0.527193549385406
0.354426785667443
0.118404377024235
0.531419951006595
0.35017567196917
0.118427064095856
0.543238593677201
0.338334342226943
0.118446300592861
0.573429268648096
0.308124430759043
0.118461472473041
0.717222260512183
0.164316267014776
0.118473576754999
0.881526423245001
0
0.118332729732295
0.536708425761097
0.344958844506608
0.118342066469421
0.53176961765882
0.349888315871759
0.118358420456484
0.529352362604552
0.352289216938963
0.118379746550312
0.529157062650655
0.352463190799034
0.118404377024235
0.531419951006592
0.350175671969173
0.118430863306505
0.536729063204305
0.34484007348919
0.118457620519751
0.547344188289043
0.334198191191206
0.118482420943677
0.573684761976742
0.307832817079582
0.118503165565448
0.696623203109556
0.184873631324996
0.118520076160747
0.881479923839253
0
0.11835761383603
0.537742562801513
0.343899823362457
0.118365344117407
0.536944802636599
0.344689853245995
0.118380104851701
0.537941748236991
0.343678146911308
0.118400973357264
0.540176974535366
0.34142205210737
0.118427064095856
0.543238593677198
0.338334342226946
0.118457620519751
0.54734418828904
0.334198191191209
0.118491379444708
0.554559662190513
0.326948958364779
0.118526101348281
0.57432413695875
0.307149761692969
0.118558069232109
0.66804786289553
0.213394067872361
0.118584008283453
0.881415991716547
0
0.118373788555471
0.562600888828746
0.319025322615783
0.118381122496792
0.565432894907175
0.316185982596033
0.118395761801168
0.568762261437567
0.312841976761265
0.118417487400983
0.571719665040944
0.309862847558072
0.118446300592861
0.573429268648096
0.308124430759043
0.118482420943677
0.573684761976742
0.307832817079582
0.118526101348281
0.57432413695875
0.307149761692969
0.118576432691795
0.584031635052624
0.297391932255581
0.118629338529851
0.646012155804696
0.235358505665453
0.118674619015776
0.881325380984224
0
0.118384142411334
0.677571721006158
0.204044136582508
0.118391638356618
0.69529270749843
0.186315654144952
0.118406830323362
0.712256795905802
0.169336373770836
0.118429886673793
0.7221058383513
0.159464274974908
0.118461472473041
0.717222260512181
0.164316267014778
0.118503165565449
0.696623203109556
0.184873631324996
0.118558069232109
0.66804786289553
0.213394067872361
0.118629338529851
0.646012155804695
0.235358505665454
0.118716544538582
0.66331638650927
0.217967068952148
0.11880798579622
0.845727983766247
0.035464030437533
0.118391893947162
0.881608106052838
0
0.118399627915147
0.881600372084853
0
0.118415322799454
0.881584677200546
0
0.118439546241699
0.881560453758301
0
0.118473576754999
0.881526423245001
0
0.118520076160747
0.881479923839254
0
0.118584008283452
0.881415991716548
0
0.118674619015776
0.881325380984224
0
0.118807985796219
0.845727983766248
0.0354640304375323
0.119037953952719
0.880962046047281
0
0.1181144958805
0.447505799306904
0.434379704812595
0.118174187865224
0.503861003760342
0.377964808374434
0.118217453929219
0.774922905326753
0.106859640744027
0.118254384282209
0.881745615717791
0
0.118297664003362
0.881702335996638
0
0.11833298489044
0.88166701510956
0
0.118357903425766
0.881642096574234
0
0.118374138934976
0.881625861065024
0
0.118384356961968
0.881615643038032
0
0.118391815688367
0.881608184311633
0
0.118174187865225
0.503861003760344
0.377964808374431
0.118201588150064
0.695069074026392
0.186729337823544
0.11823216097079
0.88176783902921
0
0.11827152652505
0.88172847347495
0
0.118310477798466
0.881689522201534
0
0.118342331718066
0.881657668281934
0
0.118365661113243
0.881634338886757
0
0.118381487476057
0.881618512523943
0
0.118391840085832
0.881608159914168
0
0.118399538337847
0.881600461662153
0
0.118217453929219
0.774922905326764
0.106859640744016
0.11823216097079
0.88176783902921
0
0.118262371388123
0.881737628611877
0
0.118297410292297
0.881702589707703
0
0.118330627383476
0.881669372616524
0
0.118358703186573
0.881641296813427
0
0.118380446699902
0.881619553300098
0
0.118396139238642
0.881603860761358
0
0.118407021057523
0.881592978942478
0
0.118415228004349
0.881584771995651
0
0.118254384282209
0.881745615717791
0
0.11827152652505
0.88172847347495
0
0.118297410292297
0.881702589707703
0
0.118326298436305
0.881673701563696
0
0.118354638290381
0.881645361709619
0
0.11838005984565
0.881619940154351
0
0.118401336044731
0.881598663955269
0
0.118417877882058
0.881582122117942
0
0.118430074652147
0.881569925347853
0
0.118439452796548
0.881560547203452
0
0.118297664003362
0.881702335996638
0
0.118310477798466
0.881689522201534
0
0.118330627383476
0.881669372616524
0
0.118354638290381
0.881645361709619
0
0.118379967138313
0.881620032861687
0
0.118404724834124
0.881595275165876
0
0.118427444195561
0.881572555804439
0
0.118446704623126
0.881553295376874
0
0.118461670783724
0.881538329216276
0
0.118473493817892
0.881526506182108
0
0.11833298489044
0.88166701510956
0
0.118342331718066
0.881657668281934
0
0.118358703186573
0.881641296813427
0
0.11838005984565
0.88161994015435
0
0.118404724834124
0.881595275165876
0
0.118431238737847
0.881568761262153
0
0.11845801414209
0.88154198585791
0
0.118482841746763
0.881517158253237
0
0.118503400043534
0.881496599956466
0
0.118520019017247
0.881479980982753
0
0.118357903425766
0.881642096574234
0
0.118365661113243
0.881634338886757
0
0.118380446699902
0.881619553300098
0
0.118401336044731
0.881598663955269
0
0.118427444195561
0.881572555804439
0
0.11845801414209
0.88154198585791
0
0.118491789950254
0.881508210049746
0
0.118526547470144
0.881473452529856
0
0.118558358140891
0.881441641859109
0
0.11858401053305
0.88141598946695
0
0.118374138934975
0.881625861065024
0
0.118381487476057
0.881618512523943
0
0.118396139238642
0.881603860761358
0
0.118417877882058
0.881582122117942
0
0.118446704623126
0.881553295376874
0
0.118482841746763
0.881517158253237
0
0.118526547470144
0.881473452529856
0
0.11857690198922
0.88142309801078
0
0.118629658729484
0.881370341270516
0
0.118674736829342
0.881325263170658
0
0.118384356961968
0.881615643038032
0
0.118391840085831
0.881608159914169
0
0.118407021057523
0.881592978942477
0
0.118430074652147
0.881569925347853
0
0.118461670783724
0.881538329216276
0
0.118503400043534
0.881496599956466
0
0.118558358140891
0.881441641859109
0
0.118629658729484
0.881370341270516
0
0.118716851483849
0.881283148516151
0
0.118808205169959
0.881191794830041
0
0.118391815688367
0.881608184311633
0
0.118399538337847
0.881600461662153
0
0.118415228004349
0.881584771995651
0
0.118439452796548
0.881560547203452
0
0.118473493817892
0.881526506182108
0
0.118520019017247
0.881479980982753
0
0.118584010533051
0.881415989466949
0
0.118674736829342
0.881325263170658
0
0.11880820516996
0.88119179483004
0
0.119041151599256
0.880958848400744
0
0.118117821308627
0.57181121577211
0.310070962919262
0.118176550967131
0.665124541523131
0.216698907509738
0.118218420053247
0.820169447736232
0.0616121322105208
0.118254290337313
0.881745709662686
0
0.118297455245833
0.881702544754167
0
0.118332771026766
0.881667228973234
0
0.118357700206866
0.881642299793134
0
0.11837395749959
0.88162604250041
0
0.118384197446859
0.881615802553141
0
0.118391599330463
0.881608400669537
0
0.118176550967131
0.665124541523133
0.216698907509736
0.11820282267832
0.800490674614176
0.0813065027075033
0.118232134868071
0.88176786513193
0
0.118271321350397
0.881728678649603
0
0.118310266618912
0.881689733381088
0
0.118342120157106
0.881657879842894
0
0.118365463342241
0.881634536657759
0
0.118381311083613
0.881618688916387
0
0.11839168328369
0.88160831671631
0
0.118399323023267
0.881600676976733
0
0.118218420053247
0.820169447736233
0.0616121322105193
0.118232134868071
0.881767865131929
0
0.118262167335201
0.881737832664799
0
0.118297201446002
0.881702798553998
0
0.118330415131052
0.881669584868948
0
0.11835849646899
0.88164150353101
0
0.118380255789861
0.881619744210139
0
0.118395968354231
0.881604031645769
0
0.118406866994312
0.881593133005688
0
0.118415015761549
0.881584984238451
0
0.118254290337313
0.881745709662687
0
0.118271321350397
0.881728678649603
0
0.118297201446003
0.881702798553997
0
0.118326086883453
0.881673913116547
0
0.11835442858515
0.88164557141485
0
0.118379860901849
0.881620139098151
0
0.118401151750977
0.881598848249023
0
0.118417714041155
0.881582285958845
0
0.118429929020567
0.881570070979433
0
0.118439245864714
0.881560754135286
0
0.118297455245833
0.881702544754167
0
0.118310266618912
0.881689733381088
0
0.118330415131052
0.881669584868948
0
0.11835442858515
0.88164557141485
0
0.118379765436138
0.881620234563863
0
0.118404535279343
0.881595464720657
0
0.118427268213041
0.881572731786959
0
0.118446547694104
0.881553452305896
0
0.118461543514125
0.881538456485875
0
0.118473295580395
0.881526704419605
0
0.118332771026766
0.881667228973234
0
0.118342120157106
0.881657879842894
0
0.11835849646899
0.88164150353101
0
0.118379860901849
0.881620139098151
0
0.118404535279343
0.881595464720657
0
0.118431059275
0.881568940725
0
0.118457844451157
0.881542155548843
0
0.118482693569306
0.881517306430694
0
0.118503303929801
0.881496696070199
0
0.118519832291331
0.881480167708669
0
0.118357700206866
0.881642299793134
0
0.118365463342241
0.881634536657759
0
0.118380255789861
0.881619744210139
0
0.118401151750977
0.881598848249023
0
0.118427268213041
0.881572731786959
0
0.118457844451157
0.881542155548843
0
0.118491631614273
0.881508368385727
0
0.118526410608914
0.881473589391086
0
0.118558283620319
0.881441716379681
0
0.118583840343388
0.881416159656612
0
0.11837395749959
0.88162604250041
0
0.118381311083613
0.881618688916387
0
0.118395968354231
0.881604031645769
0
0.118417714041155
0.881582285958845
0
0.118446547694104
0.881553452305896
0
0.118482693569306
0.881517306430694
0
0.118526410608914
0.881473589391086
0
0.118576784033391
0.881423215966609
0
0.118629582453563
0.881370417546437
0
0.118674558596784
0.881325441403215
0
0.118384197446859
0.881615802553141
0
0.11839168328369
0.88160831671631
0
0.118406866994312
0.881593133005688
0
0.118429929020567
0.881570070979433
0
0.118461543514125
0.881538456485875
0
0.118503303929801
0.881496696070199
0
0.118558283620319
0.881441716379681
0
0.118629582453563
0.881370417546437
0
0.118716798396893
0.881283201603107
0
0.118808243299747
0.881191756700253
0
0.118391599330463
0.881608400669537
0
0.118399323023267
0.881600676976733
0
0.118415015761549
0.881584984238451
0
0.118439245864714
0.881560754135286
0
0.118473295580395
0.881526704419605
0
0.118519832291331
0.881480167708669
0
0.118583840343388
0.881416159656612
0
0.118674558596784
0.881325441403215
0
0.118808243299747
0.881191756700253
0
0.11904856225079
0.88095143774921
0
