0.118107653596518
0.392110488190082
0.4897818582134
0.118167612754003
0.408815569506116
0.473016817739881
0.118211007541053
0.447455099669384
0.434333892789563
0.118249011443867
0.518150921650687
0.363600066905446
0.118292231622622
0.537316639472327
0.344391128905051
0.118327545388006
0.536799238698917
0.344873215913078
0.118352447940684
0.537740728894647
0.343906823164668
0.118368629525693
0.562228034717136
0.319403335757171
0.118378958664004
0.675986328817387
0.205634712518609
0.118386657437131
0.881613342562869
0
0.118167612754003
0.408815569506114
0.473016817739882
0.118195062115908
0.433974673276076
0.447830264608015
0.118226612969496
0.496232213660318
0.385541173370186
0.118266137239762
0.526709462117349
0.355024400642889
0.118305015562545
0.533188117144758
0.348506867292697
0.118336883048543
0.531866701508581
0.349796415442877
0.118360173895995
0.53686049986519
0.344779326238815
0.118375947632513
0.564979450764429
0.316644601603058
0.118386414959028
0.693293083335493
0.188320501705479
0.118394375156119
0.881605624843881
0
0.118211007541053
0.447455099669384
0.434333892789563
0.118226612969496
0.496232213660318
0.385541173370185
0.11825699645728
0.521844330574904
0.359898672967816
0.118291939847051
0.529890579965447
0.351817480187501
0.118325163392515
0.530142080938939
0.351532755668547
0.118353230699236
0.529411227200266
0.352235542100499
0.118374917254162
0.537773993311189
0.343851089434649
0.118390558003375
0.568229934850484
0.31337950714614
0.118401569044536
0.709829435123136
0.171768995832328
0.11841002347412
0.88158997652588
0
0.118249011443867
0.518150921650689
0.363600066905444
0.118266137239762
0.52670946211735
0.355024400642889
0.118291939847051
0.529890579965448
0.351817480187501
0.118320825449138
0.529560101659749
0.352119072891114
0.118349164111734
0.527621879421564
0.354028956466703
0.118374537770218
0.529131191085389
0.352494271144393
0.118395746734316
0.539928220119383
0.3416760331463
0.11841222750027
0.571112218584243
0.310475553915487
0.118424549294573
0.719324181961368
0.162251268744059
0.118434159164624
0.881565840835376
0
0.118292231622623
0.537316639472326
0.344391128905051
0.118305015562545
0.533188117144758
0.348506867292697
0.118325163392515
0.530142080938938
0.351532755668548
0.118349164111734
0.527621879421564
0.354028956466702
0.118374446365899
0.527211062493163
0.354414491140938
0.118399128841092
0.53128252568978
0.350318345469128
0.118421768137059
0.542915264218439
0.338662967644502
0.118440943843038
0.572758024014972
0.30880103214199
0.118456005279897
0.714372442950311
0.167171551769792
0.118468043413947
0.881531956586053
0
0.118327545388006
0.536799238698914
0.34487321591308
0.118336883048543
0.53186670150858
0.349796415442877
0.118353230699236
0.529411227200266
0.352235542100498
0.118374537770218
0.529131191085387
0.352494271144394
0.118399128841092
0.531282525689778
0.350318345469131
0.118425549812463
0.536473413808879
0.345101036378659
0.118452217249367
0.546948352545642
0.334599430204991
0.118476911656389
0.572962176184428
0.308560912159182
0.118497501080199
0.693949368229189
0.187553130690612
0.118514308006606
0.881485691993394
0
0.118352447940684
0.537740728894646
0.34390682316467
0.118360173895995
0.536860499865189
0.344779326238816
0.118374917254162
0.537773993311189
0.343851089434649
0.118395746734316
0.539928220119381
0.341676033146303
0.118421768137059
0.542915264218436
0.338662967644505
0.118452217249367
0.546948352545639
0.334599430204995
0.118485826359695
0.554062161938774
0.327452011701531
0.118520359779802
0.573526438446066
0.307953201774132
0.118552160272916
0.66577430712249
0.215673532604595
0.118577842071517
0.881422157928483
0
0.118368629525693
0.562228034717135
0.319403335757172
0.118375947632513
0.564979450764429
0.316644601603059
0.118390558003375
0.568229934850484
0.31337950714614
0.11841222750027
0.571112218584242
0.310475553915488
0.118440943843038
0.572758024014972
0.30880103214199
0.118476911656389
0.572962176184429
0.308560912159182
0.118520359779802
0.573526438446066
0.307953201774132
0.118570262763091
0.58292107019365
0.298508667043259
0.118622794961778
0.643820597120355
0.237556607917867
0.118667772467799
0.881332227532201
0
0.118378958664004
0.675986328817384
0.205634712518612
0.118386414959028
0.693293083335491
0.188320501705482
0.118401569044536
0.709829435123134
0.17176899583233
0.118424549294573
0.719324181961364
0.162251268744063
0.118456005279896
0.714372442950309
0.167171551769794
0.118497501080199
0.693949368229189
0.187553130690612
0.118552160272915
0.66577430712249
0.215673532604595
0.118622794961778
0.643820597120355
0.237556607917867
0.11870909036713
0.66001490805917
0.2212760015737
0.118799144054564
0.831772125855635
0.0494287300898012
0.118386657437131
0.881613342562869
0
0.118394375156119
0.881605624843881
0
0.11841002347412
0.88158997652588
0
0.118434159164624
0.881565840835376
0
0.118468043413946
0.881531956586054
0
0.118514308006606
0.881485691993394
0
0.118577842071517
0.881422157928483
0
0.118667772467799
0.881332227532201
0
0.118799144054564
0.831772125855636
0.0494287300898005
0.119027032679774
0.880972967320226
0
0.118109708337134
0.447337875089578
0.434552416573289
0.118169344773667
0.503447665841382
0.378382989384951
0.118212559129848
0.772111770754896
0.109675670115256
0.118249388931876
0.881750611068124
0
0.118292521391881
0.881707478608119
0
0.118327803699132
0.881672196300868
0
0.118352737561497
0.881647262438503
0
0.118368979274802
0.881631020725198
0
0.11837917418187
0.88162082581813
0
0.118386580054995
0.881613419945005
0
0.118169344773667
0.503447665841384
0.378382989384949
0.118196713317596
0.692196609389801
0.189606677292603
0.118227227272104
0.881772772727896
0
0.118266449812382
0.881733550187619
0
0.118305315175082
0.881694684824918
0
0.118337150232942
0.881662849767058
0
0.118360490359864
0.881639509640136
0
0.118376311896507
0.881623688103493
0
0.118386618804026
0.881613381195974
0
0.118394286119329
0.881605713880671
0
0.118212559129849
0.772111770754907
0.109675670115245
0.118227227272104
0.881772772727896
0
0.118257317221775
0.881742682778225
0
0.118292270920053
0.881707729079947
0
0.118325442761968
0.881674557238032
0
0.118353513950946
0.881646486049054
0
0.118375258323757
0.881624741676243
0
0.118390934565159
0.881609065434841
0
0.11840176149396
0.88159823850604
0
0.118409929124149
0.881590070875851
0
0.118249388931876
0.881750611068124
0
0.118266449812381
0.881733550187619
0
0.118292270920053
0.881707729079947
0
0.118321115017773
0.881678884982227
0
0.118349436743442
0.881650563256558
0
0.118374850525854
0.881625149474146
0
0.118396108684658
0.881603891315342
0
0.118412616881048
0.881587383118952
0
0.118424739046014
0.881575260953986
0
0.118434066175746
0.881565933824254
0
0.118292521391881
0.881707478608119
0
0.118305315175082
0.881694684824918
0
0.118325442761967
0.881674557238033
0
0.118349436743442
0.881650563256558
0
0.118374748247029
0.881625251752971
0
0.118399475846268
0.881600524153732
0
0.118422147693294
0.881577852306706
0
0.118441346491966
0.881558653508034
0
0.118456205811337
0.881543794188663
0
0.118467961141718
0.881532038858282
0
0.118327803699132
0.881672196300868
0
0.118337150232942
0.881662849767058
0
0.118353513950947
0.881646486049053
0
0.118374850525854
0.881625149474146
0
0.118399475846268
0.881600524153732
0
0.118425924728695
0.881574075271305
0
0.11845261048076
0.88154738951924
0
0.11847733071182
0.88152266928818
0
0.118497739246514
0.881502260753486
0
0.118514252144015
0.881485747855985
0
0.118352737561497
0.881647262438503
0
0.118360490359864
0.881639509640136
0
0.118375258323757
0.881624741676243
0
0.118396108684658
0.881603891315342
0
0.118422147693294
0.881577852306706
0
0.11845261048076
0.88154738951924
0
0.118486236146842
0.881513763853158
0
0.118520803250577
0.881479196749423
0
0.118552448287143
0.881447551712857
0
0.118577848063154
0.881422151936846
0
0.118368979274802
0.881631020725198
0
0.118376311896507
0.881623688103493
0
0.118390934565159
0.881609065434841
0
0.118412616881048
0.881587383118952
0
0.118441346491966
0.881558653508034
0
0.11847733071182
0.88152266928818
0
0.118520803250577
0.881479196749423
0
0.118570744130292
0.881429255869708
0
0.118623117693953
0.881376882306047
0
0.11866789885692
0.88133210114308
0
0.11837917418187
0.88162082581813
0
0.118386618804026
0.881613381195974
0
0.11840176149396
0.88159823850604
0
0.118424739046014
0.881575260953986
0
0.118456205811337
0.881543794188663
0
0.118497739246514
0.881502260753486
0
0.118552448287143
0.881447551712857
0
0.118623117693953
0.881376882306047
0
0.118709392421299
0.881290607578701
0
0.118799368923363
0.881200631076636
0
0.118386580054995
0.881613419945005
0
0.118394286119329
0.881605713880671
0
0.118409929124149
0.881590070875851
0
0.118434066175746
0.881565933824254
0
0.118467961141719
0.881532038858281
0
0.118514252144015
0.881485747855985
0
0.118577848063155
0.881422151936845
0
0.11866789885692
0.88133210114308
0
0.118799368923364
0.881200631076636
0
0.119030184115655
0.880969815884345
0
0.118113030058575
0.57157220427544
0.310314765665985
0.118171707043811
0.664651171091994
0.217177121864195
0.118213531655613
0.819366841635429
0.0624196267089589
0.118249296301875
0.881750703698125
0
0.118292312534317
0.881707687465683
0
0.1183275896101
0.8816724103899
0
0.118352533574285
0.881647466425715
0
0.118368796827942
0.881631203172058
0
0.11837901349596
0.88162098650404
0
0.118386363357071
0.881613636642929
0
0.118171707043811
0.664651171091996
0.217177121864194
0.118197961328746
0.799768798909504
0.0820332397617497
0.118227203362167
0.881772796637833
0
0.118266244351777
0.881733755648223
0
0.118305103841343
0.881694896158657
0
0.11833693821638
0.881663061783621
0
0.118360291709557
0.881639708290443
0
0.118376134431696
0.881623865568304
0
0.118386461606537
0.881613538393463
0
0.118394070130361
0.881605929869639
0
0.118213531655612
0.81936684163543
0.0624196267089574
0.118227203362167
0.881772796637833
0
0.118257112805444
0.881742887194556
0
0.118292061839227
0.881707938160773
0
0.118325230264423
0.881674769735577
0
0.118353306541904
0.881646693458096
0
0.118375066461328
0.881624933538673
0
0.118390762517589
0.881609237482411
0
0.11840160670902
0.88159839329098
0
0.118409716184572
0.881590283815428
0
0.118249296301875
0.881750703698125
0
0.118266244351777
0.881733755648223
0
0.118292061839227
0.881707938160773
0
0.118320903275482
0.881679096724518
0
0.118349226499897
0.881650773500103
0
0.118374650706741
0.881625349293259
0
0.118395923398757
0.881604076601243
0
0.118412451758674
0.881587548241326
0
0.118424592649805
0.881575407350196
0
0.118433858514257
0.881566141485743
0
0.118292312534317
0.881707687465683
0
0.118305103841343
0.881694896158657
0
0.118325230264423
0.881674769735577
0
0.118349226499897
0.881650773500103
0
0.118374545709509
0.881625454290491
0
0.118399285329225
0.881600714670775
0
0.118421970693272
0.881578029306728
0
0.118441188140563
0.881558811859437
0
0.11845607784666
0.88154392215334
0
0.118467762076319
0.881532237923681
0
0.1183275896101
0.8816724103899
0
0.11833693821638
0.881663061783621
0
0.118353306541904
0.881646693458096
0
0.118374650706741
0.881625349293259
0
0.118399285329225
0.881600714670775
0
0.118425744279056
0.881574255720945
0
0.118452439728244
0.881547560271756
0
0.118477180944637
0.881522819055363
0
0.11849764261644
0.88150235738356
0
0.118514064259552
0.881485935740448
0
0.118352533574285
0.881647466425715
0
0.118360291709557
0.881639708290443
0
0.118375066461328
0.881624933538673
0
0.118395923398758
0.881604076601243
0
0.118421970693272
0.881578029306728
0
0.118452439728244
0.881547560271756
0
0.118486076586743
0.881513923413257
0
0.118520664474496
0.881479335525504
0
0.118552368983253
0.881447631016747
0
0.118577676711017
0.881422323288983
0
0.118368796827942
0.881631203172058
0
0.118376134431696
0.881623865568304
0
0.118390762517589
0.881609237482411
0
0.118412451758674
0.881587548241326
0
0.118441188140563
0.881558811859437
0
0.118477180944637
0.881522819055363
0
0.118520664474496
0.881479335525504
0
0.118570626142844
0.881429373857156
0
0.118623038659582
0.881376961340418
0
0.118667709543446
0.881332290456554
0
0.11837901349596
0.88162098650404
0
0.118386461606537
0.881613538393463
0
0.11840160670902
0.88159839329098
0
0.118424592649805
0.881575407350196
0
0.11845607784666
0.88154392215334
0
0.11849764261644
0.88150235738356
0
0.118552368983253
0.881447631016747
0
0.118623038659582
0.881376961340418
0
0.118709329814214
0.881290670185786
0
0.118799416814391
0.881200583185609
0
0.118386363357071
0.881613636642929
0
0.118394070130361
0.881605929869639
0
0.118409716184572
0.881590283815428
0
0.118433858514257
0.881566141485743
0
0.118467762076319
0.881532237923681
0
0.118514064259552
0.881485935740448
0
0.118577676711017
0.881422323288983
0
0.118667709543446
0.881332290456554
0
0.118799416814391
0.881200583185609
0
0.119037581509696
0.880962418490304
0
