0.118102849669514
0.392075650759071
0.489821499571415
0.118162753690591
0.408691370283403
0.473145876026006
0.118206094998694
0.446990958442123
0.434802946559183
0.118243992062493
0.517553120554396
0.36420288738311
0.118287068313339
0.537113847495826
0.344599084190835
0.118322340607909
0.536881749067432
0.344795910324659
0.11834725949366
0.537741009487685
0.343911731018655
0.11836344778382
0.561862529135955
0.319774023080225
0.118373753096839
0.6744289645617
0.207197282341461
0.118381401027769
0.881618598972231
0
0.118162753690591
0.408691370283401
0.473145876026008
0.118190169865971
0.4336216099365
0.448188220197529
0.118221651669118
0.495606899717988
0.386171448612894
0.118261041356303
0.526386944784074
0.355352013859623
0.118299829863289
0.533134263418798
0.348565906717912
0.118331676776806
0.531959869021388
0.349708454201806
0.118354978893566
0.536780625182746
0.344864395923688
0.118370747722667
0.564534693969332
0.317094558308001
0.118381167877613
0.691326687306152
0.190292144816235
0.118389099777991
0.881610900222009
0
0.118206094998694
0.446990958442123
0.434802946559182
0.118221651669118
0.495606899717988
0.386171448612894
0.118251923568839
0.52149030389197
0.360257772539191
0.118286777677861
0.529742592356552
0.351970629965587
0.11831995221918
0.530202926556455
0.351477121224365
0.118348013821835
0.529470778977199
0.352181207200966
0.118369700294708
0.537612292755563
0.344018006949729
0.118385323872249
0.567708173654379
0.313906502473373
0.118396278446242
0.707451158573222
0.174152562980536
0.118404695834159
0.881595304165841
0
0.118243992062493
0.517553120554397
0.364202887383109
0.118261041356303
0.526386944784073
0.355352013859624
0.118286777677861
0.529742592356553
0.351970629965586
0.118315614884261
0.529592131081859
0.35209225403388
0.118343932443094
0.527721144400074
0.353934923156832
0.11836929595538
0.529109783618103
0.352520920426517
0.118390483572194
0.539686587215011
0.341922929212795
0.118406928583418
0.570517816276207
0.311075255140375
0.118419173361813
0.716606418581531
0.164974408056656
0.118428734167835
0.881571265832165
0
0.118287068313339
0.537113847495825
0.344599084190836
0.11829982986329
0.533134263418798
0.348565906717912
0.11831995221918
0.530202926556454
0.351477121224366
0.118343932443094
0.527721144400074
0.353934923156832
0.118369193299286
0.527232238598278
0.354398568102436
0.118393840059701
0.531151609940024
0.350454550000275
0.118416425427247
0.542599911834804
0.338983662737949
0.118435535089224
0.57210276600387
0.309461698906906
0.11845048539082
0.711592204185978
0.169957310423202
0.118462457263666
0.881537542736334
0
0.118322340607909
0.53688174906743
0.344795910324661
0.118331676776807
0.531959869021387
0.349708454201806
0.118348013821835
0.5294707789772
0.352181207200965
0.11836929595538
0.529109783618102
0.352520920426519
0.118393840059701
0.531151609940022
0.350454550000277
0.118420186438878
0.536225179912737
0.345354633648386
0.118446753457247
0.546561682807923
0.33499156373483
0.118471331488681
0.572258943460202
0.309269725051117
0.118491761573381
0.691345357800783
0.190162880625836
0.118508464433021
0.881491535566979
0
0.11834725949366
0.537741009487683
0.343911731018657
0.118354978893566
0.536780625182745
0.344864395923689
0.118369700294708
0.537612292755563
0.344018006949729
0.118390483572194
0.539686587215009
0.341922929212798
0.118416425427247
0.542599911834802
0.338983662737952
0.118446753457247
0.54656168280792
0.334991563734833
0.118480195213758
0.553576976937495
0.327942827848747
0.118514520260266
0.572754070931201
0.308731408808532
0.11854613483209
0.663588422809473
0.217865442358436
0.11857156426374
0.88142843573626
0
0.11836344778382
0.561862529135954
0.319774023080226
0.118370747722667
0.564534693969332
0.317094558308001
0.118385323872249
0.567708173654379
0.313906502473372
0.118406928583419
0.570517816276207
0.311075255140375
0.118435535089224
0.57210276600387
0.309461698906906
0.118471331488681
0.572258943460202
0.309269725051117
0.118514520260266
0.572754070931201
0.308731408808532
0.118563962840344
0.581845673199991
0.299590363959665
0.118616071355336
0.64172201620209
0.239661912442574
0.118660735520395
0.881339264479605
0
0.118373753096839
0.674428964561697
0.207197282341464
0.118381167877613
0.691326687306149
0.190292144816238
0.118396278446242
0.707451158573221
0.174152562980537
0.118419173361813
0.716606418581527
0.16497440805666
0.11845048539082
0.711592204185975
0.169957310423205
0.118491761573381
0.691345357800783
0.190162880625837
0.11854613483209
0.663588422809473
0.217865442358437
0.118616071355336
0.641722016202089
0.239661912442575
0.118701306219266
0.656993286817063
0.22430540696367
0.118789820580935
0.819033457459402
0.0621767219596625
0.118381401027769
0.881618598972231
0
0.118389099777991
0.881610900222009
0
0.118404695834159
0.881595304165841
0
0.118428734167835
0.881571265832164
0
0.118462457263666
0.881537542736334
0
0.118508464433021
0.881491535566979
0
0.11857156426374
0.88142843573626
0
0.118660735520395
0.881339264479605
0
0.118789820580935
0.819033457459403
0.0621767219596621
0.119018952967648
0.880981047032352
0
0.118104902278837
0.447172720901764
0.434722376819399
0.118164483449923
0.503042178910764
0.378793337639314
0.118207646263622
0.769303049534401
0.112489304201977
0.118244376741754
0.881755623258246
0
0.118287361344932
0.881712638655068
0
0.118322602264607
0.881677397735393
0
0.118347549426855
0.881652450573145
0
0.118363797090086
0.881636202909914
0
0.118373969633628
0.881626030366372
0
0.118381324547301
0.881618675452699
0
0.118164483449923
0.503042178910766
0.378793337639311
0.118191820105339
0.689364831242549
0.192443348652112
0.118222276143483
0.881777723856517
0
0.11826135576218
0.88173864423782
0
0.118300133239852
0.881699866760148
0
0.11833194617952
0.88166805382048
0
0.118355295109679
0.881644704890322
0
0.118371111464658
0.881628888535342
0
0.118381373909631
0.881618626090369
0
0.118389011311208
0.881610988688792
0
0.118207646263623
0.769303049534412
0.112489304201966
0.118222276143483
0.881777723856517
0
0.11825224544598
0.88174775455402
0
0.118287112166803
0.881712887833197
0
0.118320235107728
0.881679764892273
0
0.11834829794472
0.88165170205528
0
0.118370040868799
0.881629959131201
0
0.118385699765162
0.881614300234838
0
0.118396472670451
0.881603527329549
0
0.118404601961199
0.881595398038801
0
0.118244376741754
0.881755623258246
0
0.11826135576218
0.88173864423782
0
0.118287112166803
0.881712887833197
0
0.118315908321162
0.881684091678838
0
0.11834420698401
0.88165579301599
0
0.118369608533985
0.881630391466015
0
0.118390845066915
0.881609154933085
0
0.118407317093325
0.881592682906675
0
0.118419364943552
0.881580635056448
0
0.118428641670971
0.881571358329029
0
0.118287361344932
0.881712638655068
0
0.118300133239852
0.881699866760148
0
0.118320235107727
0.881679764892273
0
0.11834420698401
0.88165579301599
0
0.118369495261945
0.881630504738055
0
0.118394186599374
0.881605813400626
0
0.118416804729765
0.881583195270235
0
0.118435936629213
0.881564063370787
0
0.118450688210065
0.881549311789935
0
0.118462375700934
0.881537624299066
0
0.118322602264607
0.881677397735393
0
0.11833194617952
0.88166805382048
0
0.11834829794472
0.88165170205528
0
0.118369608533985
0.881630391466015
0
0.118394186599374
0.881605813400626
0
0.11842056116144
0.88157943883856
0
0.118447146633229
0.881552853366771
0
0.118471749185321
0.881528250814679
0
0.118492003549847
0.881507996450153
0
0.118508409929276
0.881491590070724
0
0.118347549426855
0.881652450573145
0
0.118355295109679
0.881644704890322
0
0.118370040868799
0.881629959131201
0
0.118390845066915
0.881609154933085
0
0.118416804729765
0.881583195270235
0
0.118447146633229
0.881552853366771
0
0.118480604757293
0.881519395242707
0
0.118514961809329
0.881485038190671
0
0.118546422229615
0.881453577770385
0
0.118571574151806
0.881428425848194
0
0.118363797090086
0.881636202909914
0
0.118371111464658
0.881628888535342
0
0.118385699765162
0.881614300234838
0
0.118407317093325
0.881592682906675
0
0.118435936629213
0.881564063370787
0
0.118471749185321
0.881528250814679
0
0.118514961809329
0.881485038190671
0
0.118564457188738
0.881435542811262
0
0.118616397352403
0.881383602647597
0
0.118660871184348
0.881339128815652
0
0.118373969633628
0.881626030366372
0
0.118381373909631
0.881618626090369
0
0.118396472670451
0.881603527329549
0
0.118419364943552
0.881580635056448
0
0.118450688210065
0.881549311789935
0
0.118492003549847
0.881507996450153
0
0.118546422229615
0.881453577770385
0
0.118616397352403
0.881383602647597
0
0.118701606328851
0.881298393671149
0
0.11879007058567
0.88120992941433
0
0.118381324547301
0.881618675452699
0
0.118389011311208
0.881610988688792
0
0.1184046019612
0.8815953980388
0
0.118428641670971
0.881571358329029
0
0.118462375700934
0.881537624299066
0
0.118508409929276
0.881491590070724
0
0.118571574151806
0.881428425848194
0
0.118660871184348
0.881339128815652
0
0.11879007058567
0.88120992941433
0
0.119022008168969
0.880977991831031
0
0.118108220279255
0.571334879382436
0.310556900338309
0.118166844825188
0.664182237828801
0.217650917346011
0.118208625193064
0.818586963283188
0.0632044115237479
0.118244285398339
0.881755714601661
0
0.118287152380584
0.881712847619416
0
0.11832238796919
0.88167761203081
0
0.118347344702414
0.881652655297586
0
0.118363613657111
0.881636386342889
0
0.118373807808993
0.881626192191008
0
0.11838110750594
0.88161889249406
0
0.118166844825188
0.664182237828803
0.217650917346009
0.118193081923884
0.799047250182379
0.0827596678937369
0.118222254430912
0.881777745569088
0
0.118261150011308
0.881738849988692
0
0.118299921754924
0.881700078245076
0
0.118331733736801
0.881668266263199
0
0.118355095610278
0.881644904389722
0
0.118370932954583
0.881629067045417
0
0.118381216322214
0.881618783677786
0
0.1183887946535
0.8816112053465
0
0.118208625193064
0.81858696328319
0.0632044115237466
0.118222254430913
0.881777745569088
0
0.118252040665903
0.881747959334097
0
0.118286902848232
0.881713097151768
0
0.118320022385333
0.881679977614667
0
0.118348089879543
0.881651910120457
0
0.118369848082808
0.881630151917192
0
0.118385526584457
0.881614473415543
0
0.118396317178274
0.881603682821726
0
0.118404388328187
0.881595611671813
0
0.118244285398339
0.881755714601661
0
0.118261150011308
0.881738849988692
0
0.118286902848232
0.881713097151768
0
0.118315696404866
0.881684303595134
0
0.118343996238178
0.881656003761822
0
0.118369407873871
0.881630592126129
0
0.118390658816035
0.881609341183965
0
0.11840715072399
0.88159284927601
0
0.118419217792409
0.881580782207591
0
0.118428433280111
0.881571566719889
0
0.118287152380584
0.881712847619416
0
0.118299921754924
0.881700078245076
0
0.118320022385333
0.881679977614667
0
0.118343996238178
0.881656003761822
0
0.118369291925813
0.881630708074187
0
0.118393995149749
0.881606004850251
0
0.118416626738655
0.881583373261345
0
0.118435776897241
0.881564223102759
0
0.118450559544475
0.881549440455525
0
0.118462175806353
0.881537824193647
0
0.11832238796919
0.88167761203081
0
0.118331733736801
0.881668266263199
0
0.118348089879543
0.881651910120457
0
0.118369407873871
0.881630592126129
0
0.118393995149749
0.881606004850251
0
0.118420379751549
0.881579620248451
0
0.118446974849375
0.881553025150625
0
0.118471597887031
0.881528402112969
0
0.118491906369559
0.881508093630441
0
0.118508220894472
0.881491779105528
0
0.118347344702414
0.881652655297586
0
0.118355095610278
0.881644904389722
0
0.118369848082808
0.881630151917192
0
0.118390658816035
0.881609341183965
0
0.118416626738655
0.881583373261345
0
0.118446974849375
0.881553025150625
0
0.118480444022131
0.881519555977869
0
0.118514821227905
0.881485178772095
0
0.118546338403624
0.881453661596376
0
0.118571401561756
0.881428598438244
0
0.118363613657111
0.881636386342889
0
0.118370932954583
0.881629067045417
0
0.118385526584457
0.881614473415543
0
0.11840715072399
0.88159284927601
0
0.118435776897241
0.881564223102759
0
0.118471597887031
0.881528402112969
0
0.118514821227905
0.881485178772095
0
0.118564339163674
0.881435660836326
0
0.11861631579485
0.88138368420515
0
0.11866067040222
0.88133932959778
0
0.118373807808992
0.881626192191008
0
0.118381216322214
0.881618783677786
0
0.118396317178274
0.881603682821726
0
0.118419217792409
0.881580782207591
0
0.118450559544475
0.881549440455526
0
0.11849190636956
0.88150809363044
0
0.118546338403624
0.881453661596376
0
0.11861631579485
0.88138368420515
0
0.118701536474924
0.881298463525076
0
0.118790164779657
0.881209835220343
0
0.11838110750594
0.88161889249406
0
0.1183887946535
0.8816112053465
0
0.118404388328187
0.881595611671813
0
0.118428433280111
0.881571566719889
0
0.118462175806353
0.881537824193647
0
0.118508220894472
0.881491779105528
0
0.118571401561756
0.881428598438244
0
0.11866067040222
0.88133932959778
0
0.118790164779657
0.881209835220343
0
0.119029318984188
0.880970681015812
0
