0.118098068122674
0.392040682145306
0.48986124973202
0.118157920096055
0.408567974812031
0.473274105091914
0.118201214412193
0.446531125476821
0.435267660110986
0.118239012571726
0.516952569614066
0.364808417814207
0.118281956632006
0.536902236094734
0.34481580727326
0.118317198515313
0.536955375946421
0.344727425538266
0.118342142445293
0.537742397990468
0.343915459564239
0.118358341565734
0.561502591076703
0.320139067357563
0.118368621478669
0.672893694902134
0.208737683619197
0.118376216216855
0.881623783783146
0
0.118157920096055
0.408567974812029
0.473274105091916
0.118185306923374
0.433272294598642
0.448542398477984
0.118216726926908
0.4949837431413
0.386799529931792
0.118255995028014
0.52606106526558
0.355682939706405
0.118294710216557
0.533070954754799
0.348634335028645
0.118326553289635
0.532048390357169
0.349625056353196
0.118349881445607
0.536703968514759
0.344946150039634
0.118365654034516
0.564095974085121
0.317538371880363
0.118376028545887
0.689383792734637
0.192240178719476
0.118383930848088
0.881616069151912
0
0.118201214412193
0.446531125476821
0.435267660110986
0.118216726926908
0.4949837431413
0.386799529931793
0.118246900177045
0.521135113412408
0.360617986410547
0.118281685772055
0.529586957009468
0.352131357218477
0.118314837947241
0.530255500820863
0.351429661231896
0.11834292436159
0.529529971345998
0.352127104292412
0.118364640621124
0.537454712052975
0.344180647325901
0.118380268886619
0.567192161299524
0.314427569813857
0.118391178393293
0.70510174849021
0.176507073116497
0.118399564523298
0.881600435476702
0
0.118239012571726
0.516952569614067
0.364808417814207
0.118255995028014
0.52606106526558
0.355682939706406
0.118281685772055
0.529586957009469
0.352131357218476
0.118310507270514
0.529615000019365
0.352074492710121
0.118338849290202
0.527817179078059
0.353843971631739
0.118364259748786
0.529091145432906
0.352544594818309
0.118385487839351
0.53944847479238
0.342166037368269
0.118401951574807
0.569927195476778
0.311670852948415
0.118414159131857
0.713911310057257
0.167674530810886
0.118423701885872
0.881576298114128
0
0.118281956632006
0.536902236094734
0.34481580727326
0.118294710216557
0.533070954754798
0.348634335028645
0.118314837947241
0.530255500820861
0.351429661231897
0.118338849290202
0.527817179078059
0.353843971631739
0.118364165836053
0.527255449630774
0.354380384533173
0.118388881191776
0.531024028690418
0.350587090117807
0.11841153890211
0.542285686998886
0.339302774099005
0.118430713102214
0.571446027677354
0.310123259220432
0.11844566837031
0.708803417019181
0.172750914610509
0.11845768808791
0.88154231191209
0
0.118317198515314
0.536955375946419
0.344727425538268
0.118326553289635
0.532048390357168
0.349625056353197
0.11834292436159
0.529529971345999
0.352127104292411
0.118364259748786
0.529091145432904
0.352544594818311
0.118388881191776
0.531024028690415
0.350587090117809
0.118415336767808
0.535978103744632
0.34560655948756
0.118442052707437
0.546171435133056
0.335386512159508
0.118466812590124
0.571543868270599
0.309989319139278
0.118487396367833
0.688675163872045
0.192837439760122
0.118504377828431
0.881495622171569
0
0.118342142445293
0.537742397990466
0.34391545956424
0.118349881445607
0.536703968514758
0.344946150039635
0.118364640621124
0.537454712052975
0.344180647325901
0.118385487839351
0.539448474792377
0.342166037368271
0.11841153890211
0.542285686998883
0.339302774099008
0.118442052707437
0.546171435133052
0.335386512159511
0.118475792849499
0.553080195716569
0.328444011433932
0.118510547994877
0.571953811040899
0.309535640964225
0.118542773730307
0.661280236341886
0.220176989927808
0.118569202675132
0.881430797324868
0
0.118358341565734
0.561502591076703
0.320139067357564
0.118365654034516
0.56409597408512
0.317538371880363
0.118380268886619
0.567192161299524
0.314427569813858
0.118401951574807
0.569927195476778
0.311670852948415
0.118430713102214
0.571446027677354
0.310123259220432
0.118466812590124
0.571543868270598
0.309989319139278
0.118510547994877
0.571953811040899
0.309535640964225
0.118560776797102
0.58071342424948
0.300725798953418
0.118614081351315
0.639421630852321
0.241964287796364
0.118662877168442
0.873400376395855
0.00793674643570308
0.118368621478669
0.672893694902129
0.208737683619201
0.118376028545887
0.689383792734634
0.192240178719479
0.118391178393293
0.705101748490209
0.176507073116498
0.118414159131857
0.713911310057253
0.167674530810891
0.11844566837031
0.708803417019179
0.172750914610512
0.118487396367833
0.688675163872044
0.192837439760123
0.118542773730307
0.661280236341885
0.220176989927808
0.118614081351315
0.639421630852321
0.241964287796365
0.11869969694971
0.653836916786565
0.227463386263725
0.118789391580428
0.806167573711793
0.0750430347077794
0.118376216216854
0.881623783783146
0
0.118383930848088
0.881616069151912
0
0.118399564523298
0.881600435476702
0
0.118423701885872
0.881576298114128
0
0.11845768808791
0.88154231191209
0
0.118504377828431
0.88149562217157
0
0.118569202675132
0.881430797324868
0
0.118662877168442
0.873400376395855
0.007936746435703
0.118789391580428
0.806167573711793
0.0750430347077789
0.1190189982267
0.8809810017733
0
0.118100118587861
0.447008021283271
0.434891860128868
0.11815964759915
0.502641746966798
0.379198605434052
0.118202765358569
0.766492476455147
0.115304758186283
0.118239402711077
0.881760597288923
0
0.118282251068703
0.881717748931297
0
0.118317461395605
0.881682538604395
0
0.118342430425192
0.881657569574808
0
0.118358688659762
0.881641311340238
0
0.11836883866897
0.88163116133103
0
0.118376140508174
0.881623859491826
0
0.11815964759915
0.5026417469668
0.379198605434049
0.118186956048186
0.686570139856031
0.195242904095784
0.11821735976355
0.88178264023645
0
0.118256309210585
0.881743690789415
0
0.118295014988686
0.881704985011314
0
0.118326822086772
0.881673177913228
0
0.118350194412696
0.881649805587304
0
0.11836601501403
0.88163398498597
0
0.11837623642515
0.88162376357485
0
0.118383842801162
0.881616157198838
0
0.11820276535857
0.766492476455158
0.115304758186273
0.11821735976355
0.88178264023645
0
0.118247220984864
0.881752779015136
0
0.118282021085763
0.881717978914237
0
0.118315121002402
0.881684878997598
0
0.11834320511393
0.88165679488607
0
0.118364976185075
0.881635023814925
0
0.118380640767698
0.881619359232302
0
0.118391373937491
0.881608626062509
0
0.118399470888369
0.881600529111631
0
0.118239402711078
0.881760597288923
0
0.118256309210585
0.881743690789415
0
0.118282021085763
0.881717978914237
0
0.1183108010092
0.8816891989908
0
0.118339120711779
0.881660879288221
0
0.118364565571848
0.881635434428152
0
0.118385841778338
0.881614158221662
0
0.118402333780954
0.881597666219046
0
0.118414351787447
0.881585648212553
0
0.11842360942223
0.88157639057777
0
0.118282251068703
0.881717748931297
0
0.118295014988686
0.881704985011314
0
0.118315121002402
0.881684878997599
0
0.118339120711779
0.881660879288221
0
0.118364460474649
0.881635539525351
0
0.118389217400597
0.881610782599403
0
0.11841190675864
0.88158809324136
0
0.118431104223405
0.881568895776595
0
0.11844587214838
0.88155412785162
0
0.118457606246141
0.881542393753859
0
0.118317461395605
0.881682538604395
0
0.118326822086772
0.881673177913228
0
0.118343205113931
0.881656794886069
0
0.118364565571848
0.881635434428152
0
0.118389217400597
0.881610782599403
0
0.118415697492016
0.881584302507984
0
0.118442428567089
0.881557571432911
0
0.118467212602204
0.881532787397796
0
0.118487639570044
0.881512360429956
0
0.118504322778061
0.881495677221939
0
0.118342430425193
0.881657569574807
0
0.118350194412696
0.881649805587304
0
0.118364976185075
0.881635023814925
0
0.118385841778338
0.881614158221662
0
0.118411906758641
0.881588093241359
0
0.118442428567089
0.881557571432911
0
0.118476177403976
0.881523822596024
0
0.118510959192406
0.881489040807594
0
0.118543052823077
0.881456947176923
0
0.118569212400843
0.881430787599157
0
0.118358688659762
0.881641311340238
0
0.11836601501403
0.88163398498597
0
0.118380640767698
0.881619359232302
0
0.118402333780953
0.881597666219047
0
0.118431104223405
0.881568895776595
0
0.118467212602204
0.881532787397796
0
0.118510959192406
0.881489040807594
0
0.118561231452057
0.881438768547943
0
0.11861439134501
0.88138560865499
0
0.118662943541527
0.881337056458473
0
0.11836883866897
0.88163116133103
0
0.11837623642515
0.88162376357485
0
0.118391373937492
0.881608626062508
0
0.118414351787447
0.881585648212553
0
0.11844587214838
0.88155412785162
0
0.118487639570044
0.881512360429956
0
0.118543052823077
0.881456947176923
0
0.11861439134501
0.88138560865499
0
0.118699969977168
0.881300030022832
0
0.118789630354789
0.88121036964521
0
0.118376140508174
0.881623859491826
0
0.118383842801162
0.881616157198838
0
0.118399470888369
0.881600529111631
0
0.11842360942223
0.88157639057777
0
0.118457606246141
0.881542393753859
0
0.118504322778061
0.881495677221939
0
0.118569212400843
0.881430787599157
0
0.118662943541527
0.881337056458473
0
0.11878963035479
0.88121036964521
0
0.11902193492765
0.88097806507235
0
0.118103432882454
0.571096261728716
0.31080030538883
0.118162007977404
0.663713859953574
0.218124132069022
0.118203750763075
0.817823487788115
0.0639727614488101
0.118239312525473
0.881760687474528
0
0.118282041801443
0.881717958198557
0
0.11831724668489
0.88168275331511
0
0.11834222474785
0.88165777525215
0
0.118358504039076
0.881641495960924
0
0.118368675566488
0.881631324433512
0
0.118375923052255
0.881624076947745
0
0.118162007977404
0.663713859953576
0.21812413206902
0.118188232089214
0.798320349089724
0.0834914188210623
0.118217340193739
0.881782659806261
0
0.118256102978217
0.881743897021783
0
0.118294803119833
0.881705196880167
0
0.118326608959753
0.881673391040247
0
0.118349993783453
0.881650006216547
0
0.11836583520792
0.88163416479208
0
0.118376078268463
0.881623921731537
0
0.118383625416227
0.881616374583773
0
0.118203750763075
0.817823487788117
0.0639727614488088
0.118217340193739
0.881782659806261
0
0.118247015653384
0.881752984346616
0
0.11828181128322
0.881718188716781
0
0.118314907749458
0.881685092250542
0
0.11834299601972
0.88165700398028
0
0.118364782054536
0.881635217945464
0
0.118380466087689
0.881619533912311
0
0.118391217492941
0.881608782507059
0
0.118399256491013
0.881600743508987
0
0.118239312525472
0.881760687474528
0
0.118256102978217
0.881743897021783
0
0.11828181128322
0.88171818871678
0
0.118310588594341
0.881689411405659
0
0.118338909025652
0.881661090974348
0
0.118364363499103
0.881635636500897
0
0.118385653899445
0.881614346100555
0
0.118402165578932
0.881597834421068
0
0.118414203548945
0.881585796451055
0
0.118423400201817
0.881576599798183
0
0.118282041801443
0.881717958198557
0
0.118294803119833
0.881705196880167
0
0.118314907749458
0.881685092250542
0
0.118338909025652
0.881661090974348
0
0.11836425570567
0.88163574429433
0
0.118389024159692
0.881610975840308
0
0.118411726723906
0.881588273276094
0
0.118430942145975
0.881569057854025
0
0.118445742398852
0.881554257601148
0
0.118457405398023
0.881542594601977
0
0.11831724668489
0.88168275331511
0
0.118326608959753
0.881673391040247
0
0.11834299601972
0.88165700398028
0
0.118364363499103
0.881635636500897
0
0.118389024159692
0.881610975840308
0
0.118415513889259
0.881584486110741
0
0.118442254124166
0.881557745875834
0
0.118467058121345
0.881532941878655
0
0.118487541701814
0.881512458298186
0
0.118504132293178
0.881495867706822
0
0.118342224747849
0.881657775252151
0
0.118349993783453
0.881650006216547
0
0.118364782054536
0.881635217945464
0
0.118385653899445
0.881614346100555
0
0.118411726723906
0.881588273276094
0
0.118442254124166
0.881557745875834
0
0.118476013100571
0.881523986899429
0
0.118510813961299
0.881489186038701
0
0.118542963589123
0.881457036410877
0
0.118569036270685
0.881430963729315
0
0.118358504039076
0.881641495960924
0
0.11836583520792
0.88163416479208
0
0.118380466087689
0.881619533912311
0
0.118402165578932
0.881597834421068
0
0.118430942145975
0.881569057854025
0
0.118467058121345
0.881532941878655
0
0.118510813961299
0.881489186038701
0
0.118561107477311
0.881438892522689
0
0.118614304458828
0.881385695541172
0
0.118662594252733
0.881337405747267
0
0.118368675566488
0.881631324433512
0
0.118376078268463
0.881623921731537
0
0.118391217492941
0.881608782507059
0
0.118414203548945
0.881585796451055
0
0.118445742398852
0.881554257601148
0
0.118487541701814
0.881512458298186
0
0.118542963589123
0.881457036410877
0
0.118614304458828
0.881385695541172
0
0.118699887341636
0.881300112658364
0
0.11878969794595
0.88121030205405
0
0.118375923052256
0.881624076947744
0
0.118383625416227
0.881616374583773
0
0.118399256491013
0.881600743508987
0
0.118423400201817
0.881576599798183
0
0.118457405398022
0.881542594601978
0
0.118504132293178
0.881495867706822
0
0.118569036270685
0.881430963729315
0
0.118662594252733
0.881337405747267
0
0.11878969794595
0.88121030205405
0
0.119029137847182
0.880970862152818
0
