0.118093622244978
0.392930246220687
0.488976131534336
0.118154508828961
0.410145119927674
0.471700371243365
0.118198571047033
0.450103170721542
0.431698258231425
0.118237538998558
0.511523559307444
0.370238901693998
0.118279383828357
0.531416990122122
0.350303626049521
0.118313623437134
0.530925291879063
0.350761084683804
0.118337783618862
0.533263466821514
0.348398749559624
0.118353598368901
0.559273880646173
0.322372520984926
0.118363738750955
0.672422321463237
0.209213939785808
0.118371450573568
0.881628549426432
0
0.118154508828961
0.410145119927671
0.471700371243368
0.118182450944717
0.436161437727622
0.445656111327661
0.118214940511383
0.489522393191385
0.392262666297231
0.118253813261041
0.520666661496621
0.361079525242338
0.118291692771437
0.527333005668217
0.354375301560346
0.118322665020973
0.526450998957531
0.355226336021496
0.118345334600749
0.532892353612536
0.348762311786715
0.11836079008098
0.5621938558878
0.31944535403122
0.118371020535391
0.689256278049815
0.192372701414793
0.118379080373672
0.881620919626328
0
0.118198571047033
0.45010317072154
0.431698258231427
0.118214940511384
0.489522393191385
0.392262666297232
0.11824469578604
0.515787147883141
0.365968156330819
0.118278843006075
0.524265517636692
0.357455639357233
0.118311260896031
0.524469282287997
0.357219456815972
0.118338594960552
0.524580390210076
0.357081014829373
0.11835980259827
0.534231372119365
0.347408825282364
0.118375181999126
0.565534302131279
0.316090515869595
0.118385973331367
0.705182701566551
0.176431325102082
0.11839453139667
0.88160546860333
0
0.118237538998558
0.511523559307442
0.370238901694
0.118253813261041
0.520666661496618
0.36107952524234
0.118278843006075
0.52426551763669
0.357455639357234
0.118307019814767
0.523893188090338
0.357799792094895
0.118334655144379
0.52240212339317
0.35926322146245
0.118359451982964
0.524929595007951
0.356710953009086
0.118380283970147
0.536721016931984
0.34489869909787
0.11839654785533
0.568439885907857
0.313163566236813
0.11840863400832
0.714063377954419
0.167527988037262
0.118418344988267
0.881581655011733
0
0.118279383828357
0.53141699012212
0.350303626049524
0.118291692771437
0.527333005668214
0.354375301560348
0.118311260896031
0.524469282287995
0.357219456815973
0.118334655144379
0.522402123393166
0.359263221462454
0.118359370961582
0.522767750222556
0.358872878815862
0.118383601381642
0.527674316737598
0.353942081880759
0.118405934511901
0.539968970763096
0.341625094725004
0.118424846660278
0.570078527050256
0.311496626289466
0.118439661397917
0.708878836743115
0.172681501858968
0.118451736672827
0.881548263327173
0
0.118313623437134
0.530925291879057
0.350761084683809
0.118322665020973
0.526450998957529
0.355226336021498
0.118338594960552
0.524580390210072
0.357081014829377
0.118359451982964
0.524929595007946
0.35671095300909
0.118383601381642
0.527674316737598
0.353942081880759
0.118409608096151
0.533359705402423
0.348230686501426
0.118435923696666
0.544199695706389
0.337364380596945
0.118460313337535
0.570271432503444
0.311268254159021
0.118480539712698
0.688651090912274
0.192868369375028
0.118497175773652
0.881502824226348
0
0.118337783618862
0.533263466821511
0.348398749559627
0.118345334600749
0.532892353612535
0.348762311786716
0.11835980259827
0.534231372119364
0.347408825282366
0.118380283970147
0.536721016931981
0.344898699097873
0.1184059345119
0.539968970763094
0.341625094725006
0.118435923696666
0.544199695706388
0.337364380596946
0.11846910417928
0.551446876178129
0.330084019642591
0.118503159832056
0.570789831219367
0.310707008948577
0.118534462905405
0.661192484663786
0.220273052430809
0.118559212516392
0.881440787483608
0
0.118353598368901
0.559273880646173
0.322372520984926
0.11836079008098
0.5621938558878
0.31944535403122
0.118375181999126
0.565534302131279
0.316090515869595
0.11839654785533
0.568439885907859
0.313163566236812
0.118424846660279
0.570078527050257
0.311496626289464
0.118460313337535
0.570271432503446
0.311268254159019
0.118503159832056
0.570789831219368
0.310707008948576
0.118552221787575
0.579779934903211
0.301667843309214
0.118603980379453
0.639470651671228
0.241925367949319
0.118646847874367
0.881353152125633
0
0.118363738750956
0.672422321463238
0.209213939785807
0.118371020535391
0.689256278049817
0.192372701414792
0.118385973331366
0.705182701566554
0.17643132510208
0.11840863400832
0.714063377954422
0.167527988037259
0.118439661397917
0.708878836743118
0.172681501858965
0.118480539712697
0.688651090912277
0.192868369375026
0.118534462905405
0.661192484663788
0.220273052430808
0.118603980379453
0.639470651671228
0.241925367949319
0.118690577917705
0.654768637311318
0.226540784770977
0.118780561896676
0.815948860971891
0.0652705771314331
0.118371450573568
0.881628549426432
0
0.118379080373671
0.881620919626329
0
0.11839453139667
0.88160546860333
0
0.118418344988267
0.881581655011733
0
0.118451736672827
0.881548263327173
0
0.118497175773652
0.881502824226348
0
0.118559212516392
0.881440787483608
0
0.118646847874367
0.881353152125633
0
0.118780561896676
0.815948860971891
0.0652705771314325
0.119011651361256
0.880988348638744
0
0.11809566970109
0.44948173017691
0.432422600122
0.118156232323169
0.505642950140024
0.376200817536806
0.11820012028204
0.764012773926791
0.117787105791169
0.118238036754477
0.881761963245523
0
0.118279692930181
0.881720307069819
0
0.118313896535506
0.881686103464494
0
0.118338100628117
0.881661899371883
0
0.118353969495017
0.881646030504983
0
0.118363964055497
0.881636035944503
0
0.1183713739
0.8816286261
0
0.118156232323169
0.505642950140029
0.376200817536801
0.118184103355435
0.683225791829784
0.198590104814781
0.118215744077226
0.881784255922774
0
0.118254164650127
0.881745835349873
0
0.11829200730976
0.88170799269024
0
0.118322955325269
0.881677044674731
0
0.118345680622743
0.881654319377257
0
0.118361174804709
0.881638825195291
0
0.118371236294732
0.881628763705268
0
0.118378990753795
0.881621009246205
0
0.11820012028204
0.764012773926802
0.117787105791158
0.118215744077226
0.881784255922774
0
0.118245064694002
0.881754935305998
0
0.118279194621862
0.881720805378138
0
0.118311560239271
0.881688439760729
0
0.118338908877552
0.881661091122448
0
0.118360172863679
0.881639827136321
0
0.118375578018904
0.881624421981096
0
0.118386175377932
0.881613824622068
0
0.118394436007696
0.881605563992304
0
0.118238036754477
0.881761963245523
0
0.118254164650127
0.881745835349873
0
0.118279194621862
0.881720805378138
0
0.118307328442087
0.881692671557913
0
0.118334955238006
0.881665044761994
0
0.118359797671165
0.881640202328835
0
0.118380674114235
0.881619325885765
0
0.118396955744882
0.881603044255118
0
0.11840883350332
0.88159116649668
0
0.118418250607354
0.881581749392646
0
0.118279692930181
0.881720307069819
0
0.11829200730976
0.88170799269024
0
0.118311560239271
0.881688439760729
0
0.118334955238006
0.881665044761994
0
0.118359705754151
0.881640294245849
0
0.118383980619565
0.881616019380435
0
0.11840633941983
0.88159366058017
0
0.118425267390483
0.881574732609517
0
0.11843987290416
0.88156012709584
0
0.118451652947475
0.881548347052525
0
0.118313896535506
0.881686103464494
0
0.118322955325269
0.881677044674731
0
0.118338908877552
0.881661091122448
0
0.118359797671165
0.881640202328835
0
0.118383980619565
0.881616019380435
0
0.118410012013363
0.881589987986637
0
0.118436340987759
0.881563659012241
0
0.11846074916712
0.88153925083288
0
0.118480794161215
0.881519205838785
0
0.118497119268086
0.881502880731914
0
0.118338100628117
0.881661899371883
0
0.118345680622743
0.881654319377257
0
0.118360172863679
0.881639827136321
0
0.118380674114235
0.881619325885765
0
0.11840633941983
0.88159366058017
0
0.118436340987759
0.881563659012241
0
0.118469534177182
0.881530465822818
0
0.118503618621538
0.881496381378462
0
0.118534760091223
0.881465239908777
0
0.118559225035395
0.881440774964605
0
0.118353969495017
0.881646030504983
0
0.118361174804709
0.881638825195291
0
0.118375578018904
0.881624421981096
0
0.118396955744882
0.881603044255118
0
0.118425267390483
0.881574732609517
0
0.11846074916712
0.88153925083288
0
0.118503618621538
0.881496381378462
0
0.118552737201876
0.881447262798124
0
0.118604328197644
0.881395671802356
0
0.118647014510838
0.881352985489163
0
0.118363964055497
0.881636035944503
0
0.118371236294732
0.881628763705268
0
0.118386175377932
0.881613824622068
0
0.11840883350332
0.88159116649668
0
0.11843987290416
0.88156012709584
0
0.118480794161215
0.881519205838785
0
0.118534760091223
0.881465239908777
0
0.118604328197644
0.881395671802356
0
0.118690887407657
0.881309112592343
0
0.118780798884812
0.881219201115188
0
0.1183713739
0.8816286261
0
0.118378990753795
0.881621009246205
0
0.118394436007696
0.881605563992304
0
0.118418250607354
0.881581749392646
0
0.118451652947476
0.881548347052524
0
0.118497119268086
0.881502880731914
0
0.118559225035395
0.881440774964605
0
0.118647014510838
0.881352985489162
0
0.118780798884812
0.881219201115188
0
0.119014689263415
0.880985310736585
0
0.118098987729743
0.572879723254783
0.309021289015475
0.118158582461022
0.665259734464987
0.216581683073991
0.118201127120363
0.816930121183302
0.0648687516963352
0.118237954568161
0.881762045431838
0
0.118279482962431
0.881720517037569
0
0.118313680782099
0.881686319217901
0
0.118337896574141
0.881662103425859
0
0.118353785604654
0.881646214395346
0
0.118363801757418
0.881636198242582
0
0.118371153626219
0.881628846373781
0
0.118158582461022
0.665259734464988
0.216581683073989
0.11818541798619
0.797336958310009
0.0844776237038011
0.118215735655991
0.881784264344009
0
0.118253961497011
0.881746038502989
0
0.118291793312851
0.881708206687149
0
0.118322742859684
0.881677257140316
0
0.118345481860515
0.881654518139485
0
0.118360995380919
0.881639004619081
0
0.118371079913456
0.881628920086544
0
0.118378770221913
0.881621229778087
0
0.118201127120363
0.816930121183303
0.0648687516963338
0.118215735655991
0.881784264344009
0
0.118244863987303
0.881755136012697
0
0.11827898284266
0.88172101715734
0
0.118311346315412
0.881688653684588
0
0.118338701611536
0.881661298388464
0
0.118359980365657
0.881640019634343
0
0.118375403636624
0.881624596363376
0
0.118386020502937
0.881613979497063
0
0.118394218259045
0.881605781740955
0
0.118237954568161
0.881762045431839
0
0.11825396149701
0.88174603850299
0
0.11827898284266
0.88172101715734
0
0.118307114924753
0.881692885075247
0
0.118334744722617
0.881665255277383
0
0.11835959785838
0.88164040214162
0
0.118380488131021
0.881619511868979
0
0.118396787431209
0.881603212568791
0
0.118408686992871
0.881591313007129
0
0.118418037676234
0.881581962323766
0
0.118279482962431
0.881720517037569
0
0.118291793312851
0.881708206687149
0
0.118311346315412
0.881688653684588
0
0.118334744722617
0.881665255277383
0
0.118359503401796
0.881640496598204
0
0.118383789682478
0.881616210317522
0
0.118406159859887
0.881593840140113
0
0.118425106236604
0.881574893763396
0
0.118439743280001
0.881560256719999
0
0.118451447585876
0.881548552414124
0
0.118313680782099
0.881686319217901
0
0.118322742859684
0.881677257140316
0
0.118338701611536
0.881661298388463
0
0.11835959785838
0.88164040214162
0
0.118383789682478
0.881616210317522
0
0.118409830642918
0.881590169357082
0
0.118436168750958
0.881563831249042
0
0.11846059569267
0.88153940430733
0
0.118480695205712
0.881519304794288
0
0.118496923952581
0.881503076047419
0
0.118337896574141
0.881662103425859
0
0.118345481860515
0.881654518139485
0
0.118359980365657
0.881640019634343
0
0.118380488131022
0.881619511868979
0
0.118406159859888
0.881593840140112
0
0.118436168750958
0.881563831249042
0
0.118469371306244
0.881530628693756
0
0.118503475097492
0.881496524902508
0
0.118534670746586
0.881465329253414
0
0.118559053016558
0.881440946983442
0
0.118353785604654
0.881646214395346
0
0.118360995380919
0.881639004619081
0
0.118375403636624
0.881624596363376
0
0.118396787431209
0.881603212568791
0
0.118425106236604
0.881574893763396
0
0.11846059569267
0.88153940430733
0
0.118503475097492
0.881496524902508
0
0.118552616931354
0.881447383068646
0
0.118604247335209
0.881395752664791
0
0.118646887280099
0.881353112719901
0
0.118363801757418
0.881636198242582
0
0.118371079913456
0.881628920086544
0
0.118386020502936
0.881613979497064
0
0.118408686992871
0.881591313007129
0
0.118439743280001
0.881560256719999
0
0.118480695205712
0.881519304794288
0
0.118534670746586
0.881465329253414
0
0.118604247335209
0.881395752664791
0
0.11869081427177
0.88130918572823
0
0.118780846492085
0.881219153507915
0
0.118371153626219
0.881628846373781
0
0.118378770221913
0.881621229778087
0
0.118394218259045
0.881605781740955
0
0.118418037676234
0.881581962323766
0
0.118451447585876
0.881548552414124
0
0.118496923952581
0.881503076047419
0
0.118559053016558
0.881440946983442
0
0.118646887280099
0.881353112719901
0
0.118780846492085
0.881219153507915
0
0.119021754783216
0.880978245216784
0
