0.118088625885445
0.391967587684182
0.489943786430373
0.118148375557689
0.408321025715925
0.473530598726386
0.1181915807638
0.445620627439394
0.436187791796806
0.118229189346826
0.515745333775324
0.366025476877849
0.118271879296581
0.536454408418149
0.34527371228527
0.118307063888505
0.537076496235096
0.344616439876398
0.118332060279953
0.537748309206325
0.343919630513722
0.118348285980306
0.560799943146426
0.320851770873268
0.118358520781143
0.669889261755107
0.21175221746375
0.118366016069641
0.881633983930359
0
0.118148375557689
0.408321025715923
0.473530598726388
0.118175706589037
0.432582357313785
0.449241936097178
0.118207007376267
0.493745188249075
0.388047804374658
0.118246041626181
0.525400875300687
0.356353083073132
0.118284615788609
0.532917551093131
0.348797833118261
0.118316450517865
0.532211643497253
0.349471905984881
0.118339830505787
0.536560921427871
0.345099248066341
0.118355613209127
0.563238922601738
0.318405464189135
0.118365903092211
0.685577083478406
0.196057013429383
0.118373752109465
0.881626247890535
0
0.1181915807638
0.445620627439394
0.436187791796806
0.118207007376267
0.493745188249075
0.388047804374658
0.118236989966383
0.520422712090103
0.361340297943514
0.118271642830072
0.52925472477688
0.352473632393047
0.118304746450563
0.530336829914462
0.351358423634975
0.118332871960041
0.529647931205735
0.352019196834223
0.118354635836898
0.53715470101458
0.344490663148523
0.118370264121451
0.566184954624347
0.315444781254202
0.118381082757716
0.700520868252242
0.181098048990042
0.118389407814959
0.881610592185041
0
0.118229189346826
0.515745333775326
0.366025476877848
0.118246041626181
0.525400875300686
0.356353083073133
0.118271642830072
0.529254724776881
0.352473632393047
0.11830042606381
0.529634656898821
0.352064917037369
0.118328796779091
0.528000426311558
0.353670776909351
0.118354266814972
0.529065037131893
0.352580696053135
0.11837552877062
0.538990660162254
0.342633811067126
0.118391979863897
0.56877783582845
0.312830184307653
0.118404075078815
0.708684214967853
0.172911709953332
0.118413546564806
0.881586453435194
0
0.118271879296581
0.536454408418148
0.345273712285271
0.118284615788609
0.53291755109313
0.348797833118261
0.118304746450564
0.53033682991446
0.351358423634976
0.118328796779091
0.528000426311558
0.353670776909351
0.118354174928859
0.527310827303922
0.35433499776722
0.118378938551421
0.53078668467153
0.350834376777049
0.118401606353362
0.541678924277542
0.339919469369096
0.11842074313207
0.570176606281598
0.311402650586332
0.118435537889512
0.703436620278783
0.178127841831705
0.118447452029044
0.881552547970956
0
0.118307063888506
0.537076496235094
0.344616439876401
0.118316450517865
0.532211643497253
0.349471905984881
0.118332871960042
0.529647931205736
0.352019196834222
0.118354266814972
0.529065037131891
0.352580696053137
0.118378938551421
0.530786684671528
0.350834376777052
0.118405414166749
0.53550503968442
0.346089546148831
0.118432102838797
0.545419006771807
0.336148890389396
0.118456769894582
0.570179241625933
0.311363988479485
0.118477087421384
0.683629849898816
0.197893062679801
0.118493789340983
0.881506210659017
0
0.118332060279953
0.537748309206324
0.343919630513723
0.118339830505787
0.53656092142787
0.345099248066343
0.118354635836898
0.53715470101458
0.344490663148522
0.11837552877062
0.538990660162252
0.342633811067127
0.118401606353362
0.541678924277539
0.339919469369099
0.118432102838797
0.545419006771804
0.336148890389399
0.118465750067413
0.552131916593139
0.329402333339448
0.118500291131103
0.570465394685485
0.311034314183412
0.118532082660749
0.657121663063258
0.224346254275993
0.118557388017537
0.881442611982463
0
0.118348285980306
0.560799943146425
0.320851770873269
0.118355613209127
0.563238922601737
0.318405464189135
0.118370264121451
0.566184954624347
0.315444781254202
0.118391979863897
0.568777835828451
0.312830184307653
0.11842074313207
0.570176606281598
0.311402650586332
0.118456769894582
0.570179241625933
0.311363988479486
0.118500291131103
0.570465394685485
0.311034314183412
0.118550001219206
0.578694957672072
0.302755041108721
0.118602225058988
0.635383010129983
0.246014764811029
0.118647125584754
0.857440214084799
0.023912660330447
0.118358520781143
0.669889261755103
0.211752217463754
0.118365903092211
0.685577083478403
0.196057013429386
0.118381082757716
0.70052086825224
0.181098048990044
0.118404075078815
0.708684214967849
0.172911709953335
0.118435537889512
0.703436620278781
0.178127841831707
0.118477087421384
0.683629849898814
0.197893062679802
0.118532082660749
0.657121663063257
0.224346254275994
0.118602225058988
0.635383010129983
0.246014764811029
0.118688407449062
0.648411027581754
0.232900564969184
0.118777612956437
0.784802635020485
0.0964197520230786
0.118366016069641
0.881633983930359
0
0.118373752109465
0.881626247890535
0
0.118389407814959
0.881610592185041
0
0.118413546564806
0.881586453435194
0
0.118447452029044
0.881552547970956
0
0.118493789340983
0.881506210659017
0
0.118557388017537
0.881442611982463
0
0.118647125584754
0.857440214084799
0.0239126603304471
0.118777612956437
0.784802635020485
0.0964197520230784
0.119015025580327
0.865048388675928
0.0159365857437456
0.118090672109969
0.446676733021461
0.43523259486857
0.118150098559275
0.501852690722422
0.379997210718303
0.118193134032941
0.760869177239003
0.120937688728057
0.118229589326401
0.881770410673599
0
0.118272176351646
0.881727823648354
0
0.118307329889835
0.881692670110165
0
0.118332345648211
0.881667654351789
0
0.118348629649835
0.881651370350165
0
0.11835873951869
0.88164126048131
0
0.118365942037365
0.881634057962635
0
0.118150098559275
0.501852690722425
0.379997210718301
0.118177353919784
0.681088878745362
0.200733767334854
0.118207655528685
0.881792344471315
0
0.118246355115044
0.881753644884956
0
0.118284924089648
0.881715075910352
0
0.118316720184063
0.881683279815937
0
0.118340139677149
0.881659860322851
0
0.118355970815529
0.881644029184471
0
0.118366115153122
0.881633884846878
0
0.11837366511223
0.88162633488777
0
0.118193134032941
0.760869177239013
0.120937688728046
0.118207655528685
0.881792344471315
0
0.118237308418236
0.881762691581764
0
0.118271980779378
0.881728019220622
0
0.118305032711647
0.881694967288353
0
0.118333151008196
0.881666848991804
0
0.118354967350212
0.881645032649788
0
0.118370632862114
0.881629367137886
0
0.118381281755874
0.881618718244126
0
0.11838931510837
0.88161068489163
0
0.118229589326401
0.881770410673599
0
0.118246355115044
0.881753644884956
0
0.118271980779378
0.881728019220622
0
0.118300723615454
0.881699276384546
0
0.118329068570059
0.881670931429941
0
0.118354569241985
0.881645430758015
0
0.118375879661963
0.881624120338037
0
0.118392359722002
0.881607640277998
0
0.118404271576957
0.881595728423043
0
0.118413455237885
0.881586544762116
0
0.118272176351646
0.881727823648355
0
0.118284924089648
0.881715075910352
0
0.118305032711647
0.881694967288353
0
0.118329068570059
0.881670931429941
0
0.118354466793419
0.881645533206581
0
0.118379271984633
0.881620728015367
0
0.118401973720611
0.881598026279389
0
0.118421133950462
0.881578866049538
0
0.118435747094981
0.881564252905019
0
0.118447372188222
0.881552627811778
0
0.118307329889835
0.881692670110165
0
0.118316720184063
0.881683279815937
0
0.118333151008196
0.881666848991804
0
0.118354569241985
0.881645430758015
0
0.118379271984633
0.881620728015367
0
0.118405775089209
0.881594224910791
0
0.118432482609982
0.881567517390018
0
0.118457174079456
0.881542825920544
0
0.118477340976024
0.881522659023976
0
0.118493738565939
0.881506261434061
0
0.118332345648211
0.881667654351789
0
0.118340139677149
0.881659860322851
0
0.118354967350213
0.881645032649787
0
0.118375879661963
0.881624120338037
0
0.118401973720611
0.881598026279389
0
0.118432482609982
0.881567517390018
0
0.118466144134202
0.881533855865798
0
0.118500713319105
0.881499286680895
0
0.118532366575854
0.881467633424146
0
0.118557409418429
0.881442590581571
0
0.118348629649835
0.881651370350165
0
0.118355970815529
0.881644029184471
0
0.118370632862114
0.881629367137886
0
0.118392359722002
0.881607640277998
0
0.118421133950462
0.881578866049538
0
0.118457174079456
0.881542825920544
0
0.118500713319105
0.881499286680895
0
0.118550469524807
0.881449530475193
0
0.118602565405145
0.881397434594855
0
0.118647251616653
0.881352748383347
0
0.11835873951869
0.88164126048131
0
0.118366115153122
0.881633884846878
0
0.118381281755874
0.881618718244126
0
0.118404271576958
0.881595728423042
0
0.118435747094981
0.881564252905019
0
0.118477340976024
0.881522659023976
0
0.118532366575854
0.881467633424146
0
0.118602565405145
0.881397434594855
0
0.11868869377239
0.88131130622761
0
0.118777894410028
0.881222105589972
0
0.118365942037365
0.881634057962635
0
0.11837366511223
0.88162633488777
0
0.11838931510837
0.88161068489163
0
0.118413455237885
0.881586544762116
0
0.118447372188222
0.881552627811778
0
0.118493738565938
0.881506261434062
0
0.118557409418429
0.881442590581571
0
0.118647251616653
0.881352748383347
0
0.118777894410028
0.881222105589972
0
0.119017848158696
0.880982151841304
0
0.118093979088286
0.570611101505047
0.311294919406667
0.118152456878664
0.662774475799287
0.21907306732205
0.118194132487867
0.816337257383966
0.0654686101281666
0.118229501532502
0.881770498467498
0
0.118271966451378
0.881728033548622
0
0.118307114437349
0.881692885562651
0
0.118332138230769
0.881667861769231
0
0.118348442816466
0.881651557183534
0
0.118358574024609
0.881641425975391
0
0.118365723783689
0.881634276216311
0
0.118152456878663
0.662774475799288
0.219073067322048
0.118178658231535
0.79684496225968
0.0849763795087843
0.118207640485094
0.881792359514906
0
0.118246147897104
0.881753852102896
0
0.118284711523547
0.881715288476453
0
0.118316505916156
0.881683494083844
0
0.118339937088795
0.881660062911205
0
0.118355788720603
0.881644211279397
0
0.118365956072388
0.881634043927612
0
0.118373446368516
0.881626553631484
0
0.118194132487867
0.816337257383968
0.0654686101281651
0.118207640485094
0.881792359514906
0
0.118237101971432
0.881762898028568
0
0.118271770091441
0.881728229908559
0
0.11830481868541
0.88169518131459
0
0.118332940355297
0.881667059644703
0
0.118354771153401
0.881645228846599
0
0.118370455821996
0.881629544178004
0
0.118381123907323
0.881618876092678
0
0.118389099362257
0.881610900637743
0
0.118229501532502
0.881770498467498
0
0.118246147897104
0.881753852102896
0
0.118271770091441
0.881728229908559
0
0.118300510515384
0.881699489484616
0
0.118328855641861
0.881671144358139
0
0.118354365302361
0.881645634697639
0
0.118375689757046
0.881624310242954
0
0.118392189148386
0.881607810851614
0
0.118404122102726
0.881595877897274
0
0.118413244697399
0.881586755302601
0
0.118271966451378
0.881728033548622
0
0.118284711523547
0.881715288476453
0
0.11830481868541
0.88169518131459
0
0.118328855641861
0.881671144358139
0
0.118354260261475
0.881645739738525
0
0.11837907683187
0.88162092316813
0
0.118401791875204
0.881598208124796
0
0.118420969632763
0.881579030367237
0
0.118435616643519
0.881564383356481
0
0.118447169976436
0.881552830023564
0
0.118307114437349
0.881692885562651
0
0.118316505916156
0.881683494083844
0
0.118332940355297
0.881667059644703
0
0.118354365302361
0.881645634697639
0
0.11837907683187
0.88162092316813
0
0.118405589792556
0.881594410207444
0
0.118432306761613
0.881567693238387
0
0.118457017752609
0.881542982247391
0
0.118477243260573
0.881522756739427
0
0.118493546306112
0.881506453693888
0
0.118332138230769
0.881667861769231
0
0.118339937088795
0.881660062911205
0
0.118354771153401
0.881645228846599
0
0.118375689757047
0.881624310242954
0
0.118401791875204
0.881598208124796
0
0.118432306761613
0.881567693238387
0
0.118465978895234
0.881534021104766
0
0.118500566646931
0.881499433353069
0
0.118532271110388
0.881467728889612
0
0.118557232216374
0.881442767783626
0
0.118348442816466
0.881651557183534
0
0.118355788720603
0.881644211279397
0
0.118370455821996
0.881629544178004
0
0.118392189148386
0.881607810851614
0
0.118420969632763
0.881579030367237
0
0.118457017752609
0.881542982247391
0
0.118500566646931
0.881499433353069
0
0.118550342936853
0.881449657063146
0
0.118602482865076
0.881397517134924
0
0.118647048681479
0.881352951318521
0
0.118358574024609
0.881641425975391
0
0.118365956072388
0.881634043927612
0
0.118381123907323
0.881618876092678
0
0.118404122102726
0.881595877897274
0
0.118435616643519
0.881564383356481
0
0.118477243260573
0.881522756739427
0
0.118532271110388
0.881467728889612
0
0.118602482865076
0.881397517134924
0
0.11868860679896
0.88131139320104
0
0.118778017774883
0.881221982225117
0
0.118365723783689
0.881634276216311
0
0.118373446368516
0.881626553631484
0
0.118389099362257
0.881610900637743
0
0.118413244697399
0.881586755302601
0
0.118447169976436
0.881552830023564
0
0.118493546306112
0.881506453693888
0
0.118557232216374
0.881442767783626
0
0.118647048681479
0.881352951318521
0
0.118778017774883
0.881221982225117
0
0.119024781456156
0.880975218543844
0
