0.11808411406192
0.392867931547214
0.489047954390867
0.118144903537245
0.409916274551542
0.471938821911213
0.118188875700771
0.449188104365984
0.432623019933246
0.118227640930178
0.510295719652731
0.371476639417091
0.118269244215065
0.531026272818954
0.350704482965981
0.118303441767893
0.53107649117728
0.350620067054827
0.11832765401811
0.533199059405632
0.348473286576258
0.118343484514411
0.55852508949805
0.323131425987539
0.118353573235579
0.669434633446711
0.21221179331771
0.118361179927077
0.881638820072922
0
0.118144903537246
0.409916274551539
0.471938821911216
0.118172792159984
0.435472782660986
0.44635442517903
0.118205146864325
0.48832568953928
0.393469163596395
0.118243799595867
0.520010141093457
0.361746059310676
0.118281547527345
0.527236793551183
0.354481658921472
0.118312525462149
0.526586362596926
0.355101111940925
0.11833524390624
0.532671201685331
0.348993554408429
0.118350702420478
0.561297962216081
0.320351335363441
0.118360845083754
0.685471494181036
0.196167660735209
0.118368845706137
0.881631154293863
0
0.118188875700771
0.449188104365982
0.432623019933247
0.118205146864325
0.488325689539279
0.393469163596396
0.11823472835838
0.515056709944956
0.366708561696664
0.11826874993399
0.523980903558902
0.357750346507109
0.118301138329331
0.524568131216686
0.357130730453982
0.118328524117956
0.524629049974258
0.357042425907785
0.118349782376842
0.533856232111783
0.347793985511375
0.118365165401758
0.564494427104463
0.317140407493779
0.118375870582257
0.700628970833695
0.180995158584048
0.118384367171353
0.881615632828647
0
0.118227640930178
0.510295719652729
0.371476639417092
0.118243799595867
0.520010141093454
0.361746059310679
0.11826874993399
0.523980903558901
0.35775034650711
0.118296909521651
0.523945445523687
0.357757644954662
0.118324597899452
0.522538187480939
0.359137214619609
0.118349475769109
0.52481524139138
0.356835282839511
0.118370368288571
0.536196692335576
0.345432939375853
0.118386651495059
0.567261123170943
0.314352225333998
0.118398656336521
0.708851566631944
0.172749777031535
0.118408321019712
0.881591678980288
0
0.118269244215065
0.531026272818952
0.350704482965983
0.118281547527345
0.52723679355118
0.354481658921475
0.118301138329332
0.524568131216685
0.357130730453983
0.118324597899452
0.522538187480935
0.359137214619613
0.118349410482559
0.522734254251519
0.358916335265922
0.118373743641588
0.527353033155622
0.35427322320279
0.118396168229768
0.539305444667295
0.342298387102936
0.118415143705866
0.568777858151418
0.312806998142716
0.118429906029842
0.703490611621378
0.17807948234878
0.118441995600909
0.88155800439909
0
0.118303441767893
0.531076491177274
0.350620067054833
0.118312525462149
0.526586362596925
0.355101111940927
0.118328524117957
0.524629049974254
0.357042425907789
0.118349475769109
0.524815241391375
0.356835282839516
0.118373743641588
0.527353033155621
0.354273223202791
0.11839989124105
0.532819651097602
0.348780457661349
0.118426366731954
0.543398186125693
0.338175447142352
0.118450914615777
0.568866687533037
0.312682397851186
0.118471186169004
0.683506604050149
0.198022209780847
0.118487982846064
0.881512017153936
0
0.11832765401811
0.533199059405629
0.34847328657626
0.11833524390624
0.532671201685332
0.348993554408428
0.118349782376842
0.533856232111781
0.347793985511377
0.118370368288571
0.536196692335573
0.345432939375856
0.118396168229768
0.539305444667293
0.342298387102939
0.118426366731954
0.543398186125694
0.338175447142352
0.11845982295247
0.550452598053206
0.331087578994324
0.118494197046354
0.569244541681758
0.312261261271888
0.118525847333271
0.656840586340107
0.224633566326622
0.118550968293812
0.881449031706188
0
0.118343484514411
0.558525089498052
0.323131425987538
0.118350702420478
0.561297962216081
0.320351335363441
0.118365165401759
0.564494427104461
0.31714040749378
0.118386651495059
0.567261123170944
0.314352225333997
0.118415143705866
0.568777858151419
0.312806998142714
0.118450914615777
0.568866687533039
0.312682397851184
0.118494197046353
0.569244541681759
0.312261261271888
0.118543674039796
0.577673149737715
0.303783176222489
0.1185956974179
0.635115180243247
0.246289122338853
0.118640226452171
0.865753802384185
0.015605971163644
0.11835357323558
0.669434633446712
0.212211793317709
0.118360845083754
0.685471494181038
0.196167660735208
0.118375870582257
0.700628970833698
0.180995158584046
0.118398656336521
0.708851566631946
0.172749777031533
0.118429906029842
0.703490611621381
0.178079482348777
0.118471186169003
0.683506604050152
0.198022209780845
0.118525847333271
0.656840586340109
0.22463356632662
0.1185956974179
0.635115180243248
0.246289122338852
0.118681650771814
0.648931446491341
0.232386902736845
0.118770548019659
0.792646776416854
0.0885826755634872
0.118361179927078
0.881638820072922
0
0.118368845706137
0.881631154293863
0
0.118384367171353
0.881615632828647
0
0.118408321019712
0.881591678980288
0
0.118441995600909
0.88155800439909
0
0.118487982846064
0.881512017153936
0
0.118550968293812
0.881449031706188
0
0.118640226452171
0.865753802384187
0.0156059711636422
0.118770548019659
0.792646776416855
0.0885826755634869
0.119003994325347
0.880996005674653
0
0.11808615719691
0.449184756132073
0.432729086671016
0.118146622545285
0.504878518808707
0.376974858646008
0.118190433523449
0.758483635540899
0.123325930935652
0.11822814924984
0.88177185075016
0
0.118269557240821
0.881730442759179
0
0.118303716680045
0.881696283319955
0
0.118327966316832
0.881672033683168
0
0.118343851259218
0.881656148740782
0
0.11835380003721
0.88164619996279
0
0.118361104911543
0.881638895088457
0
0.118146622545285
0.504878518808712
0.376974858646004
0.118174445110366
0.67802317125169
0.203802383637945
0.118205962012001
0.881794037987999
0
0.118244151151309
0.881755848848691
0
0.118281865089902
0.881718134910098
0
0.118312813774617
0.881687186225383
0
0.11833558351874
0.881664416481259
0
0.118351082244704
0.881648917755296
0
0.118361065016804
0.881638934983196
0
0.118368757047521
0.881631242952479
0
0.118190433523449
0.758483635540909
0.123325930935642
0.118205962012001
0.881794037987999
0
0.118235095303154
0.881764904696846
0
0.118269103821837
0.881730896178163
0
0.118301437966147
0.881698562033853
0
0.118328831686616
0.881671168313385
0
0.118350144486734
0.881649855513266
0
0.118365555347228
0.881634444652772
0
0.11837607581926
0.88162392418074
0
0.118384272482056
0.881615727517944
0
0.11822814924984
0.88177185075016
0
0.118244151151309
0.881755848848691
0
0.118269103821837
0.881730896178163
0
0.118297219114256
0.881702780885744
0
0.118324892610902
0.881675107389098
0
0.118349811140164
0.881650188859836
0
0.118370748476212
0.881629251523788
0
0.118387051576906
0.881612948423094
0
0.118398859076539
0.881601140923461
0
0.11840822728127
0.88159177271873
0
0.118269557240821
0.881730442759179
0
0.118281865089902
0.881718134910098
0
0.118301437966148
0.881698562033853
0
0.118324892610902
0.881675107389098
0
0.118349734393437
0.881650265606563
0
0.118374110023772
0.881625889976228
0
0.11839656128153
0.88160343871847
0
0.118415554428226
0.881584445571774
0
0.118430121831391
0.881569878168609
0
0.118441912934007
0.881558087065993
0
0.118303716680045
0.881696283319955
0
0.118312813774617
0.881687186225383
0
0.118328831686616
0.881671168313385
0
0.118349811140164
0.881650188859836
0
0.118374110023772
0.881625889976228
0
0.118400281278931
0.881599718721069
0
0.118426770354698
0.881573229645302
0
0.118451338082603
0.881548661917397
0
0.118471449061171
0.881528550938829
0
0.118487929070649
0.881512070929351
0
0.118327966316832
0.881672033683168
0
0.11833558351874
0.881664416481259
0
0.118350144486735
0.881649855513265
0
0.118370748476212
0.881629251523788
0
0.11839656128153
0.88160343871847
0
0.118426770354698
0.881573229645302
0
0.118460238054419
0.881539761945581
0
0.118494640563123
0.881505359436877
0
0.118526143451537
0.881473856548463
0
0.118550990786114
0.881449009213886
0
0.118343851259218
0.881656148740782
0
0.118351082244704
0.881648917755296
0
0.118365555347228
0.881634444652772
0
0.118387051576906
0.881612948423094
0
0.118415554428226
0.881584445571774
0
0.118451338082603
0.881548661917397
0
0.118494640563123
0.881505359436877
0
0.118544169711468
0.881455830288532
0
0.1185960608766
0.8814039391234
0
0.118640366586802
0.881359633413198
0
0.118353800037209
0.881646199962791
0
0.118361065016804
0.881638934983196
0
0.11837607581926
0.88162392418074
0
0.118398859076539
0.881601140923461
0
0.118430121831391
0.881569878168609
0
0.118471449061171
0.881528550938829
0
0.118526143451537
0.881473856548463
0
0.1185960608766
0.8814039391234
0
0.118681954891384
0.881318045108616
0
0.118770823587313
0.881229176412687
0
0.118361104911543
0.881638895088457
0
0.118368757047521
0.881631242952479
0
0.118384272482056
0.881615727517944
0
0.11840822728127
0.88159177271873
0
0.118441912934007
0.881558087065993
0
0.118487929070649
0.881512070929351
0
0.118550990786114
0.881449009213886
0
0.118640366586803
0.881359633413197
0
0.118770823587313
0.881229176412687
0
0.119006890010671
0.880993109989329
0
0.118089467775362
0.572451948638622
0.309458583586016
0.118148970626819
0.664385162538121
0.21746586683506
0.118191453341624
0.815538998335025
0.0662695483233515
0.118228069690585
0.881771930309415
0
0.118269346841814
0.881730653158186
0
0.118303499966978
0.881696500033022
0
0.11832776031668
0.88167223968332
0
0.11834366507734
0.88165633492266
0
0.118353635272947
0.881646364727053
0
0.118360883818788
0.881639116181212
0
0.118148970626819
0.664385162538122
0.217465866835059
0.118175782022039
0.795906285238768
0.0859179327391929
0.118205958662098
0.881794041337902
0
0.118243947216995
0.881756052783005
0
0.118281650305444
0.881718349694556
0
0.118312599843553
0.881687400156448
0
0.118335382579139
0.881664617420861
0
0.118350900396919
0.881649099603081
0
0.118360907522565
0.881639092477435
0
0.118368535116485
0.881631464883515
0
0.118191453341624
0.815538998335026
0.0662695483233501
0.118205958662098
0.881794041337902
0
0.118234893656493
0.881765106343507
0
0.118268891123457
0.881731108876543
0
0.118301222923679
0.88169877707632
0
0.118328622451731
0.881671377548269
0
0.11834994959007
0.88165005040993
0
0.118365378320491
0.881634621679509
0
0.118375919257626
0.881624080742374
0
0.118384053312254
0.881615946687746
0
0.118228069690585
0.881771930309415
0
0.118243947216995
0.881756052783005
0
0.118268891123457
0.881731108876543
0
0.118297004578244
0.881702995421756
0
0.11832468032222
0.88167531967778
0
0.118349608919759
0.881650391080241
0
0.118370559884619
0.881629440115382
0
0.118386880341225
0.881613119658775
0
0.118398710898874
0.881601289101126
0
0.118408012927082
0.881591987072919
0
0.118269346841814
0.881730653158186
0
0.118281650305444
0.881718349694556
0
0.11830122292368
0.88169877707632
0
0.11832468032222
0.88167531967778
0
0.118349529644645
0.881650470355355
0
0.118373916386294
0.881626083613706
0
0.11839637890979
0.88160362109021
0
0.11841539005272
0.88158460994728
0
0.118429991017561
0.881570008982439
0
0.118441706123723
0.881558293876277
0
0.118303499966978
0.881696500033022
0
0.118312599843553
0.881687400156447
0
0.118328622451731
0.881671377548269
0
0.118349608919759
0.881650391080241
0
0.118373916386294
0.881626083613706
0
0.118400097041543
0.881599902958457
0
0.118426595106956
0.881573404893043
0
0.118451181113536
0.881548818886464
0
0.118471350123212
0.881528649876787
0
0.118487732199504
0.881512267800497
0
0.11832776031668
0.88167223968332
0
0.118335382579139
0.881664617420861
0
0.11834994959007
0.88165005040993
0
0.118370559884619
0.881629440115381
0
0.11839637890979
0.88160362109021
0
0.118426595106957
0.881573404893043
0
0.118460071928426
0.881539928071574
0
0.118494493031443
0.881505506968557
0
0.118526047452038
0.881473952547962
0
0.118550819418447
0.881449180581553
0
0.11834366507734
0.88165633492266
0
0.118350900396919
0.881649099603081
0
0.118365378320491
0.881634621679509
0
0.118386880341225
0.881613119658775
0
0.118415390052719
0.881584609947281
0
0.118451181113536
0.881548818886464
0
0.118494493031443
0.881505506968557
0
0.118544043719504
0.881455956280496
0
0.118595980524107
0.881404019475893
0
0.118640188554682
0.881359811445318
0
0.118353635272947
0.881646364727053
0
0.118360907522565
0.881639092477435
0
0.118375919257626
0.881624080742374
0
0.118398710898874
0.881601289101126
0
0.118429991017561
0.881570008982439
0
0.118471350123212
0.881528649876788
0
0.118526047452038
0.881473952547962
0
0.118595980524107
0.881404019475893
0
0.118681870841058
0.881318129158942
0
0.118770925858
0.881229074142
0
0.118360883818788
0.881639116181212
0
0.118368535116486
0.881631464883514
0
0.118384053312254
0.881615946687746
0
0.118408012927082
0.881591987072919
0
0.118441706123723
0.881558293876277
0
0.118487732199504
0.881512267800497
0
0.118550819418448
0.881449180581552
0
0.118640188554682
0.881359811445318
0
0.118770925858
0.881229074142
0
0.119013789662444
0.880986210337556
0
