0.118079323395839
0.39189148254838
0.490029194055781
0.118138968453188
0.408075201417925
0.473785830128886
0.118182078293075
0.444712327576847
0.437105594130078
0.11821949163536
0.514541536056349
0.367238972308291
0.118261926514522
0.535977820866505
0.345760252618973
0.118297042326351
0.537163651194166
0.344539306479483
0.118322081966192
0.537757743027608
0.3439201750062
0.11833833363418
0.560121101253893
0.321540565111927
0.118348527868276
0.666974495354068
0.214676976777656
0.118355931951782
0.881644068048218
0
0.118138968453188
0.408075201417923
0.473785830128888
0.118166244495612
0.431902722726568
0.44993103277782
0.118197413646613
0.492536684679826
0.389265901673562
0.11823621228224
0.524734536286716
0.357029251431044
0.118274635704853
0.5327309847348
0.348994379560347
0.118306446438133
0.532355982291296
0.34933757127057
0.118329868233215
0.536431090904431
0.345239040862355
0.118345658919135
0.562410131683795
0.31924420939707
0.118355868764825
0.681881144972309
0.199762986262866
0.118363669010753
0.881636330989247
0
0.118182078293075
0.444712327576847
0.437105594130078
0.118197413646613
0.492536684679826
0.389265901673561
0.118227202983377
0.51971337513445
0.362059421882172
0.118261712195827
0.528897814013082
0.352840473791091
0.118294747592988
0.530386998211593
0.351318254195418
0.118322891282522
0.529763980514111
0.351913128203367
0.118344688994406
0.536874721378397
0.344780589627197
0.118360310459015
0.565211857715671
0.316427831825313
0.118371039121948
0.696099995285064
0.185528965592988
0.118379304364098
0.881620695635902
0
0.11821949163536
0.51454153605635
0.36723897230829
0.11823621228224
0.524734536286715
0.357029251431045
0.118261712195827
0.528897814013082
0.352840473791091
0.118290434811212
0.529620717042965
0.352088848145823
0.118318805078034
0.528170425820493
0.353510769101473
0.118344307223895
0.52905233808772
0.352603354688385
0.118365581492072
0.538557002579837
0.343077415928091
0.11838200619173
0.567669911058117
0.313948082750152
0.118393987125124
0.703665190528251
0.177940822346625
0.118403382714577
0.881596617285423
0
0.118261926514522
0.535977820866504
0.345760252618974
0.118274635704853
0.532730984734799
0.348994379560348
0.118294747592988
0.530386998211591
0.351318254195421
0.118318805078034
0.528170425820492
0.353510769101473
0.118344207570249
0.527376134652591
0.35427965777716
0.118368981636359
0.53057151826583
0.351059500097811
0.118391626751138
0.541098800086569
0.340509573162293
0.118410708791129
0.568956884084057
0.312632407124814
0.118425355117556
0.698296823198777
0.183277821683667
0.11843715648289
0.88156284351711
0
0.118297042326351
0.537163651194163
0.344539306479486
0.118306446438133
0.532355982291296
0.34933757127057
0.118322891282522
0.529763980514112
0.351913128203366
0.118344307223895
0.529052338087718
0.352603354688387
0.118368981636359
0.530571518265828
0.351059500097814
0.11839542521674
0.535057199733791
0.34654737504947
0.118422041846882
0.544695940559373
0.336882017593746
0.118446611147562
0.568873548037622
0.312679840814817
0.118466783888241
0.678854640258587
0.202678575853173
0.118483218525911
0.881516781474089
0
0.118322081966192
0.537757743027607
0.343920175006202
0.118329868233215
0.53643109090443
0.345239040862356
0.118344688994406
0.536874721378399
0.344780589627195
0.118365581492072
0.538557002579835
0.343077415928093
0.118391626751138
0.541098800086565
0.340509573162296
0.118422041846881
0.54469594055937
0.336882017593749
0.11845553879092
0.55122120815999
0.33032325304909
0.118489866000292
0.569054311357905
0.312455822641804
0.118521339770779
0.653182223722425
0.228296436506796
0.11854628896729
0.88145371103271
0
0.11833833363418
0.560121101253892
0.321540565111928
0.118345658919135
0.562410131683795
0.319244209397071
0.118360310459015
0.565211857715671
0.316427831825313
0.118382006191731
0.567669911058118
0.313948082750151
0.118410708791129
0.568956884084056
0.312632407124814
0.118446611147562
0.568873548037621
0.312679840814817
0.118489866000291
0.569054311357905
0.312455822641804
0.118539149874127
0.576826939931806
0.304633910194067
0.118590665538096
0.631558278618464
0.24985105584344
0.118634882795059
0.841701380681323
0.0396637365236187
0.118348527868276
0.666974495354064
0.21467697677766
0.118355868764825
0.681881144972306
0.199762986262869
0.118371039121948
0.696099995285061
0.18552896559299
0.118393987125124
0.703665190528248
0.177940822346628
0.118425355117556
0.698296823198775
0.183277821683669
0.118466783888241
0.678854640258586
0.202678575853173
0.118521339770779
0.653182223722425
0.228296436506796
0.118590665538096
0.631558278618463
0.249851055843441
0.118675959332573
0.643568589132893
0.237755451534534
0.118763624155913
0.766560781661422
0.114675594182665
0.118355931951782
0.881644068048218
0
0.118363669010753
0.881636330989248
0
0.118379304364098
0.881620695635902
0
0.118403382714577
0.881596617285423
0
0.118437156482889
0.881562843517111
0
0.118483218525911
0.881516781474089
0
0.11854628896729
0.88145371103271
0
0.118634882795059
0.841701380681322
0.0396637365236188
0.118763624155913
0.766560781661423
0.114675594182665
0.11900259170621
0.821836554432464
0.0591608538613261
0.118081365414808
0.446344152975813
0.435574481609378
0.11814068700539
0.501080583755017
0.380778729239594
0.118183645973946
0.755280684611848
0.126535669414206
0.118219899301237
0.881780100698763
0
0.118262226605598
0.881737773394402
0
0.118297312657201
0.881702687342799
0
0.118322366384123
0.881677633615877
0
0.118338675051879
0.881661324948121
0
0.118348748435821
0.881651251564179
0
0.118355859754444
0.881644140245556
0
0.11814068700539
0.501080583755019
0.380778729239591
0.118167893736648
0.675729093377878
0.206103012885474
0.11819806927252
0.88180193072748
0
0.118236525004
0.881763474996
0
0.118274948374069
0.881725051625931
0
0.118306718596572
0.881693281403428
0
0.118330175275304
0.881669824724696
0
0.118346014264571
0.881653985735429
0
0.118356085383135
0.881643914616865
0
0.11836358322813
0.88163641677187
0
0.118183645973946
0.755280684611858
0.126535669414196
0.11819806927252
0.88180193072748
0
0.118227518671791
0.881772481328209
0
0.118262053445694
0.881737946554306
0
0.118295038422545
0.881704961577456
0
0.11832317048402
0.88167682951598
0
0.118345017887479
0.881654982112521
0
0.118360676909333
0.881639323090667
0
0.118371241822163
0.881628758177837
0
0.118379212722983
0.881620787277017
0
0.118219899301237
0.881780100698763
0
0.118236525004
0.881763474996
0
0.118262053445694
0.881737946554306
0
0.118290737416092
0.881709262583908
0
0.118319079043926
0.881680920956074
0
0.118344607775944
0.881655392224056
0
0.118365929951211
0.881634070048789
0
0.118382383712801
0.881617616287199
0
0.11839418753367
0.88160581246633
0
0.118403292540027
0.881596707459973
0
0.118262226605598
0.881737773394402
0
0.118274948374069
0.881725051625931
0
0.118295038422544
0.881704961577456
0
0.118319079043926
0.881680920956074
0
0.118344498172697
0.881655501827303
0
0.118369312576922
0.881630687423078
0
0.118391992330941
0.881608007669059
0
0.118411097171372
0.881588902828628
0
0.118425569364877
0.881574430635123
0
0.118437078298894
0.881562921701106
0
0.118297312657201
0.881702687342799
0
0.118306718596572
0.881693281403428
0
0.11832317048402
0.88167682951598
0
0.118344607775944
0.881655392224056
0
0.118369312576922
0.881630687423078
0
0.118395784375906
0.881604215624094
0
0.118422420647664
0.881577579352336
0
0.118447012601956
0.881552987398044
0
0.118467040097334
0.881532959902666
0
0.118483171530877
0.881516828469123
0
0.118322366384123
0.881677633615877
0
0.118330175275304
0.881669824724696
0
0.118345017887479
0.881654982112521
0
0.118365929951211
0.881634070048789
0
0.118391992330941
0.881608007669059
0
0.118422420647664
0.881577579352336
0
0.118455932388122
0.881544067611878
0
0.118490285403763
0.881509714596237
0
0.118521627831546
0.881478372168454
0
0.118546319041203
0.881453680958797
0
0.118338675051879
0.881661324948121
0
0.118346014264571
0.881653985735429
0
0.118360676909333
0.881639323090667
0
0.118382383712801
0.881617616287199
0
0.118411097171372
0.881588902828628
0
0.118447012601956
0.881552987398044
0
0.118490285403763
0.881509714596237
0
0.118539610708741
0.881460389291259
0
0.118591021478932
0.881408978521068
0
0.118635011395039
0.881364988604961
0
0.118348748435821
0.881651251564179
0
0.118356085383134
0.881643914616866
0
0.118371241822163
0.881628758177837
0
0.11839418753367
0.88160581246633
0
0.118425569364877
0.881574430635123
0
0.118467040097334
0.881532959902666
0
0.118521627831546
0.881478372168454
0
0.118591021478932
0.881408978521068
0
0.118676251837965
0.881323748162035
0
0.118763952825203
0.881236047174797
0
0.118355859754444
0.881644140245556
0
0.11836358322813
0.88163641677187
0
0.118379212722984
0.881620787277016
0
0.118403292540027
0.881596707459973
0
0.118437078298894
0.881562921701106
0
0.118483171530877
0.881516828469123
0
0.118546319041203
0.881453680958797
0
0.118635011395039
0.881364988604961
0
0.118763952825203
0.881236047174797
0
0.119005550382669
0.880994449617331
0
0.118084665208693
0.570117242117798
0.31179809267351
0.11814304329146
0.661834074452648
0.220022882255892
0.118184657493239
0.814900639610869
0.0669147028958918
0.11821981447924
0.88178018552076
0
0.118262016092393
0.881737983907607
0
0.118297096603813
0.881702903396187
0
0.11832215743036
0.88167784256964
0
0.118338486184052
0.881661513815948
0
0.118348580737413
0.881651419262587
0
0.11835564074634
0.88164435925366
0
0.11814304329146
0.661834074452649
0.220022882255891
0.118169218733837
0.795355474365999
0.0864753069001633
0.118198059855529
0.881801940144471
0
0.118236316760263
0.881763683239737
0
0.118274735183259
0.881725264816741
0
0.118306503375221
0.881693496624779
0
0.118329970926561
0.881670029073439
0
0.118345830052863
0.881654169947137
0
0.118355925472184
0.881644074527816
0
0.118363363187253
0.881636636812747
0
0.118184657493239
0.81490063961087
0.0669147028958904
0.118198059855529
0.881801940144471
0
0.1182273110345
0.8817726889655
0
0.118261841913108
0.881738158086892
0
0.118294823766699
0.881705176233301
0
0.11832295847958
0.88167704152042
0
0.118344819791532
0.881655180208468
0
0.118360497644976
0.881639502355024
0
0.118371082641459
0.881628917358541
0
0.118378995656296
0.881621004343704
0
0.11821981447924
0.88178018552076
0
0.118236316760263
0.881763683239737
0
0.118261841913108
0.881738158086892
0
0.118290523752991
0.881709476247009
0
0.118318865071714
0.881681134928286
0
0.118344402133413
0.881655597866587
0
0.118365738092252
0.881634261907748
0
0.118382210790607
0.881617789209393
0
0.118394036749755
0.881605963250246
0
0.118403080629415
0.881596919370585
0
0.118262016092393
0.881737983907607
0
0.118274735183259
0.881725264816741
0
0.118294823766699
0.881705176233301
0
0.118318865071714
0.881681134928286
0
0.118344290039198
0.881655709960802
0
0.118369115544567
0.881630884455433
0
0.118391808532808
0.881608191467192
0
0.118410930365271
0.881589069634729
0
0.118425437794806
0.881574562205194
0
0.1184368745014
0.8815631254986
0
0.118297096603813
0.881702903396187
0
0.118306503375221
0.881693496624779
0
0.11832295847958
0.88167704152042
0
0.118344402133413
0.881655597866587
0
0.118369115544567
0.881630884455433
0
0.118395597181376
0.881604402818624
0
0.118422242854527
0.881577757145473
0
0.118446853584985
0.881553146415015
0
0.118466937164602
0.881533062835398
0
0.11848297818277
0.88151702181723
0
0.11832215743036
0.88167784256964
0
0.118329970926561
0.881670029073439
0
0.118344819791532
0.881655180208468
0
0.118365738092252
0.881634261907748
0
0.118391808532808
0.881608191467192
0
0.118422242854527
0.881577757145473
0
0.118455765090284
0.881544234909716
0
0.118490135734382
0.881509864265618
0
0.118521528390786
0.881478471609214
0
0.118546138293633
0.881453861706367
0
0.118338486184052
0.881661513815948
0
0.118345830052863
0.881654169947137
0
0.118360497644976
0.881639502355024
0
0.118382210790607
0.881617789209393
0
0.11841093036527
0.881589069634729
0
0.118446853584985
0.881553146415015
0
0.118490135734382
0.881509864265618
0
0.118539479354747
0.881460520645252
0
0.118590938617753
0.881409061382247
0
0.118634810705688
0.881365189294312
0
0.118348580737412
0.881651419262587
0
0.118355925472184
0.881644074527816
0
0.118371082641459
0.881628917358541
0
0.118394036749755
0.881605963250246
0
0.118425437794806
0.881574562205194
0
0.118466937164602
0.881533062835398
0
0.118521528390786
0.881478471609214
0
0.118590938617753
0.881409061382247
0
0.1186761587983
0.8813238412017
0
0.118764129989378
0.881235870010622
0
0.11835564074634
0.88164435925366
0
0.118363363187253
0.881636636812747
0
0.118378995656296
0.881621004343704
0
0.118403080629415
0.881596919370585
0
0.1184368745014
0.8815631254986
0
0.11848297818277
0.88151702181723
0
0.118546138293633
0.881453861706367
0
0.118634810705688
0.881365189294312
0
0.118764129989378
0.881235870010622
0
0.11901235185615
0.88098764814385
0
