0.118074699989892
0.391853523874326
0.490071776135782
0.118134291731607
0.407953942546154
0.473911765722239
0.118177356896308
0.444260331943237
0.437562311160455
0.118214673398336
0.513942480422163
0.3678428461795
0.118256980925931
0.535730092667524
0.346012926406545
0.118292058726722
0.537194752616259
0.344513188657018
0.118317117492743
0.53776335535872
0.343919527148537
0.118333383352497
0.559790457295015
0.321876159352488
0.118343560342228
0.665549620402347
0.216106819255426
0.118350914467639
0.881649085532361
0
0.118134291731607
0.407953942546152
0.473911765722241
0.118161535139922
0.431567357850992
0.450271107009086
0.118192649692178
0.491947848073673
0.38985950223415
0.118231329467173
0.524400781384936
0.357367889147891
0.118269674424815
0.532626186827186
0.349104138747999
0.118301468525943
0.532420797646796
0.349277733827261
0.118324909210072
0.53637073497913
0.345304355810798
0.118340706683218
0.562006201495959
0.319653091820823
0.1183508922771
0.680080058225901
0.201569049496999
0.118358641159824
0.881641358840176
0
0.118177356896308
0.444260331943237
0.437562311160455
0.118192649692177
0.491947848073673
0.38985950223415
0.118222341935182
0.519361802129978
0.362415855934841
0.118256776199658
0.52871128990627
0.353031933894072
0.118289772185947
0.530400601042498
0.351309626771555
0.118317919813858
0.529820711983285
0.351861368202856
0.1183397316657
0.536741944660391
0.344918323673909
0.118355347122475
0.564737860390684
0.316906792486841
0.118366020666762
0.693944140150899
0.187689839182339
0.118374261867894
0.881625738132106
0
0.118214673398336
0.513942480422165
0.367842846179499
0.118231329467173
0.524400781384935
0.357367889147892
0.118256776199658
0.52871128990627
0.353031933894072
0.118285463278299
0.52960156934756
0.352112967374141
0.118313827130318
0.528249917126491
0.353436255743191
0.118339340892039
0.529050454123153
0.352610204984808
0.118360619194089
0.538348992424963
0.343290388380949
0.118377029719009
0.567130800655997
0.314492169624994
0.118388953245769
0.7012298464786
0.180381200275631
0.118398310015561
0.881601689984439
0
0.118256980925931
0.535730092667524
0.346012926406545
0.118269674424815
0.532626186827186
0.349104138747999
0.118289772185947
0.530400601042495
0.351309626771558
0.118313827130318
0.528249917126491
0.353436255743191
0.118339236340504
0.527411847852404
0.354248915807092
0.118364012187918
0.530471896575902
0.35116409123618
0.118386645113327
0.540818431780665
0.340794923106007
0.118405702745599
0.568364162654376
0.313230134600025
0.118420282946422
0.695804045852062
0.185775671201516
0.118432020724622
0.881567979275378
0
0.118292058726723
0.537194752616256
0.344513188657022
0.118301468525943
0.532420797646796
0.349277733827261
0.118317919813858
0.529820711983286
0.351861368202855
0.118339340892039
0.529050454123152
0.35261020498481
0.118364012187918
0.5304718965759
0.351164091236182
0.118390436985717
0.53484250952773
0.346767053486553
0.118417018090827
0.544344951790007
0.337238030119166
0.118441549027055
0.568240960043872
0.313317490929074
0.118461688504415
0.676587243107763
0.204951068387822
0.118477950732024
0.881522049267976
0
0.118317117492743
0.537763355358719
0.343919527148538
0.118324909210072
0.536370734979129
0.345304355810799
0.1183397316657
0.536741944660393
0.344918323673907
0.118360619194089
0.538348992424961
0.34329038838095
0.118386645113327
0.540818431780663
0.34079492310601
0.118417018090827
0.544344951790004
0.337238030119169
0.118450439223997
0.550779011712876
0.330770549063127
0.11848466912899
0.568374186032452
0.313141144838558
0.118515986184591
0.651268031211274
0.230215982604136
0.118540792899949
0.881459207100051
0
0.118333383352497
0.559790457295015
0.321876159352488
0.118340706683218
0.562006201495959
0.319653091820823
0.118355347122475
0.564737860390685
0.31690679248684
0.118377029719009
0.567130800655998
0.314492169624993
0.118405702745599
0.568364162654376
0.313230134600026
0.118441549027055
0.568240960043871
0.313317490929074
0.11848466912899
0.568374186032452
0.313141144838559
0.11853378716218
0.575941987942093
0.305524224895726
0.118585047379128
0.629742793479075
0.251672159141798
0.118628926952124
0.834049411224717
0.0473216618231593
0.118343560342228
0.665549620402343
0.21610681925543
0.1183508922771
0.680080058225897
0.201569049497003
0.118366020666762
0.693944140150897
0.187689839182342
0.118388953245769
0.701229846478597
0.180381200275634
0.118420282946422
0.695804045852061
0.185775671201517
0.118461688504415
0.676587243107762
0.204951068387823
0.118515986184591
0.651268031211273
0.230215982604136
0.118585047379128
0.629742793479074
0.251672159141798
0.118669890850703
0.641272771947446
0.24005733720185
0.118757213143365
0.758595686850863
0.122647100005773
0.118350914467639
0.881649085532361
0
0.118358641159824
0.881641358840176
0
0.118374261867894
0.881625738132106
0
0.118398310015561
0.881601689984439
0
0.118432020724622
0.881567979275378
0
0.118477950732024
0.881522049267976
0
0.118540792899949
0.881459207100051
0
0.118628926952124
0.834049411224716
0.0473216618231594
0.118757213143365
0.758595686850863
0.122647100005773
0.118997023733017
0.799123661524227
0.0818793147427557
0.118076739949599
0.446178749466995
0.435744510583406
0.118136008083694
0.500702268215319
0.381161723700987
0.118178930256363
0.752505632628048
0.12931543711559
0.118215085023198
0.881784914976802
0
0.118257282500448
0.881742717499552
0
0.118292331322262
0.881707668677738
0
0.1183174016238
0.8816825983762
0
0.118333723712429
0.881666276287571
0
0.118343781842135
0.881656218157865
0
0.118350843206932
0.881649156793068
0
0.118136008083694
0.500702268215321
0.381161723700985
0.118163185210612
0.673093702880307
0.208743111909081
0.11819330738415
0.88180669261585
0
0.118231641603896
0.881768358396104
0
0.118269989260258
0.881730010739742
0
0.118301742081695
0.881698257918305
0
0.118325215310975
0.881674784689025
0
0.118341060852298
0.881658939147702
0
0.11835110985161
0.881648890148391
0
0.118358556213831
0.881641443786169
0
0.118178930256363
0.752505632628058
0.129315437115579
0.11819330738415
0.88180669261585
0
0.118222655897468
0.881777344102532
0
0.118257119003696
0.881742880996304
0
0.11829006533083
0.88170993466917
0
0.118318199216461
0.881681800783539
0
0.118340059265099
0.881659940734901
0
0.118355712444556
0.881644287555444
0
0.11836622577107
0.88163377422893
0
0.118374170803701
0.881625829196299
0
0.118215085023198
0.881784914976802
0
0.118231641603896
0.881768358396104
0
0.118257119003696
0.881742880996304
0
0.118285768381933
0.881714231618067
0
0.118314102233914
0.881685897766086
0
0.118339640448624
0.881660359551376
0
0.118360966223093
0.881639033776907
0
0.118377405924517
0.881622594075483
0
0.118389155645152
0.881610844354848
0
0.11839822042986
0.88160177957014
0
0.118257282500447
0.881742717499553
0
0.118269989260258
0.881730010739742
0
0.11829006533083
0.88170993466917
0
0.118314102233914
0.881685897766086
0
0.118339526214234
0.881660473785766
0
0.118364341506029
0.881635658493971
0
0.118387009257022
0.881612990742978
0
0.118406089539913
0.881593910460087
0
0.118420499753485
0.881579500246515
0
0.118431943354052
0.881568056645948
0
0.118292331322262
0.881707668677738
0
0.118301742081695
0.881698257918305
0
0.118318199216461
0.881681800783539
0
0.118339640448624
0.881660359551376
0
0.118364341506029
0.881635658493971
0
0.118390794526141
0.881609205473859
0
0.118417395405826
0.881582604594174
0
0.118441948280277
0.881558051719723
0
0.118461943835471
0.881538056164529
0
0.11847790579535
0.88152209420465
0
0.1183174016238
0.8816825983762
0
0.118325215310975
0.881674784689025
0
0.118340059265099
0.881659940734901
0
0.118360966223092
0.881639033776908
0
0.118387009257022
0.881612990742978
0
0.118417395405826
0.881582604594174
0
0.118450830956946
0.881549169043054
0
0.118485085321108
0.881514914678892
0
0.118516277179729
0.881483722820271
0
0.118540827305156
0.881459172694844
0
0.118333723712429
0.881666276287571
0
0.118341060852298
0.881658939147702
0
0.118355712444556
0.881644287555444
0
0.118377405924517
0.881622594075483
0
0.118406089539913
0.881593910460087
0
0.118441948280277
0.881558051719723
0
0.118485085321108
0.881514914678892
0
0.118534241088799
0.881465758911201
0
0.11858540152013
0.88141459847987
0
0.118629056871481
0.881370943128519
0
0.118343781842135
0.881656218157865
0
0.118351109851609
0.881648890148391
0
0.11836622577107
0.88163377422893
0
0.118389155645153
0.881610844354847
0
0.118420499753485
0.881579500246515
0
0.118461943835471
0.881538056164529
0
0.118516277179729
0.881483722820271
0
0.11858540152013
0.88141459847987
0
0.118670190258292
0.881329809741708
0
0.118757559054176
0.881242440945824
0
0.118350843206932
0.881649156793068
0
0.118358556213831
0.881641443786169
0
0.118374170803701
0.881625829196299
0
0.11839822042986
0.88160177957014
0
0.118431943354052
0.881568056645948
0
0.11847790579535
0.88152209420465
0
0.118540827305157
0.881459172694843
0
0.118629056871481
0.881370943128519
0
0.118757559054177
0.881242440945823
0
0.119000195624417
0.880999804375583
0
0.11808003618588
0.569868907231603
0.312051056582517
0.118138363314092
0.66136576767624
0.220495869009668
0.118179948373498
0.814200896188227
0.0676191554382753
0.118215001703369
0.881784998296631
0
0.118257071666286
0.881742928333714
0
0.118292114979285
0.881707885020716
0
0.118317191929855
0.881682808070145
0
0.118333533845476
0.881666466154524
0
0.118343613064114
0.881656386935886
0
0.118350623801803
0.881649376198197
0
0.118138363314091
0.661365767676242
0.220495869009667
0.118164521267829
0.794608651886283
0.0872268268458883
0.11819330067362
0.88180669932638
0
0.118231432816029
0.881768567183971
0
0.118269775745652
0.881730224254348
0
0.118301526404288
0.881698473595712
0
0.118325010102571
0.881674989897429
0
0.118340875582179
0.881659124417821
0
0.118350948672662
0.881649051327338
0
0.118358335877607
0.881641664122393
0
0.118179948373498
0.814200896188228
0.0676191554382738
0.11819330067362
0.88180669932638
0
0.118222447620396
0.881777552379604
0
0.118256907025817
0.881743092974183
0
0.118289850362255
0.881710149637745
0
0.118317986556244
0.881682013443756
0
0.118339860227499
0.881660139772501
0
0.118355532080427
0.881644467919573
0
0.118366066490472
0.881633933509528
0
0.118373953104418
0.881626046895583
0
0.118215001703369
0.881784998296631
0
0.118231432816029
0.881768567183971
0
0.118256907025818
0.881743092974183
0
0.118285554430423
0.881714445569577
0
0.118313887751761
0.881686112248239
0
0.118339433956414
0.881660566043586
0
0.118360773369935
0.881639226630065
0
0.118377231821179
0.881622768178821
0
0.118389004193427
0.881610995806573
0
0.118398007823879
0.881601992176121
0
0.118257071666286
0.881742928333714
0
0.118269775745652
0.881730224254348
0
0.118289850362255
0.881710149637745
0
0.118313887751761
0.881686112248239
0
0.118339317278805
0.881660682721195
0
0.118364143503189
0.881635856496811
0
0.118386824430328
0.881613175569672
0
0.118405921462337
0.881594078537663
0
0.118420367599651
0.88157963240035
0
0.118431738724798
0.881568261275202
0
0.118292114979285
0.881707885020716
0
0.118301526404288
0.881698473595712
0
0.118317986556244
0.881682013443756
0
0.118339433956414
0.881660566043586
0
0.118364143503189
0.881635856496811
0
0.118390606313586
0.881609393686414
0
0.118417216538971
0.881582783461029
0
0.1184417878338
0.8815582121662
0
0.118461836831344
0.881538163168656
0
0.118477712206544
0.881522287793456
0
0.118317191929855
0.881682808070145
0
0.118325010102571
0.881674989897429
0
0.118339860227499
0.881660139772501
0
0.118360773369935
0.881639226630065
0
0.118386824430328
0.881613175569672
0
0.118417216538971
0.881582783461029
0
0.118450662460397
0.881549337539603
0
0.118484933986693
0.881515066013307
0
0.118516176699847
0.881483823300153
0
0.118540644525189
0.881459355474811
0
0.118333533845476
0.881666466154524
0
0.118340875582179
0.881659124417821
0
0.118355532080427
0.881644467919573
0
0.118377231821179
0.881622768178821
0
0.118405921462337
0.881594078537663
0
0.1184417878338
0.8815582121662
0
0.118484933986693
0.881515066013307
0
0.118534107070123
0.881465892929877
0
0.118585314834387
0.881414685165613
0
0.118628858090751
0.881371141909249
0
0.118343613064114
0.881656386935886
0
0.118350948672662
0.881649051327338
0
0.118366066490472
0.881633933509528
0
0.118389004193427
0.881610995806573
0
0.11842036759965
0.88157963240035
0
0.118461836831344
0.881538163168656
0
0.118516176699847
0.881483823300153
0
0.118585314834387
0.881414685165613
0
0.118670097979598
0.881329902020402
0
0.118757750002828
0.881242249997172
0
0.118350623801803
0.881649376198197
0
0.118358335877606
0.881641664122394
0
0.118373953104417
0.881626046895583
0
0.118398007823879
0.881601992176121
0
0.118431738724797
0.881568261275202
0
0.118477712206544
0.881522287793456
0
0.118540644525189
0.881459355474811
0
0.118628858090751
0.881371141909249
0
0.118757750002828
0.881242249997172
0
0.119006899615637
0.880993100384364
0
