0.118070091702737
0.391815799565769
0.490114108731494
0.118129630205683
0.407833908508869
0.474036461285448
0.118172652278188
0.443810574938016
0.438016772783796
0.118209873293413
0.513345558738115
0.368444567968473
0.118252054809462
0.535476669233216
0.346271275957322
0.11828709339037
0.537217648806354
0.344495257803276
0.118312170073665
0.537769291662305
0.34391853826403
0.11832845037683
0.559465478528738
0.322206071094433
0.118338610739722
0.66414567063433
0.217515718625947
0.118345913985531
0.881654086014469
0
0.118129630205683
0.407833908508867
0.47403646128545
0.118156840151249
0.431234581222484
0.450608578626267
0.118187903443049
0.491370360731812
0.390441735825139
0.118226466085551
0.524067402712488
0.357706131201961
0.118264732459661
0.532514167884374
0.349221099655964
0.118296508320741
0.53248056594591
0.349222925733349
0.118319967103493
0.536313154603562
0.345366878292945
0.118335771938497
0.561609099378779
0.320055128682723
0.118345935769811
0.678312742680606
0.203341321549584
0.118353628426531
0.881646371573469
0
0.118172652278188
0.443810574938016
0.438016772783796
0.118187903443049
0.491370360731812
0.390441735825139
0.118217500296074
0.519013154153587
0.362769345550339
0.118251859944102
0.52851996948673
0.353228170569168
0.118284815396012
0.530406657346103
0.351308527257885
0.118312965585852
0.529876259493968
0.351810774920179
0.118334791201144
0.536613729913699
0.345051478885157
0.118350400272059
0.564271880909805
0.317377718818136
0.118361017170072
0.691821278942544
0.189817703887384
0.118369234480512
0.881630765519488
0
0.118209873293413
0.513345558738116
0.368444567968471
0.118226466085551
0.524067402712488
0.357706131201962
0.118251859944102
0.52851996948673
0.353228170569168
0.118280510775994
0.529574519285239
0.352144969938767
0.118308867178931
0.528325456500021
0.353365676321048
0.118334392508315
0.529051204828261
0.352614402663424
0.118355675631273
0.538146621904308
0.343497702464418
0.118372072377265
0.566601061071293
0.315026866551442
0.118383938779972
0.698841519504305
0.182774541715723
0.118393256871782
0.881606743128218
0
0.118252054809462
0.535476669233216
0.346271275957322
0.118264732459662
0.532514167884374
0.349221099655964
0.118284815396012
0.5304066573461
0.351308527257888
0.118308867178931
0.528325456500021
0.353365676321048
0.118334283622872
0.52744922044884
0.354216495928288
0.118359063304961
0.530377305958169
0.351263630736869
0.118381686881246
0.540544223709617
0.341074089409136
0.118400722382148
0.567782035755846
0.313817241862006
0.118415238245946
0.693360021208074
0.18822474054598
0.118426913496106
0.881573086503894
0
0.11828709339037
0.537217648806351
0.344495257803278
0.118296508320741
0.53248056594591
0.349222925733349
0.118312965585853
0.529876259493969
0.351810774920178
0.118334392508315
0.52905120482826
0.352614402663425
0.118359063304962
0.530377305958167
0.351263630736872
0.118385474107035
0.534633691246104
0.346980834646861
0.118412026210297
0.544000500930272
0.337587472859431
0.118436524950956
0.567620593159997
0.313942881889047
0.118456633236425
0.674390867898492
0.207152498865083
0.118472726329344
0.881527273670656
0
0.118312170073665
0.537769291662304
0.343918538264031
0.118319967103493
0.536313154603561
0.345366878292946
0.118334791201144
0.536613729913701
0.345051478885155
0.118355675631273
0.538146621904307
0.34349770246442
0.118381686881246
0.540544223709615
0.341074089409139
0.118412026210297
0.544000500930269
0.337587472859434
0.118445384858534
0.550344610641369
0.331210004500097
0.118479533949446
0.56770864527207
0.313811820778484
0.11851070830156
0.649388752702509
0.232100538995932
0.118535352757865
0.881464647242136
0
0.11832845037683
0.559465478528737
0.322206071094433
0.118335771938497
0.561609099378779
0.320055128682724
0.118350400272059
0.564271880909806
0.317377718818135
0.118372072377265
0.566601061071294
0.315026866551441
0.118400722382148
0.567782035755845
0.313817241862007
0.118436524950956
0.567620593159996
0.313942881889048
0.118479533949446
0.56770864527207
0.313811820778484
0.118528522240788
0.575085016591987
0.306386461167225
0.118579572341416
0.627990535992262
0.253429891666323
0.118622983273157
0.826705864054631
0.0546711526722121
0.118338610739722
0.664145670634327
0.217515718625951
0.118345935769811
0.678312742680602
0.203341321549588
0.118361017170073
0.691821278942541
0.189817703887387
0.118383938779972
0.698841519504302
0.182774541715726
0.118415238245946
0.693360021208073
0.188224740545981
0.118456633236425
0.674390867898491
0.207152498865084
0.11851070830156
0.649388752702508
0.232100538995932
0.118579572341416
0.627990535992261
0.253429891666323
0.118664195963022
0.639031209041898
0.242304594995079
0.118751471972398
0.751694978479653
0.129553549547948
0.11834591398553
0.88165408601447
0
0.118353628426531
0.881646371573469
0
0.118369234480512
0.881630765519488
0
0.118393256871782
0.881606743128218
0
0.118426913496106
0.881573086503894
0
0.118472726329344
0.881527273670656
0
0.118535352757865
0.881464647242136
0
0.118622983273157
0.826705864054631
0.0546711526722122
0.118751471972398
0.751694978479653
0.129553549547948
0.118990325185148
0.776516150511717
0.104493524303135
0.11807212960603
0.446014131714095
0.435913738679875
0.118131344355266
0.500329201920904
0.38153945372383
0.118174230524873
0.749744112424353
0.132081657050775
0.118210288855682
0.881789711144318
0
0.118252357750361
0.881747642249639
0
0.118287368213892
0.881712631786108
0
0.118312453969349
0.881687546030651
0
0.118328789714993
0.881671210285007
0
0.118338833193673
0.881661166806327
0
0.118345843669447
0.881654156330553
0
0.118131344355266
0.500329201920906
0.381539453723827
0.118158490875221
0.670487306733952
0.211354202390827
0.118188562958928
0.881811437041072
0
0.118226777473594
0.881773222526407
0
0.118265049349507
0.881734950650493
0
0.118296783263956
0.881703216736044
0
0.118320272280077
0.881679727719923
0
0.118336124956231
0.881663875043769
0
0.118346154175176
0.881653845824824
0
0.118353544341491
0.88164645565851
0
0.118174230524873
0.749744112424363
0.132081657050764
0.118188562958928
0.881811437041072
0
0.118217812343275
0.881782187656725
0
0.118252204158057
0.881747795841943
0
0.118285110765606
0.881714889234394
0
0.118313245158025
0.881686754841975
0
0.118335117422324
0.881664882577676
0
0.118350764370517
0.881649235629483
0
0.118361224745823
0.881638775254177
0
0.118369143999583
0.881630856000417
0
0.118210288855682
0.881789711144318
0
0.118226777473593
0.881773222526407
0
0.118252204158057
0.881747795841943
0
0.118280818257617
0.881719181742383
0
0.118309143348477
0.881690856651523
0
0.118334690956727
0.881665309043273
0
0.118356021051163
0.881643978948837
0
0.118372447138048
0.881627552861952
0
0.118384143181036
0.881615856818964
0
0.118393167881105
0.881606832118895
0
0.11825235775036
0.88174764224964
0
0.118265049349508
0.881734950650492
0
0.118285110765606
0.881714889234394
0
0.118309143348477
0.881690856651523
0
0.118334572642035
0.881665427357964
0
0.118359390767894
0.881640609232106
0
0.11838204932349
0.88161795067651
0
0.118401107441805
0.881598892558195
0
0.118415457647252
0.881584542352748
0
0.118426836952286
0.881573163047714
0
0.118287368213892
0.881712631786108
0
0.118296783263956
0.881703216736044
0
0.118313245158025
0.881686754841975
0
0.118334690956727
0.881665309043273
0
0.118359390767894
0.881640609232106
0
0.118385829701119
0.881614170298881
0
0.118412401711903
0.881587598288097
0
0.118436921857117
0.881563078142883
0
0.118456887736041
0.881543112263959
0
0.118472683454722
0.881527316545278
0
0.118312453969349
0.881687546030651
0
0.118320272280077
0.881679727719923
0
0.118335117422325
0.881664882577676
0
0.118356021051163
0.881643978948837
0
0.11838204932349
0.88161795067651
0
0.118412401711903
0.881587598288097
0
0.118445774411281
0.881554225588719
0
0.11847994685767
0.88152005314233
0
0.118511002222156
0.881488997777845
0
0.118535391609192
0.881464608390808
0
0.118328789714993
0.881671210285007
0
0.118336124956231
0.881663875043769
0
0.118350764370517
0.881649235629483
0
0.118372447138048
0.881627552861952
0
0.118401107441805
0.881598892558195
0
0.118436921857117
0.881563078142883
0
0.11847994685767
0.88152005314233
0
0.118528969789498
0.881471030210502
0
0.118579924762434
0.881420075237566
0
0.118623117825974
0.881376882174026
0
0.118338833193673
0.881661166806327
0
0.118346154175175
0.881653845824825
0
0.118361224745824
0.881638775254176
0
0.118384143181036
0.881615856818964
0
0.118415457647252
0.881584542352748
0
0.118456887736041
0.881543112263959
0
0.118511002222156
0.881488997777845
0
0.118579924762434
0.881420075237566
0
0.11866450132235
0.88133549867765
0
0.118751820433261
0.881248179566739
0
0.118345843669447
0.881654156330553
0
0.118353544341491
0.88164645565851
0
0.118369143999583
0.881630856000417
0
0.118393167881105
0.881606832118895
0
0.118426836952287
0.881573163047713
0
0.118472683454722
0.881527316545278
0
0.118535391609192
0.881464608390808
0
0.118623117825974
0.881376882174026
0
0.118751820433262
0.881248179566739
0
0.118993735936344
0.881006264063656
0
0.118075422300269
0.569619921232451
0.31230465646728
0.118133698488648
0.660899005820901
0.220967295690451
0.118175255311038
0.813512539752267
0.0683122049366941
0.118210207042874
0.881789792957126
0
0.118252146578626
0.881747853421374
0
0.118287151579371
0.881712848420629
0
0.118312243547569
0.881687756452431
0
0.118328598860449
0.881671401139551
0
0.118338663354961
0.881661336645039
0
0.118345623855088
0.881654376144912
0
0.118133698488648
0.660899005820902
0.22096729569045
0.118159838289396
0.793859905065686
0.0879802566449176
0.118188558960885
0.881811441039115
0
0.118226568123169
0.881773431876831
0
0.118264835495716
0.881735164504284
0
0.118296567134934
0.881703432865066
0
0.118320066220693
0.881679933779307
0
0.118335938637833
0.881664061362167
0
0.11834599165718
0.88165400834282
0
0.118353323736273
0.881646676263727
0
0.118175255311038
0.813512539752269
0.0683122049366927
0.118188558960886
0.881811441039114
0
0.11821760340767
0.88178239659233
0
0.118251991714934
0.881748008285066
0
0.118284895477075
0.881715104522925
0
0.118313031846745
0.881686968153255
0
0.118334917441579
0.881665082558421
0
0.118350582904287
0.881649417095713
0
0.118361065399665
0.881638934600335
0
0.118368925664974
0.881631074335026
0
0.118210207042874
0.881789792957126
0
0.118226568123169
0.881773431876831
0
0.118251991714934
0.881748008285066
0
0.118280604005798
0.881719395994202
0
0.118308928357123
0.881691071642877
0
0.118334483612379
0.881665516387621
0
0.118355827192785
0.881644172807215
0
0.118372271849685
0.881627728150315
0
0.118383991046185
0.881616008953815
0
0.118392954574452
0.881607045425548
0
0.118252146578626
0.881747853421374
0
0.118264835495716
0.881735164504284
0
0.118284895477075
0.881715104522925
0
0.118308928357123
0.881691071642877
0
0.118334362901777
0.881665637098223
0
0.118359191780429
0.881640808219571
0
0.118381863449386
0.881618136550614
0
0.118400938091094
0.881599061908906
0
0.118415324898963
0.881584675101037
0
0.118426631484686
0.881573368515314
0
0.118287151579371
0.881712848420629
0
0.118296567134934
0.881703432865066
0
0.118313031846745
0.881686968153255
0
0.118334483612379
0.881665516387621
0
0.118359191780429
0.881640808219571
0
0.118385640447069
0.881614359552931
0
0.118412221748348
0.881587778251652
0
0.118436759989376
0.881563240010624
0
0.118456776842547
0.881543223157453
0
0.118472489541998
0.881527510458002
0
0.118312243547569
0.881687756452431
0
0.118320066220693
0.881679933779307
0
0.118334917441579
0.881665082558421
0
0.118355827192785
0.881644172807215
0
0.118381863449386
0.881618136550614
0
0.118412221748348
0.881587778251652
0
0.118445604700916
0.881554395299084
0
0.11847979389138
0.88152020610862
0
0.11851090067821
0.88148909932179
0
0.118535206663098
0.881464793336902
0
0.118328598860449
0.881671401139551
0
0.118335938637833
0.881664061362167
0
0.118350582904287
0.881649417095713
0
0.118372271849685
0.881627728150315
0
0.118400938091094
0.881599061908906
0
0.118436759989376
0.881563240010624
0
0.11847979389138
0.88152020610862
0
0.11852883327431
0.88147116672569
0
0.118579834416738
0.881420165583262
0
0.118622929127023
0.881377070872977
0
0.118338663354961
0.881661336645039
0
0.11834599165718
0.88165400834282
0
0.118361065399665
0.881638934600335
0
0.118383991046185
0.881616008953815
0
0.118415324898963
0.881584675101037
0
0.118456776842547
0.881543223157453
0
0.11851090067821
0.88148909932179
0
0.118579834416738
0.881420165583262
0
0.118664409442212
0.881335590557788
0
0.118751999025468
0.881248000974532
0
0.118345623855088
0.881654376144912
0
0.118353323736273
0.881646676263727
0
0.118368925664974
0.881631074335026
0
0.118392954574452
0.881607045425548
0
0.118426631484686
0.881573368515314
0
0.118472489541998
0.881527510458002
0
0.118535206663098
0.881464793336902
0
0.118622929127023
0.881377070872977
0
0.118751999025468
0.881248000974532
0
0.119000348583057
0.880999651416942
0
