0.118065558461118
0.392731904280621
0.489202537258262
0.11812614811752
0.409458845636559
0.472415006245921
0.118169938591373
0.447364104795026
0.434465956613601
0.118208300346698
0.507857732121211
0.373933967532091
0.118249430791235
0.530141911180433
0.351608658028332
0.118283520683372
0.531287999034781
0.350428480281847
0.118307824023839
0.533089935509723
0.348602240466438
0.118323695430876
0.557093381786053
0.324582922783071
0.1183337025084
0.663709710884818
0.217956586606782
0.118341109234905
0.881658890765095
0
0.11812614811752
0.409458845636556
0.472415006245924
0.118153926647679
0.434124441202951
0.44772163214937
0.118186005658211
0.486041578253779
0.39577241608801
0.118224228390371
0.518670332193572
0.363105439416057
0.118261694507909
0.526943173911992
0.354795131580099
0.118292648029623
0.526817238917985
0.354890113052393
0.118315445118771
0.532271266414481
0.349413288466748
0.118330914615756
0.559583674282773
0.322085411101471
0.118340929366445
0.678232062789036
0.203427007844519
0.118348764302916
0.881651235697084
0
0.118169938591373
0.447364104795024
0.434465956613602
0.118186005658211
0.486041578253779
0.39577241608801
0.118215243946637
0.513601603335303
0.368183152718059
0.118248991100736
0.523330251408815
0.358420757490449
0.118281268270369
0.524685894262432
0.357032837467199
0.118308698578136
0.524733509519819
0.356957791902045
0.118330011430504
0.533163664350678
0.348506324218819
0.118345368037665
0.562508687789637
0.319145944172698
0.118355872836822
0.691961853950798
0.18968227321238
0.118364253572009
0.881635746427991
0
0.118208300346698
0.507857732121209
0.373933967532094
0.118224228390371
0.518670332193569
0.36310543941606
0.118248991100735
0.523330251408815
0.35842075749045
0.118277053139236
0.523959330653197
0.357763616207567
0.118304757008475
0.522788531227726
0.358906711763799
0.118329694202707
0.524630818385893
0.3570394874114
0.118350601300175
0.535215337328199
0.346434061371626
0.118366827682798
0.565020132575405
0.316613039741796
0.11837860637571
0.699030715666919
0.18259067795737
0.118388104795609
0.881611895204391
0
0.118249430791235
0.530141911180431
0.351608658028334
0.118261694507909
0.526943173911989
0.354795131580103
0.118281268270369
0.524685894262432
0.357032837467199
0.118304757008475
0.522788531227723
0.358906711763802
0.118329619681148
0.522704331843445
0.358966048475407
0.118353969158172
0.526774068694031
0.354871962147797
0.118376349446679
0.53805339825142
0.343570252301901
0.118395224528997
0.566322695493487
0.315282079977517
0.118409704443087
0.69340718131626
0.188183114240653
0.118421521352336
0.881578478647664
0
0.118283520683372
0.531287999034774
0.350428480281854
0.118292648029623
0.526817238917983
0.354890113052394
0.118308698578136
0.524733509519815
0.356957791902049
0.118329694202707
0.524630818385889
0.357039487411405
0.118353969158172
0.52677406869403
0.354871962147799
0.118380059600443
0.531810745178625
0.349809195220932
0.118406406921133
0.541882846891079
0.339710746187788
0.11843078939282
0.566246737127974
0.315322473479206
0.118450831705329
0.674213724738912
0.207335443555759
0.118466924068338
0.881533075931662
0
0.118307824023839
0.53308993550972
0.34860224046644
0.118315445118771
0.53227126641448
0.349413288466749
0.118330011430504
0.533163664350676
0.348506324218821
0.118350601300175
0.535215337328197
0.346434061371628
0.118376349446679
0.538053398251418
0.343570252301904
0.118406406921133
0.541882846891078
0.339710746187789
0.118439592895361
0.548587367242486
0.332973039862154
0.118473591611918
0.566423629432045
0.315102778956037
0.11850459699593
0.648996094209452
0.232499308794618
0.118528862400324
0.881471137599676
0
0.118323695430876
0.557093381786055
0.324582922783069
0.118330914615756
0.559583674282772
0.322085411101472
0.118345368037665
0.562508687789634
0.319145944172701
0.118366827682798
0.565020132575407
0.316613039741795
0.118395224528997
0.566322695493487
0.315282079977516
0.11843078939282
0.566246737127976
0.315322473479204
0.118473591611918
0.566423629432046
0.315102778956037
0.118522437025088
0.573993813969253
0.307483749005659
0.118573431736422
0.627499989342249
0.253926578921329
0.118616665594856
0.83418973435254
0.0471936000526047
0.1183337025084
0.663709710884818
0.217956586606782
0.118340929366445
0.678232062789038
0.203427007844517
0.118355872836822
0.6919618539508
0.189682273212378
0.11837860637571
0.699030715666921
0.182590677957368
0.118409704443087
0.693407181316263
0.18818311424065
0.118450831705329
0.674213724738915
0.207335443555756
0.11850459699593
0.648996094209455
0.232499308794616
0.118573431736422
0.62749998934225
0.253926578921328
0.118658277560654
0.639035811004927
0.242305911434419
0.118745931852347
0.756558651319563
0.124695416828091
0.118341109234905
0.881658890765095
0
0.118348764302915
0.881651235697085
0
0.118364253572009
0.881635746427991
0
0.118388104795609
0.881611895204391
0
0.118421521352336
0.881578478647664
0
0.118466924068338
0.881533075931662
0
0.118528862400324
0.881471137599676
0
0.118616665594855
0.834189734352541
0.0471936000526035
0.118745931852347
0.756558651319563
0.124695416828091
0.118986704780176
0.795275917295364
0.0857373779244606
0.118067593108895
0.448583993430951
0.433348413460153
0.118127858322466
0.503393503014701
0.378478638662833
0.118171517039918
0.74758617378833
0.134242309171751
0.118208828271039
0.881791171728961
0
0.11824975281449
0.88175024718551
0
0.118283803713705
0.881716196286295
0
0.118308132739495
0.881691867260505
0
0.118324057512501
0.881675942487499
0
0.118333933262883
0.881666066737117
0
0.1183410380063
0.8816589619937
0
0.118127858322466
0.503393503014705
0.378478638662829
0.118155580831282
0.66797360089085
0.213870818277868
0.118186840807944
0.881813159192056
0
0.118224580901935
0.881775419098065
0
0.118262021764833
0.881737978235167
0
0.118292939513389
0.881707060486611
0
0.118315779397905
0.881684220602095
0
0.118331289859484
0.881668710140516
0
0.11834115595018
0.88165884404982
0
0.118348678629354
0.881651321370646
0
0.118171517039918
0.74758617378834
0.134242309171742
0.118186840807944
0.881813159192056
0
0.118215607489815
0.881784392510185
0
0.11824935301134
0.88175064698866
0
0.118281576247853
0.881718423752147
0
0.118309004516204
0.881690995483796
0
0.118330367991138
0.881669632008862
0
0.11834575379524
0.88165424620476
0
0.118356087238766
0.881643912761234
0
0.11836416119453
0.88163583880547
0
0.118208828271039
0.881791171728961
0
0.118224580901935
0.881775419098065
0
0.11824935301134
0.88175064698866
0
0.118277372575599
0.881722627424401
0
0.118305053993382
0.881694946006618
0
0.118330024717094
0.881669975282906
0
0.118350976937805
0.881649023062196
0
0.118367223678668
0.881632776321332
0
0.118378817647807
0.881621182352193
0
0.118388013540155
0.881611986459846
0
0.11824975281449
0.88175024718551
0
0.118262021764833
0.881737978235167
0
0.118281576247854
0.881718423752146
0
0.118305053993382
0.881694946006618
0
0.118329939595541
0.881670060404459
0
0.118354330542793
0.881645669457207
0
0.118376739576749
0.881623260423251
0
0.118395631105776
0.881604368894224
0
0.11840993129016
0.88159006870984
0
0.118421442261263
0.881578557738738
0
0.118283803713705
0.881716196286294
0
0.118292939513389
0.881707060486611
0
0.118309004516204
0.881690995483796
0
0.118330024717094
0.881669975282906
0
0.118354330542793
0.881645669457207
0
0.118380446650953
0.881619553349047
0
0.118406808939924
0.881593191060076
0
0.11843120724471
0.88156879275529
0
0.118451095637832
0.881548904362168
0
0.11846687850469
0.88153312149531
0
0.118308132739495
0.881691867260505
0
0.118315779397905
0.881684220602095
0
0.118330367991138
0.881669632008862
0
0.118350976937804
0.881649023062196
0
0.118376739576749
0.881623260423251
0
0.118406808939924
0.881593191060076
0
0.118440005697152
0.881559994302848
0
0.118474025916743
0.881525974083257
0
0.11850490304157
0.88149509695843
0
0.118528903215286
0.881471096784714
0
0.118324057512501
0.881675942487499
0
0.118331289859484
0.881668710140516
0
0.11834575379524
0.88165424620476
0
0.118367223678668
0.881632776321332
0
0.118395631105777
0.881604368894223
0
0.11843120724471
0.88156879275529
0
0.118474025916743
0.881525974083257
0
0.118522906829831
0.881477093170169
0
0.118573800253857
0.881426199746143
0
0.118616803914472
0.881383196085528
0
0.118333933262883
0.881666066737117
0
0.11834115595018
0.88165884404982
0
0.118356087238767
0.881643912761234
0
0.118378817647807
0.881621182352194
0
0.11840993129016
0.88159006870984
0
0.118451095637832
0.881548904362168
0
0.11850490304157
0.88149509695843
0
0.118573800253857
0.881426199746143
0
0.118658597341476
0.881341402658524
0
0.11874628674281
0.88125371325719
0
0.1183410380063
0.8816589619937
0
0.118348678629354
0.881651321370646
0
0.11836416119453
0.88163583880547
0
0.118388013540155
0.881611986459846
0
0.118421442261263
0.881578557738737
0
0.11846687850469
0.88153312149531
0
0.118528903215286
0.881471096784714
0
0.118616803914472
0.881383196085528
0
0.11874628674281
0.88125371325719
0
0.118989917630676
0.881010082369324
0
0.118070889227785
0.571567720521977
0.310361390250238
0.118130202184119
0.662628387873308
0.219241409942573
0.118172563357989
0.812871646982702
0.0689557896593084
0.118208754646721
0.881791245353279
0
0.118249541605594
0.881750458394406
0
0.118283585558498
0.881716414441502
0
0.118307923483536
0.881692076516464
0
0.118323867324456
0.881676132675544
0
0.118333764152192
0.881666235847808
0
0.118340815392953
0.881659184607047
0
0.118130202184119
0.662628387873309
0.219241409942572
0.118156958584942
0.793000609196176
0.0888424322188817
0.118186848749879
0.881813151250121
0
0.11822437543256
0.881775624567441
0
0.118261805714352
0.881738194285648
0
0.118292723354375
0.881707276645625
0
0.118315574869667
0.881684425130333
0
0.118331103856751
0.881668896143249
0
0.118340994923911
0.881659005076089
0
0.118348454895214
0.881651545104786
0
0.118172563357989
0.812871646982703
0.0689557896593072
0.118186848749879
0.881813151250121
0
0.118215404009814
0.881784595990186
0
0.118249138717665
0.881750861282335
0
0.11828135967104
0.88171864032896
0
0.118308792343527
0.881691207656473
0
0.118330169331266
0.881669830668734
0
0.118345572473856
0.881654427526144
0
0.118355929131646
0.881644070868354
0
0.118363939501299
0.881636060498701
0
0.118208754646721
0.881791245353279
0
0.11822437543256
0.881775624567441
0
0.118249138717665
0.881750861282335
0
0.118277156691026
0.881722843308974
0
0.118304839292337
0.881695160707663
0
0.118329819021735
0.881670180978265
0
0.118350784542605
0.881649215457395
0
0.118367047939762
0.881632952060238
0
0.118378666800911
0.881621333199089
0
0.118387796548406
0.881612203451594
0
0.118249541605594
0.881750458394406
0
0.118261805714352
0.881738194285648
0
0.11828135967104
0.88171864032896
0
0.118304839292337
0.881695160707663
0
0.11832973151988
0.88167026848012
0
0.118354133214152
0.881645866785848
0
0.118376553439084
0.881623446560916
0
0.118395461975882
0.881604538024118
0
0.118409798179486
0.881590201820514
0
0.118421232422633
0.881578767577367
0
0.118283585558498
0.881716414441502
0
0.118292723354376
0.881707276645624
0
0.118308792343527
0.881691207656473
0
0.118329819021735
0.881670180978265
0
0.118354133214152
0.881645866785848
0
0.118380258739032
0.881619741260968
0
0.118406629899063
0.881593370100937
0
0.118431045031784
0.881568954968216
0
0.118450983371913
0.881549016628087
0
0.118466680691039
0.881533319308961
0
0.118307923483535
0.881692076516465
0
0.118315574869667
0.881684425130333
0
0.118330169331266
0.881669830668734
0
0.118350784542605
0.881649215457395
0
0.118376553439084
0.881623446560916
0
0.118406629899063
0.881593370100937
0
0.118439835398737
0.881560164601263
0
0.118473872218211
0.881526127781789
0
0.118504800604623
0.881495199395377
0
0.118528728822787
0.881471271177213
0
0.118323867324456
0.881676132675544
0
0.118331103856751
0.881668896143249
0
0.118345572473856
0.881654427526144
0
0.118367047939762
0.881632952060238
0
0.118395461975882
0.881604538024118
0
0.118431045031784
0.881568954968216
0
0.118473872218211
0.881526127781789
0
0.118522770599647
0.881477229400353
0
0.118573709507938
0.881426290492062
0
0.118616621714151
0.881383378285849
0
0.118333764152192
0.881666235847808
0
0.118340994923911
0.881659005076089
0
0.118355929131646
0.881644070868354
0
0.118378666800911
0.881621333199089
0
0.118409798179486
0.881590201820514
0
0.118450983371913
0.881549016628087
0
0.118504800604623
0.881495199395377
0
0.118573709507938
0.881426290492062
0
0.118658507390662
0.881341492609338
0
0.118746469040489
0.881253530959511
0
0.118340815392953
0.881659184607047
0
0.118348454895214
0.881651545104786
0
0.118363939501299
0.881636060498701
0
0.118387796548406
0.881612203451594
0
0.118421232422633
0.881578767577367
0
0.118466680691039
0.881533319308961
0
0.118528728822787
0.881471271177213
0
0.118616621714151
0.881383378285849
0
0.118746469040489
0.881253530959511
0
0.118996459624449
0.881003540375551
0
