0.118060972552654
0.392697700090963
0.489241327356384
0.118121511136569
0.409346700709891
0.47253178815354
0.118165255685514
0.446914321900629
0.434920422413857
0.11820351753231
0.507253462459033
0.374543020008656
0.118244529692483
0.529902428564181
0.351853041743337
0.118278586011149
0.531322157471395
0.350399256517456
0.11830290749824
0.533065960745305
0.348631131756456
0.118318789137287
0.556749265215118
0.324931945647594
0.118328777894282
0.662329891142111
0.219341330963608
0.11833613294387
0.88166386705613
0
0.118121511136569
0.409346700709888
0.472531788153543
0.118149261045778
0.433795996641247
0.448054742312975
0.118181271308052
0.485492853467432
0.396325875224516
0.118219388042866
0.518332440481486
0.363448171475648
0.118256779479667
0.526850414465686
0.354892806054647
0.118287719451909
0.526865893887496
0.354846386660595
0.118310532210716
0.532179485183086
0.349509982606198
0.118326005028322
0.559171508096476
0.322502486875201
0.118335996853031
0.676502797184505
0.205161205962464
0.118343774646989
0.88165622535301
0
0.118165255685514
0.446914321900628
0.434920422413858
0.118181271308052
0.485492853467431
0.396325875224517
0.118210424844046
0.513241277865418
0.368548297290536
0.118244099927669
0.523153005698922
0.358602894373409
0.118276341483619
0.524698742114
0.357024916402381
0.118303775231651
0.524759913500478
0.35693631126787
0.118325097230393
0.533002126685801
0.348672776083806
0.118340443766824
0.562031680589291
0.319627875643885
0.118350892198409
0.689878456147869
0.191770651653722
0.1183592460642
0.8816407539358
0
0.11820351753231
0.507253462459032
0.374543020008658
0.118219388042866
0.518332440481483
0.363448171475651
0.118244099927669
0.523153005698921
0.35860289437341
0.118272129769151
0.523944433450927
0.357783436779922
0.118299828401777
0.522845281432785
0.358854890165438
0.118324773654132
0.524592883053829
0.357082343292039
0.118345680107744
0.534983647454505
0.34667067243775
0.11836188899136
0.564482991457545
0.317155119551095
0.118373609917516
0.696693832782186
0.184932557300298
0.118383065766824
0.881616934233176
0
0.118244529692483
0.529902428564178
0.351853041743339
0.118256779479667
0.526850414465683
0.354892806054651
0.118276341483619
0.524698742114
0.357024916402381
0.118299828401777
0.522845281432782
0.358854890165441
0.11832469556349
0.522703264493725
0.358972039942785
0.118349043530156
0.526641855158824
0.35500910131102
0.118371409514084
0.537755202183051
0.343873388302865
0.118390258518849
0.565735656718029
0.315874084763123
0.118404671556994
0.691011936635435
0.190583391807572
0.118416419153084
0.881583580846916
0
0.118278586011149
0.531322157471388
0.350399256517463
0.118287719451909
0.526865893887494
0.354846386660597
0.118303775231652
0.524759913500474
0.356936311267874
0.118324773654132
0.524592883053825
0.357082343292043
0.118349043530156
0.526641855158822
0.355009101311022
0.118375115471409
0.531572532987753
0.350052351540838
0.118401430257109
0.541520103693958
0.340078466048933
0.118425776438468
0.565623459442899
0.315950764118632
0.118445779236338
0.672076133311611
0.209478087452051
0.118461691553513
0.881538308446487
0
0.11830290749824
0.533065960745302
0.348631131756458
0.118310532210716
0.532179485183085
0.349509982606199
0.118325097230393
0.533002126685799
0.348672776083808
0.118345680107744
0.534983647454503
0.346670672437753
0.118371409514084
0.537755202183049
0.343873388302867
0.118401430257109
0.541520103693957
0.340078466048934
0.118434552994531
0.548141159691459
0.33342428731401
0.118468470898943
0.565757382392412
0.315774146708644
0.118499330901566
0.647134419826304
0.23436624927213
0.11852339907366
0.88147660092634
0
0.118318789137287
0.55674926521512
0.324931945647593
0.118326005028322
0.559171508096475
0.322502486875202
0.118340443766824
0.56203168058929
0.319627875643886
0.11836188899136
0.564482991457546
0.317155119551094
0.118390258518849
0.565735656718029
0.315874084763122
0.118425776438469
0.565623459442901
0.31595076411863
0.118468470898943
0.565757382392412
0.315774146708645
0.118517195414307
0.573148618831119
0.308334185754574
0.118567994303729
0.625771562988741
0.25566044270753
0.118610807408629
0.826827111682813
0.054562080908558
0.118328777894282
0.662329891142111
0.219341330963608
0.118335996853031
0.676502797184506
0.205161205962463
0.118350892198408
0.689878456147871
0.19177065165372
0.118373609917516
0.696693832782188
0.184932557300296
0.118404671556994
0.691011936635437
0.190583391807569
0.118445779236337
0.672076133311614
0.209478087452049
0.118499330901566
0.647134419826306
0.234366249272128
0.118567994303729
0.625771562988742
0.255660442707529
0.118652618785127
0.63677370884146
0.244573672373413
0.118740197095321
0.749876786071994
0.131383016832684
0.11833613294387
0.88166386705613
0
0.118343774646989
0.881656225353011
0
0.1183592460642
0.8816407539358
0
0.118383065766824
0.881616934233176
0
0.118416419153084
0.881583580846916
0
0.118461691553513
0.881538308446487
0
0.11852339907366
0.88147660092634
0
0.118610807408629
0.826827111682814
0.0545620809085567
0.118740197095321
0.749876786071995
0.131383016832684
0.118979911264169
0.772622147859291
0.10839794087654
0.118063005123249
0.448434806170074
0.433502188706676
0.118123219163667
0.503033786144471
0.378842994691862
0.118166837621301
0.744901405728618
0.136931756650082
0.118204050699037
0.881795949300963
0
0.118244853981491
0.881755146018509
0
0.118278871416908
0.881721128583092
0
0.118303215807999
0.881696784192001
0
0.118319150346437
0.881680849653563
0
0.118329009725944
0.881670990274055
0
0.11833606270933
0.88166393729067
0
0.118123219163667
0.503033786144475
0.378842994691858
0.118150915113213
0.665540991099304
0.216308093787483
0.118182112344986
0.881817887655014
0
0.118219740828716
0.881780259171284
0
0.118257109275845
0.881742890724155
0
0.118288012150287
0.881711987849713
0
0.11831086551027
0.88168913448973
0
0.11832637930316
0.88167362069684
0
0.118336224378153
0.881663775621847
0
0.118343689869489
0.881656310130511
0
0.118166837621301
0.744901405728627
0.136931756650072
0.118182112344986
0.881817887655014
0
0.118210787603464
0.881789212396536
0
0.118244463841727
0.881755536158273
0
0.118276651760202
0.881723348239798
0
0.118304081072454
0.881695918927546
0
0.118325452479951
0.881674547520049
0
0.118340828470293
0.881659171529707
0
0.118351109275052
0.881648890724948
0
0.11835915430815
0.88164084569185
0
0.118204050699037
0.881795949300963
0
0.118219740828716
0.881780259171284
0
0.118244463841727
0.881755536158273
0
0.118272451782471
0.881727548217529
0
0.118300126170931
0.881699873829069
0
0.118325102930184
0.881674897069816
0
0.118346054313514
0.881653945686486
0
0.118362283720469
0.881637716279531
0
0.118373823370501
0.881626176629499
0
0.118382975154473
0.881617024845527
0
0.118244853981491
0.881755146018509
0
0.118257109275845
0.881742890724155
0
0.118276651760202
0.881723348239798
0
0.118300126170931
0.881699873829069
0
0.118325014407119
0.881674985592881
0
0.118349403165157
0.881650596834843
0
0.118371798193584
0.881628201806416
0
0.118390663555325
0.881609336444675
0
0.118404901246439
0.881595098753561
0
0.118416340957739
0.881583659042261
0
0.118278871416908
0.881721128583092
0
0.118288012150287
0.881711987849713
0
0.118304081072454
0.881695918927546
0
0.118325102930184
0.881674897069816
0
0.118349403165157
0.881650596834843
0
0.118375500836928
0.881624499163072
0
0.118401830749305
0.881598169250695
0
0.118426192161074
0.881573807838926
0
0.118446042424895
0.881553957575105
0
0.118461648176923
0.881538351823077
0
0.118303215807999
0.881696784192001
0
0.11831086551027
0.88168913448973
0
0.118325452479951
0.881674547520049
0
0.118346054313514
0.881653945686486
0
0.118371798193584
0.881628201806416
0
0.118401830749305
0.881598169250695
0
0.11843496391756
0.88156503608244
0
0.118468902215953
0.881531097784047
0
0.118499640173765
0.881500359826235
0
0.118523444998532
0.881476555001468
0
0.118319150346437
0.881680849653563
0
0.11832637930316
0.88167362069684
0
0.118340828470293
0.881659171529707
0
0.11836228372047
0.88163771627953
0
0.118390663555325
0.881609336444675
0
0.118426192161074
0.881573807838926
0
0.118468902215953
0.881531097784047
0
0.118517659379598
0.881482340620402
0
0.118568361418548
0.881431638581452
0
0.118610949896727
0.881389050103273
0
0.118329009725944
0.881670990274056
0
0.118336224378153
0.881663775621847
0
0.118351109275052
0.881648890724948
0
0.118373823370501
0.881626176629499
0
0.11840490124644
0.88159509875356
0
0.118446042424895
0.881553957575105
0
0.118499640173765
0.881500359826235
0
0.118568361418548
0.881431638581452
0
0.118652944982339
0.881347055017661
0
0.118740554929043
0.881259445070957
0
0.11833606270933
0.88166393729067
0
0.118343689869489
0.881656310130511
0
0.11835915430815
0.88164084569185
0
0.118382975154473
0.881617024845527
0
0.118416340957739
0.881583659042261
0
0.118461648176923
0.881538351823077
0
0.118523444998532
0.881476555001468
0
0.118610949896728
0.881389050103272
0
0.118740554929043
0.881259445070957
0
0.11898336385417
0.88101663614583
0
0.118066297685297
0.571344009394075
0.310589692920627
0.118125561902277
0.662191683233703
0.21968275486402
0.118167890723608
0.812228920007932
0.0696031892684607
0.118203978591311
0.881796021408689
0
0.118244642557366
0.881755357442634
0
0.11827865293893
0.881721347061071
0
0.118303005797631
0.881696994202369
0
0.11831895920466
0.88168104079534
0
0.118328839585381
0.881671160414619
0
0.118335839702924
0.881664160297075
0
0.118125561902277
0.662191683233705
0.219682754864019
0.11815230334808
0.792267389643907
0.089580307008013
0.118182123197946
0.881817876802054
0
0.118219534976089
0.881780465023911
0
0.118256892910056
0.881743107089944
0
0.118287795482982
0.881712204517018
0
0.118310660130362
0.881689339869638
0
0.118326192294492
0.881673807705508
0
0.118336062056216
0.881663937943784
0
0.118343465866661
0.881656534133339
0
0.118167890723608
0.812228920007933
0.0696031892684595
0.118182123197946
0.881817876802054
0
0.118210583676479
0.881789416323521
0
0.118244249134116
0.881755750865884
0
0.118276434822285
0.881723565177715
0
0.118303868205784
0.881696131794216
0
0.11832525289791
0.88167474710209
0
0.118340646091141
0.881659353908859
0
0.118350951046244
0.881649048953756
0
0.118358931993093
0.881641068006907
0
0.118203978591311
0.881796021408689
0
0.118219534976089
0.881780465023911
0
0.118244249134116
0.881755750865884
0
0.118272235570418
0.881727764429582
0
0.118299910898904
0.881700089101096
0
0.118324896377094
0.881675103622906
0
0.118345860949908
0.881654139050092
0
0.118362106845661
0.881637893154339
0
0.118373671819554
0.881626328180446
0
0.118382757484619
0.881617242515381
0
0.118244642557366
0.881755357442634
0
0.118256892910056
0.881743107089944
0
0.118276434822285
0.881723565177715
0
0.118299910898904
0.881700089101096
0
0.118324805507886
0.881675194492114
0
0.118349204881559
0.881650795118442
0
0.118371611054402
0.881628388945598
0
0.118390493206964
0.881609506793036
0
0.118404767504169
0.881595232495831
0
0.118416130333148
0.881583869666852
0
0.11827865293893
0.88172134706107
0
0.118287795482983
0.881712204517017
0
0.118303868205784
0.881696131794216
0
0.118324896377094
0.881675103622906
0
0.118349204881559
0.881650795118442
0
0.118375311930519
0.881624688069481
0
0.118401650663288
0.881598349336712
0
0.118426028591367
0.881573971408633
0
0.11844592646633
0.88155407353367
0
0.118461450179214
0.881538549820786
0
0.118303005797631
0.881696994202369
0
0.118310660130362
0.881689339869638
0
0.11832525289791
0.88167474710209
0
0.118345860949908
0.881654139050092
0
0.118371611054402
0.881628388945598
0
0.118401650663288
0.881598349336712
0
0.118434792465234
0.881565207534766
0
0.118468746974283
0.881531253025717
0
0.118499536621066
0.881500463378934
0
0.118523269998553
0.881476730001447
0
0.11831895920466
0.88168104079534
0
0.118326192294492
0.881673807705508
0
0.118340646091141
0.881659353908859
0
0.118362106845661
0.881637893154339
0
0.118390493206964
0.881609506793036
0
0.118426028591367
0.881573971408633
0
0.118468746974283
0.881531253025717
0
0.118517520847455
0.881482479152545
0
0.118568267194428
0.881431732805572
0
0.118610775663197
0.881389224336803
0
0.118328839585381
0.881671160414619
0
0.118336062056216
0.881663937943784
0
0.118350951046244
0.881649048953756
0
0.118373671819554
0.881626328180446
0
0.118404767504169
0.881595232495831
0
0.11844592646633
0.88155407353367
0
0.118499536621066
0.881500463378934
0
0.118568267194428
0.881431732805572
0
0.118652855114308
0.881347144885692
0
0.118740725556809
0.881259274443191
0
0.118335839702925
0.881664160297076
0
0.118343465866661
0.881656534133339
0
0.118358931993093
0.881641068006907
0
0.118382757484619
0.881617242515381
0
0.118416130333148
0.881583869666852
0
0.118461450179214
0.881538549820786
0
0.118523269998554
0.881476730001447
0
0.118610775663197
0.881389224336803
0
0.118740725556809
0.881259274443191
0
0.118989833748854
0.881010166251146
0
