0.11805186556937
0.392629982534752
0.489318151895878
0.118112302319339
0.409126832005165
0.472760865675496
0.118155957584975
0.446028834870589
0.435815207544435
0.118194026791422
0.506053621391698
0.37575235181688
0.11823480793664
0.529398984213464
0.352366207849896
0.118268793410602
0.531360949262961
0.350370257326437
0.118293147009063
0.533021173766502
0.348685679224435
0.118309048455667
0.556082135386956
0.325608816157377
0.118319001315196
0.659647666654138
0.222033332030667
0.118326260448257
0.881673739551743
0
0.118112302319339
0.409126832005162
0.472760865675499
0.118139995652696
0.433154258139398
0.448705746207906
0.118171873613759
0.484426120269781
0.39740200611646
0.118209786268882
0.51765546004793
0.364134753683188
0.118247030276687
0.526637199890523
0.35511576983279
0.118277939335492
0.526947277733974
0.354774782930534
0.118300781354463
0.532007208155525
0.349692010490012
0.118316260839203
0.558372284571208
0.323311454589588
0.118326207374874
0.67316631021351
0.208507482411616
0.118333879406249
0.881666120593751
0
0.118155957584975
0.446028834870588
0.435815207544436
0.118171873613759
0.48442612026978
0.39740200611646
0.11820086458406
0.512528592293236
0.369270543122704
0.118234399701183
0.522779401467707
0.358986198831109
0.118266569342523
0.524698336634488
0.357035094022989
0.118294008245773
0.524810765744945
0.356895226009282
0.118315349674936
0.532696068779687
0.348988581545377
0.118330678054612
0.56110666362471
0.320562658320678
0.118341018050789
0.685836131140455
0.195822850808756
0.118349324098202
0.881650675901798
0
0.118194026791422
0.506053621391697
0.375752351816881
0.118209786268882
0.517655460047928
0.364134753683191
0.118234399701183
0.522779401467706
0.35898619883111
0.118262366094847
0.523886576298447
0.357851057606706
0.118290054404272
0.522947184358755
0.358762761236973
0.11831501875034
0.524527789839568
0.357157191410092
0.118335928999915
0.534540748816064
0.347123322184022
0.118352107259519
0.56344238796068
0.318205504779801
0.118363718630473
0.692189837897396
0.189446443472132
0.118373099206312
0.881626900793688
0
0.11823480793664
0.529398984213461
0.352366207849898
0.118247030276687
0.526637199890519
0.355115769832793
0.118266569342524
0.524698336634488
0.357035094022989
0.118290054404272
0.522947184358752
0.358762761236976
0.118314935785641
0.522708787304735
0.358976276909624
0.118339289731533
0.526395855500706
0.355264854767762
0.118361637439725
0.537180990692967
0.344457371867308
0.118380443073984
0.564599457983143
0.317020098942872
0.118394732513552
0.686401143575383
0.195204123911065
0.118406359076747
0.881593640923254
0
0.118268793410602
0.531360949262954
0.350370257326444
0.118277939335492
0.526947277733972
0.354774782930537
0.118294008245773
0.524810765744941
0.356895226009286
0.11831501875034
0.524527789839563
0.357157191410096
0.118339289731533
0.526395855500704
0.355264854767763
0.11836534038958
0.531117174678553
0.350517484931867
0.11839160842403
0.540818057879454
0.340790333696515
0.118415898588224
0.564420260978013
0.317163840433763
0.118435834050125
0.668031894863212
0.213532271086663
0.11845142423151
0.88154857576849
0
0.118293147009062
0.5330211737665
0.348685679224438
0.118300781354463
0.532007208155524
0.349692010490013
0.118315349674936
0.532696068779686
0.348988581545378
0.118335928999915
0.534540748816061
0.347123322184025
0.118361637439725
0.537180990692964
0.344457371867311
0.11839160842403
0.540818057879453
0.340790333696516
0.118424636227134
0.547276426073976
0.33429893769889
0.118458427674886
0.564475658712975
0.31706591361214
0.118489037271462
0.643559493522561
0.237951469205978
0.118512732286896
0.881487267713104
0
0.118309048455667
0.556082135386957
0.325608816157376
0.118316260839203
0.558372284571207
0.32331145458959
0.118330678054613
0.561106663624709
0.320562658320679
0.118352107259519
0.563442387960681
0.3182055047798
0.118380443073984
0.564599457983144
0.317020098942872
0.118415898588224
0.564420260978014
0.317163840433762
0.118458427674886
0.564475658712974
0.31706591361214
0.118506971135106
0.571549164273546
0.309943864591348
0.1185574582125
0.622522705044872
0.258919836742627
0.118599338117005
0.813532575919783
0.0678680859632123
0.118319001315196
0.659647666654138
0.222033332030666
0.118326207374874
0.673166310213512
0.208507482411614
0.118341018050789
0.685836131140458
0.195822850808754
0.118363718630473
0.692189837897397
0.18944644347213
0.118394732513552
0.686401143575385
0.195204123911063
0.118435834050125
0.668031894863214
0.213532271086661
0.118489037271462
0.643559493522562
0.237951469205976
0.118557458212501
0.622522705044873
0.258919836742627
0.118641975183893
0.63251795160704
0.248840073209068
0.118729685060931
0.739037445482302
0.142232869456767
0.118326260448257
0.881673739551743
0
0.118333879406249
0.881666120593751
0
0.118349324098202
0.881650675901798
0
0.118373099206312
0.881626900793688
0
0.118406359076747
0.881593640923254
0
0.11845142423151
0.88154857576849
0
0.118512732286896
0.881487267713104
0
0.118599338117005
0.813532575919784
0.067868085963211
0.118729685060931
0.739037445482302
0.142232869456767
0.118968060334922
0.738291221118222
0.142740718546856
0.118053893995999
0.448139275422747
0.433806830581254
0.118114005989902
0.502333657722433
0.379552336287665
0.118157544855054
0.739601532476848
0.142240922668098
0.118194570918244
0.881805429081757
0
0.118235136204552
0.881764863795448
0
0.118269083313682
0.881730916686318
0
0.118293454502541
0.881706545497459
0
0.118309407807752
0.881690592192248
0
0.118319235308603
0.881680764691397
0
0.118326192204544
0.881673807795456
0
0.118114005989902
0.502333657722438
0.379552336287661
0.118141648954306
0.660808725637912
0.221049625407783
0.118172728626101
0.881827271373899
0
0.118210139208489
0.881789860791511
0
0.118247364643569
0.881752635356431
0
0.118278234358016
0.881721765641984
0
0.118301112610463
0.881698887389537
0
0.118316633038926
0.881683366961074
0
0.118326436810658
0.881673563189342
0
0.118333796425891
0.881666203574109
0
0.118157544855054
0.739601532476858
0.142240922668088
0.118172728626101
0.881827271373899
0
0.118201225506708
0.881798774493292
0
0.118234767015295
0.881765232984705
0
0.118266883895052
0.881733116104948
0
0.118294313830932
0.881705686169068
0
0.118315702094496
0.881684297905504
0
0.118331060488994
0.881668939511006
0
0.118341240609229
0.881658759390771
0
0.118349233608501
0.881650766391499
0
0.118194570918244
0.881805429081757
0
0.118210139208489
0.881789860791511
0
0.118234767015295
0.881765232984705
0
0.118262692845235
0.881737307154765
0
0.118290353636532
0.881709646363468
0
0.118315345386947
0.881684654613053
0
0.118336300024675
0.881663699975325
0
0.118352499299204
0.881647500700796
0
0.118363936554354
0.881636063445646
0
0.118373009906187
0.881626990093813
0
0.118235136204552
0.881764863795448
0
0.118247364643569
0.881752635356431
0
0.118266883895052
0.881733116104948
0
0.118290353636532
0.881709646363468
0
0.118315252353319
0.881684747646681
0
0.118339645545291
0.881660354454709
0
0.118362022870392
0.881637977129608
0
0.118380844938706
0.881619155061294
0
0.118394968074885
0.881605031925115
0
0.118406282703131
0.881593717296869
0
0.118269083313683
0.881730916686318
0
0.118278234358016
0.881721765641984
0
0.118294313830932
0.881705686169068
0
0.118315345386947
0.881684654613053
0
0.118339645545291
0.881660354454709
0
0.118365722012615
0.881634277987385
0
0.118392005622615
0.881607994377385
0
0.118416310164566
0.881583689835434
0
0.118436095961634
0.881563904038366
0
0.118451385178182
0.881548614821818
0
0.118293454502541
0.881706545497459
0
0.118301112610463
0.881698887389537
0
0.118315702094496
0.881684297905504
0
0.118336300024675
0.881663699975325
0
0.118362022870392
0.881637977129608
0
0.118392005622615
0.881607994377385
0
0.118425043450479
0.881574956549521
0
0.11845885360544
0.88154114639456
0
0.11848935312669
0.88151064687331
0
0.118512788307742
0.881487211692258
0
0.118309407807752
0.881690592192248
0
0.118316633038926
0.881683366961074
0
0.118331060488994
0.881668939511006
0
0.118352499299204
0.881647500700796
0
0.118380844938706
0.881619155061294
0
0.118416310164566
0.881583689835434
0
0.11845885360544
0.88154114639456
0
0.118507425366714
0.881492574633286
0
0.118557823890436
0.881442176109564
0
0.118599492698914
0.881400507301086
0
0.118319235308603
0.881680764691397
0
0.118326436810658
0.881673563189342
0
0.118341240609229
0.881658759390771
0
0.118363936554354
0.881636063445646
0
0.118394968074885
0.881605031925115
0
0.118436095961634
0.881563904038366
0
0.11848935312669
0.88151064687331
0
0.118557823890436
0.881442176109564
0
0.118642316336735
0.881357683663265
0
0.118730044464943
0.881269955535057
0
0.118326192204544
0.881673807795456
0
0.118333796425891
0.881666203574109
0
0.118349233608501
0.881650766391499
0
0.118373009906187
0.881626990093813
0
0.118406282703131
0.881593717296869
0
0.118451385178182
0.881548614821818
0
0.118512788307742
0.881487211692258
0
0.118599492698914
0.881400507301086
0
0.118730044464943
0.881269955535057
0
0.118971815557024
0.881028184442976
0
0.118057179512242
0.570894262654009
0.311048557833749
0.118116346344636
0.661324508785014
0.220559144870349
0.118158611750541
0.810975838932889
0.0708655493165703
0.118194501932133
0.881805498067867
0
0.118234924292448
0.881765075707552
0
0.118268864177482
0.881731135822518
0
0.118293243009702
0.881706756990298
0
0.118309214772867
0.881690785227133
0
0.118319063163571
0.881680936836428
0
0.118325968336169
0.881674031663831
0
0.118116346344637
0.661324508785015
0.220559144870348
0.11814305842616
0.790788751910538
0.0910681896633017
0.118172745478582
0.881827254521419
0
0.118209932578114
0.881790067421886
0
0.118247147594712
0.881752852405288
0
0.118278016686351
0.881721983313649
0
0.118300905546462
0.881699094453538
0
0.118316444033395
0.881683555966605
0
0.118326272007371
0.881673727992629
0
0.118333571799009
0.881666428200991
0
0.118158611750541
0.81097583893289
0.0708655493165692
0.118172745478582
0.881827254521419
0
0.118201020702644
0.881798979297356
0
0.118234551416659
0.881765448583341
0
0.118266666217093
0.881733333782907
0
0.118294099599524
0.881705900400476
0
0.118315500677183
0.881684499322817
0
0.118330876013684
0.881669123986316
0
0.118341082124734
0.881658917875266
0
0.118349010011828
0.881650989988172
0
0.118194501932133
0.881805498067867
0
0.118209932578114
0.881790067421886
0
0.118234551416659
0.881765448583341
0
0.118262475946815
0.881737524053186
0
0.11829013724142
0.88170986275858
0
0.118315137135423
0.881684862864577
0
0.118336104725003
0.881663895274997
0
0.118352320183441
0.881647679816559
0
0.11836378366168
0.88163621633832
0
0.11837279083774
0.88162720916226
0
0.118234924292448
0.881765075707552
0
0.118247147594712
0.881752852405288
0
0.118266666217093
0.881733333782907
0
0.118290137241419
0.881709862758581
0
0.118315041828012
0.881684958171988
0
0.118339445355572
0.881660554644428
0
0.118361833729798
0.881638166270202
0
0.118380672206081
0.881619327793919
0
0.118394833148744
0.881605166851256
0
0.118406070441516
0.881593929558484
0
0.118268864177482
0.881731135822518
0
0.118278016686351
0.881721983313649
0
0.118294099599524
0.881705900400476
0
0.118315137135423
0.881684862864577
0
0.118339445355572
0.881660554644428
0
0.118365531117755
0.881634468882245
0
0.118391823465852
0.881608176534148
0
0.118416143980829
0.881583856019171
0
0.118435973215234
0.881564026784766
0
0.118451186445662
0.881548813554338
0
0.118293243009702
0.881706756990298
0
0.118300905546462
0.881699094453538
0
0.118315500677183
0.881684499322817
0
0.118336104725003
0.881663895274997
0
0.118361833729798
0.881638166270202
0
0.118391823465852
0.881608176534148
0
0.118424869758516
0.881575130241484
0
0.11845869546684
0.88154130453316
0
0.118489247438065
0.881510752561935
0
0.118512611159032
0.881487388840968
0
0.118309214772867
0.881690785227133
0
0.118316444033395
0.881683555966605
0
0.118330876013684
0.881669123986316
0
0.118352320183441
0.881647679816559
0
0.118380672206081
0.881619327793919
0
0.11841614398083
0.88158385601917
0
0.11845869546684
0.88154130453316
0
0.11850728273183
0.881492717268171
0
0.118557723679491
0.881442276320509
0
0.118599341732028
0.881400658267972
0
0.118319063163571
0.881680936836429
0
0.118326272007371
0.881673727992629
0
0.118341082124734
0.881658917875266
0
0.118363783661681
0.881636216338319
0
0.118394833148744
0.881605166851256
0
0.118435973215234
0.881564026784766
0
0.118489247438065
0.881510752561935
0
0.118557723679491
0.881442276320509
0
0.118642227077624
0.881357772922376
0
0.118730189977574
0.881269810022426
0
0.118325968336169
0.881674031663831
0
0.118333571799009
0.881666428200991
0
0.118349010011828
0.881650989988172
0
0.11837279083774
0.88162720916226
0
0.118406070441516
0.881593929558484
0
0.118451186445662
0.881548813554338
0
0.118512611159033
0.881487388840967
0
0.118599341732028
0.881400658267972
0
0.118730189977574
0.881269810022426
0
0.118978033321424
0.881021966678576
0
