24525558.6793653
24435516.8320808
24398912.0340056
24381990.0274827
24373162.0060327
24368171.1818145
24365269.9380995
24363667.7290763
24362960.1699282
24435516.8320808
24408976.5490298
24389956.3132818
24378298.6682629
24371191.2861258
24366773.982403
24364072.1584787
24362571.626814
24361920.8730148
24398912.0340056
24389956.3132818
24380653.6931512
24373334.3488406
24367962.3392413
24364137.990979
24361634.2016402
24360305.241541
24359783.9331419
24381990.0274827
24378298.6682629
24373334.3488406
24368430.3917523
24364024.0019553
24360338.619973
24357778.8870592
24356719.8017145
24356478.1451027
24373162.0060327
24371191.2861258
24367962.3392413
24364024.0019553
24359675.0081252
24355344.2547892
24352155.7377188
24351690.9668775
24352080.4610974
24368171.1818145
24366773.982403
24364137.990979
24360338.619973
24355344.2547892
24349439.8016869
24344580.8594768
24345581.2165344
24347204.2439969
24365269.9380995
24364072.1584787
24361634.2016402
24357778.8870592
24352155.7377188
24344580.8594768
24337144.8654919
24340557.9465953
24343572.5925462
24363667.7290763
24362571.626814
24360305.241541
24356719.8017145
24351690.9668775
24345581.2165344
24340557.9465953
24341602.2505981
24343324.2217859
24362960.1699282
24361920.8730148
24359783.9331419
24356478.1451027
24352080.4610974
24347204.2439969
24343572.5925462
24343324.2217859
24344077.3723249
24531281.8802888
24461942.9344318
24429119.4250271
24413270.0187539
24404831.4184594
24400000.923338
24397171.7693743
24395603.88558
24394910.7009131
24461942.9344318
24438438.780045
24420809.3750025
24409756.2010154
24402917.2514791
24398622.4479495
24395979.6701086
24394510.8530092
24393874.8437134
24429119.4250271
24420809.3750025
24412004.1734075
24404974.8278989
24399753.6090447
24396001.5285874
24393534.3471783
24392237.9941341
24391736.6004905
24413270.0187539
24409756.2010154
24404974.8278989
24400195.7913076
24395849.4986456
24392169.5885917
24389598.3505176
24388598.7995555
24388403.7980053
24404831.4184594
24402917.2514791
24399753.6090447
24395849.4986456
24391466.5811234
24386993.2948559
24383607.8731082
24383364.5364206
24383911.6983601
24400000.923338
24398622.4479495
24396001.5285874
24392169.5885917
24386993.2948559
24380524.8934188
24374670.0489375
24376668.3165707
24378812.4919796
24397171.7693743
24395979.6701086
24393534.3471783
24389598.3505176
24383607.8731082
24374670.0489375
24363583.2803752
24370633.8025059
24374925.8185157
24395603.88558
24394510.8530092
24392237.9941341
24388598.7995555
24383364.5364206
24376668.3165707
24370633.8025059
24372682.3074088
24374925.4260416
24394910.7009131
24393874.8437134
24391736.6004905
24388403.7980053
24383911.6983601
24378812.4919796
24374925.8185157
24374925.4260416
24375877.8536405
24522687.2051097
24489492.6346316
24468468.784678
24456369.0434881
24449229.4265046
24444873.1999143
24442226.0906729
24440734.3162119
24440071.2497408
24489492.6346316
24475153.0557481
24462413.1055315
24453458.7331606
24447472.0897276
24443511.0763758
24441001.8308841
24439602.3591558
24439000.8317449
24468468.784678
24462413.1055315
24455344.1928495
24449251.7223297
24444444.3413925
24440830.9526424
24438407.0525649
24437192.1158514
24436754.2839951
24456369.0434881
24453458.7331606
24449251.7223297
24444793.6869224
24440504.0808757
24436673.2740805
24433930.0068433
24433143.8422072
24433143.3876899
24449229.4265046
24447472.0897276
24444444.3413925
24440504.0808757
24435763.938832
24430454.7780487
24426017.1205259
24426757.8097981
24428026.5633704
24444873.1999143
24443511.0763758
24440830.9526424
24436673.2740805
24430454.7780487
24421156.8234099
24410513.5922687
24417135.5570367
24421697.7467563
24442226.0906729
24441001.8308841
24438407.0525649
24433930.0068433
24426017.1205259
24410513.5922687
24379104.2069194
24406239.2815113
24416484.0550638
24440734.3162119
24439602.3591558
24437192.1158514
24433143.8422072
24426757.8097981
24417135.5570367
24406239.2815113
24412946.3589624
24417671.799836
24440071.2497408
24439000.8317449
24436754.2839951
24433143.3876899
24428026.5633704
24421697.7467563
24416484.0550638
24417671.799836
24419556.9769502
24545330.953432
24531990.5822458
24518982.6204731
24509500.6870351
24503046.9102036
24498772.8749746
24496060.5011963
24494503.0326298
24493806.7091744
24531990.5822458
24523848.2415894
24514561.6338227
24506942.6880565
24501284.3691011
24497292.5100973
24494678.8330445
24493215.4562316
24492591.5527899
24518982.6204731
24514561.6338227
24508623.2970147
24502938.1406543
24498102.4835762
24494280.4249011
24491662.8993879
24490415.0725847
24490002.377879
24509500.6870351
24506942.6880565
24502938.1406543
24498385.1718761
24493730.2800967
24489358.7156975
24486169.2639411
24485527.5121344
24485729.9852707
24503046.9102036
24501284.3691011
24498102.4835762
24493730.2800967
24488137.8210324
24481469.6315624
24475681.7897301
24477405.7133519
24479453.1877733
24498772.8749746
24497292.5100973
24494280.4249011
24489358.7156975
24481469.6315624
24468795.8071971
24451865.5573485
24464301.1420245
24471491.6467441
24496060.5011963
24494678.8330445
24491662.8993879
24486169.2639411
24475681.7897301
24451865.5573485
24382244.2547879
24447024.6314771
24464639.718404
24494503.0326298
24493215.4562316
24490415.0725847
24485527.5121344
24477405.7133519
24464301.1420245
24447024.6314771
24459584.3820012
24467016.9100488
24493806.7091744
24492591.5527899
24490002.377879
24485729.9852707
24479453.1877733
24471491.6467441
24464639.718404
24467016.9100488
24469870.0239229
