24486993.2358795
24398256.6925005
24352208.0111553
24323811.4281524
24304425.4226283
24290442.7673531
24280799.2975649
24274843.3983647
24271955.4813698
24398256.6925005
24366783.802805
24338406.0446551
24316365.8575509
24299414.1836013
24286376.1169093
24277359.7518076
24271623.881668
24268853.7220753
24352208.0111553
24338406.0446551
24321311.4649666
24305032.039693
24290714.1710761
24279090.3845689
24270660.3260695
24265317.3251673
24262790.9872214
24323811.4281524
24316365.8575509
24305032.039693
24292323.9231063
24279885.2403839
24269197.1081664
24261027.5250314
24256201.8697158
24254107.7501739
24304425.4226283
24299414.1836013
24290714.1710761
24279885.2403839
24268423.6794583
24257388.8960305
24248794.0491354
24244807.4263574
24243530.2046163
24290442.7673531
24286376.1169093
24279090.3845689
24269197.1081664
24257388.8960305
24244897.3287628
24234743.9527175
24232427.3032039
24232582.4753165
24280799.2975649
24277359.7518076
24270660.3260695
24261027.5250314
24248794.0491354
24234743.9527175
24222195.5804183
24222345.1237209
24224004.3049262
24274843.3983647
24271623.881668
24265317.3251673
24256201.8697158
24244807.4263574
24232427.3032039
24222345.1237209
24220269.7457298
24220653.8589905
24271955.4813698
24268853.7220753
24262790.9872214
24254107.7501739
24243530.2046163
24232582.4753165
24224004.3049262
24220653.8589905
24220005.0530587
24494093.6650931
24423655.8893274
24381068.7013679
24353796.1588956
24334782.076059
24320831.4017042
24311302.4486941
24305350.2022239
24302466.2657561
24423655.8893274
24394955.997286
24367975.6467545
24346544.1979032
24329810.849216
24316825.692384
24307837.1591232
24302113.3475402
24299349.1611632
24381068.7013679
24367975.6467545
24351393.2572864
24335354.387461
24321039.5106609
24309526.7581706
24301086.230346
24295757.6402307
24293245.1978674
24353796.1588956
24346544.1979032
24335354.387461
24322658.4458294
24310285.0445917
24299519.1732951
24291291.4091065
24286513.6684279
24284468.342703
24334782.076059
24329810.849216
24321039.5106609
24310285.0445917
24298688.1411536
24287416.8194378
24278563.3758143
24274800.1566586
24273699.5273057
24320831.4017042
24316825.692384
24309526.7581706
24299519.1732951
24287416.8194378
24274236.0751551
24263013.3479777
24261703.5038905
24262426.0841829
24311302.4486941
24307837.1591232
24301086.230346
24291291.4091065
24278563.3758143
24263013.3479777
24246853.9731225
24250533.4598955
24253519.0091517
24305350.2022239
24302113.3475402
24295757.6402307
24286513.6684279
24274800.1566586
24261703.5038905
24250533.4598955
24249472.2172827
24250434.8396754
24302466.2657561
24299349.1611632
24293245.1978674
24284468.342703
24273699.5273057
24262426.0841829
24253519.0091517
24250434.8396754
24250009.8263317
24485759.152092
24446572.4185954
24415393.9567072
24392275.4523237
24374720.0433162
24361123.8217894
24351869.4676386
24345983.6539943
24343123.3691952
24446572.4185954
24426561.3022783
24404793.0283748
24385726.0504118
24369913.1400183
24357182.7157821
24348340.7095571
24342680.730818
24339946.6910221
24415393.9567072
24404793.0283748
24390171.0843873
24375144.3184881
24361101.1618878
24349805.7965169
24341383.6914588
24336127.3680596
24333678.3212633
24392275.4523237
24385726.0504118
24375144.3184881
24362789.0421378
24350349.3721219
24339374.0761928
24330916.5662813
24326353.2034458
24324519.3580732
24374720.0433162
24369913.1400183
24361101.1618878
24350349.3721219
24338297.5371601
24326039.9913311
24316072.2220458
24313296.0427959
24312955.6344804
24361123.8217894
24357182.7157821
24349805.7965169
24339374.0761928
24326039.9913311
24309884.2153821
24293738.5730913
24297107.3444848
24300309.0271723
24351869.4676386
24348340.7095571
24341383.6914588
24330916.5662813
24316072.2220458
24293738.5730913
24258217.5822284
24280935.4465855
24289986.3085524
24345983.6539943
24342680.730818
24336127.3680596
24326353.2034458
24313296.0427959
24297107.3444848
24280935.4465855
24284583.9973528
24288072.6875865
24343123.3691952
24339946.6910221
24333678.3212633
24324519.3580732
24312955.6344804
24300309.0271723
24289986.3085524
24288072.6875865
24288608.2834445
24500895.8769318
24482263.0099935
24460568.3988182
24441040.3468905
24424770.2012663
24411743.7939935
24402672.8222466
24396816.1011409
24393958.6499203
24482263.0099935
24469356.2874005
24452090.5406497
24435094.2761541
24420112.4988942
24407815.7116568
24399069.1868416
24393431.3432728
24390706.4754948
24460568.3988182
24452090.5406497
24439180.2045453
24425048.5400958
24411498.0141559
24400329.5047043
24391878.3751291
24386653.749814
24384245.8844759
24441040.3468905
24435094.2761541
24425048.5400958
24412862.5369047
24400699.6653162
24389450.0158406
24380721.7350925
24376328.081141
24374676.2887454
24424770.2012663
24420112.4988942
24411498.0141559
24400699.6653162
24388142.0563826
24374884.7198518
24363757.9144278
24361937.9868459
24362306.1855
24411743.7939935
24407815.7116568
24400329.5047043
24389450.0158406
24374884.7198518
24355736.1619467
24333828.7500346
24342648.7584871
24348301.8683826
24402672.8222466
24399069.1868416
24391878.3751291
24380721.7350925
24363757.9144278
24333828.7500346
24261808.0390488
24320642.4879349
24336535.9431238
24396816.1011409
24393431.3432728
24386653.749814
24376328.081141
24361937.9868459
24342648.7584871
24320642.4879349
24329773.4694666
24335759.2005041
24393958.6499203
24390706.4754948
24384245.8844759
24374676.2887454
24362306.1855
24348301.8683826
24336535.9431238
24335759.2005041
24337194.1586377
