24343887.0534207
24261695.1000793
24219015.8228886
24192129.5803125
24173726.4708758
24160441.6569256
24151244.0734938
24145332.678738
24142442.2468151
24261695.1000793
24232631.7839911
24205880.0239514
24185027.9487738
24168720.6489148
24156500.8890297
24147641.3507726
24141916.9339537
24139127.6444732
24219015.8228886
24205880.0239514
24189705.8999116
24173934.865148
24160307.2569907
24149090.110552
24140644.6760558
24135235.174978
24132658.0591506
24192129.5803125
24185027.9487738
24173934.865148
24161722.3606498
24149679.1066295
24138897.3721541
24130567.2399462
24125592.3040035
24123412.0952431
24173726.4708758
24168720.6489148
24160307.2569907
24149679.1066295
24138007.428725
24126679.9450496
24117788.0833485
24113576.0111502
24112180.7348663
24160441.6569256
24156500.8890297
24149090.110552
24138897.3721541
24126679.9450496
24113733.0270568
24103168.4170028
24100564.1615811
24100576.3311611
24151244.0734938
24147641.3507726
24140644.6760558
24130567.2399462
24117788.0833485
24103168.4170028
24090126.1442723
24089940.5091014
24091436.952725
24145332.678738
24141916.9339537
24135235.174978
24125592.3040035
24113576.0111502
24100564.1615811
24089940.5091014
24087495.4897374
24087697.8803456
24142442.2468151
24139127.6444732
24132658.0591506
24123412.0952431
24112180.7348663
24100576.3311611
24091436.952725
24087697.8803456
24086855.3919118
24350329.1599166
24285740.7564771
24246926.251635
24221621.6849379
24203782.534468
24190717.2303125
24181543.5155739
24175639.5189803
24172750.6300135
24285740.7564771
24259761.6003761
24234920.5939602
24214793.5872541
24198888.0611821
24186761.3077663
24177921.3363621
24172202.8223617
24169416.522182
24246926.251635
24234920.5939602
24219333.5089284
24204021.2477553
24190518.1741898
24179317.4309844
24170864.5222223
24165463.8603972
24162897.7401379
24221621.6849379
24214793.5872541
24204021.2477553
24191901.4512338
24179856.7575444
24169009.3248889
24160613.6588495
24155681.3103875
24153547.4846276
24203782.534468
24198888.0611821
24190518.1741898
24179856.7575444
24168059.7094922
24156485.334526
24147325.3121209
24143332.0040957
24142111.8563569
24190717.2303125
24186761.3077663
24179317.4309844
24169009.3248889
24156485.334526
24142834.7196814
24131189.104855
24129588.5031376
24130168.2615755
24181543.5155739
24177921.3363621
24170864.5222223
24160613.6588495
24147325.3121209
24131189.104855
24114524.3108259
24117865.0667946
24120689.4428012
24175639.5189803
24172202.8223617
24165463.8603972
24155681.3103875
24143332.0040957
24129588.5031376
24117865.0667946
24116431.1719379
24117212.4750585
24172750.6300135
24169416.522182
24162897.7401379
24153547.4846276
24142111.8563569
24130168.2615755
24120689.4428012
24117212.4750585
24116592.8873572
24345311.4142133
24309739.5957403
24280951.6059351
24259619.2762735
24243264.8093205
24230873.3935029
24221881.8480923
24216038.9193677
24213170.6375178
24309739.5957403
24291490.3644645
24271190.232186
24253455.5832979
24238621.1479476
24226910.9206812
24218197.3922842
24212532.807429
24209772.5878869
24280951.6059351
24271190.232186
24257582.4886376
24243419.8916894
24230434.1956002
24219361.5248946
24210920.2369775
24205585.4394237
24203079.55798
24259619.2762735
24253455.5832979
24243419.8916894
24231671.064032
24219686.8606267
24208613.7017121
24199979.862071
24195256.7431865
24193332.4218191
24243264.8093205
24238621.1479476
24230434.1956002
24219686.8606267
24207414.0644482
24194839.1692936
24184553.138367
24181542.7364326
24181082.908231
24230873.3935029
24226910.9206812
24219361.5248946
24208613.7017121
24194839.1692936
24178192.2153619
24161608.6644815
24164683.4509974
24167745.7512719
24221881.8480923
24218197.3922842
24210920.2369775
24199979.862071
24184553.138367
24161608.6644815
24125586.2632195
24147941.5116939
24156836.0098783
24216038.9193677
24212532.807429
24205585.4394237
24195256.7431865
24181542.7364326
24164683.4509974
24147941.5116939
24151214.6911597
24154526.0807436
24213170.6375178
24209772.5878869
24203079.55798
24193332.4218191
24181082.908231
24167745.7512719
24156836.0098783
24154526.0807436
24154868.1214501
24362898.3021199
24346252.3762014
24326030.0323491
24308029.1791272
24292959.1857376
24281051.8116471
24272220.2739825
24266429.5624424
24263578.1303159
24346252.3762014
24334154.6757353
24318229.7614677
24302449.1638209
24288498.3986821
24277084.6732509
24268475.7771339
24262856.3157513
24260118.0275927
24326030.0323491
24318229.7614677
24306219.8267082
24293012.2857277
24280400.5804457
24269426.8997077
24260988.5162615
24255710.4523291
24253258.2236582
24308029.1791272
24302449.1638209
24293012.2857277
24281577.8365474
24269559.5641949
24258262.5239156
24249397.1302879
24244867.4710154
24243136.0775071
24292959.1857376
24288498.3986821
24280400.5804457
24269559.5641949
24256830.7507012
24243306.9901523
24231902.5296262
24229866.9280426
24230122.8240381
24281051.8116471
24277084.6732509
24269426.8997077
24258262.5239156
24243306.9901523
24223723.5353232
24201436.0890147
24209959.7232744
24215471.9007628
24272220.2739825
24268475.7771339
24260988.5162615
24249397.1302879
24231902.5296262
24201436.0890147
24129077.2037007
24187438.2465954
24203155.3188623
24266429.5624424
24262856.3157513
24255710.4523291
24244867.4710154
24229866.9280426
24209959.7232744
24187438.2465954
24196190.5991522
24201996.1052099
24263578.1303159
24260118.0275927
24253258.2236582
24243136.0775071
24230122.8240381
24215471.9007628
24203155.3188623
24201996.1052099
24203242.0076297
