24180207.7571813
24099802.1421549
24059021.388372
24032971.2396054
24014540.9223372
24001205.4327073
23991768.9558549
23985732.6478571
23982788.5477009
24099802.1421549
24072079.1159671
24046454.0485772
24025788.3246204
24009612.6597131
23997162.6212424
23988122.2507205
23982295.8651559
23979459.9714396
24059021.388372
24046454.0485772
24030434.5315774
24014897.850079
24001062.8838279
23989648.5895217
23981072.897753
23975583.833983
23972968.428808
24032971.2396054
24025788.3246204
24014897.850079
24002508.8509232
23990285.1892489
23979369.7784079
23970947.8953294
23965911.4703825
23963699.666845
24014540.9223372
24009612.6597131
24001062.8838279
23990285.1892489
23978497.8538687
23967087.650354
23958134.9566322
23953873.3922812
23952449.8421833
24001205.4327073
23997162.6212424
23989648.5895217
23979369.7784079
23967087.650354
23954097.0158857
23943499.3090366
23940849.4303294
23940832.0622999
23991768.9558549
23988122.2507205
23981072.897753
23970947.8953294
23958134.9566322
23943499.3090366
23930449.2611721
23930214.5151689
23931678.2208352
23985732.6478571
23982295.8651559
23975583.833983
23965911.4703825
23953873.3922812
23940849.4303294
23930214.5151689
23927736.9074916
23927915.3830187
23982788.5477009
23979459.9714396
23972968.428808
23963699.666845
23952449.8421833
23940832.0622999
23931678.2208352
23927915.3830187
23927055.1902051
24185778.3631207
24122727.022191
24085808.7312576
24061738.4180939
24044175.977098
24031137.9982293
24021768.9194239
24015748.8271197
24012808.5664807
24122727.022191
24098027.4347555
24074499.1875357
24055053.4104176
24039426.8835358
24027110.7439303
24018107.7559523
24012292.1267116
24009460.8380049
24085808.7312576
24074499.1875357
24059519.0605521
24044559.7594401
24030946.9374126
24019576.3444977
24011001.5039455
24005524.1877578
24002920.7302879
24061738.4180939
24055053.4104176
24044559.7594401
24032362.6649285
24020159.9199405
24009189.0614073
24000705.8455772
23995713.3962864
23993548.3069122
24044175.977098
24039426.8835358
24030946.9374126
24020159.9199405
24008256.9599185
23996604.9831334
23987387.2808594
23983344.1667931
23982095.1694336
24031137.9982293
24027110.7439303
24019576.3444977
24009189.0614073
23996604.9831334
23982915.6075393
23971242.854804
23969592.117889
23970139.7331925
24021768.9194239
24018107.7559523
24011001.5039455
24000705.8455772
23987387.2808594
23971242.854804
23954588.1710781
23957862.6760923
23960647.9610436
24015748.8271197
24012292.1267116
24005524.1877578
23995713.3962864
23983344.1667931
23969592.117889
23957862.6760923
23956391.3236071
23957145.9056437
24012808.5664807
24009460.8380049
24002920.7302879
23993548.3069122
23982095.1694336
23970139.7331925
23960647.9610436
23957145.9056437
23956507.4358772
24181104.7090904
24146768.8192008
24119738.8941088
24099320.0194972
24083224.8388312
24070788.5875057
24061677.9029677
24055748.9716632
24052838.5829504
24146768.8192008
24129561.2437794
24110508.242798
24093288.2940719
24078639.9065615
24066794.1984297
24057968.2015825
24052226.9572447
24049428.5595011
24119738.8941088
24110508.242798
24097332.418861
24083417.843448
24070364.7402212
24059186.7753243
24050654.6073045
24045255.6341705
24042716.6403701
24099320.0194972
24093288.2940719
24083417.843448
24071657.7161718
24059546.127739
24048385.0917167
24039681.479947
24034904.4585055
24032950.543549
24083224.8388312
24078639.9065615
24070364.7402212
24059546.127739
24047201.017328
24034570.3375458
24024240.7342226
24021179.0928789
24020688.1187255
24070788.5875057
24066794.1984297
24059186.7753243
24048385.0917167
24034570.3375458
24017907.1848822
24001325.4885116
24004327.5999615
24007346.3246801
24061677.9029677
24057968.2015825
24050654.6073045
24039681.479947
24024240.7342226
24001325.4885116
23965418.3243681
23987605.18672
23996430.6792852
24055748.9716632
24052226.9572447
24045255.6341705
24034904.4585055
24021179.0928789
24004327.5999615
23987605.18672
23990817.5358125
23994090.1966297
24052838.5829504
24049428.5595011
24042716.6403701
24032950.543549
24020688.1187255
24007346.3246801
23996430.6792852
23994090.1966297
23994408.5678535
24198792.4950586
24183225.480344
24164622.5398994
24147195.1047926
24132337.7765765
24120413.5574333
24111514.7133868
24105662.5484507
24102777.2463884
24183225.480344
24172266.1586579
24157077.6054441
24141697.6843874
24127897.2807547
24116434.593582
24107755.4205733
24102077.3233404
24099307.0708358
24164622.5398994
24157077.6054441
24145380.8058213
24132369.4180228
24119771.5795732
24108745.9668692
24100243.6625079
24094912.8010946
24092431.4111312
24147195.1047926
24141697.6843874
24132369.4180228
24120956.5513609
24108900.4534845
24097550.0273844
24088631.2939369
24084053.6526452
24082294.3362212
24132337.7765765
24127897.2807547
24119771.5795732
24108900.4534845
24096132.1672764
24082573.2528146
24071137.9355582
24069050.5920399
24069273.6033916
24120413.5574333
24116434.593582
24108745.9668692
24097550.0273844
24082573.2528146
24062994.5796482
24040741.2994242
24049166.7597718
24054624.8457397
24111514.7133868
24107755.4205733
24100243.6625079
24088631.2939369
24071137.9355582
24040741.2994242
23968681.5993512
24026693.6531396
24042309.9204492
24105662.5484507
24102077.3233404
24094912.8010946
24084053.6526452
24069050.5920399
24049166.7597718
24026693.6531396
24035359.9330069
24041115.8250754
24102777.2463884
24099307.0708358
24092431.4111312
24082294.3362212
24069273.6033916
24054624.8457397
24042309.9204492
24041115.8250754
24042334.9399458
