24017637.8852368
23937907.9600787
23897963.0702877
23872555.2954465
23854426.6219235
23841112.8056
23831665.0563707
23825617.9733159
23822674.3596641
23937907.9600787
23910706.2215278
23885745.3785819
23865546.6182974
23849483.8236818
23837093.2355141
23828024.3501874
23822192.886901
23819358.9639753
23897963.0702877
23885745.3785819
23870080.6540546
23854700.3412098
23841005.7537252
23829578.0845663
23820990.6850842
23815505.2624855
23812893.8172102
23872555.2954465
23865546.6182974
23854700.3412098
23842448.0283276
23830235.6317386
23819309.7216256
23810897.9868899
23805871.2079488
23803664.1145419
23854426.6219235
23849483.8236818
23841005.7537252
23830235.6317386
23818447.6875136
23807061.0826078
23798134.2981848
23793883.896852
23792463.0654726
23841112.8056
23837093.2355141
23829578.0845663
23819309.7216256
23807061.0826078
23794116.9994745
23783560.4947016
23780916.8914663
23780896.5722361
23831665.0563707
23828024.3501874
23820990.6850842
23810897.9868899
23798134.2981848
23783560.4947016
23770567.6340534
23770328.9610307
23771783.1364669
23825617.9733159
23822192.886901
23815505.2624855
23805871.2079488
23793883.896852
23780916.8914663
23770328.9610307
23767859.9563487
23768035.7996786
23822674.3596641
23819358.9639753
23812893.8172102
23803664.1145419
23792463.0654726
23780896.5722361
23771783.1364669
23768035.7996786
23767178.3485683
24022752.8099779
23960099.7564192
23923852.0823748
23900512.6900834
23883520.2492999
23870720.8086005
23861367.3982003
23855346.2617954
23852408.8676168
23960099.7564192
23935741.3888738
23912893.8166253
23894134.7083444
23878854.7647647
23866718.343149
23857715.8507836
23851902.2052551
23849074.7094886
23923852.0823748
23912893.8166253
23898457.2575273
23883856.3805928
23870543.2124793
23859201.7337903
23850629.6978291
23845159.9974316
23842561.7379402
23900512.6900834
23894134.7083444
23883856.3805928
23871947.76477
23859797.6637982
23848836.8285748
23840369.9091309
23835389.1490595
23833229.3371416
23883520.2492999
23878854.7647647
23870543.2124793
23859797.6637982
23847913.5499699
23836292.6259933
23827104.8887799
23823073.0721591
23821826.3308489
23870720.8086005
23866718.343149
23859201.7337903
23848836.8285748
23836292.6259933
23822655.7225238
23811030.8324393
23809382.0344414
23809924.1447195
23861367.3982003
23857715.8507836
23850629.6978291
23840369.9091309
23827104.8887799
23811030.8324393
23794452.0652489
23797705.3296934
23800474.6613516
23855346.2617954
23851902.2052551
23845159.9974316
23835389.1490595
23823073.0721591
23809382.0344414
23797705.3296934
23796237.7970666
23796986.9661933
23852408.8676168
23849074.7094886
23842561.7379402
23833229.3371416
23821826.3308489
23809924.1447195
23800474.6613516
23796986.9661933
23796350.1871098
24017469.7325421
23983831.8522797
23957451.1755231
23937719.3005207
23922094.3565782
23909889.2048915
23900851.0536812
23894950.0123969
23892051.7280195
23983831.8522797
23966878.4442162
23948552.6846453
23931908.8301009
23917591.2521228
23905927.9358137
23897159.1114327
23891443.6005262
23888656.7229316
23957451.1755231
23948552.6846453
23935834.5047038
23922251.1321686
23909448.4524215
23898367.5545109
23889878.7540069
23884503.1289042
23881974.5501889
23937719.3005207
23931908.8301009
23922251.1321686
23910717.4272825
23898719.3528251
23887619.0222218
23878955.3077529
23874198.3829807
23872252.13166
23922094.3565782
23917591.2521228
23909448.4524215
23898719.3528251
23886439.916845
23873868.9358278
23863586.3046137
23860536.0060041
23860045.1725605
23909889.2048915
23905927.9358137
23898367.5545109
23887619.0222218
23873868.9358278
23857283.7706687
23840781.1855351
23843762.8823499
23846764.632875
23900851.0536812
23897159.1114327
23889878.7540069
23878955.3077529
23863586.3046137
23840781.1855351
23805058.1258043
23827120.0304784
23835899.0498812
23894950.0123969
23891443.6005262
23884503.1289042
23874198.3829807
23860536.0060041
23843762.8823499
23827120.0304784
23830312.5771561
23833567.6242016
23892051.7280195
23888656.7229316
23881974.5501889
23872252.13166
23860045.1725605
23846764.632875
23835899.0498812
23833567.6242016
23833883.1871498
24034512.3645442
24019723.029597
24001985.1765017
23985149.6592557
23970667.6201296
23958965.6709995
23950176.8974032
23944375.6363156
23941510.718013
24019723.029597
24009295.7447802
23994727.6467498
23979794.9317217
23966299.9479244
23955025.4837549
23946441.2991394
23940808.6542556
23938056.9279948
24001985.1765017
23994727.6467498
23983373.5559793
23970660.4507543
23958289.9275901
23947401.106924
23938973.2535918
23933679.6462758
23931213.5119095
23985149.6592557
23979794.9317217
23970660.4507543
23959443.5478106
23947534.0957319
23936281.1465488
23927422.755423
23922872.9350468
23921123.6397326
23970667.6201296
23966299.9479244
23958289.9275901
23947534.0957319
23934865.0716011
23921389.790523
23910017.0730515
23907941.0338426
23908163.2241542
23958965.6709995
23955025.4837549
23947401.106924
23936281.1465488
23921389.790523
23901912.8122757
23879772.7015949
23888151.7725321
23893582.0829847
23950176.8974032
23946441.2991394
23938973.2535918
23927422.755423
23910017.0730515
23879772.7015949
23808085.055585
23865787.5568774
23881324.5537013
23944375.6363156
23940808.6542556
23933679.6462758
23922872.9350468
23907941.0338426
23888151.7725321
23865787.5568774
23874407.7529614
23880134.6154174
23941510.718013
23938056.9279948
23931213.5119095
23921123.6397326
23908163.2241542
23893582.0829847
23881324.5537013
23880134.6154174
23881346.9034467
