23854017.7491576
23774734.3936935
23735292.0373782
23710382.2741244
23692575.1752952
23679335.9960191
23669946.0562661
23663901.6752822
23660965.3056202
23774734.3936935
23747853.2778903
23723311.9291983
23703498.3249819
23687692.8901727
23675353.2729965
23666312.5122579
23660491.2389404
23657666.2830778
23735292.0373782
23723311.9291983
23707935.66683
23692838.9134771
23679226.0482245
23667885.6789064
23659305.15282
23653835.5494827
23651234.0291111
23710382.2741244
23703498.3249819
23692838.9134771
23680671.0319213
23668569.3149401
23657648.6190777
23649258.0008397
23644249.7816196
23642052.0816689
23692575.1752952
23687692.8901727
23679226.0482245
23668569.3149401
23656800.861144
23645446.9565992
23636555.7804474
23632323.7271848
23630909.3804724
23679335.9960191
23675353.2729965
23667885.6789064
23657648.6190777
23645446.9565992
23632560.7393954
23622054.8670808
23619423.5640183
23619403.2402021
23669946.0562661
23666312.5122579
23659305.15282
23649258.0008397
23636555.7804474
23622054.8670808
23609128.3342823
23608890.7556777
23610337.7292147
23663901.6752822
23660491.2389404
23653835.5494827
23644249.7816196
23632323.7271848
23619423.5640183
23608890.7556777
23606435.285748
23606610.803797
23660965.3056202
23657666.2830778
23651234.0291111
23642052.0816689
23630909.3804724
23619403.2402021
23610337.7292147
23606610.803797
23605758.4605568
23858844.7382964
23796425.8096072
23760473.0800034
23737623.0510219
23721096.9284267
23708617.5856033
23699346.7926365
23693340.6597075
23690413.0379608
23796425.8096072
23772212.4452358
23749700.6787916
23731432.7518386
23716547.1940378
23704660.6010572
23695707.8275201
23689912.3648424
23687095.668144
23760473.0800034
23749700.6787916
23735632.1555346
23721420.3198031
23708430.3876057
23697199.8746694
23688653.1221106
23683203.4260626
23680616.3258454
23737623.0510219
23731432.7518386
23721420.3198031
23709773.7788401
23697806.9222362
23686880.5721038
23678442.5080598
23673482.4829744
23671332.6472565
23721096.9284267
23716547.1940378
23708430.3876057
23697806.9222362
23685969.1015789
23674390.9983844
23665243.3792069
23661230.1099297
23659989.4419044
23708617.5856033
23704660.6010572
23697199.8746694
23686880.5721038
23674390.9983844
23660818.3577924
23649251.0936458
23647610.141259
23648149.6152386
23699346.7926365
23695707.8275201
23688653.1221106
23678442.5080598
23665243.3792069
23649251.0936458
23632758.0287109
23635994.5435032
23638750.0322506
23693340.6597075
23689912.3648424
23683203.4260626
23673482.4829744
23661230.1099297
23647610.141259
23635994.5435032
23634535.6123402
23635281.5837778
23690413.0379608
23687095.668144
23680616.3258454
23671332.6472565
23659989.4419044
23648149.6152386
23638750.0322506
23635281.5837778
23634648.8324802
23852802.8750822
23819612.7979494
23793602.4286956
23774471.4429622
23759277.220287
23747332.7966895
23738404.3700717
23732546.5154511
23729667.1314811
23819612.7979494
23802903.6324967
23784943.6683276
23768841.3420634
23754859.7043902
23743414.5023916
23734734.0571096
23729059.0645848
23726290.3927117
23793602.4286956
23784943.6683276
23772652.8474962
23759398.7747119
23746862.7250381
23735921.6414382
23727497.0015143
23722156.7388945
23719644.3762485
23774471.4429622
23768841.3420634
23759398.7747119
23748086.9149504
23736260.748486
23725245.3800476
23716635.8482809
23711908.2444945
23709974.3428386
23759277.220287
23754859.7043902
23746862.7250381
23736260.748486
23724071.8852269
23711575.3398213
23701351.0925609
23698319.5309608
23697832.8857622
23747332.7966895
23743414.5023916
23735921.6414382
23725245.3800476
23711575.3398213
23695081.3212985
23678668.9350103
23681635.4865267
23684622.7446663
23738404.3700717
23734734.0571096
23727497.0015143
23716635.8482809
23701351.0925609
23678668.9350103
23643142.8957425
23665081.5354395
23673815.1676444
23732546.5154511
23729059.0645848
23722156.7388945
23711908.2444945
23698319.5309608
23681635.4865267
23665081.5354395
23668258.3078138
23671497.5260015
23729667.1314811
23726290.3927117
23719644.3762485
23709974.3428386
23697832.8857622
23684622.7446663
23673815.1676444
23671497.5260015
23671812.464953
23868943.6918071
23854666.2716754
23837615.8266133
23821516.1140606
23807369.3180345
23795882.6393399
23787218.8345119
23781480.729136
23778642.5264852
23854666.2716754
23844667.0786586
23830749.0253734
23816267.9026379
23803059.8606989
23791982.6915281
23783510.3020119
23777935.3806137
23775208.3692597
23837615.8266133
23830749.0253734
23819737.2778656
23807304.7904066
23795165.2143814
23784431.213129
23776094.0240613
23770848.8029304
23768403.4927423
23821516.1140606
23816267.9026379
23807304.7904066
23796281.5045211
23784537.835112
23773400.539361
23764616.5267385
23760103.9583869
23758369.331191
23807369.3180345
23803059.8606989
23795165.2143814
23784537.835112
23771985.3545812
23758609.1832306
23747311.3463134
23745253.9507145
23745478.7175403
23795882.6393399
23791982.6915281
23784431.213129
23773400.539361
23758609.1832306
23739248.1623816
23717233.7134043
23725570.6958107
23730975.2104901
23787218.8345119
23783510.3020119
23776094.0240613
23764616.5267385
23747311.3463134
23717233.7134043
23645936.7538034
23703325.8412424
23718783.3533498
23781480.729136
23777935.3806137
23770848.8029304
23760103.9583869
23745253.9507145
23725570.6958107
23703325.8412424
23711902.9447681
23717602.0822287
23778642.5264852
23775208.3692597
23768403.4927423
23758369.331191
23745478.7175403
23730975.2104901
23718783.3533498
23717602.0822287
23718809.5503285
