23206001.9788131
23127835.2934531
23089390.8207084
23065284.1210483
23047931.1276868
23035248.3162056
23026148.093235
23020272.4396755
23017368.5108006
23127835.2934531
23101608.7619192
23077712.8066815
23058627.051252
23043222.830311
23031377.8818385
23022651.216404
23016936.7919267
23014143.046812
23089390.8207084
23077712.8066815
23062992.8848064
23048165.9274051
23035110.7194792
23024169.0321834
23015852.2812993
23010427.0645292
23007851.7776994
23065284.1210483
23058627.051252
23048165.9274051
23036470.7290677
23024831.217075
23014287.2666017
23006027.965624
23001041.9202911
22998864.0382171
23047931.1276868
23043222.830311
23035110.7194792
23024831.217075
23013453.6795544
23002406.8506177
22993553.0733808
22989351.5977685
22987947.6844742
23035248.3162056
23031377.8818385
23024169.0321834
23014287.2666017
23002406.8506177
22989665.8839082
22979305.0059022
22976697.6228957
22976668.5337424
23026148.093235
23022651.216404
23015852.2812993
23006027.965624
22993553.0733808
22979305.0059022
22966606.8060901
22966363.722369
22967779.9489491
23020272.4396755
23016936.7919267
23010427.0645292
23001041.9202911
22989351.5977685
22976697.6228957
22966363.722369
22963954.6574771
22964127.3390488
23017368.5108006
23014143.046812
23007851.7776994
22998864.0382171
22987947.6844742
22976668.5337424
22967779.9489491
22964127.3390488
22963293.2375463
23210163.9570219
23148612.3958706
23113143.0944373
23090577.7238224
23074694.2558105
23062878.464496
23054383.9819005
23048578.2789238
23045699.837215
23148612.3958706
23124697.4388017
23102215.9465143
23084580.1491649
23070311.7057988
23059210.7625424
23050880.2619604
23045230.2642282
23042457.6037961
23113143.0944373
23102215.9465143
23088609.0506325
23074932.0529371
23062565.4842965
23052201.741893
23044041.7016217
23038674.4351804
23036122.1379678
23090577.7238224
23084580.1491649
23074932.0529371
23063792.1231251
23052621.2129946
23042335.5388999
23034074.4937798
23029162.156365
23027036.8207199
23074694.2558105
23070311.7057988
23062565.4842965
23052621.2129946
23041438.2261484
23030185.8647188
23021131.9653435
23017156.2030993
23015926.0466059
23062878.464496
23059210.7625424
23052201.741893
23042335.5388999
23030185.8647188
23016819.0558503
23005430.3676772
23003799.634774
23004321.6064171
23054383.9819005
23050880.2619604
23044041.7016217
23034074.4937798
23021131.9653435
23005430.3676772
22989239.1145062
22992406.1294328
22995107.0367764
23048578.2789238
23045230.2642282
23038674.4351804
23029162.156365
23017156.2030993
23003799.634774
22992406.1294328
22990976.2211324
22991709.1350158
23045699.837215
23042457.6037961
23036122.1379678
23027036.8207199
23015926.0466059
23004321.6064171
22995107.0367764
22991709.1350158
22991090.8906134
23202249.651487
23169939.0717112
23144189.9125765
23125711.9439452
23111517.2009265
23100212.4373004
23091849.989356
23086230.121306
23083435.7247316
23169939.0717112
23153153.9125854
23135623.5255887
23120396.8550013
23107284.0304513
23096489.1526112
23088303.5394109
23082830.7685455
23080138.4389053
23144189.9125765
23135623.5255887
23123922.5256593
23111555.3131734
23099632.8588547
23089335.4014557
23081285.1930594
23076096.0722179
23073644.8360976
23125711.9439452
23120396.8550013
23111555.3131734
23100756.0418854
23089549.3449154
23079056.638509
23070702.5843252
23066079.8956476
23064187.2514657
23111517.2009265
23107284.0304513
23099632.8588547
23089549.3449154
23077890.350476
23065767.577079
23055751.8555796
23052777.2285777
23052300.2153379
23100212.4373004
23096489.1526112
23089335.4014557
23079056.638509
23065767.577079
23049616.9119668
23033524.8583774
23036427.6205204
23039357.546358
23091849.989356
23088303.5394109
23081285.1930594
23070702.5843252
23055751.8555796
23033524.8583774
22998713.7049818
23020201.3774545
23028766.9461352
23086230.121306
23082830.7685455
23076096.0722179
23066079.8956476
23052777.2285777
23036427.6205204
23020201.3774545
23023320.3538605
23026501.2131274
23083435.7247316
23080138.4389053
23073644.8360976
23064187.2514657
23052300.2153379
23039357.546358
23028766.9461352
23026501.2131274
23026814.244245
23215758.2024129
23201568.4804776
23185406.0281816
23170759.7101024
23157833.0798785
23146975.7206113
23138736.0076598
23133248.6306496
23130519.3974928
23201568.4804776
23191976.235508
23179242.1468228
23166051.8067333
23153750.487832
23143204.4822522
23135139.6438674
23129795.6164716
23127168.3369576
23185406.0281816
23179242.1468228
23169241.1594228
23157738.1016747
23146148.6262285
23135919.8747726
23127938.6751532
23122886.6067592
23120523.3107218
23170759.7101024
23166051.8067333
23157738.1016747
23147175.8141353
23135937.4856877
23125246.8496493
23116761.0472305
23112393.1249567
23110714.006648
23157833.0798785
23153750.487832
23146148.6262285
23135937.4856877
23123837.0349585
23110862.0736763
23099852.3460778
23097864.7022173
23098097.8918836
23146975.7206113
23143204.4822522
23135919.8747726
23125246.8496493
23110862.0736763
23091948.5112362
23070401.8411924
23078583.4574215
23083891.5935006
23138736.0076598
23135139.6438674
23127938.6751532
23116761.0472305
23099852.3460778
23070401.8411924
23000538.8100283
23056783.4675584
23071947.4577852
23133248.6306496
23129795.6164716
23122886.6067592
23112393.1249567
23097864.7022173
23078583.4574215
23056783.4675584
23065203.0429445
23070800.1570243
23130519.3974928
23127168.3369576
23120523.3107218
23110714.006648
23098097.8918836
23083891.5935006
23071947.4577852
23070800.1570243
23071990.5423201
