22577242.5454763
22499974.1672779
22462457.5979163
22439039.9073837
22422485.0757585
22410353.0736438
22401489.9000105
22395746.542748
22392869.2064942
22499974.1672779
22474311.9498287
22451186.448197
22432668.3139453
22418027.0870988
22406598.1559992
22398039.6239004
22392492.5748124
22389709.624271
22462457.5979163
22451186.448197
22436822.2553862
22422766.8358202
22410218.170567
22399599.7267161
22391443.5640889
22386122.2395434
22383545.4996202
22439039.9073837
22432668.3139453
22422766.8358202
22411545.8431536
22400237.4683488
22389956.587476
22381908.4498718
22376921.9058079
22374731.5973369
22422485.0757585
22418027.0870988
22410218.170567
22400237.4683488
22389187.662934
22378348.2085386
22369716.4349523
22365442.6364422
22364013.2397339
22410353.0736438
22406598.1559992
22399599.7267161
22389956.587476
22378348.2085386
22366032.9213277
22355645.0438136
22352989.0038281
22352923.8165214
22401489.9000105
22398039.6239004
22391443.5640889
22381908.4498718
22369716.4349523
22355645.0438136
22343091.5150695
22342805.4780432
22344175.8275012
22395746.542748
22392492.5748124
22386122.2395434
22376921.9058079
22365442.6364422
22352989.0038281
22342805.4780432
22340416.0912093
22340574.3782423
22392869.2064942
22389709.624271
22383545.4996202
22374731.5973369
22364013.2397339
22352923.8165214
22344175.8275012
22340574.3782423
22339747.8273964
22580814.8952285
22520048.9730337
22485283.7901252
22463161.2913989
22447859.4116018
22436528.1554978
22428427.3415006
22422979.9640215
22420151.6461105
22520048.9730337
22496522.3183514
22474661.5012304
22457291.9508924
22443693.6296145
22432940.7952844
22425131.6874916
22419718.3668328
22416977.5237305
22485283.7901252
22474661.5012304
22461175.5508674
22448097.2870488
22436179.7342273
22426130.1322041
22418547.374566
22413309.0521017
22410771.4720078
22463161.2913989
22457291.9508924
22448097.2870488
22437380.1637489
22426475.2520939
22416667.1352791
22408864.8675527
22403990.4590482
22401863.1191675
22447859.4116018
22443693.6296145
22436179.7342273
22426475.2520939
22415676.4916696
22405054.4290218
22396216.8816869
22392206.9381471
22390955.376066
22436528.1554978
22432940.7952844
22426130.1322041
22416667.1352791
22405054.4290218
22392077.2337472
22380750.5887777
22379068.0616742
22379548.2510253
22428427.3415006
22425131.6874916
22418547.374566
22408864.8675527
22396216.8816869
22380750.5887777
22364776.7090692
22367847.116424
22370481.8253459
22422979.9640215
22419718.3668328
22413309.0521017
22403990.4590482
22392206.9381471
22379068.0616742
22367847.116424
22366422.2619158
22367131.9683635
22420151.6461105
22416977.5237305
22410771.4720078
22401863.1191675
22390955.376066
22379548.2510253
22370481.8253459
22367131.9683635
22366518.0596858
22571490.4420262
22539697.682831
22514988.7785243
22496877.8014505
22483235.2757491
22472539.3160799
22464528.7867583
22459176.8370913
22456462.808633
22539697.682831
22523769.1773778
22506554.8219879
22491711.0718085
22479277.9308954
22468915.7597203
22461120.084957
22455863.5744468
22453237.1381361
22514988.7785243
22506554.8219879
22495126.5987509
22483271.6352332
22471911.464103
22461963.6409372
22454312.1804811
22449282.7408987
22446879.2906644
22496877.8014505
22491711.0718085
22483271.6352332
22472988.0042584
22462113.1645297
22452014.097814
22444002.0305942
22439477.1936935
22437609.5351523
22483235.2757491
22479277.9308954
22471911.464103
22462113.1645297
22450816.4515278
22439147.0856779
22429381.0421218
22426430.8848199
22425944.6163816
22472539.3160799
22468915.7597203
22461963.6409372
22452014.097814
22439147.0856779
22423394.0817276
22407556.0949196
22410368.5986536
22413229.7761424
22464528.7867583
22461120.084957
22454312.1804811
22444002.0305942
22429381.0421218
22407556.0949196
22373351.634793
22394416.3642308
22402818.5385374
22459176.8370913
22455863.5744468
22449282.7408987
22439477.1936935
22426430.8848199
22410368.5986536
22394416.3642308
22397467.1760696
22400585.9917621
22456462.808633
22453237.1381361
22446879.2906644
22437609.5351523
22425944.6163816
22413229.7761424
22402818.5385374
22400585.9917621
22400889.5268469
22583105.5737814
22569382.1211782
22553741.9543169
22539779.9270691
22527789.6651636
22517654.3038748
22509695.5352512
22504417.5045675
22501781.9475958
22569382.1211782
22560080.1263063
22547752.0780136
22535392.7789464
22524016.0036681
22513967.3834262
22506196.6305803
22501047.3584346
22498504.8187145
22553741.9543169
22547752.0780136
22538368.0955377
22527684.7210031
22516773.6786865
22506868.0868148
22499178.2189258
22494294.9444796
22492000.8455307
22539779.9270691
22535392.7789464
22527684.7210031
22517756.9209474
22506835.1896676
22496476.9214057
22488263.7679457
22484023.8722781
22482389.2054805
22527789.6651636
22524016.0036681
22516773.6786865
22506835.1896676
22495068.3711234
22482453.7175065
22471713.1857637
22469780.22103
22470012.724755
22517654.3038748
22513967.3834262
22506868.0868148
22496476.9214057
22482453.7175065
22463956.6162858
22442821.7264641
22450850.8450038
22456062.5443469
22509695.5352512
22506196.6305803
22499178.2189258
22488263.7679457
22471713.1857637
22442821.7264641
22374218.1173008
22429436.3333832
22444327.8307122
22504417.5045675
22501047.3584346
22494294.9444796
22484023.8722781
22469780.22103
22450850.8450038
22429436.3333832
22437701.9142923
22443199.360444
22501781.9475958
22498504.8187145
22492000.8455307
22482389.2054805
22470012.724755
22456062.5443469
22444327.8307122
22443199.360444
22444367.5708205
