21974764.430503
21898217.1470533
21861433.7152137
21838650.1690661
21822583.1880778
21810855.1878778
21802353.2830281
21796715.7810315
21793906.9398248
21898217.1470533
21873012.4022938
21850484.5183163
21832475.4382135
21818166.6956007
21807229.9412694
21799008.200318
21793560.2740453
21790821.7535909
21861433.7152137
21850484.5183163
21836533.2273718
21822847.9733474
21810662.8589642
21800453.9393248
21792520.7202659
21787361.010209
21784796.4640786
21838650.1690661
21832475.4382135
21822847.9733474
21811930.8259231
21801031.7562945
21791102.2044801
21783207.3658792
21778375.8958273
21776169.7319649
21822583.1880778
21818166.6956007
21810662.8589642
21801031.7562945
21790340.5980998
21779821.1971336
21771416.3827534
21767127.025708
21765662.778684
21810855.1878778
21807229.9412694
21800453.9393248
21791102.2044801
21779821.1971336
21767724.7437025
21757693.2326706
21754895.3787494
21754772.8411466
21802353.2830281
21799008.200318
21792520.7202659
21783207.3658792
21771416.3827534
21757693.2326706
21745206.9770133
21744846.9082545
21746162.9695218
21796715.7810315
21793560.2740453
21787361.010209
21778375.8958273
21767127.025708
21754895.3787494
21744846.9082545
21742468.8065626
21742610.7623228
21793906.9398248
21790821.7535909
21784796.4640786
21776169.7319649
21765662.778684
21754772.8411466
21746162.9695218
21742610.7623228
21741791.742958
21977821.3285799
21917676.7609147
21883553.9259771
21861814.3953312
21846862.5902206
21835854.3124908
21827989.7779195
21822942.9485705
21820198.2359161
21917676.7609147
21894568.1683229
21873137.1602624
21856071.080135
21842774.2964374
21832344.380567
21824760.4096055
21819773.4478494
21817099.1768473
21883553.9259771
21873137.1602624
21859875.0691899
21847027.8034082
21835479.8269349
21825686.8828948
21818444.4609567
21813535.4668293
21811033.9794438
21861814.3953312
21856071.080135
21847027.8034082
21836642.8891036
21826011.3583733
21816442.0647141
21809161.0332937
21804439.9901
21802315.92401
21846862.5902206
21842774.2964374
21835479.8269349
21826011.3583733
21815475.933813
21805156.9312775
21796895.9624938
21792900.062095
21791623.8432178
21835854.3124908
21832344.380567
21825686.8828948
21816442.0647141
21805156.9312775
21792815.6468852
21781782.2610836
21779999.8174528
21780422.7784237
21827989.7779195
21824760.4096055
21818444.4609567
21809161.0332937
21796895.9624938
21781782.2610836
21765980.02384
21768937.1009109
21771501.8593288
21822942.9485705
21819773.4478494
21813535.4668293
21804439.9901
21792900.062095
21779999.8174528
21768937.1009109
21767512.729806
21768199.330405
21820198.2359161
21817099.1768473
21811033.9794438
21802315.92401
21791623.8432178
21780422.7784237
21771501.8593288
21768199.330405
21767590.610605
21967466.3214016
21935975.8390299
21911866.4585946
21894176.2796827
21880985.4753763
21870591.6126074
21862861.6496272
21857783.0156881
21855162.8610833
21935975.8390299
21920404.8557799
21903666.1836082
21889159.5595587
21877046.4207475
21867087.8845354
21859532.0368873
21854553.3765939
21852012.2577677
21911866.4585946
21903666.1836082
21892456.8633611
21880847.0382149
21869956.3573615
21860306.6487236
21852933.1946922
21848137.1362026
21845797.9877053
21894176.2796827
21889159.5595587
21880847.0382149
21870974.8705511
21860435.7511435
21850594.9634002
21842931.4518779
21838558.8381246
21836725.921508
21880985.4753763
21877046.4207475
21869956.3573615
21860435.7511435
21849410.8452619
21838054.1883751
21828667.910082
21825780.7078845
21825291.4127429
21870591.6126074
21867087.8845354
21860306.6487236
21850594.9634002
21838054.1883751
21822771.870849
21807282.5383642
21810012.6859463
21812808.2233695
21862861.6496272
21859532.0368873
21852933.1946922
21842931.4518779
21828667.910082
21807282.5383642
21773629.9779874
21794317.5502166
21802572.7091125
21857783.0156881
21854553.3765939
21848137.1362026
21838558.8381246
21825780.7078845
21810012.6859463
21794317.5502166
21797312.2771972
21800377.7023968
21855162.8610833
21852012.2577677
21845797.9877053
21836725.921508
21825291.4127429
21812808.2233695
21802572.7091125
21800377.7023968
21800676.1762945
21977765.9843851
21963992.1738471
21948569.3087802
21935093.2399606
21923585.2230251
21914086.0568081
21906458.1343649
21901361.7818143
21898816.971148
21963992.1738471
21954760.1547595
21942718.8171684
21930826.7932758
21920045.0947698
21910597.8847208
21903034.2478498
21898069.8306795
21895614.5122195
21948569.3087802
21942718.8171684
21933662.3723365
21923447.0388185
21913255.2619365
21903659.0084143
21896187.5930955
21891474.7191821
21889255.4507611
21935093.2399606
21930826.7932758
21923447.0388185
21914148.4069042
21903625.990352
21893499.8337306
21885530.3684038
21881429.7672688
21879846.9539441
21923585.2230251
21920045.0947698
21913255.2619365
21903625.990352
21892107.6050465
21879787.5326924
21869328.3736925
21867471.5064766
21867713.6566913
21914086.0568081
21910597.8847208
21903659.0084143
21893499.8337306
21879787.5326924
21861694.8279452
21840975.1672652
21848886.5295072
21854018.4633654
21906458.1343649
21903034.2478498
21896187.5930955
21885530.3684038
21869328.3736925
21840975.1672652
21773515.845154
21827834.1413579
21842488.223802
21901361.7818143
21898069.8306795
21891474.7191821
21881429.7672688
21867471.5064766
21848886.5295072
21827834.1413579
21835973.3740543
21841387.0927817
21898816.971148
21895614.5122195
21889255.4507611
21879846.9539441
21867713.6566913
21854018.4633654
21842488.223802
21841387.0927817
21842540.4274564
