21392693.4775973
21316700.7295558
21280433.4301402
21258133.4380419
21242459.980876
21230933.50088
21222684.8799586
21217157.5533214
21214448.6811325
21316700.7295558
21291813.3046497
21269722.8317839
21252120.1640045
21238145.1117818
21227414.5853665
21219436.7506839
21214089.4136587
21211431.4102703
21280433.4301402
21269722.8317839
21256078.444373
21242714.196102
21230737.4674271
21220797.4407874
21213128.2653828
21208054.0344883
21205535.5742128
21258133.4380419
21252120.1640045
21242714.196102
21231950.7182257
21221327.7479212
21211664.4558248
21204004.9885642
21199286.4354951
21197085.032203
21242459.980876
21238145.1117818
21230737.4674271
21221327.7479212
21210895.4448061
21200666.7291939
21192382.6940644
21188281.8591287
21186778.8887346
21230933.50088
21227414.5853665
21220797.4407874
21211664.4558248
21200666.7291939
21188929.4293338
21179151.7383877
21176269.5780993
21176079.606935
21222684.8799586
21219436.7506839
21213128.2653828
21204004.9885642
21192382.6940644
21179151.7383877
21166889.701869
21166361.5627658
21167601.5414852
21217157.5533214
21214089.4136587
21208054.0344883
21199286.4354951
21188281.8591287
21176269.5780993
21166361.5627658
21163973.1414271
21164088.7642255
21214448.6811325
21211431.4102703
21205535.5742128
21197085.032203
21186778.8887346
21176079.606935
21167601.5414852
21164088.7642255
21163271.7043153
21395267.6892478
21335596.5800781
21301947.1297142
21280519.8586062
21265803.6534562
21254962.6983714
21247207.4567377
21242448.0962845
21239801.6953731
21335596.5800781
21312788.5727737
21291709.2276035
21274850.3704835
21261789.39387
21251524.6928382
21244028.4125174
21239359.8744036
21236770.5359175
21301947.1297142
21291709.2276035
21278584.7116617
21265952.9159144
21254621.6807378
21244969.7498106
21237807.5930925
21233275.3883616
21230834.9101703
21280519.8586062
21274850.3704835
21265952.9159144
21255746.86641
21245321.2993766
21235865.1714287
21228734.5034052
21224391.0342575
21222294.3386082
21265803.6534562
21261789.39387
21254621.6807378
21245321.2993766
21234931.3056889
21224781.9221479
21216951.4204556
21213102.8246871
21211806.6125395
21254962.6983714
21251524.6928382
21244969.7498106
21235865.1714287
21224781.9221479
21212719.3959563
21202314.2170887
21200441.8778931
21200801.633159
21247207.4567377
21244028.4125174
21237807.5930925
21228734.5034052
21216951.4204556
21202314.2170887
21186750.6505222
21189539.9183144
21192018.7438308
21242448.0962845
21239359.8744036
21233275.3883616
21224391.0342575
21213102.8246871
21200441.8778931
21189539.9183144
21188099.1297436
21188754.5906005
21239801.6953731
21236770.5359175
21230834.9101703
21222294.3386082
21211806.6125395
21200801.633159
21192018.7438308
21188754.5906005
21188146.1672327
21384094.098741
21352842.4440128
21329013.5297082
21311565.7309578
21298662.292959
21288437.9944958
21280926.9927534
21276042.8307753
21273506.820566
21352842.4440128
21337448.7416788
21320952.4809172
21306651.3124254
21294849.8494668
21285050.4954962
21277659.0792391
21272884.5368958
21270422.1174191
21329013.5297082
21320952.4809172
21309876.2737064
21298545.6249797
21287829.1736442
21278434.8654954
21271179.9903471
21266606.3323469
21264334.9022394
21311565.7309578
21306651.3124254
21298545.6249797
21288796.3288306
21278597.4277372
21268894.9147356
21261385.640466
21257227.6732384
21255441.0916432
21298662.292959
21294849.8494668
21287829.1736442
21278597.4277372
21267745.9678808
21256586.1408531
21247485.8565018
21244706.0160906
21244219.4995138
21288437.9944958
21285050.4954962
21278434.8654954
21268894.9147356
21256586.1408531
21241626.8573691
21226551.5701343
21229218.6851166
21231951.8971725
21280926.9927534
21277659.0792391
21271179.9903471
21261385.640466
21247485.8565018
21226551.5701343
21193431.949178
21213765.7055304
21221879.5318372
21276042.8307753
21272884.5368958
21266606.3323469
21257227.6732384
21244706.0160906
21229218.6851166
21213765.7055304
21216704.4865865
21219716.8914916
21273506.820566
21270422.1174191
21264334.9022394
21255441.0916432
21244219.4995138
21231951.8971725
21221879.5318372
21219716.8914916
21220008.4417699
21393341.6892424
21379542.4548176
21364043.5389175
21350661.9969348
21339404.8816936
21330324.2242816
21323048.0430788
21318071.7639272
21315594.5503295
21379542.4548176
21370233.4378731
21358163.7221595
21346455.8106925
21335962.0170844
21327018.3334164
21319686.6855649
21314845.3489615
21312456.2475923
21364043.5389175
21358163.7221595
21349235.0056591
21339237.0015055
21329483.5138293
21320337.1985205
21312967.3297178
21308379.964109
21306222.2173711
21350661.9969348
21346455.8106925
21339237.0015055
21330277.7249037
21320373.8484967
21310343.5159915
21302509.2235309
21298527.8022804
21296992.6976903
21339404.8816936
21335962.0170844
21329483.5138293
21320373.8484967
21308991.637268
21296861.2553413
21286613.1394597
21284826.8622122
21285079.5853703
21330324.2242816
21327018.3334164
21320337.1985205
21310343.5159915
21296861.2553413
21279088.2154829
21258746.4675367
21266557.2894446
21271618.1045707
21323048.0430788
21319686.6855649
21312967.3297178
21302509.2235309
21286613.1394597
21258746.4675367
21192311.1393728
21245835.3626073
21260275.6838874
21318071.7639272
21314845.3489615
21308379.964109
21298527.8022804
21284826.8622122
21266557.2894446
21245835.3626073
21253862.7131411
21259200.1272663
21315594.5503295
21312456.2475923
21306222.2173711
21296992.6976903
21285079.5853703
21271618.1045707
21260275.6838874
21259200.1272663
21260339.4132685
