20821525.9670353
20746048.7206682
20710222.769395
20688377.173856
20673038.1553843
20661689.0722231
20653659.7548886
20648254.6295129
20645662.4177771
20746048.7206682
20721422.1586838
20699701.4003033
20682478.8163564
20668838.1640551
20658268.7844765
20650499.5232353
20645267.9373908
20642713.2251807
20710222.769395
20699701.4003033
20686332.6961034
20673286.9625037
20661523.1581187
20651810.3580597
20644351.6040921
20639386.9632287
20636948.0688662
20688377.173856
20682478.8163564
20673286.9625037
20662719.4566205
20652323.288127
20642883.4727996
20635464.5274382
20630837.6407405
20628680.072333
20673038.1553843
20668838.1640551
20661523.1581187
20652323.288127
20642116.0698709
20632131.9778129
20624147.5386491
20620098.030656
20618588.5419703
20661689.0722231
20658268.7844765
20651810.3580597
20642883.4727996
20632131.9778129
20620664.5240225
20611094.2407522
20608347.9729086
20608100.4231927
20653659.7548886
20650499.5232353
20644351.6040921
20635464.5274382
20624147.5386491
20611094.2407522
20599366.201555
20598625.4307203
20599777.3600891
20648254.6295129
20645267.9373908
20639386.9632287
20630837.6407405
20620098.030656
20608347.9729086
20598625.4307203
20596224.4472944
20596312.2452407
20645662.4177771
20642713.2251807
20636948.0688662
20628680.072333
20618588.5419703
20608100.4231927
20599777.3600891
20596312.2452407
20595499.9571878
20823650.4235423
20764405.7980909
20731168.9927473
20710111.6201084
20695551.0620334
20684872.0077079
20677225.4522737
20672653.0716312
20670111.2933849
20764405.7980909
20741844.2978124
20721090.3684099
20704453.9372297
20691601.5127315
20681508.7217372
20674090.2112757
20669641.7288715
20667148.0790754
20731168.9927473
20721090.3684099
20708117.6787246
20695701.8574545
20684598.9520102
20675085.6157577
20667970.2952174
20663704.9289381
20661343.1350666
20710111.6201084
20704453.9372297
20695701.8574545
20685740.8607144
20675480.898493
20666125.6735894
20659045.7950525
20655030.3730677
20652985.6084116
20695551.0620334
20691601.5127315
20684598.9520102
20675480.898493
20665234.1308469
20655215.0176526
20647446.9296208
20643998.8262987
20642714.3731356
20684872.0077079
20681508.7217372
20675085.6157577
20666125.6735894
20655215.0176526
20643333.7365122
20633403.559571
20631612.9451358
20631925.2741532
20677225.4522737
20674090.2112757
20667970.2952174
20659045.7950525
20647446.9296208
20633403.559571
20618360.036787
20620918.4958959
20623302.5573379
20672653.0716312
20669641.7288715
20663704.9289381
20655030.3730677
20643998.8262987
20631612.9451358
20620918.4958959
20619461.2843867
20620085.3597955
20670111.2933849
20667148.0790754
20661343.1350666
20652985.6084116
20642714.3731356
20631925.2741532
20623302.5573379
20620085.3597955
20619480.4777537
20811783.0263631
20780741.5747484
20757128.0189674
20739915.6825659
20727159.9496881
20717103.6387024
20709809.2958067
20705064.4051968
20702606.0336551
20780741.5747484
20765476.1003942
20749167.2692776
20735021.1738466
20723447.4118298
20713813.6292165
20706599.7584453
20701975.4662171
20699587.4131434
20757128.0189674
20749167.2692776
20738193.2066221
20727086.844565
20716624.6261913
20707393.3471621
20700242.5144286
20695832.9257155
20693628.2873052
20739915.6825659
20735021.1738466
20727086.844565
20717729.9225806
20707564.2477028
20698047.001093
20690623.9380105
20686649.8455025
20684915.9626644
20727159.9496881
20723447.4118298
20716624.6261913
20707564.2477028
20696953.3252944
20685945.1241934
20676974.9991366
20674378.2909287
20673914.3003036
20717103.6387024
20713813.6292165
20707393.3471621
20698047.001093
20685945.1241934
20671264.1159813
20656535.3502394
20659191.0013789
20661876.5548655
20709809.2958067
20706599.7584453
20700242.5144286
20690623.9380105
20676974.9991366
20656535.3502394
20624015.0726945
20644006.0993454
20651983.6293797
20705064.4051968
20701975.4662171
20695832.9257155
20686649.8455025
20674378.2909287
20659191.0013789
20644006.0993454
20646899.1108614
20649863.1536498
20702606.0336551
20699587.4131434
20693628.2873052
20684915.9626644
20673914.3003036
20661876.5548655
20651983.6293797
20649863.1536498
20650152.5918895
20820133.1375383
20806344.421686
20790765.7563103
20777337.2525646
20766220.1137338
20757409.4506167
20750496.6472595
20745610.2684792
20743188.358598
20806344.421686
20796982.243488
20784842.9255402
20773180.7786763
20762827.2838658
20754242.7899952
20747198.1317176
20742448.8236641
20740114.3340452
20790765.7563103
20784842.9255402
20775948.8150392
20766045.6121596
20756508.4057566
20747848.1617834
20740606.6901749
20736112.0752352
20734005.7759729
20777337.2525646
20773180.7786763
20766045.6121596
20757284.4368999
20747812.4136268
20738095.6968893
20730336.4119674
20726448.3069291
20724956.0138361
20766220.1137338
20762827.2838658
20756508.4057566
20747812.4136268
20736824.4628554
20724813.9923738
20714711.4140039
20712997.033532
20713265.5507939
20757409.4506167
20754242.7899952
20747848.1617834
20738095.6968893
20724813.9923738
20707320.7352499
20687316.5549971
20695045.4805786
20700045.6404493
20750496.6472595
20747198.1317176
20740606.6901749
20730336.4119674
20714711.4140039
20687316.5549971
20621865.9050297
20674658.099841
20688900.9274622
20745610.2684792
20742448.8236641
20736112.0752352
20726448.3069291
20712997.033532
20695045.4805786
20674658.099841
20682591.4935272
20687861.1292502
20743188.358598
20740114.3340452
20734005.7759729
20724956.0138361
20713265.5507939
20700045.6404493
20688900.9274622
20687861.1292502
20688992.2724688
