20320244.6896729
20244996.715388
20209394.5435472
20187824.4984786
20172704.4416659
20161473.5212778
20153547.307505
20148278.1348741
20145683.1196587
20244996.715388
20220492.838536
20198974.7209656
20181977.6691111
20168554.1610037
20158056.57032
20150401.8222827
20145243.6661589
20142754.5231913
20209394.5435472
20198974.7209656
20185758.6907802
20172920.9966519
20161272.8807591
20151667.3708545
20144315.4063411
20139408.0105169
20137035.2647247
20187824.4984786
20181977.6691111
20172920.9966519
20162513.2474649
20152164.8278235
20142832.1344304
20135524.0940781
20130956.5873689
20128836.2659982
20172704.4416659
20168554.1610037
20161272.8807591
20152164.8278235
20142064.9012058
20132189.0153397
20124335.5577371
20120336.6482651
20118830.2298595
20161473.5212778
20158056.57032
20151667.3708545
20142832.1344304
20132189.0153397
20120854.4523712
20111490.039142
20108727.2642196
20108430.0781596
20153547.307505
20150401.8222827
20144315.4063411
20135524.0940781
20124335.5577371
20111490.039142
20099850.7178298
20099087.628777
20100167.9378137
20148278.1348741
20145243.6661589
20139408.0105169
20130956.5873689
20120336.6482651
20108727.2642196
20099087.628777
20096650.3270172
20096709.5255961
20145683.1196587
20142754.5231913
20137035.2647247
20128836.2659982
20118830.2298595
20108430.0781596
20100167.9378137
20096709.5255961
20095890.35945
20321862.2765485
20262811.5220188
20229788.6950841
20208965.5573015
20194470.904502
20183961.5384296
20176297.4470998
20171661.0743335
20169332.8910273
20262811.5220188
20240368.0303029
20219803.1186222
20203274.6422248
20190529.8275533
20180557.9706798
20173163.891811
20168776.2995806
20166397.5337956
20229788.6950841
20219803.1186222
20206893.4816258
20194590.6074049
20183660.9695974
20174198.273029
20167066.8913999
20162945.7274029
20160643.1634869
20208965.5573015
20203274.6422248
20194590.6074049
20184716.4351877
20174604.65263
20165295.1791398
20158188.9977783
20154366.3055652
20152356.4577365
20194470.904502
20190529.8275533
20183660.9695974
20174604.65263
20164437.0688442
20154441.2264465
20146645.5023514
20143450.3361958
20142171.755076
20183961.5384296
20180557.9706798
20174198.273029
20165295.1791398
20154441.2264465
20142601.1309096
20132651.04096
20131194.8172688
20131471.8350448
20176297.4470998
20173163.891811
20167066.8913999
20158188.9977783
20146645.5023514
20132651.04096
20118380.1291599
20120604.2297621
20122912.3826354
20171661.0743335
20168776.2995806
20162945.7274029
20154366.3055652
20143450.3361958
20131194.8172688
20120604.2297621
20119107.0535339
20119702.4945941
20169332.8910273
20166397.5337956
20160643.1634869
20152356.4577365
20142171.755076
20131471.8350448
20122912.3826354
20119702.4945941
20119090.9799151
20309240.2009723
20278290.5102403
20254760.6906472
20237651.8678053
20224965.64156
20215263.5101237
20207851.5249184
20203120.9777591
20200765.1983894
20278290.5102403
20263072.8634571
20246844.1370038
20232746.3073681
20221278.1037624
20211760.0791423
20204677.9922463
20200102.3380472
20197778.8532396
20254760.6906472
20246844.1370038
20235889.6875889
20224884.7756796
20214732.9542989
20205459.5378438
20198374.4944506
20194039.5558708
20191874.5601213
20237651.8678053
20232746.3073681
20224884.7756796
20215608.3669436
20205565.6105778
20196255.5662405
20188829.255801
20184942.104953
20183234.7245993
20224965.64156
20221278.1037624
20214732.9542989
20205565.6105778
20195212.2715777
20184235.6152339
20175279.7914288
20172774.0036853
20172319.4343056
20215263.5101237
20211760.0791423
20205459.5378438
20196255.5662405
20184235.6152339
20169661.511789
20155058.7366929
20157712.3710482
20160372.1802352
20207851.5249184
20204677.9922463
20198374.4944506
20188829.255801
20175279.7914288
20155058.7366929
20122859.9378959
20142641.8050069
20150548.1571744
20203120.9777591
20200102.3380472
20194039.5558708
20184942.104953
20172774.0036853
20157712.3710482
20142641.8050069
20145500.9291082
20148437.8739384
20200765.1983894
20197778.8532396
20191874.5601213
20183234.7245993
20172319.4343056
20160372.1802352
20150548.1571744
20148437.8739384
20148721.8460065
20316655.9137698
20302858.157696
20287178.4686492
20273628.8225507
20262549.7663975
20253852.341453
20247217.4905023
20242420.8945023
20240035.5445806
20302858.157696
20293442.3497997
20281197.6422721
20269499.7206292
20259163.9784346
20250762.4659074
20244026.0855871
20239299.3621244
20236993.5720073
20287178.4686492
20281197.6422721
20272279.6047655
20262359.099768
20252903.1832097
20244583.5100421
20237502.4472383
20233027.1924075
20230941.1480181
20273628.8225507
20269499.7206292
20262359.099768
20253617.6639164
20244353.465356
20235119.7849082
20227313.8781503
20223443.4351366
20221964.8459288
20262549.7663975
20259163.9784346
20252903.1832097
20244353.465356
20233943.701288
20221883.0969268
20211786.2305057
20210088.7599647
20210360.7579103
20253852.341453
20250762.4659074
20244583.5100421
20235119.7849082
20221883.0969268
20204462.9169641
20184564.9134325
20192257.70327
20197232.7714141
20247217.4905023
20244026.0855871
20237502.4472383
20227313.8781503
20211786.2305057
20184564.9134325
20119465.6282316
20171995.0475428
20186162.3901221
20242420.8945023
20239299.3621244
20233027.1924075
20223443.4351366
20210088.7599647
20192257.70327
20171995.0475428
20179892.4203483
20185135.0519949
20240035.5445806
20236993.5720073
20230941.1480181
20221964.8459288
20210360.7579103
20197232.7714141
20186162.3901221
20185135.0519949
20186261.4779836
