19817241.2635278
19742188.1740877
19706772.6769876
19685432.050342
19670517.4122987
19659426.5047828
19651610.5605666
19646468.5288554
19643893.9534457
19742188.1740877
19717793.5158094
19696455.8015221
19679650.3191888
19666439.0668604
19656065.2103791
19648513.3932306
19643499.2843521
19641012.2974691
19706772.6769876
19696455.8015221
19683431.456974
19670750.568116
19659246.4129117
19649742.2809264
19642492.6911253
19637671.33508
19635363.558747
19685432.050342
19679650.3191888
19670750.568116
19660535.0603863
19650266.6044212
19641013.0680744
19633802.8248037
19629305.9977243
19627251.5251841
19670517.4122987
19666439.0668604
19659246.4129117
19650266.6044212
19640251.6675546
19630473.215331
19622724.8676946
19618821.9213328
19617337.3087473
19659426.5047828
19656065.2103791
19649742.2809264
19641013.0680744
19630473.215331
19619227.0269079
19609971.9225471
19607320.49364
19607023.1450555
19651610.5605666
19648513.3932306
19642492.6911253
19633802.8248037
19622724.8676946
19609971.9225471
19598474.9537376
19597765.9287385
19598828.7206503
19646468.5288554
19643499.2843521
19637671.33508
19629305.9977243
19618821.9213328
19607320.49364
19597765.9287385
19595343.6610697
19595397.1669842
19643893.9534457
19641012.2974691
19635363.558747
19627251.5251841
19617337.3087473
19607023.1450555
19598828.7206503
19595397.1669842
19594582.9033053
19818351.5860615
19759467.826765
19726621.7865161
19706007.547312
19691594.3196409
19681242.0627647
19673610.2437752
19668914.5437639
19666758.841376
19759467.826765
19737127.0233523
19716737.1750232
19700321.2754443
19687688.2893933
19677895.3568706
19670512.8225489
19666024.4349928
19663865.8999785
19726621.7865161
19716737.1750232
19704009.6953494
19691731.8025951
19680909.5653298
19671577.9075484
19664466.400649
19660333.8580386
19658186.1838623
19706007.547312
19700321.2754443
19691731.8025951
19681937.1987674
19672050.559514
19662768.4005517
19655668.7663808
19651950.6394818
19649993.8145086
19691594.3196409
19687688.2893933
19680909.5653298
19672050.559514
19661931.789999
19651996.7392473
19644201.5927498
19641170.764031
19639906.0669006
19681242.0627647
19677895.3568706
19671577.9075484
19662768.4005517
19651996.7392473
19640190.9725986
19630218.312825
19629027.193549
19629296.7243642
19673610.2437752
19670512.8225489
19664466.400649
19655668.7663808
19644201.5927498
19630218.312825
19615847.4194923
19618513.8331182
19620807.4300173
19668914.5437639
19666024.4349928
19660333.8580386
19651950.6394818
19641170.764031
19629027.193549
19618513.8331182
19617036.1260127
19617622.87998
19666758.841376
19663865.8999785
19658186.1838623
19649993.8145086
19639906.0669006
19629296.7243642
19620807.4300173
19617622.87998
19617014.8065471
19805005.3915905
19774139.6069746
19750679.3333275
19733649.3332043
19721009.7090505
19711545.2090317
19704107.3747043
19699411.9282103
19697146.8986539
19774139.6069746
19758965.4964365
19742803.2998987
19728740.7875334
19717352.0768134
19708141.8450139
19701000.4509583
19696421.2842829
19694200.4377131
19750679.3333275
19742803.2998987
19731939.7259391
19720949.9509135
19710930.3644907
19701742.5840778
19694789.7224553
19690465.1514829
19688373.42731
19733649.3332043
19728740.7875334
19720949.9509135
19711699.7014393
19702065.3231231
19692727.5640192
19685358.8295569
19681513.147387
19679834.4673739
19721009.7090505
19717352.0768134
19710930.3644907
19702065.3231231
19691666.9061565
19680889.2627358
19671953.6074944
19669479.6476439
19669026.3549519
19711545.2090317
19708141.8450139
19701742.5840778
19692727.5640192
19680889.2627358
19666440.1775925
19652015.7651994
19654558.8606328
19657183.2823023
19704107.3747043
19701000.4509583
19694789.7224553
19685358.8295569
19671953.6074944
19652015.7651994
19620561.8676853
19639633.1960832
19647441.2611037
19699411.9282103
19696421.2842829
19690465.1514829
19681513.147387
19669479.6476439
19654558.8606328
19639633.1960832
19642438.655126
19645346.6007316
19697146.8986539
19694200.4377131
19688373.42731
19679834.4673739
19669026.3549519
19657183.2823023
19647441.2611037
19645346.6007316
19645627.4690039
19811522.7141418
19797734.0993235
19781990.9779877
19768329.4239599
19757242.339526
19748567.1833393
19742137.1683152
19737471.5459981
19735122.6426054
19797734.0993235
19788286.6141464
19775952.9723895
19764210.3898965
19753851.5068248
19745493.6589008
19739048.6172794
19734392.4998169
19732120.6268341
19781990.9779877
19775952.9723895
19766943.084815
19757044.2161087
19747600.4220849
19739457.5198729
19732687.6601587
19728209.6171068
19726145.5572506
19768329.4239599
19764210.3898965
19757044.2161087
19748297.3001991
19739115.997667
19730314.9523153
19722624.3501488
19718745.0489335
19717272.0721306
19757242.339526
19753851.5068248
19747600.4220849
19739115.997667
19729014.5330884
19717393.6195397
19707249.7786615
19705524.5303627
19705782.2876009
19748567.1833393
19745493.6589008
19739457.5198729
19730314.9523153
19717393.6195397
19700038.4527313
19680252.8918059
19687846.3548819
19692769.1937338
19742137.1683152
19739048.6172794
19732687.6601587
19722624.3501488
19707249.7786615
19680252.8918059
19615605.7746065
19667740.1037158
19681789.5912512
19737471.5459981
19734392.4998169
19728209.6171068
19718745.0489335
19705524.5303627
19687846.3548819
19667740.1037158
19675572.0022362
19680771.5907679
19735122.6426054
19732120.6268341
19726145.5572506
19717272.0721306
19705782.2876009
19692769.1937338
19681789.5912512
19680771.5907679
19681889.0372701
