19311597.7424894
19236729.6218298
19201470.8718772
19180321.5817575
19165589.8910454
19154637.6579491
19146930.3586073
19141892.8191329
19139355.896874
19236729.6218298
19212427.6789189
19191237.2335969
19174600.051057
19161588.3374343
19151337.6447361
19143882.8038321
19138977.5029967
19136521.4173896
19201470.8718772
19191237.2335969
19178372.2140078
19165838.7801605
19154548.2291909
19145106.0967963
19137948.1460233
19133256.2787756
19130961.0565972
19180321.5817575
19174600.051057
19165838.7801605
19155774.2858629
19145610.3028114
19136465.8540148
19129355.0126641
19124944.0506944
19122956.4578731
19165589.8910454
19161588.3374343
19154548.2291909
19145610.3028114
19135699.6865568
19126042.2411847
19118398.1661597
19114592.1441154
19113154.347306
19154637.6579491
19151337.6447361
19145106.0967963
19136465.8540148
19126042.2411847
19114905.2905026
19105772.5014768
19103238.2464686
19102935.1707725
19146930.3586073
19143882.8038321
19137948.1460233
19129355.0126641
19118398.1661597
19105772.5014768
19094380.5261264
19093740.5269227
19094805.0475644
19141892.8191329
19138977.5029967
19133256.2787756
19124944.0506944
19114592.1441154
19103238.2464686
19093740.5269227
19091349.021581
19091406.0885602
19139355.896874
19136521.4173896
19130961.0565972
19122956.4578731
19113154.347306
19102935.1707725
19094805.0475644
19091406.0885602
19090600.9337143
19312205.7909948
19253480.0454004
19220780.7796367
19200348.4120168
19186022.7685389
19175794.8699971
19168225.720542
19163503.1159978
19161451.7842668
19253480.0454004
19231224.8096568
19210978.7877944
19194681.9632403
19182154.3222851
19172512.3243139
19165169.614111
19160619.3635866
19158602.3990424
19220780.7796367
19210978.7877944
19198410.8828121
19186174.6286981
19175414.9497967
19166274.9503592
19159197.5868087
19154949.2740372
19153005.2837998
19200348.4120168
19194681.9632403
19186174.6286981
19176443.5539036
19166730.2185618
19157547.7993794
19150489.4661078
19146714.9961002
19144922.5990586
19186022.7685389
19182154.3222851
19175414.9497967
19166730.2185618
19156712.8576544
19146889.1549795
19139127.3111079
19136192.3754691
19134956.0920535
19175794.8699971
19172512.3243139
19166274.9503592
19157547.7993794
19146889.1549795
19135123.3633637
19125138.5701918
19124187.0667061
19124448.1357706
19168225.720542
19165169.614111
19159197.5868087
19150489.4661078
19139127.3111079
19125138.5701918
19110569.3376767
19113722.1146503
19116026.3829331
19163503.1159978
19160619.3635866
19154949.2740372
19146714.9961002
19136192.3754691
19124187.0667061
19113722.1146503
19112285.5754746
19112873.0644365
19161451.7842668
19158602.3990424
19153005.2837998
19144922.5990586
19134956.0920535
19124448.1357706
19116026.3829331
19112873.0644365
19112272.1181441
19298164.4053092
19267382.2147461
19243984.4771075
19227016.7762306
19214406.4822281
19205085.3414164
19197669.8288306
19193027.3180703
19190821.3745257
19267382.2147461
19252246.7536723
19236135.7708046
19222100.565137
19210762.4024573
19201776.7790913
19194617.9971613
19190063.7709103
19187915.0350222
19243984.4771075
19236135.7708046
19225331.3444309
19214353.6627167
19204301.8942351
19195410.1828791
19188517.4025672
19184169.4438
19182166.6698695
19227016.7762306
19222100.565137
19214353.6627167
19205113.2620851
19195722.1890828
19186464.3995649
19179222.9932457
19175353.099434
19173739.8812199
19214406.4822281
19210762.4024573
19204301.8942351
19195722.1890828
19185356.8928525
19174883.4649847
19165982.5575728
19163510.9522718
19163061.9125071
19205085.3414164
19201776.7790913
19195410.1828791
19186464.3995649
19174883.4649847
19160550.9743283
19146180.4529699
19148741.4974016
19151336.5231012
19197669.8288306
19194617.9971613
19188517.4025672
19179222.9932457
19165982.5575728
19146180.4529699
19114528.4790692
19133905.8037909
19141677.6220838
19193027.3180703
19190063.7709103
19184169.4438
19175353.099434
19163510.9522718
19148741.4974016
19133905.8037909
19136717.8862513
19139603.8602225
19190821.3745257
19187915.0350222
19182166.6698695
19173739.8812199
19163061.9125071
19151336.5231012
19141677.6220838
19139603.8602225
19139882.5339814
19303809.4802486
19290041.8821711
19274263.5851166
19260507.4768791
19249387.5523561
19240701.1318924
19234376.3572975
19229847.2975375
19227523.7168831
19290041.8821711
19280579.1582827
19268179.4751831
19256380.2041646
19245976.8237513
19237606.6159867
19231353.9588869
19226806.8513454
19224561.08753
19274263.5851166
19268179.4751831
19259075.7643678
19249174.5725918
19239693.4481473
19231585.1159124
19225162.3561694
19220707.1825166
19218664.7226968
19260507.4768791
19256380.2041646
19249174.5725918
19240410.889254
19231243.0472065
19222711.6790627
19215288.8818944
19211372.1758466
19209904.7415399
19249387.5523561
19245976.8237513
19239693.4481473
19231243.0472065
19221210.271674
19210283.0320318
19200094.9610101
19198313.4528858
19198548.9201499
19240701.1318924
19237606.6159867
19231585.1159124
19222711.6790627
19210283.0320318
19193028.8531066
19173352.0578916
19180811.365813
19185667.7335083
19234376.3572975
19231353.9588869
19225162.3561694
19215288.8818944
19200094.9610101
19173352.0578916
19109342.101615
19160890.5516818
19174790.0344851
19229847.2975375
19226806.8513454
19220707.1825166
19211372.1758466
19198313.4528858
19180811.365813
19160890.5516818
19168632.747128
19173778.41646
19227523.7168831
19224561.08753
19218664.7226968
19209904.7415399
19198548.9201499
19185667.7335083
19174790.0344851
19173778.41646
19174883.6059069
