18805267.9992922
18730579.781568
18695459.717534
18674475.7102493
18659901.5650077
18649083.7867881
18641483.3857305
18636536.9842521
18634041.624963
18730579.781568
18706361.4592632
18685297.7112379
18668821.3690646
18655968.5397826
18645838.8706843
18638480.4308392
18633666.1433946
18631249.2631771
18695459.717534
18685297.7112379
18672561.7183467
18660162.5988854
18649046.9306495
18639704.1179693
18632629.5318881
18628031.9979829
18625771.2665452
18674475.7102493
18668821.3690646
18660162.5988854
18650232.3904854
18640184.2099496
18631151.9369738
18624145.2550728
18619852.678361
18617883.2286179
18659901.5650077
18655968.5397826
18649046.9306495
18640184.2099496
18630436.7895016
18620875.3157041
18613315.8531275
18609565.9501045
18608206.4599738
18649083.7867881
18645838.8706843
18639704.1179693
18631151.9369738
18620875.3157041
18609920.2657227
18600878.5378051
18598418.9724697
18598106.098302
18641483.3857305
18638480.4308392
18632629.5318881
18624145.2550728
18613315.8531275
18600878.5378051
18589480.6101689
18588978.6163108
18590046.4399615
18636536.9842521
18633666.1433946
18628031.9979829
18619852.678361
18609565.9501045
18598418.9724697
18588978.6163108
18586621.1926264
18586683.7643527
18634041.624963
18631249.2631771
18625771.2665452
18617883.2286179
18608206.4599738
18598106.098302
18590046.4399615
18586683.7643527
18585889.1013373
18805378.4571585
18746805.8636643
18714235.1238893
18693963.9039382
18679726.8667954
18669594.315071
18662105.9667519
18657383.3450345
18655383.9164639
18746805.8636643
18724626.9732457
18704504.2804938
18688354.3504482
18675897.6287986
18666367.6898872
18659089.0832411
18654518.7574981
18652574.700599
18714235.1238893
18704504.2804938
18692068.9725399
18679896.2029628
18669191.6720484
18660233.9559975
18653195.1902511
18648885.5807792
18647056.3653926
18693963.9039382
18688354.3504482
18679896.2029628
18670228.0385233
18660646.882191
18651574.0713133
18644589.0403074
18640693.1365607
18639085.0308726
18679726.8667954
18675897.6287986
18669191.6720484
18660646.882191
18650837.0330351
18641062.298514
18633345.4775756
18630369.8070889
18629248.6126724
18669594.315071
18666367.6898872
18660233.9559975
18651574.0713133
18641062.298514
18629396.9524556
18619398.6185338
18618620.8518098
18618867.7697637
18662105.9667519
18659089.0832411
18653195.1902511
18644589.0403074
18633345.4775756
18619398.6185338
18604660.7711395
18608203.4993553
18610520.8011514
18657383.3450345
18654518.7574981
18648885.5807792
18640693.1365607
18630369.8070889
18618620.8518098
18608203.4993553
18606812.5905788
18607402.4518372
18655383.9164639
18652574.700599
18647056.3653926
18639085.0308726
18629248.6126724
18618867.7697637
18610520.8011514
18607402.4518372
18606809.6886676
18790662.6660644
18759963.8227506
18736626.3397337
18719713.1563571
18707125.1094788
18697880.19428
18690512.7117141
18685932.2766548
18683758.9608249
18759963.8227506
18744866.0198684
18728800.3781093
18714799.3531952
18703505.3274333
18694633.0048119
18687504.8784161
18682997.9780684
18680890.4575818
18736626.3397337
18728800.3781093
18718043.6779496
18707093.4498828
18697016.1082043
18688419.3536365
18681501.962235
18677165.7496696
18675217.9635447
18719713.1563571
18714799.3531952
18707093.4498828
18697858.237789
18688607.2058695
18679394.4264687
18672360.7941048
18668445.7278668
18666901.8238204
18707125.1094788
18703505.3274333
18697016.1082043
18688607.2058695
18678598.160067
18668090.658282
18659291.6209154
18656779.4854628
18656361.1353981
18697880.19428
18694633.0048119
18688419.3536365
18679394.4264687
18668090.658282
18653903.7096323
18639464.8575206
18642202.3567895
18644774.3716507
18690512.7117141
18687504.8784161
18681501.962235
18672360.7941048
18659291.6209154
18639464.8575206
18607192.1741165
18627445.5535974
18635207.9756485
18685932.2766548
18682997.9780684
18677165.7496696
18668445.7278668
18656779.4854628
18642202.3567895
18627445.5535974
18630294.3975082
18633158.6724815
18683758.9608249
18680890.4575818
18675217.9635447
18666901.8238204
18656361.1353981
18644774.3716507
18635207.9756485
18633158.6724815
18633434.5734283
18795454.0679091
18781714.379979
18765920.6067353
18752086.8682646
18740928.4219519
18732213.7350036
18725920.4792723
18721521.3873935
18719211.5525925
18781714.379979
18772247.5876912
18759801.4169063
18747927.1106723
18737500.9273741
18729104.5184199
18722944.5676264
18718515.2847533
18716286.0273737
18765920.6067353
18759801.4169063
18750628.4081275
18740711.0033282
18731193.155708
18723059.8128998
18716865.5112492
18712493.0311645
18710465.7784395
18752086.8682646
18747927.1106723
18740711.0033282
18731933.4869318
18722759.405473
18714209.1058566
18707245.9970067
18703285.2691051
18701819.7987263
18740928.4219519
18737500.9273741
18731193.155708
18722759.405473
18712827.1548666
18702257.092304
18692262.9292507
18690396.7146255
18690606.3422043
18732213.7350036
18729104.5184199
18723059.8128998
18714209.1058566
18702257.092304
18685431.9858882
18665803.6034617
18673096.3129829
18677874.4103611
18725920.4792723
18722944.5676264
18716865.5112492
18707245.9970067
18692262.9292507
18665803.6034617
18602564.9713559
18653390.4442006
18667112.4348756
18721521.3873935
18718515.2847533
18712493.0311645
18703285.2691051
18690396.7146255
18673096.3129829
18653390.4442006
18661024.2989622
18666105.9526381
18719211.5525925
18716286.0273737
18710465.7784395
18701819.7987263
18690606.3422043
18677874.4103611
18667112.4348756
18666105.9526381
18667195.8570447
