16647701.2455691
16646957.9017719
16645534.9014757
16643540.1489851
16641314.2412614
16639149.1380325
16637419.5458623
16636217.2047452
16635662.2174371
16646957.9017719
16646129.20902
16644527.8943913
16642312.19948
16639833.1257799
16637441.8135075
16635512.6957539
16634203.9329291
16633623.3619032
16645534.9014757
16644527.8943913
16642583.3123362
16639967.3523063
16636910.7485419
16634005.8637673
16631642.7969491
16630150.3338141
16629547.1083157
16643540.1489851
16642312.19948
16639967.3523063
16636666.3089165
16632755.2154407
16628826.7850608
16625705.5492854
16624052.9657636
16623524.930915
16641314.2412614
16639833.1257799
16636910.7485419
16632755.2154407
16627551.888683
16621995.6135357
16617603.1480976
16616109.3644153
16615949.3063693
16639149.1380325
16637441.8135075
16634005.8637673
16628826.7850608
16621995.6135357
16614149.2098194
16607680.1599021
16607199.7740655
16607927.8147752
16637419.5458623
16635512.6957539
16631642.7969491
16625705.5492854
16617603.1480976
16607680.1599021
16598411.5104265
16599728.6719638
16601638.9292196
16636217.2047452
16634203.9329291
16630150.3338141
16624052.9657636
16616109.3644153
16607199.7740655
16599728.6719638
16598762.6666803
16599513.4362584
16635662.2174371
16633623.3619032
16629547.1083157
16623524.930915
16615949.3063693
16607927.8147752
16601638.9292196
16599513.4362584
16599344.0323468
16665490.7059766
16664757.6684167
16663354.5915122
16661356.8245206
16659257.8995609
16657371.4359178
16655725.3721381
16654697.4301446
16654289.6940775
16664757.6684167
16663939.455643
16662347.1788778
16660125.9045338
16657831.8716771
16655667.0033651
16653805.612869
16652680.9002052
16652234.359257
16663354.5915122
16662347.1788778
16660368.6587841
16657847.7104121
16655037.8128418
16652213.8192879
16649886.2469677
16648601.6903403
16648116.4696705
16661356.8245206
16660125.9045338
16657847.7104121
16654677.3675491
16650909.5575531
16646926.454721
16643798.4566761
16642429.2729863
16642007.24522
16659257.8995609
16657831.8716771
16655037.8128418
16650909.5575531
16645607.2993643
16639858.4018879
16635286.3585915
16634290.8774978
16634267.5698813
16657371.4359178
16655667.0033651
16652213.8192879
16646926.454721
16639858.4018879
16631425.6143039
16624009.158661
16624741.2166388
16625963.8986396
16655725.3721381
16653805.612869
16649886.2469677
16643798.4566761
16635286.3585915
16624009.158661
16611496.2850436
16616311.8149467
16619392.3702648
16654697.4301446
16652680.9002052
16648601.6903403
16642429.2729863
16634290.8774978
16624741.2166388
16616311.8149467
16616245.8470097
16617496.8134654
16654289.6940775
16652234.359257
16648116.4696705
16642007.24522
16634267.5698813
16625963.8986396
16619392.3702648
16617496.8134654
16617519.5459862
16689283.4542435
16688609.3962321
16687343.1973715
16685600.4210321
16683834.1550667
16682160.8938277
16680559.9003435
16679563.5212639
16679092.776846
16688609.3962321
16687857.8475349
16686419.875781
16684473.5030278
16682443.2139337
16680403.7519096
16678605.8005902
16677482.909048
16676977.6452783
16687343.1973715
16686419.875781
16684609.27262
16682321.9096615
16679665.4872834
16676812.5957843
16674531.5017576
16673217.7460506
16672705.8873209
16685600.4210321
16684473.5030278
16682321.9096615
16679196.32504
16675377.9697375
16671189.3242255
16667914.3298729
16666559.6842522
16666255.6693086
16683834.1550667
16682443.2139337
16679665.4872834
16675377.9697375
16669708.8535441
16663264.1493557
16657668.1403104
16657192.6696344
16657820.8016538
16682160.8938277
16680403.7519096
16676812.5957843
16671189.3242255
16663264.1493557
16652489.1712222
16640801.8297997
16644956.53864
16648331.5830632
16680559.9003435
16678605.8005902
16674531.5017576
16667914.3298729
16657668.1403104
16640801.8297997
16611071.5070745
16632280.7151575
16640558.9366971
16679563.5212639
16677482.909048
16673217.7460506
16666559.6842522
16657192.6696344
16644956.53864
16632280.7151575
16636253.5646994
16639668.8680867
16679092.776846
16676977.6452783
16672705.8873209
16666255.6693086
16657820.8016538
16648331.5830632
16640558.9366971
16639668.8680867
16640516.3404829
16718308.9763317
16717695.8052027
16716584.308129
16715202.6703096
16713613.5920712
16712051.3537496
16710799.1416277
16709865.5030661
16709355.0354877
16717695.8052027
16717017.2628893
16715779.6413366
16714172.6475388
16712219.6120341
16710321.8419221
16708830.1546509
16707730.0128662
16707187.8621989
16716584.308129
16715779.6413366
16714258.0705479
16712027.0426462
16709362.9849833
16706711.5201328
16704636.5558054
16703299.0241491
16702775.2049767
16715202.6703096
16714172.6475388
16712027.0426462
16708876.4885545
16704973.3793246
16700892.2673765
16697532.9426473
16696194.2630016
16696006.0375502
16713613.5920712
16712219.6120341
16709362.9849833
16704973.3793246
16699088.8005133
16692190.1536015
16685485.6525588
16685693.8101363
16686919.2078341
16712051.3537496
16710321.8419221
16706711.5201328
16700892.2673765
16692190.1536015
16678851.9950746
16662235.0909586
16670860.4787135
16676316.6974981
16710799.1416277
16708830.1546509
16704636.5558054
16697532.9426473
16685485.6525588
16662235.0909586
16603014.8491612
16653415.7229977
16667375.9421441
16709865.5030661
16707730.0128662
16703299.0241491
16696194.2630016
16685693.8101363
16670860.4787135
16653415.7229977
16661942.0173777
16667468.1930385
16709355.0354877
16707187.8621989
16702775.2049767
16696006.0375502
16686919.2078341
16676316.6974981
16667375.9421441
16667468.1930385
16669088.6814336
