14818554.1332611
14817828.3939405
14816425.6295664
14814463.7359664
14812285.3101637
14810166.2298076
14808425.8319301
14807203.1548
14806643.8908929
14817828.3939405
14817012.1722655
14815433.157067
14813255.6614123
14810795.8889343
14808421.444544
14806466.0882277
14805131.9050415
14804544.1431986
14816425.6295664
14815433.157067
14813517.7572038
14810902.5761452
14807853.3876135
14804902.668083
14802485.6988763
14800960.2319032
14800345.6510618
14814463.7359664
14813255.6614123
14810902.5761452
14807563.1851163
14803601.1236238
14799578.4163248
14796372.4903234
14794685.2694501
14794141.8008407
14812285.3101637
14810795.8889343
14807853.3876135
14803601.1236238
14798256.972393
14792544.3634536
14788022.5460641
14786514.4165534
14786335.5872764
14810166.2298076
14808421.444544
14804902.668083
14799578.4163248
14792544.3634536
14784460.1991255
14777781.7875422
14777327.6390863
14778064.1816604
14808425.8319301
14806466.0882277
14802485.6988763
14796372.4903234
14788022.5460641
14777781.7875422
14768201.6935066
14769611.5833574
14771573.2802312
14807203.1548
14805131.9050415
14800960.2319032
14794685.2694501
14786514.4165534
14777327.6390863
14769611.5833574
14768607.1705285
14769372.2906588
14806643.8908929
14804544.1431986
14800345.6510618
14794141.8008407
14786335.5872764
14778064.1816604
14771573.2802312
14769372.2906588
14769190.1677252
14834220.7597984
14833503.4688873
14832115.6699296
14830149.8208464
14828085.5599571
14826120.484712
14824448.3784555
14823346.2767223
14822833.1007673
14833503.4688873
14832694.735927
14831122.9578828
14828954.4544823
14826632.5060397
14824376.5821403
14822473.0096634
14821263.6453598
14820715.7717656
14832115.6699296
14831122.9578828
14829192.3591851
14826645.1280932
14823748.3729522
14820835.6468135
14818438.0781403
14817050.7022596
14816473.4227699
14830149.8208464
14828954.4544823
14826645.1280932
14823387.8029262
14819484.2932822
14815399.793397
14812165.9364864
14810670.3577108
14810177.9518219
14828085.5599571
14826632.5060397
14823748.3729522
14819484.2932822
14814030.8979417
14808117.1749331
14803386.7419497
14802248.9895291
14802200.6669219
14826120.484712
14824376.5821403
14820835.6468135
14815399.793397
14808117.1749331
14799426.8324873
14791762.3834637
14792402.181259
14793639.3580616
14824448.3784555
14822473.0096634
14818438.0781403
14812165.9364864
14803386.7419497
14791762.3834637
14778856.3578618
14783700.5508855
14786857.8113772
14823346.2767223
14821263.6453598
14817050.7022596
14810670.3577108
14802248.9895291
14792402.181259
14783700.5508855
14783614.421959
14784892.5133573
14822833.1007673
14820715.7717656
14816473.4227699
14810177.9518219
14802200.6669219
14793639.3580616
14786857.8113772
14784892.5133573
14784907.5353502
14855164.1628608
14854487.1081575
14853197.931297
14851408.4653658
14849529.5332753
14847657.8422804
14846028.5073954
14844937.5101658
14844385.1957812
14854487.1081575
14853723.3853785
14852258.8835886
14850249.5423526
14848079.8914598
14845854.9312425
14844012.9662432
14842789.4378037
14842204.8156566
14853197.931297
14852258.8835886
14850436.0913424
14848003.125413
14845145.1662192
14842167.9062644
14839810.3688215
14838386.8392293
14837801.1834953
14851408.4653658
14850249.5423526
14848003.125413
14844717.5501557
14840686.5468554
14836399.7406328
14832986.0083511
14831513.7604897
14831152.4464369
14849529.5332753
14848079.8914598
14845145.1662192
14840686.5468554
14834846.4839519
14828228.3227551
14822426.9038678
14821846.9756263
14822458.7317304
14847657.8422804
14845854.9312425
14842167.9062644
14836399.7406328
14828228.3227551
14817133.5073822
14805064.0733102
14809238.6593919
14812678.9561632
14846028.5073954
14844012.9662432
14839810.3688215
14832986.0083511
14822426.9038678
14805064.0733102
14774369.1121627
14796166.4363898
14804661.5778781
14844937.5101658
14842789.4378037
14838386.8392293
14831513.7604897
14821846.9756263
14809238.6593919
14796166.4363898
14800228.1173263
14803727.4492628
14844385.1957812
14842204.8156566
14837801.1834953
14831152.4464369
14822458.7317304
14812678.9561632
14804661.5778781
14803727.4492628
14804588.6408274
14880626.6194238
14879985.504505
14878800.6624979
14877273.0585046
14875448.285616
14873660.7726564
14872198.9006767
14871138.6041856
14870554.7226736
14879985.504505
14879266.8532562
14877931.0032644
14876128.907177
14873968.8275467
14871852.2178545
14870161.9024864
14868932.8427457
14868319.4208254
14878800.6624979
14877931.0032644
14876266.917278
14873838.2903823
14870956.948007
14868082.941888
14865825.5424177
14864358.3024427
14863768.8996806
14877273.0585046
14876128.907177
14873838.2903823
14870493.5660481
14866355.6937496
14862028.0686495
14858486.8169132
14857027.7783886
14856790.1659066
14875448.285616
14873968.8275467
14870956.948007
14866355.6937496
14860210.0345072
14853037.5501315
14846068.7646434
14846203.9886003
14847425.2723346
14873660.7726564
14871852.2178545
14868082.941888
14862028.0686495
14853037.5501315
14839287.4922952
14822139.6657631
14830927.2551106
14836500.7695208
14872198.9006767
14870161.9024864
14865825.5424177
14858486.8169132
14846068.7646434
14822139.6657631
14761174.4044061
14812958.2964878
14827283.0147998
14871138.6041856
14868932.8427457
14864358.3024427
14857027.7783886
14846203.9886003
14830927.2551106
14812958.2964878
14821691.4654917
14827355.4995801
14870554.7226736
14868319.4208254
14863768.8996806
14856790.1659066
14847425.2723346
14836500.7695208
14827283.0147998
14827355.4995801
14829009.0680809
