12978654.8322819
12977922.465575
12976521.0478195
12974594.8553284
12972429.0438411
12970341.8191516
12968583.7836361
12967351.6778907
12966790.5020094
12977922.465575
12977099.4565772
12975521.5545924
12973365.7420681
12970908.6202491
12968540.9167648
12966551.775886
12965202.5259309
12964609.6798344
12976521.0478195
12975521.5545924
12973609.0926378
12970971.7263071
12967911.4964981
12964903.2567952
12962422.0291944
12960872.3151833
12960249.0743191
12974594.8553284
12973365.7420681
12970971.7263071
12967566.452114
12963520.6858466
12959380.1807459
12956073.4127596
12954358.3698018
12953805.729271
12972429.0438411
12970908.6202491
12967911.4964981
12963520.6858466
12957992.8120486
12952077.3391031
12947395.8019734
12945872.652616
12945698.8551909
12970341.8191516
12968540.9167648
12964903.2567952
12959380.1807459
12952077.3391031
12943680.4160662
12936737.0218452
12936338.1757716
12937112.4668969
12968583.7836361
12966551.775886
12962422.0291944
12956073.4127596
12947395.8019734
12936737.0218452
12926783.4747711
12928328.8627515
12930374.5334675
12967351.6778907
12965202.5259309
12960872.3151833
12954358.3698018
12945872.652616
12936338.1757716
12928328.8627515
12927294.460465
12928089.8090535
12966790.5020094
12964609.6798344
12960249.0743191
12953805.729271
12945698.8551909
12937112.4668969
12930374.5334675
12928089.8090535
12927899.7105067
12992187.8054124
12991460.5322407
12990068.384504
12988153.5566954
12986070.132228
12984038.3367626
12982333.4117948
12981158.2234834
12980583.6242463
12991460.5322407
12990641.6873455
12989068.0099718
12986932.8019827
12984566.5963576
12982237.8397301
12980284.0763115
12978990.8695624
12978383.9725728
12990068.384504
12989068.0099718
12987157.5040152
12984561.7149654
12981556.5396195
12978574.8192194
12976096.9595104
12974608.5976211
12973977.1179355
12988153.5566954
12986932.8019827
12984561.7149654
12981190.7579391
12977142.3670437
12972936.3900939
12969585.2020284
12967967.6349639
12967437.4469184
12986070.132228
12984566.5963576
12981556.5396195
12977142.3670437
12971499.0484026
12965375.1254328
12960462.6007155
12959201.1954988
12959152.1564341
12984038.3367626
12982237.8397301
12978574.8192194
12972936.3900939
12965375.1254328
12956350.386035
12948405.3582036
12948982.0498789
12950265.1639517
12982333.4117948
12980284.0763115
12976096.9595104
12969585.2020284
12960462.6007155
12948405.3582036
12934992.5531333
12939949.8634729
12943225.7480797
12981158.2234834
12978990.8695624
12974608.5976211
12967967.6349639
12959201.1954988
12948982.0498789
12939949.8634729
12939859.0528995
12941184.1846923
12980583.6242463
12978383.9725728
12973977.1179355
12967437.4469184
12959152.1564341
12950265.1639517
12943225.7480797
12941184.1846923
12941197.7778725
13010257.8602914
13009555.1624877
13008223.7074649
13006412.044227
13004417.2119963
13002393.9787665
13000723.3353904
12999552.9059278
12998946.397966
13009555.1624877
13008763.311957
13007254.2011939
13005193.9167796
13002895.278849
13000536.4323972
12998628.3456461
12997317.8517684
12996679.982732
13008223.7074649
13007254.2011939
13005390.6033662
13002839.7716329
12999776.8067936
12996719.7925772
12994259.6598034
12992738.4761941
12992103.0894763
13006412.044227
13005193.9167796
13002839.7716329
12999380.9763822
12995137.0104404
12990727.7964568
12987168.6119116
12985591.6256257
12985195.3651699
13004417.2119963
13002895.278849
12999776.8067936
12995137.0104404
12989087.4084824
12982239.7165595
12976205.9047492
12975546.0573164
12976166.6909676
13002393.9787665
13000536.4323972
12996719.7925772
12990727.7964568
12982239.7165595
12970729.9664516
12958218.7856335
12962464.8999679
12966016.0177727
13000723.3353904
12998628.3456461
12994259.6598034
12987168.6119116
12976205.9047492
12958218.7856335
12926354.3744782
12948900.4576279
12957694.5043317
12999552.9059278
12997317.8517684
12992738.4761941
12985591.6256257
12975546.0573164
12962464.8999679
12948900.4576279
12953096.5898079
12956717.586537
12998946.397966
12996679.982732
12992103.0894763
12985195.3651699
12976166.6909676
12966016.0177727
12957694.5043317
12956717.586537
12957605.5314121
13032109.0208918
13031427.3883272
13030153.7782246
13028462.9981889
13026456.1163383
13024488.2580795
13022874.0530693
13021719.6010268
13021082.9242476
13031427.3883272
13030660.9311504
13029219.7004885
13027235.2188104
13024890.5911391
13022591.0021633
13020751.2170877
13019424.0154551
13018758.7631955
13030153.7782246
13029219.7004885
13027407.9281487
13024797.9956887
13021712.5982959
13018644.1140624
13016235.3533314
13014665.922353
13014028.8124354
13028462.9981889
13027235.2188104
13024797.9956887
13021257.9954948
13016888.513683
13012321.4738241
13008604.8037711
13007047.514572
13006778.5079287
13026456.1163383
13024890.5911391
13021712.5982959
13016888.513683
13010468.8379175
13002973.1813723
12995713.407816
12995809.606575
12997054.8499431
13024488.2580795
13022591.0021633
13018644.1140624
13012321.4738241
13002973.1813723
12988699.9061243
12970910.3713746
12979964.4643423
12985718.2925784
13022874.0530693
13020751.2170877
13016235.3533314
13008604.8037711
12995713.407816
12970910.3713746
12907708.7724069
12961329.9267528
12976152.8821152
13021719.6010268
13019424.0154551
13014665.922353
13007047.514572
12995809.606575
12979964.4643423
12961329.9267528
12970357.3446068
12976215.3558408
13021082.9242476
13018758.7631955
13014028.8124354
13006778.5079287
12997054.8499431
12985718.2925784
12976152.8821152
12976215.3558408
12977921.6489952
