11081855.3042342
11081052.3226343
11079524.0223531
11077442.7028113
11075092.09487
11072808.4583886
11070869.2293807
11069512.4995854
11068881.4139543
11081052.3226343
11080152.8089534
11078436.4696687
11076100.8933554
11073437.6976944
11070835.0952117
11068640.7792173
11067155.4333501
11066490.6184446
11079524.0223531
11078436.4696687
11076359.7625361
11073487.8820743
11070151.3422578
11066845.9574157
11064111.1578564
11062406.8450371
11061710.5224786
11077442.7028113
11076100.8933554
11073487.8820743
11069776.3360453
11065340.133453
11060790.7503283
11057147.4738865
11055264.1618218
11054647.7077756
11075092.09487
11073437.6976944
11070151.3422578
11065340.133453
11059276.8809748
11052779.2433784
11047630.0594326
11045960.7249176
11045761.5567159
11072808.4583886
11070835.0952117
11066845.9574157
11060790.7503283
11052779.2433784
11043562.2893931
11035935.4034347
11035509.5089415
11036348.8987316
11070869.2293807
11068640.7792173
11064111.1578564
11057147.4738865
11047630.0594326
11035935.4034347
11025011.3556564
11026724.3079225
11028958.6294742
11069512.4995854
11067155.4333501
11062406.8450371
11055264.1618218
11045960.7249176
11035509.5089415
11026724.3079225
11025581.7763483
11026446.1257661
11068881.4139543
11066490.6184446
11061710.5224786
11054647.7077756
11045761.5567159
11036348.8987316
11028958.6294742
11026446.1257661
11026231.7252918
11093228.4217056
11092428.4471326
11090905.3301557
11088836.5283109
11086537.9547848
11084278.7046842
11082380.2905559
11081036.631423
11080388.6425529
11092428.4471326
11091530.9372755
11089816.0462473
11087497.6536996
11084878.117094
11082303.796584
11080133.0108254
11078659.9821751
11077977.4770991
11090905.3301557
11089816.0462473
11087743.2967098
11084895.1649693
11081570.7371108
11078286.3269158
11075542.3879255
11073855.2379679
11073147.3154514
11088836.5283109
11087497.6536996
11084895.1649693
11081180.0176452
11076731.3114496
11072105.8564857
11068405.8137489
11066574.8815361
11065980.0036829
11086537.9547848
11084878.117094
11081570.7371108
11076731.3114496
11070540.7842464
11063813.0774854
11058405.0753623
11056966.4865719
11056899.885605
11084278.7046842
11082303.796584
11078286.3269158
11072105.8564857
11063813.0774854
11053908.6115715
11045195.025448
11045767.4651206
11047159.5701338
11082380.2905559
11080133.0108254
11075542.3879255
11068405.8137489
11058405.0753623
11045195.025448
11030489.4402075
11035863.6645731
11039440.1782063
11081036.631423
11078659.9821751
11073855.2379679
11066574.8815361
11056966.4865719
11045767.4651206
11035863.6645731
11035750.3199699
11037193.7132612
11080388.6425529
11077977.4770991
11073147.3154514
11065980.0036829
11056899.885605
11047159.5701338
11039440.1782063
11037193.7132612
11037202.0820232
11108394.1652076
11107609.1161963
11106121.4081642
11104104.2032115
11101854.4291441
11099591.9065214
11097711.6703977
11096380.8855021
11095694.5363568
11107609.1161963
11106727.019498
11105047.8215328
11102758.3241492
11100163.2924681
11097549.1250146
11095413.4661215
11093930.2919327
11093210.5859997
11106121.4081642
11105047.8215328
11102985.3034538
11100154.029559
11096734.3060022
11093357.4597113
11090623.0451328
11088910.4336366
11088195.0179498
11104104.2032115
11102758.3241492
11100154.029559
11096310.5795324
11091642.015509
11086784.0766034
11082851.3406086
11081078.3318624
11080626.2843961
11101854.4291441
11100163.2924681
11096734.3060022
11091642.015509
11084999.8867704
11077477.446459
11070841.7353942
11070072.9070086
11070734.7479107
11099591.9065214
11097549.1250146
11093357.4597113
11086784.0766034
11077477.446459
11064863.8404769
11051151.8939486
11055745.3962375
11059613.9111285
11097711.6703977
11095413.4661215
11090623.0451328
11082851.3406086
11070841.7353942
11051151.8939486
11016260.2105147
11040884.2843205
11050492.821564
11096380.8855021
11093930.2919327
11088910.4336366
11081078.3318624
11070072.9070086
11055745.3962375
11040884.2843205
11045457.2902312
11049410.4418124
11095694.5363568
11093210.5859997
11088195.0179498
11080626.2843961
11070734.7479107
11059613.9111285
11050492.821564
11049410.4418124
11050374.752003
11126530.2240608
11125757.2760349
11124301.3958167
11122337.2544777
11120043.9733295
11117797.1898336
11115960.5157679
11114649.5697666
11113927.8234436
11125757.2760349
11124888.9504524
11123243.9546816
11120967.692979
11118308.3045321
11115707.5458886
11113631.2849692
11112132.6641589
11111380.9562732
11124301.3958167
11123243.9546816
11121183.2301657
11118255.4386707
11114800.1861712
11111367.10988
11108678.8058388
11106917.7439772
11106198.6993878
11122337.2544777
11120967.692979
11118255.4386707
11114322.8589502
11109483.5180118
11104425.4478951
11100316.1903044
11098571.3188477
11098256.713586
11120043.9733295
11118308.3045321
11114800.1861712
11109483.5180118
11102413.1879823
11094176.6463305
11086198.1169489
11086264.6613818
11087607.3774295
11117797.1898336
11115707.5458886
11111367.10988
11104425.4478951
11094176.6463305
11078541.0596076
11059054.5125317
11068918.3863565
11075192.4738047
11115960.5157679
11113631.2849692
11108678.8058388
11100316.1903044
11086198.1169489
11059054.5125317
10989855.640891
11048514.7231207
11064713.0462251
11114649.5697666
11112132.6641589
11106917.7439772
11098571.3188477
11086264.6613818
11068918.3863565
11048514.7231207
11058369.7981156
11064766.4131693
11113927.8234436
11111380.9562732
11106198.6993878
11098256.713586
11087607.3774295
11075192.4738047
11064713.0462251
11064766.4131693
11066624.3838367
