9161060.03714442
9160136.597343
9158384.95588072
9156013.06539594
9153336.14629033
9150714.90688733
9148490.63102053
9146936.44182801
9146210.75369398
9160136.597343
9159104.97304061
9157142.66418143
9154477.93030186
9151440.487677
9148454.78233827
9145938.46789842
9144237.67284844
9143473.73897464
9158384.95588072
9157142.66418143
9154771.70927691
9151490.83347678
9147677.70418794
9143887.07993413
9140750.3868767
9138800.38261601
9138001.0869471
9156013.06539594
9154477.93030186
9151490.83347678
9147249.56381036
9142169.02481226
9136953.70200183
9132772.68015839
9130620.80079925
9129913.96450002
9153336.14629033
9151440.487677
9147677.70418794
9142169.02481226
9135223.82942256
9127774.62625162
9121867.50586187
9119964.94744945
9119737.22166078
9150714.90688733
9148454.78233827
9143887.07993413
9136953.70200183
9127774.62625162
9117207.38822037
9108458.64601551
9107991.54812365
9108955.20789521
9148490.63102053
9145938.46789842
9140750.3868767
9132772.68015839
9121867.50586187
9108458.64601551
9095924.02082482
9097922.6054586
9100487.74324346
9146936.44182801
9144237.67284844
9138800.38261601
9130620.80079925
9119964.94744945
9107991.54812365
9097922.6054586
9096617.58778566
9097609.6619047
9146210.75369398
9143473.73897464
9138001.0869471
9129913.96450002
9119737.22166078
9108955.20789521
9100487.74324346
9097609.6619047
9097364.48371645
9170265.09397737
9169343.06528818
9167592.9122625
9165229.0863043
9162576.6341431
9159973.74208804
9157784.61489738
9156223.22137671
9155476.49001321
9169343.06528818
9168311.54244279
9166347.34126486
9163693.48799673
9160673.29429171
9157711.76753381
9155211.40303797
9153502.07417841
9152716.16251469
9167592.9122625
9166347.34126486
9163978.25344157
9160707.64088966
9156885.45637153
9153111.99114832
9149955.27945763
9148000.6645423
9147186.24710643
9165229.0863043
9163693.48799673
9160707.64088966
9156442.39401831
9151342.51178961
9146035.97055295
9141783.70144445
9139663.57895198
9138979.59683057
9162576.6341431
9160673.29429171
9156885.45637153
9151342.51178961
9144250.21120676
9136535.44233884
9130328.47904849
9128659.25753878
9128581.00433323
9159973.74208804
9157711.76753381
9153111.99114832
9146035.97055295
9136535.44233884
9125179.57129746
9115191.51086034
9115829.90238433
9117424.03027549
9157784.61489738
9155211.40303797
9149955.27945763
9141783.70144445
9130328.47904849
9115191.51086034
9098329.64342009
9104479.47363776
9108579.71057438
9156223.22137671
9153502.07417841
9148000.6645423
9139663.57895198
9128659.25753878
9115829.90238433
9104479.47363776
9104351.29398631
9106006.22531391
9155476.49001321
9152716.16251469
9147186.24710643
9138979.59683057
9128581.00433323
9117424.03027549
9108579.71057438
9106006.22531391
9106016.11559438
9182518.59890757
9181604.40288184
9179869.99733414
9177525.18894944
9174906.28394888
9172294.00348535
9170119.76979545
9168576.63851098
9167783.15706602
9181604.40288184
9180578.95801524
9178626.27930972
9175979.32827047
9172971.33407171
9169953.46339187
9167488.15276276
9165770.76989319
9164939.45219056
9179869.99733414
9178626.27930972
9176248.24187001
9172982.40122537
9169040.10210173
9165151.60072353
9162002.76469266
9160022.90598254
9159197.13326582
9177525.18894944
9175979.32827047
9172982.40122537
9168556.86918465
9163200.00950403
9157622.17542727
9153103.1099268
9151054.24439584
9150530.83195749
9174906.28394888
9172971.33407171
9169040.10210173
9163200.00950403
9155585.43542107
9146961.16157597
9139348.96041294
9138450.26733687
9139203.25589913
9172294.00348535
9169953.46339187
9165151.60072353
9157622.17542727
9146961.16157597
9132510.72494427
9116800.99505723
9122038.80411262
9126465.59760074
9170119.76979545
9167488.15276276
9162002.76469266
9153103.1099268
9139348.96041294
9116800.99505723
9076804.19121453
9105009.26154458
9116015.77405862
9168576.63851098
9165770.76989319
9160022.90598254
9151054.24439584
9138450.26733687
9122038.80411262
9105009.26154458
9110246.68569005
9114775.17205364
9167783.15706602
9164939.45219056
9159197.13326582
9150530.83195749
9139203.25589913
9126465.59760074
9116015.77405862
9114775.17205364
9115879.62530552
9196877.72817576
9195969.23482357
9194249.93285268
9191913.9098174
9189230.43317893
9186614.14204161
9184484.19622044
9182965.08005735
9182129.17084628
9195969.23482357
9194949.4943203
9193009.68077872
9190330.25582713
9187234.85132837
9184218.35306066
9181816.88970625
9180082.96812338
9179213.21463369
9194249.93285268
9193009.68077872
9190596.50262577
9187201.36167102
9183204.99584493
9179243.74981534
9176145.39171485
9174111.38728661
9173279.72355973
9191913.9098174
9190330.25582713
9187201.36167102
9182670.55481309
9177102.38078172
9171289.73784171
9166568.26244502
9164553.54069638
9164185.73407884
9189230.43317893
9187234.85132837
9183204.99584493
9177102.38078172
9168991.71796864
9159549.40957918
9150398.74223887
9150459.64771741
9151990.38669148
9186614.14204161
9184218.35306066
9179243.74981534
9171289.73784171
9159549.40957918
9141638.78129286
9119309.70770447
9130592.15124906
9137771.29434642
9184484.19622044
9181816.88970625
9176145.39171485
9166568.26244502
9150398.74223887
9119309.70770447
9039992.50906494
9107215.06448279
9125766.25962817
9182965.08005735
9180082.96812338
9174111.38728661
9164553.54069638
9150459.64771741
9130592.15124906
9107215.06448279
9118500.61849582
9125825.46906438
9182129.17084628
9179213.21463369
9173279.72355973
9164185.73407884
9151990.38669148
9137771.29434642
9125766.25962817
9125825.46906438
9127952.41268627
