7595077.34613861
7594744.52143736
7594179.47869751
7593576.80674958
7592895.85218106
7592077.77923156
7591017.80381598
7590208.5195736
7589834.60768787
7594744.52143736
7594374.80915294
7593721.81971688
7592892.23793505
7591525.49582754
7590246.42342165
7588933.24478696
7587992.07452572
7587580.61183916
7594179.47869751
7593721.81971688
7592525.61495897
7590939.89105315
7588649.49121273
7586297.79554394
7584682.88543828
7583521.07981468
7583069.11960891
7593576.80674958
7592892.23793505
7590939.89105315
7588045.24777541
7584444.80352322
7580768.03283302
7578182.85692796
7576788.68151653
7576392.05631707
7592895.85218106
7591525.49582754
7588649.49121273
7584444.80352322
7579099.82713675
7573397.54968113
7569222.50496166
7567983.00757803
7567974.03862177
7592077.77923156
7590246.42342165
7586297.79554394
7580768.03283302
7573397.54968113
7564859.82673903
7557885.54128554
7558048.85308862
7559056.22205341
7591017.80381598
7588933.24478696
7584682.88543828
7578182.85692796
7569222.50496166
7557885.54128554
7548098.12954422
7549841.48101735
7552103.07147772
7590208.5195736
7587992.07452572
7583521.07981468
7576788.68151653
7567983.00757803
7558048.85308862
7549841.48101735
7548891.81385974
7549814.73188998
7589834.60768787
7587580.61183916
7583069.11960891
7576392.05631707
7567974.03862177
7559056.22205341
7552103.07147772
7549814.73188998
7549684.72588036
7603249.89054929
7602902.28755008
7602315.03748528
7601788.75276046
7600865.22724386
7599581.32654717
7598498.95000233
7597671.87720933
7597277.45666491
7602902.28755008
7602525.09641171
7601960.08495795
7600930.62551619
7599472.22139219
7597767.88156481
7596400.8753964
7595437.17301564
7595003.9253546
7602315.03748528
7601960.08495795
7600738.18053116
7598938.90857879
7596589.56525994
7594201.17388598
7592109.88912823
7590913.42335303
7590444.3430336
7601788.75276046
7600930.62551619
7598938.90857879
7595986.56441222
7592353.64035155
7588555.63114461
7585438.43576751
7584043.66483537
7583665.35663527
7600865.22724386
7599472.22139219
7596589.56525994
7592353.64035155
7586872.66236763
7580916.74566503
7576029.57769918
7574943.07039542
7575057.75098611
7599581.32654717
7597767.88156481
7594201.17388598
7588555.63114461
7580916.74566503
7571760.35251756
7563750.17975197
7564307.71181929
7565820.28118203
7598498.95000233
7596400.8753964
7592109.88912823
7585438.43576751
7576029.57769918
7563750.17975197
7549684.68394223
7554977.25999522
7558542.22355935
7597671.87720933
7595437.17301564
7590913.42335303
7584043.66483537
7574943.07039542
7564307.71181929
7554977.25999522
7555025.62610046
7556511.38767781
7597277.45666491
7595003.9253546
7590444.3430336
7583665.35663527
7575057.75098611
7565820.28118203
7558542.22355935
7556511.38767781
7556597.78082803
7614026.16402337
7613611.25227136
7612883.68380222
7612246.37644908
7611119.94466851
7609694.225253
7608492.7167033
7607624.15357153
7607176.86961548
7613611.25227136
7613156.49204875
7612560.55787556
7611346.69046557
7609666.90207777
7607826.55444714
7606347.58158852
7605320.13129318
7604833.48151207
7612883.68380222
7612560.55787556
7611181.77338928
7609255.25024015
7606648.76664576
7604015.11296985
7601866.77841344
7600588.48489764
7600092.67078087
7612246.37644908
7611346.69046557
7609255.25024015
7606063.61336222
7602098.13663304
7597948.16698592
7594565.36178899
7593183.18205192
7592922.71382704
7611119.94466851
7609666.90207777
7606648.76664576
7602098.13663304
7596109.20936613
7589279.20200688
7583199.42284934
7582727.91761705
7583525.35010249
7609694.225253
7607826.55444714
7604015.11296985
7597948.16698592
7589279.20200688
7577436.81587396
7564474.46043265
7569057.59626697
7572941.04116777
7608492.7167033
7606347.58158852
7601866.77841344
7594565.36178899
7583199.42284934
7564474.46043265
7530765.99632424
7554849.84889373
7564282.86068828
7607624.15357153
7605320.13129318
7600588.48489764
7593183.18205192
7582727.91761705
7569057.59626697
7554849.84889373
7559453.11344513
7563379.09226127
7607176.86961548
7604833.48151207
7600092.67078087
7592922.71382704
7583525.35010249
7572941.04116777
7564282.86068828
7563379.09226127
7564393.88199507
7627106.05234112
7626618.25166233
7625678.32380123
7624317.13801743
7622795.83472546
7621218.68685299
7619950.08900012
7619056.89274471
7618565.60331794
7626618.25166233
7626013.25897626
7624798.83813372
7623208.85000742
7621243.92540517
7619300.20838272
7617774.57694354
7616691.75019303
7616162.32654546
7625678.32380123
7624798.83813372
7623191.43746818
7620924.43101377
7618108.36532906
7615304.89312715
7613136.62148526
7611775.91046589
7611262.03384634
7624317.13801743
7623208.85000742
7620924.43101377
7617525.76395316
7613299.0237754
7608853.69368867
7605256.67393957
7603873.49240647
7603730.40721436
7622795.83472546
7621243.92540517
7618108.36532906
7613299.0237754
7606833.21062462
7599231.81537223
7591835.76135145
7592156.73053292
7593597.68313226
7621218.68685299
7619300.20838272
7615304.89312715
7608853.69368867
7599231.81537223
7584404.40955874
7565771.23720945
7575548.80221913
7581753.90979733
7619950.08900012
7617774.57694354
7613136.62148526
7605256.67393957
7591835.76135145
7565771.23720945
7498666.45883593
7555926.95248696
7571764.89353461
7619056.89274471
7616691.75019303
7611775.91046589
7603873.49240647
7592156.73053292
7575548.80221913
7555926.95248696
7565661.9996817
7571960.10912037
7618565.60331794
7616162.32654546
7611262.03384634
7603730.40721436
7593597.68313226
7581753.90979733
7571764.89353461
7571960.10912037
7573841.2174884
