7273685.79368252
7273811.00139211
7274118.21200783
7274718.37621158
7275410.02496427
7275873.15981895
7275919.66345822
7275880.87642275
7275856.0052137
7273811.00139211
7273986.71948915
7274390.85922928
7275024.72039489
7275305.4101209
7275618.99601975
7275562.34012896
7275471.98649892
7275430.09048011
7274118.21200783
7274390.85922928
7274569.14152751
7274941.71247222
7274949.42340843
7275117.16856773
7274818.99216945
7274637.6630654
7274571.97979172
7274718.37621158
7275024.72039489
7274941.71247222
7274696.89609109
7274298.05634035
7274106.82496937
7273601.66897177
7273356.82554659
7273290.72343346
7275410.02496427
7275305.4101209
7274949.42340843
7274298.05634035
7273368.09828234
7272426.64487226
7271889.87350944
7271669.88893749
7271667.2158448
7275873.15981895
7275618.99601975
7275117.16856773
7274106.82496937
7272426.64487226
7270900.19297224
7269886.71993146
7269779.29063467
7269942.02081366
7275919.66345822
7275562.34012896
7274818.99216945
7273601.66897177
7271889.87350944
7269886.71993146
7267820.52947335
7268150.18340295
7268576.74904755
7275880.87642275
7275471.98649892
7274637.6630654
7273356.82554659
7271669.88893749
7269779.29063467
7268150.18340295
7267948.8806589
7268119.04178688
7275856.0052137
7275430.09048011
7274571.97979172
7273290.72343346
7271667.2158448
7269942.02081366
7268576.74904755
7268119.04178688
7268086.38430018
7281759.89709392
7281861.3329767
7282125.19725919
7282776.30405082
7283035.75598939
7282881.19507369
7282878.71040875
7282826.79722707
7282794.9542026
7281861.3329767
7282015.93333718
7282498.72946907
7282739.35043917
7282897.04108989
7282618.22073881
7282515.04705593
7282412.80327786
7282364.36795148
7282125.19725919
7282498.72946907
7282625.41543765
7282600.55090687
7282515.10967328
7282073.28880603
7281754.43470228
7281565.58943948
7281495.46395728
7282776.30405082
7282739.35043917
7282600.55090687
7282300.06906176
7281842.77937805
7281057.82568335
7280503.49573838
7280256.20484688
7280192.80366105
7283035.75598939
7282897.04108989
7282515.10967328
7281842.77937805
7280899.30496796
7279868.67383133
7278717.63884682
7278509.99876419
7278530.62214084
7282881.19507369
7282618.22073881
7282073.28880603
7281057.82568335
7279868.67383133
7278197.44080411
7276395.0442372
7276473.88145555
7276741.23383
7282878.71040875
7282515.04705593
7281754.43470228
7280503.49573838
7278717.63884682
7276395.0442372
7273620.31038471
7274633.11813651
7275312.96052714
7282826.79722707
7282412.80327786
7281565.58943948
7280256.20484688
7278509.99876419
7276473.88145555
7274633.11813651
7274625.68622263
7274905.21946489
7282794.9542026
7282364.36795148
7281495.46395728
7280192.80366105
7278530.62214084
7276741.23383
7275312.96052714
7274905.21946489
7274914.60068787
7292362.50192795
7292355.69110885
7292371.82178993
7292619.93040817
7292594.89853082
7292356.31646445
7292220.14134237
7292117.61163608
7292062.51214705
7292355.69110885
7292360.46329033
7292550.9732429
7292514.39422911
7292364.87110637
7292039.02489299
7291830.47910999
7291684.21707047
7291615.41436314
7292371.82178993
7292550.9732429
7292438.02013086
7292222.87897393
7291868.51764991
7291377.22213814
7291005.1845842
7290787.12350326
7290706.30566
7292619.93040817
7292514.39422911
7292222.87897393
7291725.53800834
7291070.00667885
7290261.25968983
7289622.05399831
7289367.03454182
7289323.09438187
7292594.89853082
7292364.87110637
7291868.51764991
7291070.00667885
7289989.42461402
7288720.3900283
7287452.55453168
7287351.39885562
7287502.76517267
7292356.31646445
7292039.02489299
7291377.22213814
7290261.25968983
7288720.3900283
7286479.8147041
7283850.37098715
7284708.99237276
7285446.28283017
7292220.14134237
7291830.47910999
7291005.1845842
7289622.05399831
7287452.55453168
7283850.37098715
7277285.62862283
7281933.58454969
7283751.82738315
7292117.61163608
7291684.21707047
7290787.12350326
7289367.03454182
7287351.39885562
7284708.99237276
7281933.58454969
7282810.15477605
7283563.28417357
7292062.51214705
7291615.41436314
7290706.30566
7289323.09438187
7287502.76517267
7285446.28283017
7283751.82738315
7283563.28417357
7283752.9858711
7305695.77870534
7305582.82678797
7305319.70808998
7304786.44965361
7304265.42768081
7303896.56287285
7303668.67207008
7303527.45271385
7303453.32193751
7305582.82678797
7305400.13077556
7304953.26770339
7304410.32326054
7303936.53531798
7303535.63495485
7303260.40051897
7303078.46270262
7302993.3142106
7305319.70808998
7304953.26770339
7304542.04727016
7303923.52164718
7303340.71207416
7302791.92827015
7302386.24825672
7302140.41531495
7302051.76910454
7304786.44965361
7304410.32326054
7303923.52164718
7303238.93275279
7302435.03287424
7301578.55094719
7300884.86626623
7300622.03450211
7300597.98216831
7304265.42768081
7303936.53531798
7303340.71207416
7302435.03287424
7301217.90284238
7299763.15537224
7298309.47552329
7298360.48557546
7298635.33086469
7303896.56287285
7303535.63495485
7302791.92827015
7301578.55094719
7299763.15537224
7296912.21009071
7293275.89776492
7295144.71536108
7296335.24187097
7303668.67207008
7303260.40051897
7302386.24825672
7300884.86626623
7298309.47552329
7293275.89776492
7280294.39797622
7291335.8613799
7294388.45002987
7303527.45271385
7303078.46270262
7302140.41531495
7300622.03450211
7298360.48557546
7295144.71536108
7291335.8613799
7293203.03382006
7294413.52467987
7303453.32193751
7302993.3142106
7302051.76910454
7300597.98216831
7298635.33086469
7296335.24187097
7294388.45002987
7294413.52467987
7294770.64621705
