7212923.5409399
7213057.67821901
7213378.67942796
7213993.33639677
7214710.92837825
7215196.92392236
7215329.72091539
7215370.82234936
7215383.97196765
7213057.67821901
7213255.27539349
7213704.39206852
7214407.0881732
7214778.81339348
7215168.64026147
7215267.33821474
7215294.72513412
7215303.20033075
7213378.67942796
7213704.39206852
7214005.2109946
7214563.9683524
7214786.05207194
7215081.14057272
7215132.21972223
7215138.70219083
7215140.51940682
7213993.33639677
7214407.0881732
7214563.9683524
7214690.94005288
7214741.11067834
7214917.80675243
7214914.43149235
7214899.99821295
7214898.13488002
7214710.92837825
7214778.81339348
7214786.05207194
7214741.11067834
7214640.75854676
7214569.6780779
7214605.05745553
7214584.76396418
7214590.38453946
7215196.92392236
7215168.64026147
7215081.14057272
7214917.80675243
7214569.6780779
7214588.62189819
7214250.66843689
7214228.88043859
7214261.07225335
7215329.72091539
7215267.33821474
7215132.21972223
7214914.43149235
7214605.05745553
7214250.66843689
7213850.63136263
7213914.94921547
7213997.95988504
7215370.82234936
7215294.72513412
7215138.70219083
7214899.99821295
7214584.76396418
7214228.88043859
7213914.94921547
7213876.47257819
7213909.61296182
7215383.97196765
7215303.20033075
7215140.51940682
7214898.13488002
7214590.38453946
7214261.07225335
7213997.95988504
7213909.61296182
7213903.32809642
7220993.87978339
7221102.44796911
7221374.93642411
7222025.37660945
7222259.58239679
7222106.58677267
7222187.46094889
7222215.35517095
7222223.41796917
7221102.44796911
7221275.18660521
7221792.51909008
7222048.50453284
7222292.75303552
7222073.87053768
7222122.31092176
7222137.6994645
7222141.479127
7221374.93642411
7221792.51909008
7222033.66879384
7222147.60950277
7222280.22673251
7221981.71330158
7221982.52087888
7221978.31631372
7221976.26444784
7222025.37660945
7222048.50453284
7222147.60950277
7222219.68633817
7222220.10468963
7221829.87032813
7221757.75237977
7221733.13679684
7221729.15960184
7222259.58239679
7222292.75303552
7222280.22673251
7222220.10468963
7222118.25958069
7221967.05477018
7221446.84816907
7221405.15453608
7221412.99895515
7222106.58677267
7222073.87053768
7221981.71330158
7221829.87032813
7221967.05477018
7221396.94466467
7221008.06998147
7221018.72047316
7221070.38809071
7222187.46094889
7222122.31092176
7221982.52087888
7221757.75237977
7221446.84816907
7221008.06998147
7220465.34250027
7220662.36766786
7220794.45754073
7222215.35517095
7222137.6994645
7221978.31631372
7221733.13679684
7221405.15453608
7221018.72047316
7220662.36766786
7220661.29594998
7220715.56963898
7222223.41796917
7222141.479127
7221976.26444784
7221729.15960184
7221412.99895515
7221070.38809071
7220794.45754073
7220715.56963898
7220717.34499903
7231580.99808812
7231573.37338166
7231573.75415075
7231723.31894583
7231661.94441442
7231455.66656311
7231404.33993573
7231380.4087076
7231368.65388855
7231573.37338166
7231578.78958556
7231714.08697761
7231672.17759741
7231606.64453298
7231389.84930396
7231327.32423518
7231296.65793697
7231282.28894277
7231573.75415075
7231714.08697761
7231697.02659191
7231614.31304039
7231505.99502021
7231258.28101321
7231167.79582569
7231123.9315507
7231107.20482804
7231723.31894583
7231672.17759741
7231614.31304039
7231503.30495149
7231356.59320078
7231063.04070714
7230908.55513621
7230851.84465621
7230841.2729256
7231661.94441442
7231606.64453298
7231505.99502021
7231356.59320078
7231167.16749425
7230897.56045229
7230507.23783108
7230466.15577524
7230491.23169534
7231455.66656311
7231389.84930396
7231258.28101321
7231063.04070714
7230897.56045229
7230356.70919605
7229798.81239052
7229953.80557101
7230093.32913597
7231404.33993573
7231327.32423518
7231167.79582569
7230908.55513621
7230507.23783108
7229798.81239052
7228505.00103447
7229410.40323841
7229763.25369354
7231380.4087076
7231296.65793697
7231123.9315507
7230851.84465621
7230466.15577524
7229953.80557101
7229410.40323841
7229580.10973252
7229725.89792316
7231368.65388855
7231282.28894277
7231107.20482804
7230841.2729256
7230491.23169534
7230093.32913597
7229763.25369354
7229725.89792316
7229762.2406065
7244901.20066821
7244782.11876068
7244496.10883969
7243904.10761669
7243341.55412647
7243023.12020637
7242875.7703772
7242804.76026498
7242774.02080092
7244782.11876068
7244598.07951281
7244139.49529252
7243581.02986198
7243191.82576106
7242927.54577954
7242788.9502079
7242714.7968529
7242684.00781357
7244496.10883969
7244139.49529252
7243819.01485079
7243328.19729503
7243007.15200637
7242758.17219194
7242610.88594657
7242529.99776105
7242500.80187237
7243904.10761669
7243581.02986198
7243328.19729503
7243038.18788987
7242773.78839775
7242509.36595866
7242315.29675929
7242234.48533141
7242219.02019978
7243341.55412647
7243191.82576106
7243007.15200637
7242773.78839775
7242497.67835013
7242163.17674092
7241815.05168539
7241795.45851213
7241838.53652842
7243023.12020637
7242927.54577954
7242758.17219194
7242509.36595866
7242163.17674092
7241567.31231572
7240819.29913964
7241165.71124972
7241390.39588796
7242875.7703772
7242788.9502079
7242610.88594657
7242315.29675929
7241815.05168539
7240819.29913964
7238261.00667334
7240416.74649177
7241009.17902028
7242804.76026498
7242714.7968529
7242529.99776105
7242234.48533141
7241795.45851213
7241165.71124972
7240416.74649177
7240778.22788238
7241012.3452224
7242774.02080092
7242684.00781357
7242500.80187237
7242219.02019978
7241838.53652842
7241390.39588796
7241009.17902028
7241012.3452224
7241080.7412465
