7202245.87222406
7202382.57832808
7202707.80813685
7203327.40623867
7204050.8691898
7204538.24195841
7204678.53781332
7204725.71464527
7204741.01973257
7202382.57832808
7202585.741213
7203046.49479766
7203766.66252581
7204159.67381936
7204564.76933345
7204677.94070233
7204714.0162045
7204725.03720989
7202707.80813685
7203046.49479766
7203376.44160592
7203979.68951069
7204254.79874119
7204595.839625
7204671.28870838
7204688.18954642
7204691.43861985
7203327.40623867
7203766.66252581
7203979.68951069
7204193.62976945
7204354.7932355
7204644.76519168
7204657.15451653
7204644.81023751
7204637.85764504
7204050.8691898
7204159.67381936
7204254.79874119
7204354.7932355
7204473.90440846
7204783.1913009
7204628.56894205
7204577.39199666
7204562.73801311
7204538.24195841
7204564.76933345
7204595.839625
7204644.76519168
7204783.1913009
7204634.7386792
7204507.21159415
7204474.83132111
7204471.15567093
7204678.53781332
7204677.94070233
7204671.28870838
7204657.15451653
7204628.56894205
7204507.21159415
7204376.68405897
7204378.35512892
7204392.93915953
7204725.71464527
7204714.0162045
7204688.18954642
7204644.81023751
7204577.39199666
7204474.83132111
7204378.35512892
7204358.55463784
7204362.45150121
7204741.01973257
7204725.03720989
7204691.43861985
7204637.85764504
7204562.73801311
7204471.15567093
7204392.93915953
7204362.45150121
7204356.96328565
7210316.85638862
7210427.7758226
7210703.87675094
7211355.71536691
7211585.23785037
7211429.07992572
7211516.89450536
7211550.92837793
7211561.73401108
7210427.7758226
7210605.58047966
7211132.3505737
7211394.79688926
7211658.46914251
7211450.42845093
7211513.42466837
7211537.94134634
7211545.02989268
7210703.87675094
7211132.3505737
7211400.24876819
7211548.53363994
7211733.55129026
7211474.19793375
7211502.09437454
7211509.72660811
7211510.03644886
7211355.71536691
7211394.79688926
7211548.53363994
7211705.0057001
7211814.77208437
7211507.27146576
7211480.57211627
7211462.60341452
7211454.310889
7211585.23785037
7211658.46914251
7211733.55129026
7211814.77208437
7211891.05157779
7211585.12933269
7211438.91751694
7211389.37934311
7211376.15095894
7211429.07992572
7211450.42845093
7211474.19793375
7211507.27146576
7211585.12933269
7211438.34764253
7211300.74181168
7211278.47307185
7211280.46931306
7211516.89450536
7211513.42466837
7211502.09437454
7211480.57211627
7211438.91751694
7211300.74181168
7211131.14130278
7211170.25317652
7211198.65403938
7211550.92837793
7211537.94134634
7211509.72660811
7211462.60341452
7211389.37934311
7211278.47307185
7211170.25317652
7211160.99836535
7211170.81024613
7211561.73401108
7211545.02989268
7211510.03644886
7211454.310889
7211376.15095894
7211280.46931306
7211198.65403938
7211170.81024613
7211167.55880682
7220902.55237508
7220895.45713397
7220893.83538916
7221025.044557
7220954.9140313
7220750.75021637
7220707.36729006
7220689.6984027
7220682.45795332
7220895.45713397
7220902.02443457
7221028.67051126
7220986.14271942
7220936.57559547
7220737.30074693
7220691.2187063
7220671.37906775
7220662.76904907
7220893.83538916
7221028.67051126
7221032.16735666
7220977.11704069
7220918.31660166
7220716.18031987
7220659.78846885
7220633.34716285
7220621.96455994
7221025.044557
7220986.14271942
7220977.11704069
7220944.31081871
7220896.9785169
7220688.66462859
7220608.08662088
7220570.85913674
7220557.25584446
7220954.9140313
7220936.57559547
7220918.31660166
7220896.9785169
7220860.71767636
7220653.63167096
7220515.32295779
7220473.77182116
7220466.34303552
7220750.75021637
7220737.30074693
7220716.18031987
7220688.66462859
7220653.63167096
7220487.0812547
7220305.08763836
7220326.15281029
7220353.59699737
7220707.36729006
7220691.2187063
7220659.78846885
7220608.08662088
7220515.32295779
7220305.08763836
7219927.08238476
7220166.11998023
7220256.59213663
7220689.6984027
7220671.37906775
7220633.34716285
7220570.85913674
7220473.77182116
7220326.15281029
7220166.11998023
7220204.9469578
7220240.34868258
7220682.45795332
7220662.76904907
7220621.96455994
7220557.25584446
7220466.34303552
7220353.59699737
7220256.59213663
7220240.34868258
7220246.69033378
7234222.97913565
7234103.07596959
7233812.73514521
7233208.26087325
7232635.37197092
7232322.27616676
7232184.84255288
7232121.9541579
7232095.44502375
7234103.07596959
7233919.16170113
7233458.19084975
7232895.74401195
7232520.27799925
7232277.45707633
7232158.27969638
7232097.84145538
7232072.49244123
7233812.73514521
7233458.19084975
7233155.30228924
7232687.60932431
7232413.20178194
7232214.88725778
7232108.00256145
7232049.13641437
7232025.33011304
7233208.26087325
7232895.74401195
7232687.60932431
7232469.98127661
7232300.01311108
7232133.87774485
7232025.89963664
7231970.0250821
7231950.83090798
7232635.37197092
7232520.27799925
7232413.20178194
7232300.01311108
7232179.75060454
7232021.53186753
7231881.45611274
7231847.88281122
7231846.43717197
7232322.27616676
7232277.45707633
7232214.88725778
7232133.87774485
7232021.53186753
7231824.91590555
7231591.09505341
7231667.97648631
7231719.95059924
7232184.84255288
7232158.27969638
7232108.00256145
7232025.89963664
7231881.45611274
7231591.09505341
7230859.16763765
7231450.79686671
7231608.65835593
7232121.9541579
7232097.84145538
7232049.13641437
7231970.0250821
7231847.88281122
7231667.97648631
7231450.79686671
7231543.61723527
7231603.72069018
7232095.44502375
7232072.49244123
7232025.33011304
7231950.83090798
7231846.43717197
7231719.95059924
7231608.65835593
7231603.72069018
7231618.94396802
