7200304.19492155
7200440.10175915
7200763.74709364
7201381.25941261
7202102.3854035
7202587.37770237
7202727.98166761
7202775.97224278
7202791.63476336
7200440.10175915
7200642.75080363
7201103.01551759
7201822.72217999
7202216.51647103
7202621.87382661
7202737.1538489
7202775.02134574
7202786.77147436
7200763.74709364
7201103.01551759
7201435.4391967
7202042.35529337
7202323.06350973
7202669.48659526
7202750.56646373
7202770.95452655
7202775.50242212
7201381.25941261
7201822.72217999
7202042.35529337
7202266.54672143
7202440.58557251
7202744.07309083
7202767.54184355
7202760.45738652
7202755.19454783
7202102.3854035
7202216.51647103
7202323.06350973
7202440.58557251
7202582.5268304
7202917.37269796
7202781.73601548
7202736.37208905
7202722.13868455
7202587.37770237
7202621.87382661
7202669.48659526
7202744.07309083
7202917.37269796
7202807.59336158
7202714.7189736
7202683.99624496
7202675.18664435
7202727.98166761
7202737.1538489
7202750.56646373
7202767.54184355
7202781.73601548
7202714.7189736
7202635.94650854
7202628.65357037
7202631.53768091
7202775.97224278
7202775.02134574
7202770.95452655
7202760.45738652
7202736.37208905
7202683.99624496
7202628.65357037
7202613.19296614
7202612.2340767
7202791.63476336
7202786.77147436
7202775.50242212
7202755.19454783
7202722.13868455
7202675.18664435
7202631.53768091
7202612.2340767
7202607.22668679
7208373.84722622
7208484.20204203
7208759.17358354
7209407.79116144
7209633.3128351
7209474.80718957
7209562.91082296
7209597.77268565
7209609.00982522
7208484.20204203
7208661.76259442
7209187.54463837
7209447.80790753
7209711.84614186
7209504.13776253
7209569.29426716
7209595.64093369
7209603.53095948
7208759.17358354
7209187.54463837
7209457.41864692
7209608.02618495
7209798.65392864
7209544.67846399
7209578.32699133
7209589.48586853
7209591.11832093
7209407.79116144
7209447.80790753
7209608.02618495
7209774.62812495
7209897.61099656
7209604.09301142
7209588.75245788
7209575.9979029
7209569.12979959
7209633.3128351
7209711.84614186
7209798.65392864
7209897.61099656
7209997.81883141
7209719.01383478
7209592.17001323
7209547.94169848
7209533.92628552
7209474.80718957
7209504.13776253
7209544.67846399
7209604.09301142
7209719.01383478
7209612.56748682
7209515.9050885
7209490.61460446
7209484.69467408
7209562.91082296
7209569.29426716
7209578.32699133
7209588.75245788
7209592.17001323
7209515.9050885
7209416.4669619
7209428.84541303
7209439.08045795
7209597.77268565
7209595.64093369
7209589.48586853
7209575.9979029
7209547.94169848
7209490.61460446
7209428.84541303
7209418.98315561
7209421.13122532
7209609.00982522
7209603.53095948
7209591.11832093
7209569.12979959
7209533.92628552
7209484.69467408
7209439.08045795
7209421.13122532
7209417.27785301
7218957.75391843
7218949.97768072
7218946.42657385
7219071.23655441
7218996.77539302
7218791.54242014
7218748.87692815
7218732.09791498
7218725.47855437
7218949.97768072
7218955.81415617
7219078.43838313
7219032.67941691
7218983.84532472
7218786.4309452
7218742.8710564
7218725.02423139
7218717.38840282
7218946.42657385
7219078.43838313
7219083.3085133
7219030.24649582
7218978.0826357
7218783.0814415
7218732.9005391
7218710.18337047
7218700.10814076
7219071.23655441
7219032.67941691
7219030.24649582
7219008.66484023
7218977.23226737
7218784.30919745
7218716.52089695
7218684.14901288
7218671.08501647
7218996.77539302
7218983.84532472
7218978.0826357
7218977.23226737
7218967.19237072
7218791.35804495
7218679.24409243
7218638.67112196
7218626.96179351
7218791.54242014
7218786.4309452
7218783.0814415
7218784.30919745
7218791.35804495
7218680.87013299
7218562.86739918
7218560.29787953
7218567.87570331
7218748.87692815
7218742.8710564
7218732.9005391
7218716.52089695
7218679.24409243
7218562.86739918
7218352.32880386
7218470.75622513
7218513.83995316
7218732.09791498
7218725.02423139
7218710.18337047
7218684.14901288
7218638.67112196
7218560.29787953
7218470.75622513
7218486.24612874
7218501.82230966
7218725.47855437
7218717.38840282
7218700.10814076
7218671.08501647
7218626.96179351
7218567.87570331
7218513.83995316
7218501.82230966
7218502.91647609
7232275.11624174
7232154.42727084
7231861.94455071
7231253.3565468
7230677.07718184
7230363.75856988
7230227.45103334
7230165.77521705
7230140.0453356
7232154.42727084
7231969.82261433
7231506.86142475
7230942.01472012
7230567.49398641
7230327.51963591
7230211.34336252
7230153.28128606
7230129.0480357
7231861.94455071
7231506.86142475
7231205.71500477
7230740.61131356
7230473.31220355
7230283.50415183
7230183.61848799
7230128.89966295
7230106.35032149
7231253.3565468
7230942.01472012
7230740.61131356
7230534.6855104
7230381.2068457
7230233.24716508
7230140.31858747
7230089.14797481
7230069.56291265
7230677.07718184
7230567.49398641
7230473.31220355
7230381.2068457
7230290.26222209
7230167.63501993
7230062.57400179
7230025.47879452
7230015.80838274
7230363.75856988
7230327.51963591
7230283.50415183
7230233.24716508
7230167.63501993
7230044.91677252
7229900.18463554
7229927.04536548
7229947.49434362
7230227.45103334
7230211.34336252
7230183.61848799
7230140.31858747
7230062.57400179
7229900.18463554
7229500.18789321
7229806.57204756
7229885.38944986
7230165.77521705
7230153.28128606
7230128.89966295
7230089.14797481
7230025.47879452
7229927.04536548
7229806.57204756
7229850.59610211
7229879.14917893
7230140.0453356
7230129.0480357
7230106.35032149
7230069.56291265
7230015.80838274
7229947.49434362
7229885.38944986
7229879.14917893
7229884.81984757
