0.000372157814845684
0.000398656505215031
0.000399192643577537
0.000399198703872304
0.000399199753580189
0.00039920018137063
0.00039920037447228
0.000399200466712535
0.000399200505390614
0.000398656505215031
0.000399190760572366
0.000399197563114998
0.000399199190303789
0.000399199905095387
0.000399200232607883
0.000399200391256649
0.000399200476501458
0.000399200516049906
0.000399192643577537
0.000399197563114998
0.000399198906494686
0.000399199678096643
0.000399200081218271
0.00039920027633387
0.000399200376039079
0.000399200463298323
0.000399200516119478
0.000399198703872304
0.000399199190303789
0.000399199678096643
0.000399200012858974
0.000399200177220101
0.000399200197739241
0.000399200171994328
0.000399200328934831
0.00039920045103901
0.000399199753580189
0.000399199905095387
0.000399200081218271
0.000399200177220101
0.000399200096128034
0.000399199731906005
0.000399199223895026
0.000399199801488483
0.000399200211974482
0.00039920018137063
0.000399200232607883
0.00039920027633387
0.000399200197739241
0.000399199731906005
0.000399198272855601
0.000399196880595063
0.000399198282997466
0.000399199638291658
0.00039920037447228
0.000399200391256649
0.000399200376039079
0.000399200171994328
0.000399199223895026
0.000399196880595063
0.000399196875022449
0.000399196878187173
0.00039919897658333
0.000399200466712535
0.000399200476501458
0.000399200463298323
0.000399200328934831
0.000399199801488483
0.000399198282997466
0.000399196878187173
0.000399198268730653
0.000399199625230862
0.000399200505390614
0.000399200516049906
0.000399200516119478
0.00039920045103901
0.000399200211974482
0.000399199638291658
0.00039919897658333
0.000399199625230862
0.00039920015083337
0.000401256280471854
0.00040198724474956
0.000402003197319344
0.000402005946036332
0.000402006920742113
0.000402007277339935
0.000402007414771263
0.000402007472459524
0.000402007495332199
0.00040198724474956
0.000402001101702472
0.000402004825792153
0.000402006399143912
0.000402007038951533
0.000402007290428458
0.00040200739159022
0.000402007444172654
0.000402007470257308
0.000402003197319344
0.000402004825792153
0.000402006127584481
0.000402006830551968
0.000402007142302334
0.000402007248054349
0.000402007281876216
0.000402007343323456
0.000402007390974029
0.000402005946036332
0.000402006399143912
0.000402006830551968
0.000402007072872686
0.000402007117966007
0.000402007008007662
0.000402006881550764
0.000402007041031833
0.000402007186019207
0.000402006920742113
0.000402007038951533
0.000402007142302334
0.000402007117966007
0.000402006854856719
0.000402006235457018
0.000402005454334107
0.000402006186917125
0.000402006723653697
0.000402007277339935
0.000402007290428458
0.000402007248054349
0.000402007008007662
0.000402006235457018
0.000402004268882208
0.000402002993898289
0.000402004268280104
0.000402005811549075
0.000402007414771263
0.00040200739159022
0.000402007281876216
0.000402006881550764
0.000402005454334107
0.000402002993898289
0.000401992914437037
0.000402002962869013
0.000402004826997436
0.000402007472459524
0.000402007444172654
0.000402007343323456
0.000402007041031833
0.000402006186917125
0.000402004268280104
0.000402002962869013
0.000402004268517028
0.00040200567802283
0.000402007495332199
0.000402007470257308
0.000402007390974029
0.000402007186019207
0.000402006723653697
0.000402005811549075
0.000402004826997436
0.00040200567802283
0.000402006356870586
0.000404780545856978
0.000404804853650464
0.000404810803088093
0.00040481271725199
0.000404813128892279
0.000404813180492951
0.000404813143514645
0.000404813105521469
0.000404813086226074
0.000404804853650464
0.000404809481945642
0.000404812130250165
0.000404812928370185
0.00040481312698928
0.000404813111285341
0.000404813050978617
0.000404813013975742
0.000404813001088598
0.000404810803088093
0.000404812130250165
0.000404812805715892
0.000404813051223512
0.000404813037602462
0.000404812916196366
0.000404812802899987
0.000404812784145936
0.000404812799326103
0.00040481271725199
0.000404812928370185
0.000404813051223512
0.000404812997866923
0.000404812784031022
0.000404812465706114
0.000404812202657623
0.000404812288783528
0.000404812409178738
0.000404813128892279
0.00040481312698928
0.000404813037602462
0.000404812784031022
0.000404812281470038
0.000404811559118297
0.0004048115589814
0.000404811558974203
0.000404811717293729
0.000404813180492951
0.000404813111285341
0.000404812916196366
0.000404812465706114
0.000404811559118297
0.000404811467178925
0.00040480907499233
0.000404811386246666
0.000404811558853775
0.000404813143514645
0.000404813050978617
0.000404812802899987
0.000404812202657623
0.0004048115589814
0.00040480907499233
0.000404803034636943
0.000404808957214397
0.000404811559105736
0.000404813105521469
0.000404813013975742
0.000404812784145936
0.000404812288783528
0.000404811558974203
0.000404811386246666
0.000404808957214397
0.00040481128619838
0.00040481156084955
0.000404813086226074
0.000404813001088598
0.000404812799326103
0.000404812409178738
0.000404811717293729
0.000404811558853775
0.000404811559105736
0.00040481156084955
0.000404811558767555
0.000408717773244479
0.000408734417590408
0.00040874118251915
0.000408741765897303
0.000408741767057225
0.000408741767058796
0.000408741767058797
0.000408741767058797
0.000408741767058797
0.000408734417590408
0.000408739652099596
0.000408741762406179
0.000408741767050746
0.000408741767058787
0.000408741767058797
0.000408741767058797
0.000408741767058797
0.000408741767058797
0.00040874118251915
0.000408741762406179
0.000408741767047221
0.000408741767058777
0.000408741767058797
0.000408741767058797
0.000408741767058797
0.000408741767058797
0.000408741767058797
0.000408741765897303
0.000408741767050746
0.000408741767058777
0.000408741767058797
0.000408741767058797
0.000408741767058797
0.000408741767058797
0.000408741767058797
0.000408741767058797
0.000408741767057225
0.000408741767058787
0.000408741767058797
0.000408741767058797
0.000408741767058797
0.00040874165276447
0.000408740526099169
0.000408741347986706
0.000408741776290972
0.000408741767058796
0.000408741767058797
0.000408741767058797
0.000408741767058797
0.00040874165276447
0.000408738839440053
0.000408733621935699
0.000408738441205444
0.000408740635507712
0.000408741767058797
0.000408741767058797
0.000408741767058797
0.000408741767058797
0.000408740526099169
0.000408733621935699
0.000408741666666667
0.00040873326002931
0.00040873926425131
0.000408741767058797
0.000408741767058797
0.000408741767058797
0.000408741767058797
0.000408741347986706
0.000408738441205444
0.00040873326002931
0.000408738063593887
0.00040874026019541
0.000408741767058797
0.000408741767058797
0.000408741767058797
0.000408741767058797
0.000408741776290972
0.000408740635507712
0.00040873926425131
0.00040874026019541
0.000408741071452303
