6.00120706848493e-08
4.88139774767497e-06
4.35175375912279e-05
0.000140575970336801
0.000259703655410797
0.000350973669487786
0.000399200659876814
0.000399201655449785
0.000399200520710675
4.88139774767497e-06
2.86806934060499e-05
9.75659594660807e-05
0.000204077889975019
0.000304428561966727
0.000399199060360562
0.000399200344398267
0.000399200490832438
0.000399200515800163
4.35175375912279e-05
9.75659594660807e-05
0.000184229374440515
0.000276482215724511
0.000351565139977727
0.000399200108672998
0.000399200365416695
0.000399200474337783
0.000399200541407657
0.000140575970336801
0.000204077889975019
0.000276482215724511
0.000340998730111446
0.000399199889882171
0.000399200180260006
0.000399200178228998
0.000399200330640377
0.000399200453036527
0.000259703655410797
0.000304428561966727
0.000351565139977727
0.000399199889882171
0.000399200076518955
0.000399199756701403
0.000399199266209884
0.000399199805991782
0.000399200215867335
0.000350973669487786
0.000399199060360562
0.000399200108672998
0.000399200180260005
0.000399199756701403
0.00039919835263039
0.000399197095640484
0.000399198276995678
0.000399199644483177
0.000399200659876815
0.000399200344398267
0.000399200365416695
0.000399200178228998
0.000399199266209884
0.000399197095640484
0.000399196898397758
0.000399196975130956
0.00039919895764899
0.000399201655449785
0.000399200490832438
0.000399200474337783
0.000399200330640377
0.000399199805991782
0.000399198276995678
0.000399196975130956
0.000399198166011353
0.000399199592475425
0.000399200520710675
0.000399200515800163
0.000399200541407657
0.000399200453036527
0.000399200215867334
0.000399199644483177
0.00039919895764899
0.000399199592475425
0.000399200137266671
3.78572653791361e-06
5.46880303070125e-05
0.000197065972771265
0.00032539785782195
0.000401384545839146
0.000402005250830443
0.000402007387852938
0.000402007471770813
0.000402007495239484
5.46880303070125e-05
0.000159499543073377
0.000285044060864551
0.000400487798557977
0.000401829965556207
0.000402005323887481
0.000402006800339548
0.000402007440113624
0.000402007470204121
0.000197065972771265
0.000285044060864551
0.000356147819002775
0.000401629787659692
0.000402002077223858
0.000402003375216252
0.000402004176793603
0.000402005372648437
0.000402006372781602
0.00032539785782195
0.000400487798557977
0.000401629787659692
0.000402000559212123
0.000402000418864101
0.000401998028200656
0.000401995111465924
0.000401998258662832
0.000402001348868669
0.000401384545839147
0.000401829965556204
0.000402002077223858
0.000402000418864101
0.000401994640758022
0.000401981436497644
0.000401966665709864
0.000401979931812946
0.000401990611233093
0.000402005250830443
0.000402005323887481
0.000402003375216252
0.000401998028200656
0.000401981436497644
0.000401942329925657
0.00040188444916717
0.000401938924663488
0.000401971912889319
0.000402007387852938
0.000402006800339549
0.000402004176793603
0.000401995111465924
0.000401966665709864
0.00040188444916717
0.000401702578980311
0.000401879463290025
0.000401952845717675
0.000402007471770813
0.000402007440113624
0.000402005372648437
0.000401998258662832
0.000401979931812946
0.000401938924663488
0.000401879463290025
0.000401934879980909
0.00040196867344695
0.000402007495239484
0.000402007470204121
0.000402006372781602
0.000402001348868669
0.000401990611233093
0.000401971912889319
0.000401952845717675
0.00040196867344695
0.000401982234296836
5.51852238168553e-05
0.000202245424443775
0.000341775901724412
0.000404372830259969
0.000404739150693665
0.000404810165872279
0.000404811896757476
0.000404812384108599
0.000404811961784961
0.000202245424443775
0.000317196662656637
0.000403890222622485
0.000404654625459014
0.000404767244741604
0.000404810047610197
0.000404811031982618
0.000404810512907027
0.000404812294282631
0.000341775901724411
0.000403890222622485
0.000404606862342023
0.000404743538455717
0.000404807693384311
0.000404808467297624
0.000404808995738634
0.000404809760305872
0.000404810462961521
0.000404372830259969
0.000404654625459014
0.000404743538455717
0.000404681760651883
0.000404806184403652
0.000404804069173533
0.00040480147118656
0.000404803833903831
0.000404806199607967
0.000404739150693665
0.000404767244741605
0.000404807693384311
0.000404806184403652
0.000404801340455826
0.000404790468338754
0.000404778900006704
0.000404789193271726
0.000404797337916255
0.000404810165872279
0.000404810047610197
0.000404808467297624
0.000404804069173533
0.000404790468338754
0.0004047594782988
0.000404706189680313
0.000404756727555384
0.000404782916670253
0.000404811896757476
0.000404811031982618
0.000404808995738634
0.00040480147118656
0.000404778900006704
0.000404706189680313
0.00040451026513025
0.000404702134006286
0.000404768037169409
0.000404812384108599
0.000404810512907027
0.000404809760305872
0.000404803833903831
0.000404789193271726
0.000404756727555384
0.000404702134006285
0.000404753435986717
0.000404780386746533
0.000404811961784961
0.000404812294282631
0.000404810462961521
0.000404806199607967
0.000404797337916255
0.000404782916670253
0.000404768037169409
0.000404780386746533
0.000404790579533088
0.000146681983931212
0.000257244260483012
0.000339078415946114
0.0004078458741061
0.000408499936811297
0.000408731807578001
0.000408734407798937
0.000408734959331619
0.000408737108261457
0.000257244260483012
0.000329175251661284
0.000407481438959584
0.000408347259548518
0.000408597046033026
0.000408731753658615
0.000408733366412398
0.000408735708143893
0.00040873608260966
0.000339078415946114
0.000407481438959584
0.00040828072128924
0.000408555562315648
0.000408728278801739
0.000408730027196192
0.000408731479951523
0.000408732396572786
0.000408733316813177
0.0004078458741061
0.000408347259548518
0.000408555562315648
0.000408726618454597
0.000408726821761441
0.000408724655858529
0.000408720736424846
0.000408723782213935
0.000408727067344663
0.000408499936811297
0.000408597046033034
0.000408728278801739
0.000408726821761441
0.000408720943788412
0.000408705553277283
0.000408686373891011
0.000408701999091182
0.000408714340447396
0.000408731807578001
0.000408731753658615
0.000408730027196192
0.000408724655858529
0.000408705553277283
0.00040865769680618
0.000408572520189336
0.000408650433641491
0.000408691214084191
0.000408734407798937
0.000408733366412398
0.000408731479951523
0.000408720736424846
0.000408686373891011
0.000408572520189336
0.000408741666666667
0.00040856009533297
0.000408665463578086
0.000408734959331619
0.000408735708143893
0.000408732396572786
0.000408723782213935
0.000408701999091182
0.000408650433641491
0.00040856009533297
0.00040864195304595
0.000408685181798008
0.000408737108261457
0.00040873608260966
0.000408733316813177
0.000408727067344663
0.000408714340447396
0.000408691214084191
0.000408665463578086
0.000408685181798008
0.000408701718035991
