2.20127333742378e-09
5.20008973818146e-07
8.86717923169852e-06
4.54382987438706e-05
0.000122408428364992
0.000223951881552156
0.000399200659876814
0.000399201655449785
0.000399200520710675
5.20008973818142e-07
4.74974450973691e-06
2.50065071290897e-05
7.69933084880223e-05
0.000159854525281743
0.000256928330910205
0.000399200344398267
0.000399200490832438
0.000399200515800163
8.8671792316985e-06
2.50065071290897e-05
6.35711845930275e-05
0.000127982870664186
0.000208838166456035
0.000291020306998131
0.000399200365416695
0.000399200474337783
0.000399200541407657
4.54382987438705e-05
7.69933084880222e-05
0.000127982870664186
0.000192488315595085
0.000263458168762738
0.000399200180260006
0.000399200178228998
0.000399200330640377
0.000399200453036527
0.000122408428364992
0.000159854525281743
0.000208838166456035
0.000263458168762739
0.000399200076518955
0.000399199756701403
0.000399199266209884
0.000399199805991782
0.000399200215867335
0.000223951881552156
0.000256928330910205
0.000291020306998131
0.000399200180260005
0.000399199756701403
0.00039919835263039
0.000399197095640484
0.000399198276995678
0.000399199644483177
0.000399200659876815
0.000399200344398267
0.000399200365416695
0.000399200178228998
0.000399199266209884
0.000399197095640484
0.000399196898397758
0.000399196975130956
0.00039919895764899
0.000399201655449785
0.000399200490832438
0.000399200474337783
0.000399200330640377
0.000399199805991782
0.000399198276995678
0.000399196975130956
0.000399198166011353
0.000399199592475425
0.000399200520710675
0.000399200515800163
0.000399200541407657
0.000399200453036527
0.000399200215867334
0.000399199644483177
0.00039919895764899
0.000399199592475425
0.000399200137266671
3.55968397191876e-07
1.24103940290154e-05
8.5978927510898e-05
0.000212055580308045
0.000401384545839146
0.000402005250830443
0.000402007387852938
0.000402007471770813
0.000402007495239484
1.24103940290154e-05
5.83712890120756e-05
0.000156983785869376
0.00026906704013973
0.000401829965556207
0.000402005323887481
0.000402006800339548
0.000402007440113624
0.000402007470204121
8.59789275108981e-05
0.000156983785869376
0.000247147060726689
0.000401629787659692
0.000402002077223858
0.000402003375216252
0.000402004176793603
0.000402005372648437
0.000402006372781602
0.000212055580308045
0.00026906704013973
0.000401629787659692
0.000402000559212123
0.000402000418864101
0.000401998028200656
0.000401995111465924
0.000401998258662832
0.000402001348868669
0.000401384545839147
0.000401829965556204
0.000402002077223858
0.000402000418864101
0.000401994640758022
0.000401981436497644
0.000401966665709864
0.000401979931812946
0.000401990611233093
0.000402005250830443
0.000402005323887481
0.000402003375216252
0.000401998028200656
0.000401981436497644
0.000401942329925657
0.00040188444916717
0.000401938924663488
0.000401971912889319
0.000402007387852938
0.000402006800339549
0.000402004176793603
0.000401995111465924
0.000401966665709864
0.00040188444916717
0.000401702578980311
0.000401879463290025
0.000401952845717675
0.000402007471770813
0.000402007440113624
0.000402005372648437
0.000401998258662832
0.000401979931812946
0.000401938924663488
0.000401879463290025
0.000401934879980909
0.00040196867344695
0.000402007495239484
0.000402007470204121
0.000402006372781602
0.000402001348868669
0.000401990611233093
0.000401971912889319
0.000401952845717675
0.00040196867344695
0.000401982234296836
1.2359806676638e-05
8.74252923488608e-05
0.000237344864102647
0.000404372830259969
0.000404739150693665
0.000404810165872279
0.000404811896757476
0.000404812384108599
0.000404811961784961
8.74252923488608e-05
0.000196961705663793
0.000314131238624497
0.000404654625459014
0.000404767244741604
0.000404810047610197
0.000404811031982618
0.000404810512907027
0.000404812294282631
0.000237344864102646
0.000314131238624498
0.000404606862342023
0.000404743538455717
0.000404807693384311
0.000404808467297624
0.000404808995738634
0.000404809760305872
0.000404810462961521
0.000404372830259969
0.000404654625459014
0.000404743538455717
0.000404681760651883
0.000404806184403652
0.000404804069173533
0.00040480147118656
0.000404803833903831
0.000404806199607967
0.000404739150693665
0.000404767244741605
0.000404807693384311
0.000404806184403652
0.000404801340455826
0.000404790468338754
0.000404778900006704
0.000404789193271726
0.000404797337916255
0.000404810165872279
0.000404810047610197
0.000404808467297624
0.000404804069173533
0.000404790468338754
0.0004047594782988
0.000404706189680313
0.000404756727555384
0.000404782916670253
0.000404811896757476
0.000404811031982618
0.000404808995738634
0.00040480147118656
0.000404778900006704
0.000404706189680313
0.00040451026513025
0.000404702134006286
0.000404768037169409
0.000404812384108599
0.000404810512907027
0.000404809760305872
0.000404803833903831
0.000404789193271726
0.000404756727555384
0.000404702134006285
0.000404753435986717
0.000404780386746533
0.000404811961784961
0.000404812294282631
0.000404810462961521
0.000404806199607967
0.000404797337916255
0.000404782916670253
0.000404768037169409
0.000404780386746533
0.000404790579533088
4.68638947006494e-05
0.000118867926314012
0.000208082945337505
0.000289305664402543
0.000408499936811297
0.000408731807578001
0.000408734407798937
0.000408734959331619
0.000408737108261457
0.000118867926314012
0.000192542704029114
0.000270208764775111
0.000408347259548518
0.000408597046033026
0.000408731753658615
0.000408733366412398
0.000408735708143893
0.00040873608260966
0.000208082945337505
0.000270208764775111
0.00040828072128924
0.000408555562315648
0.000408728278801739
0.000408730027196192
0.000408731479951523
0.000408732396572786
0.000408733316813177
0.000289305664402542
0.000408347259548518
0.000408555562315648
0.000408726618454597
0.000408726821761441
0.000408724655858529
0.000408720736424846
0.000408723782213935
0.000408727067344663
0.000408499936811297
0.000408597046033034
0.000408728278801739
0.000408726821761441
0.000408720943788412
0.000408705553277283
0.000408686373891011
0.000408701999091182
0.000408714340447396
0.000408731807578001
0.000408731753658615
0.000408730027196192
0.000408724655858529
0.000408705553277283
0.00040865769680618
0.000408572520189336
0.000408650433641491
0.000408691214084191
0.000408734407798937
0.000408733366412398
0.000408731479951523
0.000408720736424846
0.000408686373891011
0.000408572520189336
0.000408741666666667
0.00040856009533297
0.000408665463578086
0.000408734959331619
0.000408735708143893
0.000408732396572786
0.000408723782213935
0.000408701999091182
0.000408650433641491
0.00040856009533297
0.00040864195304595
0.000408685181798008
0.000408737108261457
0.00040873608260966
0.000408733316813177
0.000408727067344663
0.000408714340447396
0.000408691214084191
0.000408665463578086
0.000408685181798008
0.000408701718035991
