7.91999876263966e-11
5.45508504989946e-08
1.76524609721773e-06
1.39184249847057e-05
5.23425535162779e-05
0.000127201527947664
0.000232036619372452
0.000399201655449785
0.000399200520710675
5.45508504989914e-08
7.57805530592274e-07
6.06327651399783e-06
2.64566933724134e-05
7.38861937528359e-05
0.000152665608023282
0.000258788432925272
0.000399200490832438
0.000399200515800163
1.76524609721773e-06
6.06327651399779e-06
1.98394150870998e-05
5.16738993844317e-05
0.000107238974357979
0.000184288451201941
0.000399200365416695
0.000399200474337783
0.000399200541407657
1.39184249847057e-05
2.64566933724134e-05
5.16738993844317e-05
9.32098770706263e-05
0.000150841894286102
0.00022588402608092
0.000399200178228998
0.000399200330640377
0.000399200453036527
5.23425535162778e-05
7.38861937528359e-05
0.000107238974357979
0.000150841894286102
0.000199914895435641
0.000399199756701403
0.000399199266209884
0.000399199805991782
0.000399200215867335
0.000127201527947664
0.000152665608023282
0.000184288451201941
0.000225884026080921
0.000399199756701403
0.00039919835263039
0.000399197095640484
0.000399198276995678
0.000399199644483177
0.000232036619372451
0.000258788432925273
0.000399200365416695
0.000399200178228998
0.000399199266209884
0.000399197095640484
0.000399196898397758
0.000399196975130956
0.00039919895764899
0.000399201655449785
0.000399200490832438
0.000399200474337783
0.000399200330640377
0.000399199805991782
0.000399198276995678
0.000399196975130956
0.000399198166011353
0.000399199592475425
0.000399200520710675
0.000399200515800163
0.000399200541407657
0.000399200453036527
0.000399200215867334
0.000399199644483177
0.00039919895764899
0.000399199592475425
0.000399200137266671
3.2453867485424e-08
2.69822099929888e-06
3.57478924512619e-05
0.000131445977903874
0.00025526788219894
0.000402005250830443
0.000402007387852938
0.000402007471770813
0.000402007495239484
2.6982209992989e-06
1.98850255085213e-05
8.12697865801208e-05
0.000185998606275405
0.000401829965556207
0.000402005323887481
0.000402006800339548
0.000402007440113624
0.000402007470204121
3.5747892451262e-05
8.12697865801208e-05
0.000161794106543491
0.000259251407730456
0.000402002077223858
0.000402003375216252
0.000402004176793603
0.000402005372648437
0.000402006372781602
0.000131445977903874
0.000185998606275405
0.000259251407730455
0.000402000559212123
0.000402000418864101
0.000401998028200656
0.000401995111465924
0.000401998258662832
0.000402001348868669
0.000255267882198941
0.000401829965556204
0.000402002077223858
0.000402000418864101
0.000401994640758022
0.000401981436497644
0.000401966665709864
0.000401979931812946
0.000401990611233093
0.000402005250830443
0.000402005323887481
0.000402003375216252
0.000401998028200656
0.000401981436497644
0.000401942329925657
0.00040188444916717
0.000401938924663488
0.000401971912889319
0.000402007387852938
0.000402006800339549
0.000402004176793603
0.000401995111465924
0.000401966665709864
0.00040188444916717
0.000401702578980311
0.000401879463290025
0.000401952845717675
0.000402007471770813
0.000402007440113624
0.000402005372648437
0.000401998258662832
0.000401979931812946
0.000401938924663488
0.000401879463290025
0.000401934879980909
0.00040196867344695
0.000402007495239484
0.000402007470204121
0.000402006372781602
0.000402001348868669
0.000401990611233093
0.000401971912889319
0.000401952845717675
0.00040196867344695
0.000401982234296836
2.64816976750009e-06
3.52904654567496e-05
0.000155486014916082
0.000404372830259969
0.000404739150693665
0.000404810165872279
0.000404811896757476
0.000404812384108599
0.000404811961784961
3.52904654567496e-05
0.000113673504220941
0.000239128968626814
0.000404654625459014
0.000404767244741604
0.000404810047610197
0.000404811031982618
0.000404810512907027
0.000404812294282631
0.000155486014916082
0.000239128968626814
0.000404606862342023
0.000404743538455717
0.000404807693384311
0.000404808467297624
0.000404808995738634
0.000404809760305872
0.000404810462961521
0.000404372830259969
0.000404654625459014
0.000404743538455717
0.000404681760651883
0.000404806184403652
0.000404804069173533
0.00040480147118656
0.000404803833903831
0.000404806199607967
0.000404739150693665
0.000404767244741605
0.000404807693384311
0.000404806184403652
0.000404801340455826
0.000404790468338754
0.000404778900006704
0.000404789193271726
0.000404797337916255
0.000404810165872279
0.000404810047610197
0.000404808467297624
0.000404804069173533
0.000404790468338754
0.0004047594782988
0.000404706189680313
0.000404756727555384
0.000404782916670253
0.000404811896757476
0.000404811031982618
0.000404808995738634
0.00040480147118656
0.000404778900006704
0.000404706189680313
0.00040451026513025
0.000404702134006286
0.000404768037169409
0.000404812384108599
0.000404810512907027
0.000404809760305872
0.000404803833903831
0.000404789193271726
0.000404756727555384
0.000404702134006285
0.000404753435986717
0.000404780386746533
0.000404811961784961
0.000404812294282631
0.000404810462961521
0.000404806199607967
0.000404797337916255
0.000404782916670253
0.000404768037169409
0.000404780386746533
0.000404790579533088
1.36386001921984e-05
4.91896486096234e-05
0.000114119825910444
0.000191954763418483
0.000408499936811297
0.000408731807578001
0.000408734407798937
0.000408734959331619
0.000408737108261457
4.91896486096234e-05
9.97535134396592e-05
0.000168454065020918
0.000239288862796347
0.000408597046033026
0.000408731753658615
0.000408733366412398
0.000408735708143893
0.00040873608260966
0.000114119825910444
0.000168454065020918
0.000225613662953636
0.000408555562315648
0.000408728278801739
0.000408730027196192
0.000408731479951523
0.000408732396572786
0.000408733316813177
0.000191954763418482
0.000239288862796347
0.000408555562315648
0.000408726618454597
0.000408726821761441
0.000408724655858529
0.000408720736424846
0.000408723782213935
0.000408727067344663
0.000408499936811297
0.000408597046033034
0.000408728278801739
0.000408726821761441
0.000408720943788412
0.000408705553277283
0.000408686373891011
0.000408701999091182
0.000408714340447396
0.000408731807578001
0.000408731753658615
0.000408730027196192
0.000408724655858529
0.000408705553277283
0.00040865769680618
0.000408572520189336
0.000408650433641491
0.000408691214084191
0.000408734407798937
0.000408733366412398
0.000408731479951523
0.000408720736424846
0.000408686373891011
0.000408572520189336
0.000408741666666667
0.00040856009533297
0.000408665463578086
0.000408734959331619
0.000408735708143893
0.000408732396572786
0.000408723782213935
0.000408701999091182
0.000408650433641491
0.00040856009533297
0.00040864195304595
0.000408685181798008
0.000408737108261457
0.00040873608260966
0.000408733316813177
0.000408727067344663
0.000408714340447396
0.000408691214084191
0.000408665463578086
0.000408685181798008
0.000408701718035991
