2.7925161261222e-12
5.63022164224091e-09
3.45511077728297e-07
4.12687655586394e-06
2.12029183901261e-05
6.69333169615519e-05
0.000152538280288851
0.000399201655449785
0.000399200520710675
5.63022164224098e-09
1.17525937645947e-07
1.41445896801286e-06
8.60562248460701e-06
3.15619601770899e-05
8.31890514759094e-05
0.000172507119369961
0.000399200490832438
0.000399200515800163
3.45511077728299e-07
1.41445896801286e-06
5.83340036513216e-06
1.92530642854009e-05
4.98922572960341e-05
0.000105424579119308
0.000206287679003468
0.000399200474337783
0.000399200541407657
4.12687655586393e-06
8.605622484607e-06
1.92530642854009e-05
4.0654540268856e-05
7.73206263030556e-05
0.000134764459642818
0.000399200178228998
0.000399200330640377
0.000399200453036527
2.12029183901261e-05
3.15619601770898e-05
4.98922572960341e-05
7.73206263030557e-05
0.000114250104529985
0.00017276812774821
0.000399199266209884
0.000399199805991782
0.000399200215867335
6.69333169615519e-05
8.31890514759094e-05
0.000105424579119308
0.000134764459642818
0.00017276812774821
0.00039919835263039
0.000399197095640484
0.000399198276995678
0.000399199644483177
0.00015253828028885
0.000172507119369961
0.000206287679003468
0.000399200178228998
0.000399199266209884
0.000399197095640484
0.000399196898397758
0.000399196975130956
0.00039919895764899
0.000399201655449785
0.000399200490832438
0.000399200474337783
0.000399200330640377
0.000399199805991782
0.000399198276995678
0.000399196975130956
0.000399198166011353
0.000399199592475425
0.000399200520710675
0.000399200515800163
0.000399200541407657
0.000399200453036527
0.000399200215867334
0.000399199644483177
0.00039919895764899
0.000399199592475425
0.000399200137266671
2.88119751626253e-09
5.66486871555045e-07
1.43340888657592e-05
7.77284666525849e-05
0.000193021901469757
0.000402005250830443
0.000402007387852938
0.000402007471770813
0.000402007495239484
5.66486871555048e-07
6.45703403417966e-06
3.99052397386238e-05
0.000122863144262025
0.000401829965556207
0.000402005323887481
0.000402006800339548
0.000402007440113624
0.000402007470204121
1.43340888657592e-05
3.99052397386238e-05
9.97823312744401e-05
0.000190546933309955
0.000402002077223858
0.000402003375216252
0.000402004176793603
0.000402005372648437
0.000402006372781602
7.7728466652585e-05
0.000122863144262025
0.000190546933309955
0.000402000559212123
0.000402000418864101
0.000401998028200656
0.000401995111465924
0.000401998258662832
0.000402001348868669
0.000193021901469757
0.000401829965556204
0.000402002077223858
0.000402000418864101
0.000401994640758022
0.000401981436497644
0.000401966665709864
0.000401979931812946
0.000401990611233093
0.000402005250830443
0.000402005323887481
0.000402003375216252
0.000401998028200656
0.000401981436497644
0.000401942329925657
0.00040188444916717
0.000401938924663488
0.000401971912889319
0.000402007387852938
0.000402006800339549
0.000402004176793603
0.000401995111465924
0.000401966665709864
0.00040188444916717
0.000401702578980311
0.000401879463290025
0.000401952845717675
0.000402007471770813
0.000402007440113624
0.000402005372648437
0.000401998258662832
0.000401979931812946
0.000401938924663488
0.000401879463290025
0.000401934879980909
0.00040196867344695
0.000402007495239484
0.000402007470204121
0.000402006372781602
0.000402001348868669
0.000401990611233093
0.000401971912889319
0.000401952845717675
0.00040196867344695
0.000401982234296836
5.48980519368005e-07
1.35271506279982e-05
9.73491884380556e-05
0.000404372830259969
0.000404739150693665
0.000404810165872279
0.000404811896757476
0.000404812384108599
0.000404811961784961
1.35271506279982e-05
6.17278848412326e-05
0.000174284143639796
0.000404654625459014
0.000404767244741604
0.000404810047610197
0.000404811031982618
0.000404810512907027
0.000404812294282631
9.73491884380554e-05
0.000174284143639796
0.000404606862342023
0.000404743538455717
0.000404807693384311
0.000404808467297624
0.000404808995738634
0.000404809760305872
0.000404810462961521
0.000404372830259969
0.000404654625459014
0.000404743538455717
0.000404681760651883
0.000404806184403652
0.000404804069173533
0.00040480147118656
0.000404803833903831
0.000404806199607967
0.000404739150693665
0.000404767244741605
0.000404807693384311
0.000404806184403652
0.000404801340455826
0.000404790468338754
0.000404778900006704
0.000404789193271726
0.000404797337916255
0.000404810165872279
0.000404810047610197
0.000404808467297624
0.000404804069173533
0.000404790468338754
0.0004047594782988
0.000404706189680313
0.000404756727555384
0.000404782916670253
0.000404811896757476
0.000404811031982618
0.000404808995738634
0.00040480147118656
0.000404778900006704
0.000404706189680313
0.00040451026513025
0.000404702134006286
0.000404768037169409
0.000404812384108599
0.000404810512907027
0.000404809760305872
0.000404803833903831
0.000404789193271726
0.000404756727555384
0.000404702134006285
0.000404753435986717
0.000404780386746533
0.000404811961784961
0.000404812294282631
0.000404810462961521
0.000404806199607967
0.000404797337916255
0.000404782916670253
0.000404768037169409
0.000404780386746533
0.000404790579533088
3.712063139262e-06
1.88637392830375e-05
5.84670142289774e-05
0.000120105513554913
0.000193121257527584
0.000408731807578001
0.000408734407798937
0.000408734959331619
0.000408737108261457
1.88637392830375e-05
4.75726127532855e-05
9.68770827297087e-05
0.000156986640805983
0.000408597046033026
0.000408731753658615
0.000408733366412398
0.000408735708143893
0.00040873608260966
5.84670142289773e-05
9.68770827297087e-05
0.000145884794454556
0.000215148880763249
0.000408728278801739
0.000408730027196192
0.000408731479951523
0.000408732396572786
0.000408733316813177
0.000120105513554913
0.000156986640805983
0.000215148880763249
0.000408726618454597
0.000408726821761441
0.000408724655858529
0.000408720736424846
0.000408723782213935
0.000408727067344663
0.000193121257527584
0.000408597046033034
0.000408728278801739
0.000408726821761441
0.000408720943788412
0.000408705553277283
0.000408686373891011
0.000408701999091182
0.000408714340447396
0.000408731807578001
0.000408731753658615
0.000408730027196192
0.000408724655858529
0.000408705553277283
0.00040865769680618
0.000408572520189336
0.000408650433641491
0.000408691214084191
0.000408734407798937
0.000408733366412398
0.000408731479951523
0.000408720736424846
0.000408686373891011
0.000408572520189336
0.000408741666666667
0.00040856009533297
0.000408665463578086
0.000408734959331619
0.000408735708143893
0.000408732396572786
0.000408723782213935
0.000408701999091182
0.000408650433641491
0.00040856009533297
0.00040864195304595
0.000408685181798008
0.000408737108261457
0.00040873608260966
0.000408733316813177
0.000408727067344663
0.000408714340447396
0.000408691214084191
0.000408665463578086
0.000408685181798008
0.000408701718035991
