9.64802098065512e-14
5.71060358770607e-10
6.65559678625335e-08
1.19388357700889e-06
8.26801118295834e-06
3.33469737226891e-05
9.46963768729417e-05
0.000399201655449785
0.000399200520710675
5.71060358744062e-10
1.77715866613743e-08
3.19863712046427e-07
2.68956981872494e-06
1.28062408051262e-05
4.25354040647405e-05
0.000108179755049948
0.000399200490832438
0.000399200515800163
6.65559678625292e-08
3.19863712046374e-07
1.63774501425606e-06
6.77280378402616e-06
2.16283028278531e-05
5.59777896686285e-05
0.000128951778857308
0.000399200474337783
0.000399200541407657
1.1938835770089e-06
2.68956981872498e-06
6.77280378402612e-06
1.64431993397781e-05
3.65198339790565e-05
7.42774607016276e-05
0.000158367891760695
0.000399200330640377
0.000399200453036527
8.2680111829584e-06
1.28062408051262e-05
2.1628302827853e-05
3.65198339790564e-05
5.95050079457415e-05
9.84130370368958e-05
0.000203266684018732
0.000399199805991782
0.000399200215867335
3.3346973722689e-05
4.25354040647404e-05
5.59777896686285e-05
7.42774607016277e-05
9.84130370368958e-05
0.000141408231497498
0.000399197095640484
0.000399198276995678
0.000399199644483177
9.46963768729414e-05
0.000108179755049948
0.000128951778857308
0.000158367891760695
0.000203266684018732
0.000399197095640484
0.000399196898397758
0.000399196975130956
0.00039919895764899
0.000399201655449785
0.000399200490832438
0.000399200474337783
0.000399200330640377
0.000399199805991782
0.000399198276995678
0.000399196975130956
0.000399198166011353
0.000399199592475425
0.000399200520710675
0.000399200515800163
0.000399200541407657
0.000399200453036527
0.000399200215867334
0.000399199644483177
0.00039919895764899
0.000399199592475425
0.000399200137266671
2.49852596715115e-10
1.1566210606819e-07
5.58226947104741e-06
4.4337201655465e-05
0.00014219469560871
0.000402005250830443
0.000402007387852938
0.000402007471770813
0.000402007495239484
1.15662106068162e-07
2.01868855247989e-06
1.88185008377738e-05
7.77088995907201e-05
0.000187203351675194
0.000402005323887481
0.000402006800339548
0.000402007440113624
0.000402007470204121
5.58226947104732e-06
1.88185008377737e-05
5.83804255066668e-05
0.000135680146595026
0.000402002077223858
0.000402003375216252
0.000402004176793603
0.000402005372648437
0.000402006372781602
4.43372016554649e-05
7.77088995907201e-05
0.000135680146595026
0.000402000559212123
0.000402000418864101
0.000401998028200656
0.000401995111465924
0.000401998258662832
0.000402001348868669
0.00014219469560871
0.000187203351675194
0.000402002077223858
0.000402000418864101
0.000401994640758022
0.000401981436497644
0.000401966665709864
0.000401979931812946
0.000401990611233093
0.000402005250830443
0.000402005323887481
0.000402003375216252
0.000401998028200656
0.000401981436497644
0.000401942329925657
0.00040188444916717
0.000401938924663488
0.000401971912889319
0.000402007387852938
0.000402006800339549
0.000402004176793603
0.000401995111465924
0.000401966665709864
0.00040188444916717
0.000401702578980311
0.000401879463290025
0.000401952845717675
0.000402007471770813
0.000402007440113624
0.000402005372648437
0.000401998258662832
0.000401979931812946
0.000401938924663488
0.000401879463290025
0.000401934879980909
0.00040196867344695
0.000402007495239484
0.000402007470204121
0.000402006372781602
0.000402001348868669
0.000401990611233093
0.000401971912889319
0.000401952845717675
0.00040196867344695
0.000401982234296836
1.10904363514995e-07
4.99592506586117e-06
5.87131677786242e-05
0.000202513774194858
0.000404739150693665
0.000404810165872279
0.000404811896757476
0.000404812384108599
0.000404811961784961
4.99592506586114e-06
3.19736726430748e-05
0.000122309009532771
0.000404654625459014
0.000404767244741604
0.000404810047610197
0.000404811031982618
0.000404810512907027
0.000404812294282631
5.87131677786242e-05
0.000122309009532771
0.000404606862342023
0.000404743538455717
0.000404807693384311
0.000404808467297624
0.000404808995738634
0.000404809760305872
0.000404810462961521
0.000202513774194858
0.000404654625459014
0.000404743538455717
0.000404681760651883
0.000404806184403652
0.000404804069173533
0.00040480147118656
0.000404803833903831
0.000404806199607967
0.000404739150693665
0.000404767244741605
0.000404807693384311
0.000404806184403652
0.000404801340455826
0.000404790468338754
0.000404778900006704
0.000404789193271726
0.000404797337916255
0.000404810165872279
0.000404810047610197
0.000404808467297624
0.000404804069173533
0.000404790468338754
0.0004047594782988
0.000404706189680313
0.000404756727555384
0.000404782916670253
0.000404811896757476
0.000404811031982618
0.000404808995738634
0.00040480147118656
0.000404778900006704
0.000404706189680313
0.00040451026513025
0.000404702134006286
0.000404768037169409
0.000404812384108599
0.000404810512907027
0.000404809760305872
0.000404803833903831
0.000404789193271726
0.000404756727555384
0.000404702134006285
0.000404753435986717
0.000404780386746533
0.000404811961784961
0.000404812294282631
0.000404810462961521
0.000404806199607967
0.000404797337916255
0.000404782916670253
0.000404768037169409
0.000404780386746533
0.000404790579533088
9.60755151733102e-07
6.86619712685899e-06
2.90099275183854e-05
7.31400897655211e-05
0.000128966678911935
0.000408731807578001
0.000408734407798937
0.000408734959331619
0.000408737108261457
6.86619712685897e-06
2.15573332709436e-05
5.30431416082908e-05
9.87926981128472e-05
0.000167753161947699
0.000408731753658615
0.000408733366412398
0.000408735708143893
0.00040873608260966
2.90099275183853e-05
5.30431416082907e-05
9.03848099864927e-05
0.00013807715385138
0.000408728278801739
0.000408730027196192
0.000408731479951523
0.000408732396572786
0.000408733316813177
7.3140089765521e-05
9.87926981128472e-05
0.00013807715385138
0.000408726618454597
0.000408726821761441
0.000408724655858529
0.000408720736424846
0.000408723782213935
0.000408727067344663
0.000128966678911935
0.000167753161947699
0.000408728278801739
0.000408726821761441
0.000408720943788412
0.000408705553277283
0.000408686373891011
0.000408701999091182
0.000408714340447396
0.000408731807578001
0.000408731753658615
0.000408730027196192
0.000408724655858529
0.000408705553277283
0.00040865769680618
0.000408572520189336
0.000408650433641491
0.000408691214084191
0.000408734407798937
0.000408733366412398
0.000408731479951523
0.000408720736424846
0.000408686373891011
0.000408572520189336
0.000408741666666667
0.00040856009533297
0.000408665463578086
0.000408734959331619
0.000408735708143893
0.000408732396572786
0.000408723782213935
0.000408701999091182
0.000408650433641491
0.00040856009533297
0.00040864195304595
0.000408685181798008
0.000408737108261457
0.00040873608260966
0.000408733316813177
0.000408727067344663
0.000408714340447396
0.000408691214084191
0.000408665463578086
0.000408685181798008
0.000408701718035991
