3.26342555857407e-15
5.68667475749647e-11
1.26303906859697e-08
3.39221053208971e-07
3.13300827738027e-06
1.59484847603939e-05
5.72256180216091e-05
0.000399201655449785
0.000399200520710675
5.68667475711297e-11
2.62661697208124e-09
7.04861306215955e-08
8.15561970861163e-07
5.00958917309086e-06
2.07344370144384e-05
6.49570529309042e-05
0.000399200490832438
0.000399200515800163
1.26303906859149e-08
7.04861306215576e-08
4.43376287601863e-07
2.28256599582721e-06
8.90247310664103e-06
2.81083826509796e-05
7.72150133866384e-05
0.000399200474337783
0.000399200541407657
3.39221053208898e-07
8.15561970861105e-07
2.28256599582714e-06
6.29385744425499e-06
1.62042848725565e-05
3.84640967408369e-05
9.37356066057907e-05
0.000399200330640377
0.000399200453036527
3.1330082773803e-06
5.0095891730908e-06
8.902473106641e-06
1.62042848725565e-05
2.88554317493243e-05
5.26401538421676e-05
0.000116102794358769
0.000399199805991782
0.000399200215867335
1.59484847603937e-05
2.07344370144383e-05
2.81083826509796e-05
3.84640967408369e-05
5.26401538421676e-05
7.69070421599524e-05
0.000167485121688777
0.000399198276995678
0.000399199644483177
5.7225618021609e-05
6.4957052930904e-05
7.72150133866385e-05
9.37356066057906e-05
0.000116102794358769
0.000167485121688777
0.000399196898397758
0.000399196975130956
0.00039919895764899
0.000399201655449785
0.000399200490832438
0.000399200474337783
0.000399200330640377
0.000399199805991782
0.000399198276995678
0.000399196975130956
0.000399198166011353
0.000399199592475425
0.000399200520710675
0.000399200515800163
0.000399200541407657
0.000399200453036527
0.000399200215867334
0.000399199644483177
0.00039919895764899
0.000399199592475425
0.000399200137266671
2.11736067065623e-11
2.30229565992464e-08
2.11801038206451e-06
2.47237374989903e-05
0.000102024047935212
0.000402005250830443
0.000402007387852938
0.000402007471770813
0.000402007495239484
2.30229565992468e-08
6.10953301364356e-07
8.57033797267855e-06
4.7233574612376e-05
0.000138266356894181
0.000402005323887481
0.000402006800339548
0.000402007440113624
0.000402007470204121
2.11801038206443e-06
8.57033797267843e-06
3.26056111035885e-05
9.34037435700515e-05
0.000402002077223858
0.000402003375216252
0.000402004176793603
0.000402005372648437
0.000402006372781602
2.472373749899e-05
4.7233574612376e-05
9.34037435700513e-05
0.000402000559212123
0.000402000418864101
0.000401998028200656
0.000401995111465924
0.000401998258662832
0.000402001348868669
0.000102024047935211
0.000138266356894181
0.000402002077223858
0.000402000418864101
0.000401994640758022
0.000401981436497644
0.000401966665709864
0.000401979931812946
0.000401990611233093
0.000402005250830443
0.000402005323887481
0.000402003375216252
0.000401998028200656
0.000401981436497644
0.000401942329925657
0.00040188444916717
0.000401938924663488
0.000401971912889319
0.000402007387852938
0.000402006800339549
0.000402004176793603
0.000401995111465924
0.000401966665709864
0.00040188444916717
0.000401702578980311
0.000401879463290025
0.000401952845717675
0.000402007471770813
0.000402007440113624
0.000402005372648437
0.000401998258662832
0.000401979931812946
0.000401938924663488
0.000401879463290025
0.000401934879980909
0.00040196867344695
0.000402007495239484
0.000402007470204121
0.000402006372781602
0.000402001348868669
0.000401990611233093
0.000401971912889319
0.000401952845717675
0.00040196867344695
0.000401982234296836
2.18883694139425e-08
1.78992641207093e-06
3.42672251965632e-05
0.000154104165903962
0.000404739150693665
0.000404810165872279
0.000404811896757476
0.000404812384108599
0.000404811961784961
1.78992641207092e-06
1.59185580534916e-05
8.29155734544228e-05
0.000404654625459014
0.000404767244741604
0.000404810047610197
0.000404811031982618
0.000404810512907027
0.000404812294282631
3.42672251965631e-05
8.29155734544227e-05
0.000404606862342023
0.000404743538455717
0.000404807693384311
0.000404808467297624
0.000404808995738634
0.000404809760305872
0.000404810462961521
0.000154104165903962
0.000404654625459014
0.000404743538455717
0.000404681760651883
0.000404806184403652
0.000404804069173533
0.00040480147118656
0.000404803833903831
0.000404806199607967
0.000404739150693665
0.000404767244741605
0.000404807693384311
0.000404806184403652
0.000404801340455826
0.000404790468338754
0.000404778900006704
0.000404789193271726
0.000404797337916255
0.000404810165872279
0.000404810047610197
0.000404808467297624
0.000404804069173533
0.000404790468338754
0.0004047594782988
0.000404706189680313
0.000404756727555384
0.000404782916670253
0.000404811896757476
0.000404811031982618
0.000404808995738634
0.00040480147118656
0.000404778900006704
0.000404706189680313
0.00040451026513025
0.000404702134006286
0.000404768037169409
0.000404812384108599
0.000404810512907027
0.000404809760305872
0.000404803833903831
0.000404789193271726
0.000404756727555384
0.000404702134006285
0.000404753435986717
0.000404780386746533
0.000404811961784961
0.000404812294282631
0.000404810462961521
0.000404806199607967
0.000404797337916255
0.000404782916670253
0.000404768037169409
0.000404780386746533
0.000404790579533088
2.38678008898016e-07
2.40642101197892e-06
1.43093905806587e-05
4.35310474545203e-05
8.36608607875144e-05
0.000184488702181582
0.000408734407798937
0.000408734959331619
0.000408737108261457
2.40642101197891e-06
9.48233062808433e-06
2.84243906168985e-05
6.13194515839566e-05
0.000107921992610322
0.000408731753658615
0.000408733366412398
0.000408735708143893
0.00040873608260966
1.43093905806586e-05
2.84243906168984e-05
5.55739926625533e-05
8.76344507464875e-05
0.000162256214952431
0.000408730027196192
0.000408731479951523
0.000408732396572786
0.000408733316813177
4.35310474545203e-05
6.13194515839566e-05
8.76344507464876e-05
0.000133788274390494
0.000408726821761441
0.000408724655858529
0.000408720736424846
0.000408723782213935
0.000408727067344663
8.36608607875144e-05
0.000107921992610322
0.000162256214952431
0.000408726821761441
0.000408720943788412
0.000408705553277283
0.000408686373891011
0.000408701999091182
0.000408714340447396
0.000184488702181581
0.000408731753658615
0.000408730027196192
0.000408724655858529
0.000408705553277283
0.00040865769680618
0.000408572520189336
0.000408650433641491
0.000408691214084191
0.000408734407798937
0.000408733366412398
0.000408731479951523
0.000408720736424846
0.000408686373891011
0.000408572520189336
0.000408741666666667
0.00040856009533297
0.000408665463578086
0.000408734959331619
0.000408735708143893
0.000408732396572786
0.000408723782213935
0.000408701999091182
0.000408650433641491
0.00040856009533297
0.00040864195304595
0.000408685181798008
0.000408737108261457
0.00040873608260966
0.000408733316813177
0.000408727067344663
0.000408714340447396
0.000408691214084191
0.000408665463578086
0.000408685181798008
0.000408701718035991
