1.08049511839936e-16
5.55474501734115e-12
2.35808805679585e-09
9.47109186095764e-08
1.3292315955786e-06
7.47566203381657e-06
3.40203187587304e-05
0.0001279763155855
0.000399200520710675
5.55474500834907e-12
3.79598180715884e-10
1.51488328085768e-08
2.40541191406073e-07
1.92625467423644e-06
9.73399617942817e-06
3.82473959567448e-05
0.00015509035191413
0.000399200515800163
2.3580880567131e-09
1.51488328084709e-08
1.1603714288246e-07
7.40893422229221e-07
3.5148226245514e-06
1.34700514059902e-05
4.46498019714953e-05
0.000399200474337783
0.000399200541407657
9.47109186094618e-08
2.40541191405916e-07
7.40893422229165e-07
2.30228536699328e-06
6.80671824127292e-06
1.88711097604323e-05
5.35892588106936e-05
0.000399200330640377
0.000399200453036527
1.32923159557859e-06
1.92625467423639e-06
3.51482262455131e-06
6.80671824127294e-06
1.31558370046046e-05
2.65617239562537e-05
6.48560805506135e-05
0.000399199805991782
0.000399200215867335
7.47566203381642e-06
9.73399617942826e-06
1.34700514059902e-05
1.88711097604323e-05
2.65617239562537e-05
4.00254905218659e-05
8.54643855361073e-05
0.000399198276995678
0.000399199644483177
3.40203187587302e-05
3.82473959567449e-05
4.46498019714954e-05
5.35892588106937e-05
6.48560805506136e-05
8.54643855361074e-05
0.000399196898397758
0.000399196975130956
0.00039919895764899
0.000127976315585498
0.00015509035191413
0.000399200474337783
0.000399200330640377
0.000399199805991782
0.000399198276995678
0.000399196975130956
0.000399198166011353
0.000399199592475425
0.000399200520710675
0.000399200515800163
0.000399200541407657
0.000399200453036527
0.000399200215867334
0.000399199644483177
0.00039919895764899
0.000399199592475425
0.000399200137266671
1.75524673611683e-12
4.48038446446133e-09
7.85819804188961e-07
1.35351140332542e-05
7.12845262019927e-05
0.000402005250830443
0.000402007387852938
0.000402007471770813
0.000402007495239484
4.48038446441814e-09
1.79926513457534e-07
3.79255280544197e-06
2.77136436720305e-05
0.000100451713386737
0.000402005323887481
0.000402006800339548
0.000402007440113624
0.000402007470204121
7.85819804188738e-07
3.79255280544179e-06
1.74693923800942e-05
6.21075286951402e-05
0.000402002077223858
0.000402003375216252
0.000402004176793603
0.000402005372648437
0.000402006372781602
1.35351140332539e-05
2.77136436720305e-05
6.210752869514e-05
0.000140020073190687
0.000402000418864101
0.000401998028200656
0.000401995111465924
0.000401998258662832
0.000402001348868669
7.12845262019926e-05
0.000100451713386737
0.000402002077223858
0.000402000418864101
0.000401994640758022
0.000401981436497644
0.000401966665709864
0.000401979931812946
0.000401990611233093
0.000402005250830443
0.000402005323887481
0.000402003375216252
0.000401998028200656
0.000401981436497644
0.000401942329925657
0.00040188444916717
0.000401938924663488
0.000401971912889319
0.000402007387852938
0.000402006800339549
0.000402004176793603
0.000401995111465924
0.000401966665709864
0.00040188444916717
0.000401702578980311
0.000401879463290025
0.000401952845717675
0.000402007471770813
0.000402007440113624
0.000402005372648437
0.000401998258662832
0.000401979931812946
0.000401938924663488
0.000401879463290025
0.000401934879980909
0.00040196867344695
0.000402007495239484
0.000402007470204121
0.000402006372781602
0.000402001348868669
0.000401990611233093
0.000401971912889319
0.000401952845717675
0.00040196867344695
0.000401982234296836
4.22935962159509e-09
6.25833792066692e-07
1.94721255659343e-05
0.000115341036072621
0.000404739150693665
0.000404810165872279
0.000404811896757476
0.000404812384108599
0.000404811961784961
6.25833792066682e-07
7.67757758056008e-06
5.461873286845e-05
0.000404654625459014
0.000404767244741604
0.000404810047610197
0.000404811031982618
0.000404810512907027
0.000404812294282631
1.94721255659342e-05
5.461873286845e-05
0.000404606862342023
0.000404743538455717
0.000404807693384311
0.000404808467297624
0.000404808995738634
0.000404809760305872
0.000404810462961521
0.000115341036072622
0.000404654625459014
0.000404743538455717
0.000404681760651883
0.000404806184403652
0.000404804069173533
0.00040480147118656
0.000404803833903831
0.000404806199607967
0.000404739150693665
0.000404767244741605
0.000404807693384311
0.000404806184403652
0.000404801340455826
0.000404790468338754
0.000404778900006704
0.000404789193271726
0.000404797337916255
0.000404810165872279
0.000404810047610197
0.000404808467297624
0.000404804069173533
0.000404790468338754
0.0004047594782988
0.000404706189680313
0.000404756727555384
0.000404782916670253
0.000404811896757476
0.000404811031982618
0.000404808995738634
0.00040480147118656
0.000404778900006704
0.000404706189680313
0.00040451026513025
0.000404702134006286
0.000404768037169409
0.000404812384108599
0.000404810512907027
0.000404809760305872
0.000404803833903831
0.000404789193271726
0.000404756727555384
0.000404702134006285
0.000404753435986717
0.000404780386746533
0.000404811961784961
0.000404812294282631
0.000404810462961521
0.000404806199607967
0.000404797337916255
0.000404782916670253
0.000404768037169409
0.000404780386746533
0.000404790579533088
5.72892160890679e-08
8.20302239718859e-07
7.11852596056367e-06
2.57100733399624e-05
5.38935525229316e-05
0.000119634465474291
0.000408734407798937
0.000408734959331619
0.000408737108261457
8.20302239718859e-07
4.10476316484795e-06
1.51881890666944e-05
3.91104027662445e-05
6.96358411080489e-05
0.000408731753658615
0.000408733366412398
0.000408735708143893
0.00040873608260966
7.11852596056357e-06
1.51881890666944e-05
3.5634748606944e-05
5.67658561583213e-05
9.87715808042632e-05
0.000408730027196192
0.000408731479951523
0.000408732396572786
0.000408733316813177
2.57100733399622e-05
3.91104027662445e-05
5.67658561583213e-05
8.36503433467668e-05
0.000408726821761441
0.000408724655858529
0.000408720736424846
0.000408723782213935
0.000408727067344663
5.38935525229315e-05
6.96358411080488e-05
9.87715808042633e-05
0.000408726821761441
0.000408720943788412
0.000408705553277283
0.000408686373891011
0.000408701999091182
0.000408714340447396
0.00011963446547429
0.000408731753658615
0.000408730027196192
0.000408724655858529
0.000408705553277283
0.00040865769680618
0.000408572520189336
0.000408650433641491
0.000408691214084191
0.000408734407798937
0.000408733366412398
0.000408731479951523
0.000408720736424846
0.000408686373891011
0.000408572520189336
0.000408741666666667
0.00040856009533297
0.000408665463578086
0.000408734959331619
0.000408735708143893
0.000408732396572786
0.000408723782213935
0.000408701999091182
0.000408650433641491
0.00040856009533297
0.00040864195304595
0.000408685181798008
0.000408737108261457
0.00040873608260966
0.000408733316813177
0.000408727067344663
0.000408714340447396
0.000408691214084191
0.000408665463578086
0.000408685181798008
0.000408701718035991
