3.49742705521172e-18
5.3148503799056e-13
4.32730820705191e-10
2.60077563465204e-08
5.97256741244235e-07
3.46688918603674e-06
2.0099371054006e-05
8.5989035810165e-05
0.000399200520710675
5.31485033542564e-13
5.36693914984605e-11
3.18207654625698e-09
6.92529574416176e-08
9.49844965290066e-07
4.55831239688413e-06
2.22645657113324e-05
0.000100990168204932
0.000399200515800163
4.32730820684001e-10
3.18207654621967e-09
2.95548064417345e-08
2.32828321961277e-07
1.40450303662669e-06
6.27554856546226e-06
2.52159493616824e-05
0.000130407936270164
0.000399200541407657
2.60077563464746e-08
6.92529574415377e-08
2.32828321961233e-07
8.11798477915404e-07
2.75794696974231e-06
8.8817770409243e-06
2.9785032970374e-05
0.000399200330640377
0.000399200453036527
5.972567412442e-07
9.4984496529002e-07
1.40450303662662e-06
2.75794696974225e-06
5.71060337319033e-06
1.27633439595055e-05
3.53525868131305e-05
0.000399199805991782
0.000399200215867335
3.46688918603667e-06
4.55831239688414e-06
6.27554856546221e-06
8.8817770409243e-06
1.27633439595055e-05
1.99102280926282e-05
4.40370529327534e-05
0.000399198276995678
0.000399199644483177
2.00993710540058e-05
2.22645657113324e-05
2.52159493616824e-05
2.9785032970374e-05
3.53525868131306e-05
4.40370529327534e-05
7.72405374994533e-05
0.000399196975130956
0.00039919895764899
8.59890358101638e-05
0.000100990168204931
0.000130407936270163
0.000399200330640377
0.000399199805991782
0.000399198276995678
0.000399196975130956
0.000399198166011353
0.000399199592475425
0.000399200520710675
0.000399200515800163
0.000399200541407657
0.000399200453036527
0.000399200215867334
0.000399199644483177
0.00039919895764899
0.000399199592475425
0.000399200137266671
1.42244462265297e-13
8.52371529528033e-10
2.85202209077967e-07
7.27287752816083e-06
4.86990214087943e-05
0.000402005250830443
0.000402007387852938
0.000402007471770813
0.000402007495239484
8.52371529519669e-10
5.16554635014433e-08
1.63412641071625e-06
1.57399214382003e-05
7.1001393173554e-05
0.000402005323887481
0.000402006800339548
0.000402007440113624
0.000402007470204121
2.85202209077841e-07
1.63412641071614e-06
9.15698034796852e-06
3.98117566325532e-05
0.000140480745351812
0.000402003375216252
0.000402004176793603
0.000402005372648437
0.000402006372781602
7.27287752816058e-06
1.57399214382002e-05
3.98117566325531e-05
9.72437236791044e-05
0.000402000418864101
0.000401998028200656
0.000401995111465924
0.000401998258662832
0.000402001348868669
4.86990214087942e-05
7.10013931735539e-05
0.000140480745351813
0.000402000418864101
0.000401994640758022
0.000401981436497644
0.000401966665709864
0.000401979931812946
0.000401990611233093
0.000402005250830443
0.000402005323887481
0.000402003375216252
0.000401998028200656
0.000401981436497644
0.000401942329925657
0.00040188444916717
0.000401938924663488
0.000401971912889319
0.000402007387852938
0.000402006800339549
0.000402004176793603
0.000401995111465924
0.000401966665709864
0.00040188444916717
0.000401702578980311
0.000401879463290025
0.000401952845717675
0.000402007471770813
0.000402007440113624
0.000402005372648437
0.000401998258662832
0.000401979931812946
0.000401938924663488
0.000401879463290025
0.000401934879980909
0.00040196867344695
0.000402007495239484
0.000402007470204121
0.000402006372781602
0.000402001348868669
0.000401990611233093
0.000401971912889319
0.000401952845717675
0.00040196867344695
0.000401982234296836
8.00046221531953e-10
2.13954299687001e-07
1.07968866754494e-05
8.48244914392778e-05
0.000404739150693665
0.000404810165872279
0.000404811896757476
0.000404812384108599
0.000404811961784961
2.13954299686996e-07
3.60033331548148e-06
3.49870351984484e-05
0.000404654625459014
0.000404767244741604
0.000404810047610197
0.000404811031982618
0.000404810512907027
0.000404812294282631
1.07968866754493e-05
3.49870351984484e-05
0.000124120251177161
0.000404743538455717
0.000404807693384311
0.000404808467297624
0.000404808995738634
0.000404809760305872
0.000404810462961521
8.48244914392778e-05
0.000404654625459014
0.000404743538455717
0.000404681760651883
0.000404806184403652
0.000404804069173533
0.00040480147118656
0.000404803833903831
0.000404806199607967
0.000404739150693665
0.000404767244741605
0.000404807693384311
0.000404806184403652
0.000404801340455826
0.000404790468338754
0.000404778900006704
0.000404789193271726
0.000404797337916255
0.000404810165872279
0.000404810047610197
0.000404808467297624
0.000404804069173533
0.000404790468338754
0.0004047594782988
0.000404706189680313
0.000404756727555384
0.000404782916670253
0.000404811896757476
0.000404811031982618
0.000404808995738634
0.00040480147118656
0.000404778900006704
0.000404706189680313
0.00040451026513025
0.000404702134006286
0.000404768037169409
0.000404812384108599
0.000404810512907027
0.000404809760305872
0.000404803833903831
0.000404789193271726
0.000404756727555384
0.000404702134006285
0.000404753435986717
0.000404780386746533
0.000404811961784961
0.000404812294282631
0.000404810462961521
0.000404806199607967
0.000404797337916255
0.000404782916670253
0.000404768037169409
0.000404780386746533
0.000404790579533088
1.33317455348704e-08
2.73476898592674e-07
3.59161504348554e-06
1.53425106040824e-05
3.52482725512372e-05
7.78664320139019e-05
0.000408734407798937
0.000408734959331619
0.000408737108261457
2.73476898592668e-07
1.76143369311508e-06
8.22278717239686e-06
2.63840453938115e-05
4.61663805899406e-05
0.000111101202287027
0.000408733366412398
0.000408735708143893
0.00040873608260966
3.59161504348549e-06
8.22278717239685e-06
2.19306297458844e-05
3.78048294175739e-05
6.2828038790279e-05
0.000408730027196192
0.000408731479951523
0.000408732396572786
0.000408733316813177
1.53425106040823e-05
2.63840453938115e-05
3.78048294175739e-05
5.42476968573352e-05
0.000100736235920291
0.000408724655858529
0.000408720736424846
0.000408723782213935
0.000408727067344663
3.52482725512372e-05
4.61663805899405e-05
6.2828038790279e-05
0.000100736235920292
0.000408720943788412
0.000408705553277283
0.000408686373891011
0.000408701999091182
0.000408714340447396
7.78664320139014e-05
0.000111101202287029
0.000408730027196192
0.000408724655858529
0.000408705553277283
0.00040865769680618
0.000408572520189336
0.000408650433641491
0.000408691214084191
0.000408734407798937
0.000408733366412398
0.000408731479951523
0.000408720736424846
0.000408686373891011
0.000408572520189336
0.000408741666666667
0.00040856009533297
0.000408665463578086
0.000408734959331619
0.000408735708143893
0.000408732396572786
0.000408723782213935
0.000408701999091182
0.000408650433641491
0.00040856009533297
0.00040864195304595
0.000408685181798008
0.000408737108261457
0.00040873608260966
0.000408733316813177
0.000408727067344663
0.000408714340447396
0.000408691214084191
0.000408665463578086
0.000408685181798008
0.000408701718035991
