1.10624797591101e-19
4.97732929482037e-14
7.79824669082529e-11
7.02540051195497e-09
2.47952229320731e-07
1.58013755352912e-06
1.19510587703185e-05
5.73970096322904e-05
0.000399200520710675
4.97732929819283e-14
7.42389744575051e-12
6.53578296048989e-10
1.95028823120524e-08
5.02987046251583e-07
2.14352173626182e-06
1.29453123300604e-05
6.52995449038153e-05
0.000399200515800163
7.79824669043701e-11
6.53578296043317e-10
7.33700597419562e-09
7.10918197509369e-08
5.8332588161273e-07
2.87893826204556e-06
1.40510331515296e-05
8.02296994449437e-05
0.000399200541407657
7.02540051194112e-09
1.95028823120317e-08
7.10918197509194e-08
2.83331990003925e-07
1.0961764972234e-06
4.05941066436517e-06
1.62256500314272e-05
0.000111258248587213
0.000399200453036527
2.47952229320713e-07
5.02987046251549e-07
5.83325881612695e-07
1.09617649722336e-06
2.39088894823865e-06
5.90110942944407e-06
1.88665487137317e-05
0.000399199805991782
0.000399200215867335
1.58013755352908e-06
2.1435217362618e-06
2.87893826204552e-06
4.05941066436515e-06
5.90110942944407e-06
9.51671023828962e-06
2.26075731696413e-05
0.000399198276995678
0.000399199644483177
1.19510587703184e-05
1.29453123300604e-05
1.40510331515296e-05
1.62256500314272e-05
1.88665487137317e-05
2.26075731696413e-05
3.65958790981417e-05
0.000399196975130956
0.00039919895764899
5.73970096322897e-05
6.52995449038149e-05
8.0229699444943e-05
0.000111258248587212
0.000399199805991782
0.000399198276995678
0.000399196975130956
0.000399198166011353
0.000399199592475425
0.000399200520710675
0.000399200515800163
0.000399200541407657
0.000399200453036527
0.000399200215867334
0.000399199644483177
0.00039919895764899
0.000399199592475425
0.000399200137266671
1.12624264427563e-14
1.58582060674412e-10
1.01346514856661e-07
3.83903942966801e-06
3.26413435985509e-05
0.000402005250830443
0.000402007387852938
0.000402007471770813
0.000402007495239484
1.5858206067151e-10
1.44810128439656e-08
6.86752402964549e-07
8.68741802956227e-06
4.90021891923563e-05
0.000402005323887481
0.000402006800339548
0.000402007440113624
0.000402007470204121
1.01346514856613e-07
6.86752402964492e-07
4.69404860506729e-06
2.46238469763105e-05
9.67636084080302e-05
0.000402003375216252
0.000402004176793603
0.000402005372648437
0.000402006372781602
3.83903942966787e-06
8.68741802956219e-06
2.46238469763104e-05
6.62030744893983e-05
0.000402000418864101
0.000401998028200656
0.000401995111465924
0.000401998258662832
0.000402001348868669
3.26413435985508e-05
4.90021891923562e-05
9.67636084080306e-05
0.000402000418864101
0.000401994640758022
0.000401981436497644
0.000401966665709864
0.000401979931812946
0.000401990611233093
0.000402005250830443
0.000402005323887481
0.000402003375216252
0.000401998028200656
0.000401981436497644
0.000128306616937821
0.000118144257009968
0.000401938924663488
0.000401971912889319
0.000402007387852938
0.000402006800339549
0.000402004176793603
0.000401995111465924
0.000401966665709864
0.00011814425700997
9.06181317560104e-05
0.000401879463290025
0.000401952845717675
0.000402007471770813
0.000402007440113624
0.000402005372648437
0.000401998258662832
0.000401979931812946
0.000401938924663488
0.000401879463290025
0.000401934879980909
0.00040196867344695
0.000402007495239484
0.000402007470204121
0.000402006372781602
0.000402001348868669
0.000401990611233093
0.000401971912889319
0.000401952845717675
0.00040196867344695
0.000401982234296836
1.48143722007796e-10
7.16329079931724e-08
5.85688617885775e-06
6.13239275260303e-05
0.000404739150693665
0.000404810165872279
0.000404811896757476
0.000404812384108599
0.000404811961784961
7.1632907993171e-08
1.64705170514271e-06
2.18409616555149e-05
0.000404654625459014
0.000404767244741604
0.000404810047610197
0.000404811031982618
0.000404810512907027
0.000404812294282631
5.85688617885769e-06
2.18409616555149e-05
8.86161830759542e-05
0.000404743538455717
0.000404807693384311
0.000404808467297624
0.000404808995738634
0.000404809760305872
0.000404810462961521
6.13239275260303e-05
0.000404654625459014
0.000404743538455717
0.000404681760651883
0.000404806184403652
0.000404804069173533
0.00040480147118656
0.000404803833903831
0.000404806199607967
0.000404739150693665
0.000404767244741605
0.000404807693384311
0.000404806184403652
0.000404801340455826
0.000404790468338754
0.000404778900006704
0.000404789193271726
0.000404797337916255
0.000404810165872279
0.000404810047610197
0.000404808467297624
0.000404804069173533
0.000404790468338754
0.0004047594782988
0.000404706189680313
0.000404756727555384
0.000404782916670253
0.000404811896757476
0.000404811031982618
0.000404808995738634
0.00040480147118656
0.000404778900006704
0.000404706189680313
0.00040451026513025
0.000404702134006286
0.000404768037169409
0.000404812384108599
0.000404810512907027
0.000404809760305872
0.000404803833903831
0.000404789193271726
0.000404756727555384
0.000404702134006285
0.000404753435986717
0.000404780386746533
0.000404811961784961
0.000404812294282631
0.000404810462961521
0.000404806199607967
0.000404797337916255
0.000404782916670253
0.000404768037169409
0.000404780386746533
0.000404790579533088
3.01456235366734e-09
8.94697918248248e-08
1.83343501317243e-06
9.34597188267129e-06
2.38535048067384e-05
5.14990593055779e-05
0.000408734407798937
0.000408734959331619
0.000408737108261457
8.94697918248224e-08
7.51425383511943e-07
4.52928732368092e-06
1.89949550830927e-05
3.20987703434894e-05
6.89088178023236e-05
0.000408733366412398
0.000408735708143893
0.00040873608260966
1.83343501317241e-06
4.52928732368091e-06
1.32574509283373e-05
2.61688219985558e-05
4.18340818222188e-05
0.000113523756499752
0.000408731479951523
0.000408732396572786
0.000408733316813177
9.34597188267127e-06
1.89949550830927e-05
2.61688219985558e-05
3.68033037326213e-05
6.00067472355286e-05
0.000408724655858529
0.000408720736424846
0.000408723782213935
0.000408727067344663
2.38535048067383e-05
3.20987703434894e-05
4.18340818222188e-05
6.00067472355288e-05
0.000131306048641666
0.000408705553277283
0.000408686373891011
0.000408701999091182
0.000408714340447396
5.14990593055776e-05
6.89088178023241e-05
0.000113523756499753
0.000408724655858529
0.000408705553277283
0.00040865769680618
0.000408572520189336
0.000408650433641491
0.000408691214084191
0.000408734407798937
0.000408733366412398
0.000408731479951523
0.000408720736424846
0.000408686373891011
0.000408572520189336
0.000408741666666667
0.00040856009533297
0.000408665463578086
0.000408734959331619
0.000408735708143893
0.000408732396572786
0.000408723782213935
0.000408701999091182
0.000408650433641491
0.00040856009533297
0.00040864195304595
0.000408685181798008
0.000408737108261457
0.00040873608260966
0.000408733316813177
0.000408727067344663
0.000408714340447396
0.000408691214084191
0.000408665463578086
0.000408685181798008
0.000408701718035991
