3.47675438899104e-21
4.55854486231275e-15
1.37878548363187e-11
1.86648799289254e-09
8.57014111973627e-08
6.98892831690447e-07
7.25683047258669e-06
3.84280131281313e-05
0.000399200520710675
4.55854361676453e-15
1.00451476571336e-12
1.31284190742782e-10
5.38184390836483e-09
2.66302088427855e-07
1.0094967510528e-06
7.5997259988211e-06
4.23566985492291e-05
0.000399200515800163
1.37878548328724e-11
1.31284190735126e-10
1.77631518452929e-09
2.1126969130613e-08
2.53032724763007e-07
1.313854621032e-06
7.80139379857809e-06
4.96158233188235e-05
0.000399200541407657
1.86648799289048e-09
5.38184390834251e-09
2.11269691305703e-08
1.58605580100926e-07
4.57123162781923e-07
1.82840431149579e-06
8.74066087230095e-06
6.43667247367487e-05
0.000399200453036527
8.57014111973477e-08
2.6630208842782e-07
2.53032724762977e-07
4.571231627819e-07
9.9552417056933e-07
2.65719096997485e-06
9.91048550661496e-06
0.000103515697019493
0.000399200215867335
6.98892831690414e-07
1.00949675105279e-06
1.31385462103197e-06
1.82840431149575e-06
2.65719096997484e-06
4.41102689775384e-06
1.14965663612485e-05
0.000399198276995678
0.000399199644483177
7.25683047258659e-06
7.59972599882109e-06
7.80139379857808e-06
8.74066087230094e-06
9.91048550661496e-06
1.14965663612485e-05
1.7752738893525e-05
0.000399196975130956
0.00039919895764899
3.84280131281308e-05
4.23566985492288e-05
4.96158233188231e-05
6.43667247367481e-05
0.000103515697019492
0.000399198276995678
0.000399196975130956
0.000399198166011353
0.000399199592475425
0.000399200520710675
0.000399200515800163
0.000399200541407657
0.000399200453036527
0.000399200215867334
0.000399199644483177
0.00039919895764899
0.000399199592475425
0.000399200137266671
8.70766418139764e-16
2.88500118472664e-11
3.52725207317006e-08
1.9913556830983e-06
2.14809315085248e-05
0.000402005250830443
0.000402007387852938
0.000402007471770813
0.000402007495239484
2.8850011840136e-11
3.96762240798557e-09
2.81830168915264e-07
4.69922508081969e-06
3.31074547640829e-05
0.000402005323887481
0.000402006800339548
0.000402007440113624
0.000402007470204121
3.52725207316833e-08
2.81830168915239e-07
2.35196117174708e-06
1.47605762317387e-05
6.60958297667141e-05
0.000402003375216252
0.000402004176793603
0.000402005372648437
0.000402006372781602
1.9913556830982e-06
4.69922508081963e-06
1.47605762317386e-05
4.38696660024324e-05
0.000402000418864101
0.000401998028200656
0.000401995111465924
0.000401998258662832
0.000402001348868669
2.14809315085247e-05
3.31074547640827e-05
6.60958297667143e-05
0.000402000418864101
0.000401994640758022
0.000401981436497644
0.000401966665709864
0.000401979931812946
0.000401990611233093
0.000402005250830443
0.000402005323887481
0.000402003375216252
0.000401998028200656
0.000401981436497644
9.74885432080573e-05
7.75302978688673e-05
0.000401938924663488
0.000401971912889319
0.000402007387852938
0.000402006800339549
0.000402004176793603
0.000401995111465924
0.000401966665709864
7.75302978688678e-05
4.86845698364258e-05
0.000401879463290025
0.000401952845717675
0.000402007471770813
0.000402007440113624
0.000402005372648437
0.000401998258662832
0.000401979931812946
0.000401938924663488
0.000401879463290025
0.000401934879980909
0.00040196867344695
0.000402007495239484
0.000402007470204121
0.000402006372781602
0.000402001348868669
0.000401990611233093
0.000401971912889319
0.000401952845717675
0.00040196867344695
0.000401982234296836
2.68440797983865e-11
2.350347839469e-08
3.11346846567427e-06
4.35861788699651e-05
0.000404739150693665
0.000404810165872279
0.000404811896757476
0.000404812384108599
0.000404811961784961
2.35034783946784e-08
7.36649108285535e-07
1.33091581889979e-05
0.000111215446578354
0.000404767244741604
0.000404810047610197
0.000404811031982618
0.000404810512907027
0.000404812294282631
3.11346846567424e-06
1.33091581889979e-05
6.22231575660645e-05
0.000404743538455717
0.000404807693384311
0.000404808467297624
0.000404808995738634
0.000404809760305872
0.000404810462961521
4.35861788699651e-05
0.000111215446578355
0.000404743538455717
0.000404681760651883
0.000404806184403652
0.000404804069173533
0.00040480147118656
0.000404803833903831
0.000404806199607967
0.000404739150693665
0.000404767244741605
0.000404807693384311
0.000404806184403652
0.000404801340455826
0.000404790468338754
0.000404778900006704
0.000404789193271726
0.000404797337916255
0.000404810165872279
0.000404810047610197
0.000404808467297624
0.000404804069173533
0.000404790468338754
0.0004047594782988
0.000404706189680313
0.000404756727555384
0.000404782916670253
0.000404811896757476
0.000404811031982618
0.000404808995738634
0.00040480147118656
0.000404778900006704
0.000404706189680313
0.00040451026513025
0.000404702134006286
0.000404768037169409
0.000404812384108599
0.000404810512907027
0.000404809760305872
0.000404803833903831
0.000404789193271726
0.000404756727555384
0.000404702134006285
0.000404753435986717
0.000404780386746533
0.000404811961784961
0.000404812294282631
0.000404810462961521
0.000404806199607967
0.000404797337916255
0.000404782916670253
0.000404768037169409
0.000404780386746533
0.000404790579533088
6.63316384674506e-10
2.87721860573498e-08
9.41059784800007e-07
5.84115079798628e-06
1.68802305230741e-05
3.50766826808203e-05
0.000408734407798937
0.000408734959331619
0.000408737108261457
2.87721860573393e-08
3.18685695019691e-07
2.53202538493735e-06
1.34763893555644e-05
2.31578911029822e-05
4.48851678177002e-05
0.000408733366412398
0.000408735708143893
0.00040873608260966
9.41059784799983e-07
2.53202538493734e-06
8.03866734435789e-06
1.87151619485571e-05
2.92205235255331e-05
6.44788180166105e-05
0.000408731479951523
0.000408732396572786
0.000408733316813177
5.84115079798628e-06
1.34763893555645e-05
1.87151619485572e-05
2.6121835563369e-05
3.93116548872577e-05
0.000120268195244396
0.000408720736424846
0.000408723782213935
0.000408727067344663
1.6880230523074e-05
2.31578911029822e-05
2.92205235255331e-05
3.93116548872577e-05
6.68146388882907e-05
0.000408705553277283
0.000408686373891011
0.000408701999091182
0.000408714340447396
3.50766826808201e-05
4.48851678177004e-05
6.4478818016611e-05
0.000120268195244397
0.000408705553277283
0.00040865769680618
0.000408572520189336
0.000408650433641491
0.000408691214084191
0.000408734407798937
0.000408733366412398
0.000408731479951523
0.000408720736424846
0.000408686373891011
0.000408572520189336
0.000408741666666667
0.00040856009533297
0.000408665463578086
0.000408734959331619
0.000408735708143893
0.000408732396572786
0.000408723782213935
0.000408701999091182
0.000408650433641491
0.00040856009533297
0.00040864195304595
0.000408685181798008
0.000408737108261457
0.00040873608260966
0.000408733316813177
0.000408727067344663
0.000408714340447396
0.000408691214084191
0.000408665463578086
0.000408685181798008
0.000408701718035991
