9.26318352956086e-14
9.49951678965487e-11
1.88047469178407e-08
2.4584940407986e-07
1.48973044613378e-06
3.99301733474033e-06
1.0150876502357e-05
3.61988973194482e-05
0.000399200520710675
9.49951678941366e-11
3.44931325110313e-09
7.49100401698938e-08
3.49320723608583e-07
1.95779813304597e-06
4.20273776827292e-06
1.01270447993937e-05
3.83918931145249e-05
0.000399200515800163
1.8804746917837e-08
7.49100401698867e-08
1.75849777389034e-07
8.07859202403518e-07
2.08404798676688e-06
4.06250153032003e-06
9.47863402640859e-06
4.19927515632783e-05
0.000399200541407657
2.45849404079853e-07
3.49320723608563e-07
8.07859202403488e-07
1.64634111287927e-06
2.36585802155311e-06
2.96804724621159e-06
7.9050047819113e-06
4.91931320331424e-05
0.000399200453036527
1.48973044613376e-06
1.95779813304594e-06
2.08404798676685e-06
2.3658580215531e-06
1.8013658876158e-06
2.52333355380706e-06
7.44866203820355e-06
6.9471362007865e-05
0.000399200215867335
3.9930173347403e-06
4.2027377682729e-06
4.06250153032e-06
2.96804724621155e-06
2.52333355380705e-06
3.12185495393388e-06
7.51268263653303e-06
0.000399198276995678
0.000399199644483177
1.01508765023569e-05
1.01270447993937e-05
9.47863402640857e-06
7.90500478191128e-06
7.44866203820354e-06
7.51268263653303e-06
1.45040053976662e-05
0.000399196975130956
0.00039919895764899
3.61988973194478e-05
3.83918931145246e-05
4.1992751563278e-05
4.91931320331419e-05
6.94713620078779e-05
0.000399198276995678
0.000399196975130956
0.000399198166011353
0.000399199592475425
0.000399200520710675
0.000399200515800163
0.000399200541407657
0.000399200453036527
0.000399200215867334
0.000399199644483177
0.00039919895764899
0.000399199592475425
0.000399200137266671
1.10792666056797e-12
1.16567181258488e-09
2.23713186199391e-07
3.49358407076184e-06
2.14251081102384e-05
0.000402005250830443
0.000402007387852938
0.000402007471770813
0.000402007495239484
1.16567181257759e-09
4.37976145754532e-08
9.97656552419009e-07
5.66503074991855e-06
3.10142302729054e-05
0.000402005323887481
0.000402006800339548
0.000402007440113624
0.000402007470204121
2.23713186199373e-07
9.97656552418989e-07
3.08476819559701e-06
1.42863647442184e-05
5.7993327553251e-05
0.000402003375216252
0.000402004176793603
0.000402005372648437
0.000402006372781602
3.49358407076177e-06
5.6650307499185e-06
1.42863647442183e-05
3.78579951699996e-05
0.000402000418864101
0.000401998028200656
0.000401995111465924
0.000401998258662832
0.000402001348868669
2.14251081102383e-05
3.10142302729053e-05
5.79933275532511e-05
0.000402000418864101
0.000401994640758022
0.000401981436497644
0.000401966665709864
0.000401979931812946
0.000401990611233093
0.000402005250830443
0.000402005323887481
0.000402003375216252
0.000401998028200656
0.000401981436497644
6.48049000547998e-05
4.72750897667538e-05
0.000401938924663488
0.000401971912889319
0.000402007387852938
0.000402006800339549
0.000402004176793603
0.000401995111465924
0.000401966665709864
4.7275089766754e-05
3.00632195012236e-05
0.000401879463290025
0.000401952845717675
0.000402007471770813
0.000402007440113624
0.000402005372648437
0.000401998258662832
0.000401979931812946
0.000401938924663488
0.000401879463290025
0.000401934879980909
0.00040196867344695
0.000402007495239484
0.000402007470204121
0.000402006372781602
0.000402001348868669
0.000401990611233093
0.000401971912889319
0.000401952845717675
0.00040196867344695
0.000401982234296836
2.68440797982826e-11
2.31868615865718e-08
3.03641637042785e-06
4.2216070720711e-05
0.000404739150693665
0.000404810165872279
0.000404811896757476
0.000404812384108599
0.000404811961784961
2.31868615865602e-08
7.15646340662066e-07
1.27791216174201e-05
0.000103887667703956
0.000404767244741604
0.000404810047610197
0.000404811031982618
0.000404810512907027
0.000404812294282631
3.03641637042781e-06
1.27791216174201e-05
5.88952535914533e-05
0.000404743538455717
0.000404807693384311
0.000404808467297624
0.000404808995738634
0.000404809760305872
0.000404810462961521
4.2216070720711e-05
0.000103887667703951
0.000404743538455717
0.000404681760651883
0.000404806184403652
0.000404804069173533
0.00040480147118656
0.000404803833903831
0.000404806199607967
0.000404739150693665
0.000404767244741605
0.000404807693384311
0.000404806184403652
0.000404801340455826
0.000404790468338754
0.000404778900006704
0.000404789193271726
0.000404797337916255
0.000404810165872279
0.000404810047610197
0.000404808467297624
0.000404804069173533
0.000404790468338754
0.0004047594782988
0.000404706189680313
0.000404756727555384
0.000404782916670253
0.000404811896757476
0.000404811031982618
0.000404808995738634
0.00040480147118656
0.000404778900006704
0.000404706189680313
5.90167843974042e-05
0.000404702134006286
0.000404768037169409
0.000404812384108599
0.000404810512907027
0.000404809760305872
0.000404803833903831
0.000404789193271726
0.000404756727555384
0.000404702134006285
0.000404753435986717
0.000404780386746533
0.000404811961784961
0.000404812294282631
0.000404810462961521
0.000404806199607967
0.000404797337916255
0.000404782916670253
0.000404768037169409
0.000404780386746533
0.000404790579533088
6.27075595793783e-10
2.63832241104582e-08
8.88226681409897e-07
6.8347808029125e-06
1.79581080004771e-05
3.40862934051413e-05
0.000408734407798937
0.000408734959331619
0.000408737108261457
2.63832241104487e-08
2.88185100511442e-07
2.40846759372601e-06
1.41987980134659e-05
2.31037837163735e-05
4.07924908420462e-05
0.000408733366412398
0.000408735708143893
0.00040873608260966
8.88226681409874e-07
2.408467593726e-06
9.31050708452301e-06
1.84891182034522e-05
2.76103749231885e-05
5.17851877050382e-05
0.000408731479951523
0.000408732396572786
0.000408733316813177
6.83478080291248e-06
1.41987980134659e-05
1.84891182034522e-05
2.4565474019851e-05
3.39697468446303e-05
7.62631235019118e-05
0.000408720736424846
0.000408723782213935
0.000408727067344663
1.79581080004771e-05
2.31037837163735e-05
2.76103749231885e-05
3.39697468446303e-05
4.76668053670525e-05
0.000408705553277283
0.000408686373891011
0.000408701999091182
0.000408714340447396
3.40862934051411e-05
4.07924908420463e-05
5.17851877050384e-05
7.62631235019165e-05
0.000408705553277283
0.00040865769680618
0.000408572520189336
0.000408650433641491
0.000408691214084191
0.000408734407798937
0.000408733366412398
0.000408731479951523
0.000408720736424846
0.000408686373891011
0.000408572520189336
0.000408741666666667
0.00040856009533297
0.000408665463578086
0.000408734959331619
0.000408735708143893
0.000408732396572786
0.000408723782213935
0.000408701999091182
0.000408650433641491
0.00040856009533297
0.00040864195304595
0.000408685181798008
0.000408737108261457
0.00040873608260966
0.000408733316813177
0.000408727067344663
0.000408714340447396
0.000408691214084191
0.000408665463578086
0.000408685181798008
0.000408701718035991
