2.73434880858525e-13
2.57586642830859e-10
4.48353263668063e-08
4.67652082672477e-07
2.48219509795765e-06
5.8974446047857e-06
1.15673002189719e-05
3.31540000885686e-05
0.000399200520710675
2.57586642832157e-10
8.44921386609883e-09
1.59959417054272e-07
6.58322069781583e-07
3.02644754840191e-06
6.01966963847471e-06
1.13440805808266e-05
3.42405465656118e-05
0.000399200515800163
4.4835326366801e-08
1.59959417054264e-07
3.53821995545864e-07
1.29330746780456e-06
3.32411495329655e-06
5.68376738794897e-06
1.03717520302199e-05
3.57506541250232e-05
0.000399200541407657
4.6765208267247e-07
6.58322069781558e-07
1.29330746780454e-06
2.40756822741171e-06
3.52523490806186e-06
4.21323744667003e-06
8.10176683482944e-06
3.87962379448733e-05
0.000399200453036527
2.48219509795763e-06
3.02644754840189e-06
3.32411495329651e-06
3.52523490806184e-06
2.86014326795168e-06
3.23254623033523e-06
6.74962487202277e-06
6.9471362007865e-05
0.000399200215867335
5.89744460478568e-06
6.01966963847469e-06
5.68376738794894e-06
4.21323744667e-06
3.23254623033522e-06
3.20009053439739e-06
5.96102474028699e-06
0.000399198276995678
0.000399199644483177
1.15673002189718e-05
1.13440805808265e-05
1.03717520302199e-05
8.10176683482941e-06
6.74962487202276e-06
5.96102474028698e-06
1.11375081025131e-05
0.000399196975130956
0.00039919895764899
3.31540000885683e-05
3.42405465656116e-05
3.57506541250229e-05
3.8796237944873e-05
6.94713620078779e-05
0.000399198276995678
0.000399196975130956
0.000399198166011353
0.000399199592475425
0.000399200520710675
0.000399200515800163
0.000399200541407657
0.000399200453036527
0.000399200215867334
0.000399199644483177
0.00039919895764899
0.000399199592475425
0.000399200137266671
2.14941067450472e-12
2.12710245531095e-09
3.64090396222979e-07
4.24369483716e-06
2.06130358528045e-05
0.000402005250830443
0.000402007387852938
0.000402007471770813
0.000402007495239484
2.12710245530283e-09
7.38932112566018e-08
1.45763867507883e-06
6.16597951128031e-06
2.84935224214495e-05
0.000402005323887481
0.000402006800339548
0.000402007440113624
0.000402007470204121
3.64090396222966e-07
1.45763867507882e-06
3.641876400111e-06
1.32642018903804e-05
5.04412637676588e-05
0.000402003375216252
0.000402004176793603
0.000402005372648437
0.000402006372781602
4.24369483715994e-06
6.16597951128026e-06
1.32642018903803e-05
3.23369019966482e-05
0.000402000418864101
0.000401998028200656
0.000401995111465924
0.000401998258662832
0.000402001348868669
2.06130358528044e-05
2.84935224214494e-05
5.0441263767642e-05
0.000402000418864101
0.000401994640758022
0.000401981436497644
0.000401966665709864
0.000401979931812946
0.000401990611233093
0.000402005250830443
0.000402005323887481
0.000402003375216252
0.000401998028200656
0.000401981436497644
6.48049000547998e-05
3.00734938602353e-05
0.000401938924663488
0.000401971912889319
0.000402007387852938
0.000402006800339549
0.000402004176793603
0.000401995111465924
0.000401966665709864
3.00734938602354e-05
2.00098856271182e-05
0.000401879463290025
0.000401952845717675
0.000402007471770813
0.000402007440113624
0.000402005372648437
0.000401998258662832
0.000401979931812946
0.000401938924663488
0.000401879463290025
0.000401934879980909
0.00040196867344695
0.000402007495239484
0.000402007470204121
0.000402006372781602
0.000402001348868669
0.000401990611233093
0.000401971912889319
0.000401952845717675
0.00040196867344695
0.000401982234296836
2.68440797979357e-11
2.28437887404601e-08
2.95297551230369e-06
4.07409078845374e-05
0.000404739150693665
0.000404810165872279
0.000404811896757476
0.000404812384108599
0.000404811961784961
2.28437887404476e-08
6.9304082573526e-07
1.22175717345037e-05
0.000103887667703956
0.000404767244741604
0.000404810047610197
0.000404811031982618
0.000404810512907027
0.000404812294282631
2.95297551230366e-06
1.22175717345037e-05
5.54121315890012e-05
0.000404743538455717
0.000404807693384311
0.000404808467297624
0.000404808995738634
0.000404809760305872
0.000404810462961521
4.07409078845374e-05
0.000103887667703951
0.000404743538455717
0.000404681760651883
0.000404806184403652
0.000404804069173533
0.00040480147118656
0.000404803833903831
0.000404806199607967
0.000404739150693665
0.000404767244741605
0.000404807693384311
0.000404806184403652
0.000404801340455826
0.000404790468338754
0.000404778900006704
0.000404789193271726
0.000404797337916255
0.000404810165872279
0.000404810047610197
0.000404808467297624
0.000404804069173533
0.000404790468338754
0.0004047594782988
0.000404706189680313
0.000404756727555384
0.000404782916670253
0.000404811896757476
0.000404811031982618
0.000404808995738634
0.00040480147118656
0.000404778900006704
0.000404706189680313
3.39165489932578e-05
0.000404702134006286
0.000404768037169409
0.000404812384108599
0.000404810512907027
0.000404809760305872
0.000404803833903831
0.000404789193271726
0.000404756727555384
0.000404702134006285
0.000404753435986717
0.000404780386746533
0.000404811961784961
0.000404812294282631
0.000404810462961521
0.000404806199607967
0.000404797337916255
0.000404782916670253
0.000404768037169409
0.000404780386746533
0.000404790579533088
5.86980556046107e-10
2.40021389456509e-08
8.56516471219339e-07
8.0157197807595e-06
1.76325962246849e-05
3.1552166255778e-05
0.000408734407798937
0.000408734959331619
0.000408737108261457
2.40021389456429e-08
2.62489976134027e-07
2.391990965139e-06
1.32545190535156e-05
2.16278420164707e-05
3.59624325922968e-05
0.000408733366412398
0.000408735708143893
0.00040873608260966
8.56516471219321e-07
2.39199096513899e-06
9.23919366740421e-06
1.69958679139673e-05
2.48592944732888e-05
4.17743762223801e-05
0.000408731479951523
0.000408732396572786
0.000408733316813177
8.01571978075947e-06
1.32545190535156e-05
1.69958679139674e-05
2.19848438109451e-05
2.89284417599314e-05
7.62631235019118e-05
0.000408720736424846
0.000408723782213935
0.000408727067344663
1.76325962246849e-05
2.16278420164707e-05
2.48592944732889e-05
2.89284417599314e-05
3.61268689231503e-05
0.000408705553277283
0.000408686373891011
0.000408701999091182
0.000408714340447396
3.15521662557779e-05
3.59624325922969e-05
4.17743762223802e-05
7.62631235019165e-05
0.000408705553277283
0.00040865769680618
0.000408572520189336
0.000408650433641491
0.000408691214084191
0.000408734407798937
0.000408733366412398
0.000408731479951523
0.000408720736424846
0.000408686373891011
0.000408572520189336
0.000408741666666667
0.00040856009533297
0.000408665463578086
0.000408734959331619
0.000408735708143893
0.000408732396572786
0.000408723782213935
0.000408701999091182
0.000408650433641491
0.00040856009533297
0.00040864195304595
0.000408685181798008
0.000408737108261457
0.00040873608260966
0.000408733316813177
0.000408727067344663
0.000408714340447396
0.000408691214084191
0.000408665463578086
0.000408685181798008
0.000408701718035991
