5.41117289062217e-13
4.65381930742617e-10
7.21536747446844e-08
6.75463459326489e-07
3.13454820461926e-06
6.49745329955605e-06
1.14983821315186e-05
2.91991066725309e-05
0.000399200520710675
4.65381930742968e-10
1.38356373964374e-08
2.3397223004091e-07
9.10177431729152e-07
3.60041744824545e-06
6.55752410305775e-06
1.12145624316797e-05
2.96426230788013e-05
0.000399200515800163
7.21536747446797e-08
2.33972230040903e-07
5.13529585687122e-07
1.56300447104919e-06
3.75327553732543e-06
6.17209701411348e-06
1.0291808699318e-05
3.01282368240125e-05
0.000399200541407657
6.7546345932648e-07
9.10177431729127e-07
1.56300447104917e-06
2.66111653504337e-06
3.87312210377095e-06
4.93261610340089e-06
8.31202459277855e-06
3.1258664571761e-05
0.000399200453036527
3.13454820461923e-06
3.60041744824543e-06
3.7532755373254e-06
3.87312210377093e-06
3.51227992564544e-06
3.95894177712761e-06
6.76766606058971e-06
6.9471362007865e-05
0.000399200215867335
6.49745329955603e-06
6.55752410305773e-06
6.17209701411345e-06
4.93261610340087e-06
3.9589417771276e-06
3.75639358301473e-06
5.67356512175314e-06
0.000399198276995678
0.000399199644483177
1.14983821315186e-05
1.12145624316797e-05
1.0291808699318e-05
8.31202459277853e-06
6.76766606058969e-06
5.67356512175313e-06
8.54405380321352e-06
0.000399196975130956
0.00039919895764899
2.9199106672526e-05
2.96426230788102e-05
3.01282368240134e-05
3.12586645717565e-05
6.94713620078779e-05
0.000399198276995678
0.000399196975130956
0.000399198166011353
0.000399199592475425
0.000399200520710675
0.000399200515800163
0.000399200541407657
0.000399200453036527
0.000399200215867334
0.000399199644483177
0.00039919895764899
0.000399199592475425
0.000399200137266671
3.11207851854557e-12
2.91422439366659e-09
4.59826179929657e-07
4.54819853753996e-06
1.92591963166103e-05
0.000402005250830443
0.000402007387852938
0.000402007471770813
0.000402007495239484
2.91422439365858e-09
9.51371912620906e-08
1.70446778755825e-06
6.18808088652394e-06
2.57524863346633e-05
0.000402005323887481
0.000402006800339548
0.000402007440113624
0.000402007470204121
4.59826179929644e-07
1.70446778755824e-06
3.86746785900997e-06
1.18973760155815e-05
5.04412637676588e-05
0.000402003375216252
0.000402004176793603
0.000402005372648437
0.000402006372781602
4.54819853753991e-06
6.18808088652388e-06
1.18973760155815e-05
2.73024516660504e-05
0.000402000418864101
0.000401998028200656
0.000401995111465924
0.000401998258662832
0.000402001348868669
1.92591963166102e-05
2.57524863346633e-05
5.0441263767642e-05
0.000402000418864101
0.000401994640758022
0.000401981436497644
0.000401966665709864
0.000401979931812946
0.000401990611233093
0.000402005250830443
0.000402005323887481
0.000402003375216252
0.000401998028200656
0.000401981436497644
6.48049000547998e-05
1.84791140419929e-05
0.000401938924663488
0.000401971912889319
0.000402007387852938
0.000402006800339549
0.000402004176793603
0.000401995111465924
0.000401966665709864
1.84791140419929e-05
1.32304557189458e-05
0.000401879463290025
0.000401952845717675
0.000402007471770813
0.000402007440113624
0.000402005372648437
0.000401998258662832
0.000401979931812946
0.000401938924663488
0.000401879463290025
0.000401934879980909
0.00040196867344695
0.000402007495239484
0.000402007470204121
0.000402006372781602
0.000402001348868669
0.000401990611233093
0.000401971912889319
0.000401952845717675
0.00040196867344695
0.000401982234296836
2.68440797979348e-11
2.24573484659938e-08
2.8607970627885e-06
3.91310768382977e-05
0.000404739150693665
0.000404810165872279
0.000404811896757476
0.000404812384108599
0.000404811961784961
2.24573484659815e-08
6.68107719537583e-07
1.16125977791918e-05
0.000103887667703956
0.000404767244741604
0.000404810047610197
0.000404811031982618
0.000404810512907027
0.000404812294282631
2.86079706278846e-06
1.16125977791918e-05
5.54121315890012e-05
0.000404743538455717
0.000404807693384311
0.000404808467297624
0.000404808995738634
0.000404809760305872
0.000404810462961521
3.91310768383027e-05
0.000103887667703951
0.000404743538455717
0.000404681760651883
0.000404806184403652
0.000404804069173533
0.00040480147118656
0.000404803833903831
0.000404806199607967
0.000404739150693665
0.000404767244741605
0.000404807693384311
0.000404806184403652
0.000404801340455826
0.000404790468338754
0.000404778900006704
0.000404789193271726
0.000404797337916255
0.000404810165872279
0.000404810047610197
0.000404808467297624
0.000404804069173533
0.000404790468338754
0.0004047594782988
0.000404706189680313
0.000404756727555384
0.000404782916670253
0.000404811896757476
0.000404811031982618
0.000404808995738634
0.00040480147118656
0.000404778900006704
0.000404706189680313
1.99336095741002e-05
0.000404702134006286
0.000404768037169409
0.000404812384108599
0.000404810512907027
0.000404809760305872
0.000404803833903831
0.000404789193271726
0.000404756727555384
0.000404702134006285
0.000404753435986717
0.000404780386746533
0.000404811961784961
0.000404812294282631
0.000404810462961521
0.000404806199607967
0.000404797337916255
0.000404782916670253
0.000404768037169409
0.000404780386746533
0.000404790579533088
5.41985520876863e-10
2.16417193768404e-08
8.41631922168874e-07
7.79132523029559e-06
1.59203902031483e-05
2.76507330619258e-05
0.000408734407798937
0.000408734959331619
0.000408737108261457
2.16417193768329e-08
2.40919307810534e-07
2.42842317983285e-06
1.11727780443898e-05
1.87378581581877e-05
3.03276253187981e-05
0.000408733366412398
0.000408735708143893
0.00040873608260966
8.41631922168855e-07
2.42842317983284e-06
7.82734642521824e-06
1.42545110095841e-05
2.09213015437545e-05
3.30750651219165e-05
0.000408731479951523
0.000408732396572786
0.000408733316813177
7.79132523029557e-06
1.11727780443899e-05
1.42545110095841e-05
1.82562927367038e-05
2.34910953016335e-05
7.62631235019118e-05
0.000408720736424846
0.000408723782213935
0.000408727067344663
1.59203902031482e-05
1.87378581581877e-05
2.09213015437546e-05
2.34910953016335e-05
2.74654427116472e-05
0.000408705553277283
0.000408686373891011
0.000408701999091182
0.000408714340447396
2.76507330619261e-05
3.03276253187956e-05
3.30750651219196e-05
7.62631235019165e-05
0.000408705553277283
0.00040865769680618
0.000408572520189336
0.000408650433641491
0.000408691214084191
0.000408734407798937
0.000408733366412398
0.000408731479951523
0.000408720736424846
0.000408686373891011
0.000408572520189336
0.000408741666666667
0.00040856009533297
0.000408665463578086
0.000408734959331619
0.000408735708143893
0.000408732396572786
0.000408723782213935
0.000408701999091182
0.000408650433641491
0.00040856009533297
0.00040864195304595
0.000408685181798008
0.000408737108261457
0.00040873608260966
0.000408733316813177
0.000408727067344663
0.000408714340447396
0.000408691214084191
0.000408665463578086
0.000408685181798008
0.000408701718035991
