9.10977884743929e-13
7.10859385068612e-10
9.85012233772206e-08
8.36659327371725e-07
3.40294196539008e-06
6.3659700292973e-06
1.06443637553474e-05
2.91991066725309e-05
0.000399200520710675
7.10859385295934e-10
1.91280761175915e-08
2.93989820654067e-07
1.0822414427115e-06
3.61752134024124e-06
6.34354914485522e-06
1.03622916653192e-05
2.96426230788013e-05
0.000399200515800163
9.85012233770545e-08
2.93989820654074e-07
6.30217318515252e-07
1.68728672534016e-06
3.66576980829099e-06
5.97268307046921e-06
9.60785222893709e-06
3.01282368240125e-05
0.000399200541407657
8.36659327371433e-07
1.08224144271121e-06
1.68728672534028e-06
2.59052064589788e-06
3.74270231765875e-06
5.04618434474024e-06
8.13320393435122e-06
3.1258664571761e-05
0.000399200453036527
3.40294196538979e-06
3.61752134024129e-06
3.66576980829092e-06
3.74270231765859e-06
3.66832971771728e-06
4.29426127404488e-06
6.77581634323688e-06
6.9471362007865e-05
0.000399200215867335
6.36597002929717e-06
6.3435491448553e-06
5.97268307046919e-06
5.04618434474015e-06
4.29426127404489e-06
4.16578322137686e-06
5.7260252821415e-06
0.000399198276995678
0.000399199644483177
1.06443637553473e-05
1.0362291665319e-05
9.60785222893696e-06
8.13320393435118e-06
6.7758163432368e-06
5.72602528214144e-06
7.18843605739892e-06
0.000399196975130956
0.00039919895764899
2.9199106672526e-05
2.96426230788102e-05
3.01282368240134e-05
3.12586645717565e-05
6.94713620078779e-05
0.000399198276995678
0.000399196975130956
0.000399198166011353
0.000399199592475425
0.000399200520710675
0.000399200515800163
0.000399200541407657
0.000399200453036527
0.000399200215867334
0.000399199644483177
0.00039919895764899
0.000399199592475425
0.000399200137266671
4.05522066694971e-12
3.58660955987989e-09
5.25394273524149e-07
4.51690494584574e-06
1.76870196816148e-05
0.000402005250830443
0.000402007387852938
0.000402007471770813
0.000402007495239484
3.58660955991537e-09
1.10100076065072e-07
1.8287506182504e-06
5.91107930838787e-06
2.57524863346633e-05
0.000402005323887481
0.000402006800339548
0.000402007440113624
0.000402007470204121
5.25394273524119e-07
1.82875061825036e-06
3.81355452470462e-06
1.04294826734232e-05
5.04412637676588e-05
0.000402003375216252
0.000402004176793603
0.000402005372648437
0.000402006372781602
4.51690494584564e-06
5.91107930838796e-06
1.04294826734232e-05
2.73024516660504e-05
0.000402000418864101
0.000401998028200656
0.000401995111465924
0.000401998258662832
0.000402001348868669
1.76870196816017e-05
2.57524863346633e-05
5.0441263767642e-05
0.000402000418864101
0.000401994640758022
0.000401981436497644
0.000401966665709864
0.000401979931812946
0.000401990611233093
0.000402005250830443
0.000402005323887481
0.000402003375216252
0.000401998028200656
0.000401981436497644
6.48049000547998e-05
1.21249497428345e-05
0.000401938924663488
0.000401971912889319
0.000402007387852938
0.000402006800339549
0.000402004176793603
0.000401995111465924
0.000401966665709864
1.21249497428344e-05
9.51223045059549e-06
0.000401879463290025
0.000401952845717675
0.000402007471770813
0.000402007440113624
0.000402005372648437
0.000401998258662832
0.000401979931812946
0.000401938924663488
0.000401879463290025
0.000401934879980909
0.00040196867344695
0.000402007495239484
0.000402007470204121
0.000402006372781602
0.000402001348868669
0.000401990611233093
0.000401971912889319
0.000401952845717675
0.00040196867344695
0.000401982234296836
2.68440798600804e-11
2.20100161347637e-08
2.75589195112392e-06
3.91310768382977e-05
0.000404739150693665
0.000404810165872279
0.000404811896757476
0.000404812384108599
0.000404811961784961
2.20100161347609e-08
6.39995557634084e-07
1.09442590177578e-05
0.000103887667703956
0.000404767244741604
0.000404810047610197
0.000404811031982618
0.000404810512907027
0.000404812294282631
2.75589195112395e-06
1.09442590177578e-05
5.54121315890012e-05
0.000404743538455717
0.000404807693384311
0.000404808467297624
0.000404808995738634
0.000404809760305872
0.000404810462961521
3.91310768383027e-05
0.000103887667703951
0.000404743538455717
0.000404681760651883
0.000404806184403652
0.000404804069173533
0.00040480147118656
0.000404803833903831
0.000404806199607967
0.000404739150693665
0.000404767244741605
0.000404807693384311
0.000404806184403652
0.000404801340455826
0.000404790468338754
0.000404778900006704
0.000404789193271726
0.000404797337916255
0.000404810165872279
0.000404810047610197
0.000404808467297624
0.000404804069173533
0.000404790468338754
0.0004047594782988
0.000404706189680313
0.000404756727555384
0.000404782916670253
0.000404811896757476
0.000404811031982618
0.000404808995738634
0.00040480147118656
0.000404778900006704
0.000404706189680313
1.28442466034395e-05
0.000404702134006286
0.000404768037169409
0.000404812384108599
0.000404810512907027
0.000404809760305872
0.000404803833903831
0.000404789193271726
0.000404756727555384
0.000404702134006285
0.000404753435986717
0.000404780386746533
0.000404811961784961
0.000404812294282631
0.000404810462961521
0.000404806199607967
0.000404797337916255
0.000404782916670253
0.000404768037169409
0.000404780386746533
0.000404790579533088
4.91926232166012e-10
1.93304132305741e-08
8.32271121389075e-07
6.78293749441833e-06
1.35236178879087e-05
2.76507330619258e-05
0.000408734407798937
0.000408734959331619
0.000408737108261457
1.93304132304401e-08
2.22232334792024e-07
2.44574607683905e-06
8.92256542692768e-06
1.53326480567405e-05
3.03276253187981e-05
0.000408733366412398
0.000408735708143893
0.00040873608260966
8.32271121389053e-07
2.44574607683912e-06
6.24827878812169e-06
1.12389755342334e-05
1.67236717780225e-05
3.30750651219165e-05
0.000408731479951523
0.000408732396572786
0.000408733316813177
6.78293749441826e-06
8.92256542692766e-06
1.12389755342333e-05
1.43176728569906e-05
1.83195455317221e-05
7.62631235019118e-05
0.000408720736424846
0.000408723782213935
0.000408727067344663
1.35236178879088e-05
1.53326480567405e-05
1.67236717780133e-05
1.83195455317224e-05
2.74654427116472e-05
0.000408705553277283
0.000408686373891011
0.000408701999091182
0.000408714340447396
2.76507330619261e-05
3.03276253187956e-05
3.30750651219196e-05
7.62631235019165e-05
0.000408705553277283
0.00040865769680618
0.000408572520189336
0.000408650433641491
0.000408691214084191
0.000408734407798937
0.000408733366412398
0.000408731479951523
0.000408720736424846
0.000408686373891011
0.000408572520189336
0.000408741666666667
0.00040856009533297
0.000408665463578086
0.000408734959331619
0.000408735708143893
0.000408732396572786
0.000408723782213935
0.000408701999091182
0.000408650433641491
0.00040856009533297
0.00040864195304595
0.000408685181798008
0.000408737108261457
0.00040873608260966
0.000408733316813177
0.000408727067344663
0.000408714340447396
0.000408691214084191
0.000408665463578086
0.000408685181798008
0.000408701718035991
