1.40979603155315e-12
9.89672696828114e-10
1.224293756581e-07
9.36822640513099e-07
3.18994641182887e-06
5.72082390456253e-06
9.28451877232734e-06
2.91991066725309e-05
0.000399200520710675
9.89672697009652e-10
2.39861402783637e-08
3.38035919151952e-07
1.17644145824173e-06
3.27329252712193e-06
5.64219054574914e-06
9.03387306646876e-06
2.96426230788013e-05
0.000399200515800163
1.22429375658021e-07
3.38035919151944e-07
6.99715942695689e-07
1.70551678121731e-06
3.28838091172171e-06
5.32400365969277e-06
8.47014185080389e-06
3.01282368240125e-05
0.000399200541407657
9.36822640512878e-07
1.17644145824155e-06
1.70551678121732e-06
2.35867626256272e-06
3.33641545497641e-06
4.68103484544252e-06
7.46972038349618e-06
3.1258664571761e-05
0.000399200453036527
3.18994641182863e-06
3.27329252712186e-06
3.28838091172167e-06
3.33641545497634e-06
3.43126532223622e-06
4.16433934002046e-06
6.42347887151944e-06
6.9471362007865e-05
0.000399200215867335
5.72082390456237e-06
5.64219054574912e-06
5.32400365969275e-06
4.68103484544246e-06
4.16433934002043e-06
4.16464005320538e-06
5.57001559545373e-06
0.000399198276995678
0.000399199644483177
9.28451877232723e-06
9.03387306646862e-06
8.47014185080379e-06
7.46972038349611e-06
6.42347887151939e-06
5.57001559545369e-06
6.23656496828877e-06
0.000399196975130956
0.00039919895764899
2.9199106672526e-05
2.96426230788102e-05
3.01282368240134e-05
3.12586645717565e-05
6.94713620078779e-05
0.000399198276995678
0.000399196975130956
0.000399198166011353
0.000399199592475425
0.000399200520710675
0.000399200515800163
0.000399200541407657
0.000399200453036527
0.000399200215867334
0.000399199644483177
0.00039919895764899
0.000399199592475425
0.000399200137266671
5.03588086751894e-12
4.18617518931359e-09
5.69308885617248e-07
4.26176243492531e-06
1.76870196816148e-05
0.000402005250830443
0.000402007387852938
0.000402007471770813
0.000402007495239484
4.18617518934835e-09
1.20301562463662e-07
1.86084324180828e-06
5.44953487010414e-06
2.57524863346633e-05
0.000402005323887481
0.000402006800339548
0.000402007440113624
0.000402007470204121
5.69308885617223e-07
1.86084324180826e-06
3.58602112685075e-06
8.93654057306958e-06
5.04412637676588e-05
0.000402003375216252
0.000402004176793603
0.000402005372648437
0.000402006372781602
4.26176243492522e-06
5.4495348701042e-06
8.9365405730696e-06
2.73024516660504e-05
0.000402000418864101
0.000401998028200656
0.000401995111465924
0.000401998258662832
0.000402001348868669
1.76870196816017e-05
2.57524863346633e-05
5.0441263767642e-05
0.000402000418864101
0.000401994640758022
0.000401981436497644
0.000401966665709864
0.000401979931812946
0.000401990611233093
0.000402005250830443
0.000402005323887481
0.000402003375216252
0.000401998028200656
0.000401981436497644
6.48049000547998e-05
8.41046016171204e-06
0.000401938924663488
0.000401971912889319
0.000402007387852938
0.000402006800339549
0.000402004176793603
0.000401995111465924
0.000401966665709864
8.41046016171201e-06
7.27388538723063e-06
0.000401879463290025
0.000401952845717675
0.000402007471770813
0.000402007440113624
0.000402005372648437
0.000401998258662832
0.000401979931812946
0.000401938924663488
0.000401879463290025
0.000401934879980909
0.00040196867344695
0.000402007495239484
0.000402007470204121
0.000402006372781602
0.000402001348868669
0.000401990611233093
0.000401971912889319
0.000401952845717675
0.00040196867344695
0.000401982234296836
2.68440798595599e-11
2.14844941832405e-08
2.63501529721371e-06
3.91310768382977e-05
0.000404739150693665
0.000404810165872279
0.000404811896757476
0.000404812384108599
0.000404811961784961
2.14844941832373e-08
6.07933698420732e-07
1.01968342240644e-05
0.000103887667703956
0.000404767244741604
0.000404810047610197
0.000404811031982618
0.000404810512907027
0.000404812294282631
2.63501529721374e-06
1.01968342240639e-05
5.54121315890012e-05
0.000404743538455717
0.000404807693384311
0.000404808467297624
0.000404808995738634
0.000404809760305872
0.000404810462961521
3.91310768383027e-05
0.000103887667703951
0.000404743538455717
0.000404681760651883
0.000404806184403652
0.000404804069173533
0.00040480147118656
0.000404803833903831
0.000404806199607967
0.000404739150693665
0.000404767244741605
0.000404807693384311
0.000404806184403652
0.000404801340455826
0.000404790468338754
0.000404778900006704
0.000404789193271726
0.000404797337916255
0.000404810165872279
0.000404810047610197
0.000404808467297624
0.000404804069173533
0.000404790468338754
0.0004047594782988
0.000404706189680313
0.000404756727555384
0.000404782916670253
0.000404811896757476
0.000404811031982618
0.000404808995738634
0.00040480147118656
0.000404778900006704
0.000404706189680313
8.68223280356362e-06
0.000404702134006286
0.000404768037169409
0.000404812384108599
0.000404810512907027
0.000404809760305872
0.000404803833903831
0.000404789193271726
0.000404756727555384
0.000404702134006285
0.000404753435986717
0.000404780386746533
0.000404811961784961
0.000404812294282631
0.000404810462961521
0.000404806199607967
0.000404797337916255
0.000404782916670253
0.000404768037169409
0.000404780386746533
0.000404790579533088
4.37368889757362e-10
1.71218968837384e-08
8.2041162337748e-07
5.44552190065064e-06
1.08043344941904e-05
2.76507330619258e-05
0.000408734407798937
0.000408734959331619
0.000408737108261457
1.71218968836342e-08
2.05312064231987e-07
2.37626177856259e-06
6.82276361805404e-06
1.18665614734535e-05
3.03276253187981e-05
0.000408733366412398
0.000408735708143893
0.00040873608260966
8.20411623377449e-07
2.37626177856262e-06
4.83904080236286e-06
8.40417519125409e-06
1.67236717780225e-05
3.30750651219165e-05
0.000408731479951523
0.000408732396572786
0.000408733316813177
5.44552190065059e-06
6.82276361805403e-06
8.40417519125407e-06
1.06128616494118e-05
1.83195455317221e-05
7.62631235019118e-05
0.000408720736424846
0.000408723782213935
0.000408727067344663
1.0804334494182e-05
1.18665614734549e-05
1.67236717780133e-05
1.83195455317224e-05
2.74654427116472e-05
0.000408705553277283
0.000408686373891011
0.000408701999091182
0.000408714340447396
2.76507330619261e-05
3.03276253187956e-05
3.30750651219196e-05
7.62631235019165e-05
0.000408705553277283
0.00040865769680618
0.000408572520189336
0.000408650433641491
0.000408691214084191
0.000408734407798937
0.000408733366412398
0.000408731479951523
0.000408720736424846
0.000408686373891011
0.000408572520189336
0.000408741666666667
0.00040856009533297
0.000408665463578086
0.000408734959331619
0.000408735708143893
0.000408732396572786
0.000408723782213935
0.000408701999091182
0.000408650433641491
0.00040856009533297
0.00040864195304595
0.000408685181798008
0.000408737108261457
0.00040873608260966
0.000408733316813177
0.000408727067344663
0.000408714340447396
0.000408691214084191
0.000408665463578086
0.000408685181798008
0.000408701718035991
