1.54547884654516e-12
9.98754052906226e-10
1.10966070769222e-07
1.01203204993652e-06
3.25559519420211e-06
5.16835112841989e-06
8.85515234421898e-06
2.91991066725309e-05
0.000399200520710675
9.98754053072636e-10
2.23745127874104e-08
4.03476241664582e-07
1.75036597908208e-06
3.22113480491658e-06
5.03252803820207e-06
7.167483039428e-06
2.96426230788013e-05
0.000399200515800163
1.1096607076917e-07
4.0347624166457e-07
7.15167045940205e-07
1.96031996061578e-06
3.13766985063687e-06
4.75797385137392e-06
7.02143440762658e-06
3.01282368240125e-05
0.000399200541407657
1.01203204993632e-06
1.75036597908194e-06
1.96031996061576e-06
2.37604038985518e-06
3.10865308076997e-06
4.31223252684059e-06
6.15395106035885e-06
3.1258664571761e-05
0.000399200453036527
3.25559519420191e-06
3.22113480491649e-06
3.13766985063682e-06
3.10865308076993e-06
3.23682748568711e-06
3.92912527054927e-06
5.06611222466517e-06
6.9471362007865e-05
0.000399200215867335
5.16835112840643e-06
5.03252803819382e-06
4.7579738513739e-06
4.31223252684055e-06
3.92912527054925e-06
3.98058229804544e-06
4.77817625839383e-06
0.000399198276995678
0.000399199644483177
8.85515234307637e-06
7.16748303941131e-06
7.02143440786397e-06
6.15395106036629e-06
5.06611222466905e-06
4.77817625839382e-06
5.10332634230445e-06
0.000399196975130956
0.00039919895764899
2.9199106672526e-05
2.96426230788102e-05
3.01282368240134e-05
3.12586645717565e-05
6.94713620078779e-05
0.000399198276995678
0.000399196975130956
0.000399198166011353
0.000399199592475425
0.000399200520710675
0.000399200515800163
0.000399200541407657
0.000399200453036527
0.000399200215867334
0.000399199644483177
0.00039919895764899
0.000399199592475425
0.000399200137266671
5.03588086955357e-12
4.09592038339672e-09
5.49091039185376e-07
4.1766756643653e-06
1.76870196816148e-05
0.000402005250830443
0.000402007387852938
0.000402007471770813
0.000402007495239484
4.09592038343218e-09
1.15016876922696e-07
1.9965048872809e-06
6.44611069471609e-06
2.57524863346633e-05
0.000402005323887481
0.000402006800339548
0.000402007440113624
0.000402007470204121
5.49091039185354e-07
1.99650488728088e-06
3.42608660900462e-06
9.40160698968586e-06
5.04412637676588e-05
0.000402003375216252
0.000402004176793603
0.000402005372648437
0.000402006372781602
4.17667566436521e-06
6.44611069552273e-06
9.40160699026299e-06
2.73024516660504e-05
0.000402000418864101
0.000401998028200656
0.000401995111465924
0.000401998258662832
0.000402001348868669
1.76870196816017e-05
2.57524863346633e-05
5.0441263767642e-05
0.000402000418864101
0.000401994640758022
0.000401981436497644
0.000401966665709864
0.000401979931812946
0.000401990611233093
0.000402005250830443
0.000402005323887481
0.000402003375216252
0.000401998028200656
0.000401981436497644
6.48049000547998e-05
5.59805218921506e-06
0.000401938924663488
0.000401971912889319
0.000402007387852938
0.000402006800339549
0.000402004176793603
0.000401995111465924
0.000401966665709864
5.59805218900545e-06
5.27529756335591e-06
0.000401879463290025
0.000401952845717675
0.000402007471770813
0.000402007440113624
0.000402005372648437
0.000401998258662832
0.000401979931812946
0.000401938924663488
0.000401879463290025
0.000401934879980909
0.00040196867344695
0.000402007495239484
0.000402007470204121
0.000402006372781602
0.000402001348868669
0.000401990611233093
0.000401971912889319
0.000401952845717675
0.00040196867344695
0.000401982234296836
2.66079505420225e-11
2.08400157175281e-08
2.48510722408825e-06
3.91310768382977e-05
0.000404739150693665
0.000404810165872279
0.000404811896757476
0.000404812384108599
0.000404811961784961
2.08400157175254e-08
5.75636892101007e-07
1.01968342240644e-05
0.000103887667703956
0.000404767244741604
0.000404810047610197
0.000404811031982618
0.000404810512907027
0.000404812294282631
2.48510722408828e-06
1.01968342240639e-05
5.54121315890012e-05
0.000404743538455717
0.000404807693384311
0.000404808467297624
0.000404808995738634
0.000404809760305872
0.000404810462961521
3.91310768383027e-05
0.000103887667703951
0.000404743538455717
0.000404681760651883
0.000404806184403652
0.000404804069173533
0.00040480147118656
0.000404803833903831
0.000404806199607967
0.000404739150693665
0.000404767244741605
0.000404807693384311
0.000404806184403652
0.000404801340455826
0.000404790468338754
0.000404778900006704
0.000404789193271726
0.000404797337916255
0.000404810165872279
0.000404810047610197
0.000404808467297624
0.000404804069173533
0.000404790468338754
0.0004047594782988
0.000404706189680313
0.000404756727555384
0.000404782916670253
0.000404811896757476
0.000404811031982618
0.000404808995738634
0.00040480147118656
0.000404778900006704
0.000404706189680313
5.54064417898957e-06
0.000404702134006286
0.000404768037169409
0.000404812384108599
0.000404810512907027
0.000404809760305872
0.000404803833903831
0.000404789193271726
0.000404756727555384
0.000404702134006285
0.000404753435986717
0.000404780386746533
0.000404811961784961
0.000404812294282631
0.000404810462961521
0.000404806199607967
0.000404797337916255
0.000404782916670253
0.000404768037169409
0.000404780386746533
0.000404790579533088
4.00699836053723e-10
1.60537517278944e-08
9.02115459981792e-07
4.51044273919279e-06
1.08043344941904e-05
2.76507330619258e-05
0.000408734407798937
0.000408734959331619
0.000408737108261457
1.60537517278079e-08
2.09676266242309e-07
2.05925400265613e-06
5.52521953246994e-06
1.18665614734535e-05
3.03276253187981e-05
0.000408733366412398
0.000408735708143893
0.00040873608260966
9.02115459981761e-07
2.05925400265615e-06
3.84810790363896e-06
6.63201383147164e-06
1.67236717780225e-05
3.30750651219165e-05
0.000408731479951523
0.000408732396572786
0.000408733316813177
4.51044273919275e-06
5.52521953245244e-06
6.63201383133403e-06
1.06128616494118e-05
1.83195455317221e-05
7.62631235019118e-05
0.000408720736424846
0.000408723782213935
0.000408727067344663
1.0804334494182e-05
1.18665614734549e-05
1.67236717780133e-05
1.83195455317224e-05
2.74654427116472e-05
0.000408705553277283
0.000408686373891011
0.000408701999091182
0.000408714340447396
2.76507330619261e-05
3.03276253187956e-05
3.30750651219196e-05
7.62631235019165e-05
0.000408705553277283
0.00040865769680618
0.000408572520189336
0.000408650433641491
0.000408691214084191
0.000408734407798937
0.000408733366412398
0.000408731479951523
0.000408720736424846
0.000408686373891011
0.000408572520189336
0.000408741666666667
0.00040856009533297
0.000408665463578086
0.000408734959331619
0.000408735708143893
0.000408732396572786
0.000408723782213935
0.000408701999091182
0.000408650433641491
0.00040856009533297
0.00040864195304595
0.000408685181798008
0.000408737108261457
0.00040873608260966
0.000408733316813177
0.000408727067344663
0.000408714340447396
0.000408691214084191
0.000408665463578086
0.000408685181798008
0.000408701718035991
