257.497542167093
226.350430020989
226.196828750635
226.196660526043
226.196660482378
226.196660482375
226.196660482375
226.196660482375
226.196660482375
226.196660482375
226.350430020989
226.196935766147
226.196660614605
226.196660482392
226.196660482375
226.196660482375
226.196660482375
226.196660482375
226.196660482375
226.196660482375
226.196828750635
226.196660614605
226.196660482402
226.196660482375
226.196660482375
226.196660482375
226.196660482375
226.196660482375
226.196660482375
226.196660482375
226.196660526043
226.196660482392
226.196660482375
226.196660482375
226.196660482375
226.196660482375
226.196660482375
226.196660482375
226.196660482375
226.196660482375
226.196660482378
226.196660482375
226.196660482375
226.196660482375
226.196660482375
226.196660482375
226.196660482375
226.196660482375
226.196660482375
226.196660482375
226.196660482375
226.196660482375
226.196660482375
226.196660482375
226.196660482375
226.196660482375
226.196660482375
226.196660482375
226.196660482375
226.196660482375
226.196660482375
226.196660482375
226.196660482375
226.196660482375
226.196660482375
226.196660482375
226.196660482375
226.196660482375
226.196660482375
226.196660482375
226.196660482375
226.196660482375
226.196660482375
226.196660482375
226.196660482375
226.196660482375
226.196660482375
226.196660482375
226.196660482375
226.196660482375
226.196660482375
226.196660482375
226.196660482375
226.196660482375
226.196660482375
226.196660482375
226.196660482375
226.196660482375
226.196660482375
226.196660482375
226.196660482375
226.196660482375
226.196660482375
226.196660482375
226.196660482375
226.196660482375
226.196660482375
226.196660482375
226.196660482375
226.196660482375
226.777169823301
226.197124317184
226.19666057514
226.19666048238
226.196660482375
226.196660482375
226.196660482375
226.196660482375
226.196660482375
226.196660482375
226.197124317184
226.196660674546
226.1966604824
226.196660482375
226.196660482375
226.196660482375
226.196660482375
226.196660482375
226.196660482375
226.196660482375
226.19666057514
226.1966604824
226.196660482375
226.196660482375
226.196660482375
226.196660482375
226.196660482375
226.196660482375
226.196660482375
226.196660482375
226.19666048238
226.196660482375
226.196660482375
226.196660482375
226.196660482375
226.196660482375
226.196660482375
226.196660482375
226.196660482375
226.196660482375
226.196660482375
226.196660482375
226.196660482375
226.196660482375
226.196660482375
226.196660482375
226.196660482375
226.196660482375
226.196660482375
226.196660482375
226.196660482375
226.196660482375
226.196660482375
226.196660482375
226.196660482375
226.196660482375
226.196660482375
226.196660482375
226.196660482375
226.196660482375
226.196660482375
226.196660482375
226.196660482375
226.196660482375
226.196660482375
226.196660482375
226.196660482375
226.196660482375
226.196660482375
226.196660482375
226.196660482375
226.196660482375
226.196660482375
226.196660482375
226.196660482375
226.196660482375
226.196660482375
226.196660482375
226.196660482375
226.196660482375
226.196660482375
226.196660482375
226.196660482375
226.196660482375
226.196660482375
226.196660482375
226.196660482375
226.196660482375
226.196660482375
226.196660482375
226.196660482375
226.196660482375
226.196660482375
226.196660482375
226.196660482375
226.196660482375
226.196660482375
226.196660482375
226.196660482375
226.196660482375
226.201425765567
226.196668815418
226.196660485976
226.196660482375
226.196660482375
226.196660482375
226.196660482375
226.196660482375
226.196660482375
226.196660482375
226.196668815418
226.196660488265
226.196660482376
226.196660482375
226.196660482375
226.196660482375
226.196660482375
226.196660482375
226.196660482375
226.196660482375
226.196660485976
226.196660482376
226.196660482375
226.196660482375
226.196660482375
226.196660482375
226.196660482375
226.196660482375
226.196660482375
226.196660482375
226.196660482375
226.196660482375
226.196660482375
226.196660482375
226.196660482375
226.196660482375
226.196660482375
226.196660482375
226.196660482375
226.196660482375
226.196660482375
226.196660482375
226.196660482375
226.196660482375
226.196660482375
226.196660482375
226.196660482375
226.196660482375
226.196660482375
226.196660482375
226.196660482375
226.196660482375
226.196660482375
226.196660482375
226.196660482375
226.196660482375
226.196660482375
226.196660482375
226.196660482375
226.196660482375
226.196660482375
226.196660482375
226.196660482375
226.196660482375
226.196660482375
226.196660482375
226.196660482375
226.196660482375
226.196660482375
226.196660482375
226.196660482375
226.196660482375
226.196660482375
226.196660482375
226.196660482375
226.196660482375
226.196660482375
226.196660482375
226.196660482375
226.196660482375
226.196660482375
226.196660482375
226.196660482375
226.196660482375
226.196660482375
226.196660482375
226.196660482375
226.196660482375
226.196660482375
226.196660482375
226.196660482375
226.196660482375
226.196660482375
226.196660482375
226.196660482375
226.196660482375
226.196660482375
226.196660482375
226.196660482375
226.196660482375
