622.159310244409
301.779568352361
231.739231685347
226.42339542061
226.20213652305
226.196741521409
226.196661232015
226.19666048669
226.196660482389
226.196660482375
301.779568352361
233.495903625964
226.610942439449
226.210847907398
226.196962346587
226.196664563414
226.196660517926
226.196660482573
226.196660482375
226.196660482375
231.739231685347
226.610942439449
226.215327626362
226.197186888295
226.196670069088
226.196660598264
226.196660483322
226.19666048238
226.196660482375
226.196660482375
226.42339542061
226.210847907398
226.197186888295
226.196672920354
226.19666067956
226.19666048457
226.196660482393
226.196660482375
226.196660482375
226.196660482375
226.20213652305
226.196962346587
226.196670069088
226.19666067956
226.196660485236
226.196660482406
226.196660482375
226.196660482375
226.196660482375
226.196660482375
226.196741521409
226.196664563414
226.196660598264
226.19666048457
226.196660482406
226.196660482375
226.196660482375
226.196660482375
226.196660482375
226.196660482375
226.196661232015
226.196660517926
226.196660483322
226.196660482393
226.196660482375
226.196660482375
226.196660482375
226.196660482375
226.196660482375
226.196660482375
226.19666048669
226.196660482573
226.19666048238
226.196660482375
226.196660482375
226.196660482375
226.196660482375
226.196660482375
226.196660482375
226.196660482375
226.196660482389
226.196660482375
226.196660482375
226.196660482375
226.196660482375
226.196660482375
226.196660482375
226.196660482375
226.196660482375
226.196660482375
226.196660482375
226.196660482375
226.196660482375
226.196660482375
226.196660482375
226.196660482375
226.196660482375
226.196660482375
226.196660482375
226.196660482375
299.329562898578
228.294912722935
226.272053499641
226.197763343194
226.196673840039
226.196660596722
226.196660482992
226.196660482377
226.196660482375
226.196660482375
228.294912722935
226.316976157721
226.199321467674
226.196708401724
226.196661097415
226.196660487403
226.1966604824
226.196660482375
226.196660482375
226.196660482375
226.272053499641
226.199321467674
226.196730652798
226.196661774315
226.196660497478
226.196660482485
226.196660482375
226.196660482375
226.196660482375
226.196660482375
226.197763343194
226.196708401724
226.196661774315
226.196660503652
226.196660482592
226.196660482376
226.196660482375
226.196660482375
226.196660482375
226.196660482375
226.196673840039
226.196661097415
226.196660497478
226.196660482592
226.196660482377
226.196660482375
226.196660482375
226.196660482375
226.196660482375
226.196660482375
226.196660596722
226.196660487403
226.196660482485
226.196660482376
226.196660482375
226.196660482375
226.196660482375
226.196660482375
226.196660482375
226.196660482375
226.196660482992
226.1966604824
226.196660482375
226.196660482375
226.196660482375
226.196660482375
226.196660482375
226.196660482375
226.196660482375
226.196660482375
226.196660482377
226.196660482375
226.196660482375
226.196660482375
226.196660482375
226.196660482375
226.196660482375
226.196660482375
226.196660482375
226.196660482375
226.196660482375
226.196660482375
226.196660482375
226.196660482375
226.196660482375
226.196660482375
226.196660482375
226.196660482375
226.196660482375
226.196660482375
226.196660482375
226.196660482375
226.196660482375
226.196660482375
226.196660482375
226.196660482375
226.196660482375
226.196660482375
226.196660482375
226.196660482375
232.90206679559
226.51852972199
226.20553658509
226.196807613787
226.196661923305
226.196660490977
226.196660482407
226.196660482375
226.196660482375
226.196660482375
226.51852972199
226.208718102781
226.196938879508
226.19666436627
226.196660515831
226.196660482557
226.196660482375
226.196660482375
226.196660482375
226.196660482375
226.20553658509
226.196938879508
226.196665642281
226.196660541604
226.196660482811
226.196660482377
226.196660482375
226.196660482375
226.196660482375
226.196660482375
226.196807613787
226.19666436627
226.196660541604
226.196660482944
226.196660482378
226.196660482375
226.196660482375
226.196660482375
226.196660482375
226.196660482375
226.196661923305
226.196660515831
226.196660482811
226.196660482378
226.196660482375
226.196660482375
226.196660482375
226.196660482375
226.196660482375
226.196660482375
226.196660490977
226.196660482557
226.196660482377
226.196660482375
226.196660482375
226.196660482375
226.196660482375
226.196660482375
226.196660482375
226.196660482375
226.196660482407
226.196660482375
226.196660482375
226.196660482375
226.196660482375
226.196660482375
226.196660482375
226.196660482375
226.196660482375
226.196660482375
226.196660482375
226.196660482375
226.196660482375
226.196660482375
226.196660482375
226.196660482375
226.196660482375
226.196660482375
226.196660482375
226.196660482375
226.196660482375
226.196660482375
226.196660482375
226.196660482375
226.196660482375
226.196660482375
226.196660482375
226.196660482375
226.196660482375
226.196660482375
226.196660482375
226.196660482375
226.196660482375
226.196660482375
226.196660482375
226.196660482375
226.196660482375
226.196660482375
226.196660482375
226.196660482375
