622.159310244409
476.001380548667
308.52878892723
235.015600160344
226.831516976882
226.228689338773
226.197805509713
226.196688741233
226.196660923999
226.196660485739
476.001380548667
333.827366153912
239.562986627765
227.462357357964
226.281568305641
226.200783914906
226.196805384165
226.196664056357
226.196660538933
226.196660482815
308.52878892723
239.562986627765
227.757991578398
226.328039910278
226.204817217998
226.197039581696
226.196673638578
226.196660812356
226.196660487814
226.19666048242
235.015600160344
227.462357357964
226.328039910278
226.20675793203
226.197251756554
226.196687389982
226.196661435333
226.196660507775
226.196660482834
226.196660482379
226.831516976882
226.281568305642
226.204817217998
226.197251756554
226.196694286026
226.196662055864
226.196660542502
226.196660484196
226.196660482414
226.196660482375
226.228689338773
226.200783914906
226.197039581696
226.196687389982
226.196662055864
226.196660561854
226.196660485897
226.196660482507
226.196660482378
226.196660482375
226.197805509713
226.196805384165
226.196673638578
226.196661435333
226.196660542502
226.196660485897
226.196660482571
226.196660482385
226.196660482375
226.196660482375
226.196688741233
226.196664056357
226.196660812356
226.196660507775
226.196660484196
226.196660482507
226.196660482385
226.196660482376
226.196660482375
226.196660482375
226.196660923999
226.196660538933
226.196660487814
226.196660482834
226.196660482414
226.196660482378
226.196660482375
226.196660482375
226.196660482375
226.196660482375
226.196660485739
226.196660482815
226.19666048242
226.196660482379
226.196660482375
226.196660482375
226.196660482375
226.196660482375
226.196660482375
226.196660482375
466.55823404029
238.849270197332
227.325617077309
226.321044192269
226.199935799613
226.196746474046
226.196662526696
226.196660517735
226.196660482776
226.196660482377
238.849270197332
227.708954676799
226.447264930522
226.205532688484
226.196958308499
226.196669972992
226.196660714985
226.196660486346
226.196660482419
226.196660482375
227.325617077309
226.447264930522
226.208699246023
226.19718546847
226.196682428082
226.19666120569
226.196660499584
226.196660482655
226.196660482378
226.196660482375
226.321044192269
226.205532688484
226.19718546847
226.19668914864
226.196661714754
226.196660521493
226.196660483246
226.196660482387
226.196660482375
226.196660482375
226.199935799613
226.196958308499
226.196682428082
226.196661714754
226.196660533345
226.196660483876
226.196660482402
226.196660482375
226.196660482375
226.196660482375
226.196746474046
226.196669972992
226.19666120569
226.196660521493
226.196660483876
226.19666048241
226.196660482375
226.196660482375
226.196660482375
226.196660482375
226.196662526696
226.196660714985
226.196660499584
226.196660483246
226.196660482402
226.196660482375
226.196660482375
226.196660482375
226.196660482375
226.196660482375
226.196660517735
226.196660486346
226.196660482655
226.196660482387
226.196660482375
226.196660482375
226.196660482375
226.196660482375
226.196660482375
226.196660482375
226.196660482776
226.196660482419
226.196660482378
226.196660482375
226.196660482375
226.196660482375
226.196660482375
226.196660482375
226.196660482375
226.196660482375
226.196660482377
226.196660482375
226.196660482375
226.196660482375
226.196660482375
226.196660482375
226.196660482375
226.196660482375
226.196660482375
226.196660482375
250.649437399105
228.358283666541
226.329505702369
226.202538248943
226.196835847651
226.196664137064
226.196660535947
226.196660482914
226.196660482378
226.196660482375
228.358283666541
226.368904526805
226.207127434283
226.197069480673
226.196671813319
226.196660708523
226.196660485625
226.196660482407
226.196660482375
226.196660482375
226.329505702369
226.207127434283
226.197185244408
226.196678983421
226.196660959074
226.196660491513
226.196660482505
226.196660482376
226.196660482375
226.196660482375
226.202538248943
226.197069480673
226.196678983421
226.196661083145
226.196660497059
226.196660482652
226.196660482379
226.196660482375
226.196660482375
226.196660482375
226.196835847651
226.196671813319
226.196660959074
226.196660497059
226.196660482727
226.196660482382
226.196660482375
226.196660482375
226.196660482375
226.196660482375
226.196664137064
226.196660708523
226.196660491513
226.196660482652
226.196660482382
226.196660482375
226.196660482375
226.196660482375
226.196660482375
226.196660482375
226.196660535947
226.196660485625
226.196660482505
226.196660482379
226.196660482375
226.196660482375
226.196660482375
226.196660482375
226.196660482375
226.196660482375
226.196660482914
226.196660482407
226.196660482376
226.196660482375
226.196660482375
226.196660482375
226.196660482375
226.196660482375
226.196660482375
226.196660482375
226.196660482378
226.196660482375
226.196660482375
226.196660482375
226.196660482375
226.196660482375
226.196660482375
226.196660482375
226.196660482375
226.196660482375
226.196660482375
226.196660482375
226.196660482375
226.196660482375
226.196660482375
226.196660482375
226.196660482375
226.196660482375
226.196660482375
226.196660482375
