622.159310244409
476.001380548667
433.419114468061
272.732028726603
230.664497662264
226.499583725132
226.211394647618
226.197162110624
226.196671410946
226.196660599065
476.001380548667
333.827366153912
301.436649524084
235.209239996462
226.979236478509
226.24697157434
226.199048601757
226.196741392139
226.196662261506
226.196660501723
433.41911446806
301.436649524084
237.241694636492
227.383091288383
226.292716186909
226.202607281389
226.196940469743
226.196670138383
226.196660702959
226.196660484897
272.732028726603
235.209239996462
227.383091288383
226.314258805265
226.205732952097
226.197214447978
226.19668714247
226.196661453947
226.196660506448
226.196660482677
230.664497662264
226.979236478509
226.292716186909
226.205732952097
226.197349319294
226.196703575083
226.196662701618
226.196660572594
226.196660484951
226.196660482413
226.499583725132
226.24697157434
226.202607281389
226.197214447978
226.196703575083
226.19666338082
226.196660651713
226.196660490604
226.196660482668
226.19666048238
226.211394647618
226.199048601757
226.196940469743
226.19668714247
226.196662701618
226.196660651713
226.196660494362
226.19666048313
226.196660482412
226.196660482376
226.197162110624
226.196741392139
226.196670138383
226.196661453947
226.196660572594
226.196660490604
226.19666048313
226.196660482442
226.19666048238
226.196660482375
226.196671410946
226.196662261506
226.196660702959
226.196660506448
226.196660484951
226.196660482668
226.196660482412
226.19666048238
226.196660482375
226.196660482375
226.196660599065
226.196660501723
226.196660484897
226.196660482677
226.196660482413
226.19666048238
226.196660482376
226.196660482375
226.196660482375
226.196660482375
466.55823404029
251.085574070847
230.944500013856
226.707304580494
226.231724084366
226.197578214207
226.19668679041
226.196661156866
226.196660494471
226.19666048249
251.085574070847
231.652159474611
227.063536349612
226.306834360006
226.200010898585
226.196772617852
226.196664239861
226.196660582116
226.196660484185
226.196660482392
230.944500013856
227.063536349612
226.352308040686
226.202689647972
226.196905814739
226.196671022178
226.196660859833
226.196660492583
226.196660482564
226.196660482377
226.707304580494
226.306834360006
226.202689647972
226.196974354928
226.196677582604
226.196661274128
226.196660511529
226.196660483183
226.19666048239
226.196660482375
226.231724084366
226.200010898585
226.196905814739
226.196677582604
226.196661487157
226.196660530424
226.196660484185
226.196660482426
226.196660482376
226.196660482375
226.197578214207
226.196772617852
226.196671022178
226.196661274128
226.196660530424
226.196660484723
226.196660482465
226.196660482377
226.196660482375
226.196660482375
226.19668679041
226.196664239861
226.196660859833
226.196660511529
226.196660484185
226.196660482465
226.196660482378
226.196660482375
226.196660482375
226.196660482375
226.196661156866
226.196660582116
226.196660492583
226.196660483183
226.196660482426
226.196660482377
226.196660482375
226.196660482375
226.196660482375
226.196660482375
226.196660494471
226.196660484185
226.196660482564
226.19666048239
226.196660482376
226.196660482375
226.196660482375
226.196660482375
226.196660482375
226.196660482375
226.19666048249
226.196660482392
226.196660482377
226.196660482375
226.196660482375
226.196660482375
226.196660482375
226.196660482375
226.196660482375
226.196660482375
283.909207808609
231.473830171576
226.644346285589
226.222677996174
226.197749235943
226.196691635423
226.196661113633
226.196660491243
226.196660482454
226.196660482375
231.473830171576
226.748065387771
226.238117053097
226.19917586902
226.196753676674
226.196662993656
226.196660531824
226.196660483066
226.196660482381
226.196660482375
226.644346285589
226.238117053097
226.199986874066
226.196813840267
226.196665699886
226.196660617026
226.196660485004
226.196660482412
226.196660482375
226.196660482375
226.222677996174
226.19917586902
226.196813840267
226.19666703392
226.196660695923
226.196660487838
226.196660482485
226.196660482376
226.196660482375
226.196660482375
226.197749235943
226.196753676674
226.196665699886
226.196660695923
226.196660489273
226.196660482557
226.196660482379
226.196660482375
226.196660482375
226.196660482375
226.196691635423
226.196662993656
226.196660617026
226.196660487838
226.196660482557
226.19666048238
226.196660482375
226.196660482375
226.196660482375
226.196660482375
226.196661113633
226.196660531824
226.196660485004
226.196660482485
226.196660482379
226.196660482375
226.196660482375
226.196660482375
226.196660482375
226.196660482375
226.196660491243
226.196660483066
226.196660482412
226.196660482376
226.196660482375
226.196660482375
226.196660482375
226.196660482375
226.196660482375
226.196660482375
226.196660482454
226.196660482381
226.196660482375
226.196660482375
226.196660482375
226.196660482375
226.196660482375
226.196660482375
226.196660482375
226.196660482375
226.196660482375
226.196660482375
226.196660482375
226.196660482375
226.196660482375
226.196660482375
226.196660482375
226.196660482375
226.196660482375
226.196660482375
