622.159310244409
476.001380548667
433.419114468061
347.915099760553
242.643487196032
227.587587096681
226.280287396227
226.200165722419
226.196754256181
226.19666170716
476.001380548667
333.827366153912
409.162172373586
260.360971749432
229.766253085533
226.474628066496
226.212716397906
226.197323325567
226.196678236343
226.196660716909
433.41911446806
409.162172373585
268.808052472771
231.597854497544
226.718463993668
226.235565830506
226.198876891746
226.196753098677
226.196663043073
226.196660517703
347.915099760554
260.360971749432
231.597854497544
226.832175713003
226.255272764676
226.200962859826
226.196909819446
226.196671411762
226.196660807017
226.196660487248
242.643487196032
229.766253085533
226.718463993668
226.255272764676
226.201978837446
226.19705872928
226.196684980843
226.196661666025
226.19666052231
226.196660483066
227.587587096681
226.474628066496
226.235565830506
226.200962859826
226.19705872928
226.196692279466
226.19666267214
226.196660606671
226.196660487509
226.196660482487
226.280287396227
226.212716397906
226.198876891746
226.196909819446
226.196684980843
226.19666267214
226.196660661796
226.196660495285
226.196660483093
226.196660482397
226.200165722419
226.197323325567
226.196753098677
226.196671411762
226.196661666025
226.196660606671
226.196660495285
226.196660483656
226.196660482482
226.19666048238
226.196754256181
226.196678236343
226.196663043073
226.196660807017
226.19666052231
226.196660487509
226.196660483093
226.196660482482
226.19666048239
226.196660482376
226.19666170716
226.196660716909
226.196660517703
226.196660487248
226.196660483066
226.196660482487
226.196660482397
226.19666048238
226.196660482376
226.196660482375
466.55823404029
264.142696909924
234.077976858614
228.055711684298
226.407225745585
226.202764196979
226.196829867643
226.196665633891
226.196660600775
226.196660483804
264.142696909924
234.742494881341
229.496913547739
226.629754173611
226.220219814338
226.197383525889
226.196687343119
226.196661376353
226.19666050349
226.196660482634
234.077976858614
229.496913547739
226.711631005037
226.24114774137
226.198276784882
226.196731994894
226.196663660445
226.196660594778
226.196660485138
226.19666048241
228.055711684298
226.629754173611
226.24114774137
226.198751187704
226.196773512993
226.196666893394
226.19666078969
226.196660493966
226.19666048268
226.196660482379
226.407225745585
226.220219814338
226.198276784882
226.196773512993
226.196668510221
226.196660977285
226.196660508071
226.196660483435
226.196660482406
226.196660482375
226.202764196979
226.197383525889
226.196731994894
226.196666893394
226.196660977285
226.196660515596
226.196660484282
226.196660482465
226.196660482378
226.196660482375
226.196829867643
226.196687343119
226.196663660445
226.19666078969
226.196660508071
226.196660484282
226.196660482502
226.196660482382
226.196660482375
226.196660482375
226.196665633891
226.196661376353
226.196660594778
226.196660493966
226.196660483435
226.196660482465
226.196660482382
226.196660482375
226.196660482375
226.196660482375
226.196660600775
226.19666050349
226.196660485138
226.19666048268
226.196660482406
226.196660482378
226.196660482375
226.196660482375
226.196660482375
226.196660482375
226.196660483804
226.196660482634
226.19666048241
226.196660482379
226.196660482375
226.196660482375
226.196660482375
226.196660482375
226.196660482375
226.196660482375
326.606412961182
235.951567178994
227.115713665991
226.270197697984
226.201036560402
226.196814247353
226.196664285957
226.196660547697
226.19666048309
226.196660482379
235.951567178994
227.287288034401
226.326772906664
226.205928232207
226.197099008568
226.19667479115
226.196660825049
226.196660488217
226.19666048244
226.196660482375
227.115713665991
226.326772906664
226.208138281238
226.197382837544
226.196689896712
226.19666139464
226.196660503945
226.19666048275
226.196660482379
226.196660482375
226.270197697984
226.205928232207
226.197382837544
226.196697390388
226.196661918414
226.196660526572
226.19666048345
226.196660482395
226.196660482375
226.196660482375
226.201036560402
226.197099008568
226.196689896712
226.196661918414
226.196660537956
226.196660484143
226.196660482421
226.196660482376
226.196660482375
226.196660482375
226.196814247353
226.19667479115
226.19666139464
226.196660526572
226.196660484143
226.196660482436
226.196660482377
226.196660482375
226.196660482375
226.196660482375
226.196664285957
226.196660825049
226.196660503945
226.19666048345
226.196660482421
226.196660482377
226.196660482375
226.196660482375
226.196660482375
226.196660482375
226.196660547697
226.196660488217
226.19666048275
226.196660482395
226.196660482376
226.196660482375
226.196660482375
226.196660482375
226.196660482375
226.196660482375
226.19666048309
226.19666048244
226.196660482379
226.196660482375
226.196660482375
226.196660482375
226.196660482375
226.196660482375
226.196660482375
226.196660482375
226.196660482379
226.196660482375
226.196660482375
226.196660482375
226.196660482375
226.196660482375
226.196660482375
226.196660482375
226.196660482375
226.196660482375
