550.265751745715
478.253299845104
437.042803027836
350.052229112011
280.038489537129
231.32081928095
226.546418750944
226.213409112588
226.197173164446
226.196668136181
478.253299845083
335.234164960915
412.836182281668
326.787913097403
237.758427498106
227.246535525142
226.266955863322
226.200015157589
226.196763957548
226.196662050446
437.042803027839
412.836182281665
329.272238727004
243.461964438371
228.119770085988
226.361921349675
226.207508729567
226.197181691207
226.196677000438
226.196660742593
350.052229112011
326.787913097403
243.461964438371
228.526515031938
226.442943076265
226.217395288916
226.198037083307
226.196729419808
226.196662813393
226.196660522055
280.038489537129
237.758427498106
228.119770085988
226.442943076265
226.222176105285
226.198840554465
226.196813067494
226.196668835896
226.196660800291
226.19666048856
231.32081928095
227.246535525142
226.361921349675
226.217395288916
226.198840554465
226.196857717478
226.196675800831
226.196661457285
226.196660527267
226.196660483459
226.546418750944
226.266955863322
226.207508729567
226.198037083307
226.196813067494
226.196675800831
226.19666188237
226.196660593884
226.196660489197
226.196660482606
226.213409112588
226.200015157589
226.197181691207
226.196729419808
226.196668835896
226.196661457285
226.196660593884
226.196660494451
226.196660483474
226.196660482436
226.197173164446
226.196763957548
226.196677000438
226.196662813393
226.196660800291
226.196660527267
226.196660489197
226.196660483474
226.196660482545
226.196660482394
226.196668136181
226.196662050446
226.196660742593
226.196660522055
226.19666048856
226.196660483459
226.196660482606
226.196660482436
226.196660482394
226.196660482375
463.778786481433
277.69441081364
236.450977060837
230.526167749553
226.770523189554
226.233161143308
226.197531592117
226.196687338655
226.196661193098
226.196660492281
277.69441081364
237.043218621478
232.228949473659
227.361065231748
226.34161551463
226.200525211475
226.196790709518
226.196665429725
226.196660619118
226.196660484329
236.450977060837
232.228949473659
227.642967544865
226.467383709938
226.205832804849
226.197006018714
226.196677239355
226.196661183061
226.196660502781
226.19666048268
230.526167749553
227.361065231748
226.467383709938
226.208800158747
226.197212256495
226.196693516939
226.196662356894
226.196660566952
226.196660485022
226.196660482418
226.770523189554
226.34161551463
226.205832804849
226.197212256495
226.196701578183
226.196663470428
226.196660668641
226.196660491627
226.196660482703
226.196660482381
226.233161143308
226.200525211475
226.197006018714
226.196693516939
226.196663470428
226.196660722702
226.196660499108
226.196660483346
226.196660482416
226.196660482376
226.197531592117
226.196790709518
226.196677239355
226.196662356894
226.196660668641
226.196660499108
226.196660483753
226.196660482474
226.19666048238
226.196660482375
226.196687338655
226.196665429725
226.196661183061
226.196660566952
226.196660491627
226.196660483346
226.196660482474
226.196660482384
226.196660482376
226.196660482375
226.196661193098
226.196660619118
226.196660502781
226.196660485022
226.196660482703
226.196660482416
226.19666048238
226.196660482376
226.196660482375
226.196660482375
226.196660492281
226.196660484329
226.19666048268
226.196660482418
226.196660482381
226.196660482376
226.196660482375
226.196660482375
226.196660482375
226.196660482375
370.507094380249
240.539624870944
227.618250045794
226.369136662412
226.208085697293
226.197191486107
226.19667572743
226.196660784716
226.196660486196
226.196660482399
240.539624870944
227.862744885152
226.466475256286
226.219054373045
226.198445157716
226.196724646241
226.196662187197
226.196660515034
226.196660482786
226.196660482377
227.618250045794
226.466475256286
226.226483784638
226.200042522519
226.196806481826
226.19666533428
226.196660608102
226.196660484811
226.196660482407
226.196660482375
226.369136662412
226.219054373045
226.200042522519
226.196849708774
226.196668354734
226.19666074579
226.196660489454
226.196660482522
226.196660482377
226.196660482375
226.208085697293
226.198445157716
226.196806481826
226.196668354734
226.196660815932
226.196660494098
226.19666048272
226.196660482383
226.196660482375
226.196660482375
226.197191486107
226.196724646241
226.19666533428
226.19666074579
226.196660494098
226.196660482829
226.19666048239
226.196660482375
226.196660482375
226.196660482375
226.19667572743
226.196662187197
226.196660608102
226.196660489454
226.19666048272
226.19666048239
226.196660482375
226.196660482375
226.196660482375
226.196660482375
226.196660784716
226.196660515034
226.196660484811
226.196660482522
226.196660482383
226.196660482375
226.196660482375
226.196660482375
226.196660482375
226.196660482375
226.196660486196
226.196660482786
226.196660482407
226.196660482377
226.196660482375
226.196660482375
226.196660482375
226.196660482375
226.196660482375
226.196660482375
226.196660482399
226.196660482377
226.196660482375
226.196660482375
226.196660482375
226.196660482375
226.196660482375
226.196660482375
226.196660482375
226.196660482375
