550.265751745715
478.253299845104
437.042803027836
350.052229112011
338.638837326381
239.365121975736
227.243234915953
226.253831034982
226.198637426677
226.196693610082
478.253299845083
335.234164960915
412.836182281668
326.787913097403
259.564138711403
229.454775776983
226.436376361392
226.209342567018
226.197095314185
226.196667801444
437.042803027839
412.836182281665
329.272238727004
278.869437905706
232.339814761525
226.763643041686
226.237331730444
226.198813692317
226.196735865275
226.196661794168
350.052229112011
326.787913097403
278.869437905706
233.695465611963
227.044470736016
226.274132748887
226.202293991718
226.196970627231
226.19667202216
226.196660698357
338.638837326379
259.564138711403
232.339814761525
227.044470736016
226.291912928735
226.205546545367
226.197341704562
226.196701361063
226.196662185969
226.196660518615
239.365121975736
229.454775776983
226.763643041687
226.274132748887
226.205546545367
226.197538953654
226.196735025352
226.196665656161
226.19666074158
226.196660489174
227.243234915953
226.436376361392
226.237331730444
226.202293991718
226.197341704562
226.196735025352
226.196667887657
226.19666112122
226.196660524558
226.196660483912
226.253831034982
226.209342567018
226.198813692317
226.196970627231
226.196701361063
226.196665656161
226.19666112122
226.196660556694
226.19666048961
226.196660482807
226.198637426677
226.197095314185
226.196735865275
226.19667202216
226.196662185969
226.19666074158
226.196660524558
226.19666048961
226.19666048356
226.196660482517
226.196693610082
226.196667801444
226.196661794169
226.196660698357
226.196660518615
226.196660489174
226.196660483912
226.196660482807
226.196660482517
226.196660482375
463.778786481433
292.530001002703
238.310497978507
232.570279310467
227.715123131758
226.351604899783
226.200347830338
226.196765710388
226.196663518839
226.196660530088
292.530001002703
238.927814481923
234.087749927278
229.406098598714
226.594610002052
226.214642370592
226.197193997238
226.196680993722
226.196661118408
226.196660492541
238.310497978507
234.087749927278
229.784977159461
226.811789361383
226.245205241355
226.198201207337
226.196729722678
226.196663669689
226.196660586271
226.1966604841
232.570279310467
229.406098598714
226.811789361383
226.264221379981
226.199265599608
226.196797721757
226.196668886229
226.196660906495
226.196660497273
226.196660482643
227.715123131758
226.594610002052
226.245205241355
226.199265599608
226.196831795754
226.19667378306
226.196661407644
226.19666053445
226.196660484435
226.196660482417
226.351604899783
226.214642370592
226.198201207337
226.196797721757
226.19667378306
226.196661672789
226.196660576565
226.196660488514
226.196660482669
226.196660482382
226.200347830338
226.197193997238
226.196729722678
226.196668886229
226.196661407644
226.196660576565
226.196660491101
226.196660483085
226.19666048242
226.196660482376
226.196765710388
226.196680993722
226.196663669689
226.196660906495
226.19666053445
226.196660488514
226.196660483085
226.196660482453
226.196660482382
226.196660482375
226.196663518839
226.196661118408
226.196660586271
226.196660497273
226.196660484435
226.196660482669
226.19666048242
226.196660482382
226.196660482376
226.196660482375
226.196660530088
226.196660492541
226.1966604841
226.196660482643
226.196660482417
226.196660482382
226.196660482376
226.196660482375
226.196660482375
226.196660482375
370.507094380249
248.29476791876
228.336598864633
226.496725736257
226.224681501155
226.198494958745
226.196717376463
226.196661702985
226.196660499205
226.19666048249
248.29476791876
228.706272872745
226.617411459133
226.268965251181
226.201909861944
226.196887473215
226.196667152134
226.196660623054
226.196660484326
226.196660482389
228.336598864633
226.617411459133
226.283822569948
226.205028711696
226.197188562021
226.196679883722
226.196661031677
226.196660494016
226.196660482544
226.196660482376
226.496725736257
226.268965251181
226.205028711696
226.197370832009
226.196692914115
226.196661656293
226.196660516599
226.196660483153
226.196660482388
226.196660482375
226.224681501155
226.201909861944
226.197188562021
226.196692914115
226.196661980691
226.196660539465
226.196660484201
226.196660482423
226.196660482376
226.196660482375
226.198494958745
226.196887473215
226.196679883722
226.196661656293
226.196660539465
226.196660484782
226.196660482466
226.196660482378
226.196660482375
226.196660482375
226.196717376463
226.196667152134
226.196661031677
226.196660516599
226.196660484201
226.196660482466
226.196660482379
226.196660482375
226.196660482375
226.196660482375
226.196661702985
226.196660623054
226.196660494016
226.196660483153
226.196660482423
226.196660482378
226.196660482375
226.196660482375
226.196660482375
226.196660482375
226.196660499205
226.196660484326
226.196660482544
226.196660482387
226.196660482376
226.196660482375
226.196660482375
226.196660482375
226.196660482375
226.196660482375
226.19666048249
226.196660482389
226.196660482376
226.196660482375
226.196660482375
226.196660482375
226.196660482375
226.196660482375
226.196660482375
226.196660482375
