550.265751745715
478.253299845104
437.042803027836
350.052229112011
338.638837326381
259.275150825957
228.995311697584
226.362266390201
226.202908209559
226.196774925439
478.253299845083
335.234164960915
412.836182281668
326.787913097403
306.7040170303
234.940208913213
226.893148657322
226.23657646026
226.198146601159
226.196687673805
437.042803027839
412.836182281665
329.272238727004
338.138616464122
241.851414658503
227.800132854816
226.322322976923
226.203899377679
226.196935890068
226.196665685002
350.052229112011
326.787913097403
338.138616464124
244.966198734292
228.558153352386
226.433053755611
226.215376329558
226.197779362841
226.196705602034
226.196661396253
338.638837326379
306.7040170303
241.851414658503
228.558153352386
226.486108551988
226.226010072026
226.199099671028
226.196818787441
226.196667605866
226.196660645724
259.275150825957
234.940208913213
227.800132854816
226.433053755611
226.226010072026
226.199798218854
226.196947773234
226.196681955191
226.196661638549
226.196660514911
228.995311697584
226.893148657322
226.322322976923
226.215376329558
226.199099671028
226.196947773234
226.196691137944
226.196663315846
226.196660682347
226.19666049015
226.362266390201
226.23657646026
226.203899377679
226.197779362841
226.196818787441
226.196681955191
226.196663315846
226.196660833504
226.196660518683
226.196660484671
226.202908209559
226.198146601159
226.196935890068
226.196705602034
226.196667605866
226.196661638549
226.196660682347
226.196660518683
226.196660488646
226.196660483168
226.196774925439
226.196687673805
226.196665685002
226.196661396253
226.196660645724
226.196660514911
226.19666049015
226.196660484671
226.196660483168
226.196660482375
463.778786481433
308.975023848121
239.842263892331
234.180777338161
229.48403908446
226.530453263811
226.210247692969
226.197011162244
226.196670825028
226.196660659364
308.975023848121
240.453762245
235.539181646073
231.383676575841
227.036468491118
226.281071596289
226.198730473375
226.19673133481
226.196662810658
226.196660522979
239.842263892331
235.539181646073
231.8481160356
227.612163914907
226.412075617851
226.203174225759
226.196905964741
226.196672028609
226.196660893226
226.196660489841
234.180777338161
231.38367657584
227.612163914907
226.483815965517
226.208094745994
226.197162295337
226.196690871776
226.196662150021
226.19666054621
226.196660483619
229.48403908446
227.036468491117
226.412075617851
226.208094745994
226.197295400324
226.196708687237
226.196664114668
226.19666070331
226.196660491906
226.196660482587
226.530453263811
226.281071596289
226.203174225759
226.197162295337
226.196708687237
226.196665154529
226.196660881786
226.196660510748
226.196660483843
226.196660482415
226.210247692969
226.198730473375
226.196905964741
226.196690871776
226.196664114668
226.196660881786
226.196660522629
226.196660485932
226.196660482617
226.196660482384
226.197011162244
226.19673133481
226.196672028609
226.196662150021
226.19666070331
226.196660510748
226.196660485932
226.196660482796
226.196660482417
226.196660482377
226.196670825028
226.196662810658
226.196660893226
226.19666054621
226.196660491906
226.196660483843
226.196660482617
226.196660482417
226.196660482382
226.196660482378
226.196660659364
226.196660522979
226.196660489841
226.196660483619
226.196660482587
226.196660482415
226.196660482384
226.196660482377
226.196660482378
226.196660482375
370.507094380249
258.108810460376
229.248259313593
226.635618354317
226.269100735191
226.201063587307
226.196824225563
226.196664370313
226.196660541051
226.196660482813
258.108810460376
229.790506258059
226.78136423374
226.341208192014
226.208053016024
226.197440415611
226.196684454129
226.196661012665
226.196660490164
226.196660482434
229.248259313593
226.78136423374
226.364898336413
226.216705194199
226.198789629626
226.196739287186
226.196662740916
226.196660531729
226.196660483122
226.196660482381
226.635618354317
226.341208192014
226.216705194199
226.199615297939
226.196799326621
226.196665542737
226.196660633076
226.19666048592
226.196660482435
226.196660482375
226.269100735191
226.208053016024
226.198789629626
226.196799326621
226.196667037148
226.196660738311
226.196660490831
226.196660482607
226.19666048238
226.196660482375
226.201063587307
226.197440415611
226.196739287186
226.196665542737
226.196660738311
226.196660493581
226.196660482816
226.19666048239
226.196660482375
226.196660482375
226.196824225563
226.196684454129
226.196662740916
226.196660633076
226.196660490831
226.196660482816
226.196660482397
226.196660482376
226.196660482375
226.196660482375
226.196664370313
226.196661012665
226.196660531729
226.19666048592
226.196660482607
226.19666048239
226.196660482376
226.196660482375
226.196660482375
226.196660482375
226.196660541051
226.196660490164
226.196660483122
226.196660482435
226.19666048238
226.196660482375
226.196660482375
226.196660482375
226.196660482375
226.196660482375
226.196660482813
226.196660482434
226.196660482381
226.196660482375
226.196660482375
226.196660482375
226.196660482375
226.196660482375
226.196660482375
226.196660482375
