550.265751745715
478.253299845104
437.042803027836
350.052229112011
338.638837326381
296.908343231868
232.827485242676
226.62157760328
226.213946979437
226.197001678919
478.253299845083
335.234164960915
412.836182281668
326.787913097403
371.067013736319
246.622037593362
227.958860084974
226.305567720439
226.201025846589
226.196746383829
437.042803027839
412.836182281665
329.272238727004
338.138616464122
265.217127356325
230.34150516183
226.540175827508
226.217772966627
226.197520428347
226.196677890241
350.052229112011
326.787913097403
338.138616464124
274.597649422835
232.398831028132
226.845601882731
226.251087673819
226.200128812346
226.196809932223
226.196663718575
338.638837326379
371.067013736319
265.217127356325
232.398831028132
226.992746668209
226.281948082336
226.204194107163
226.197181571073
226.196685485848
226.196661093747
296.908343231868
246.622037593362
230.34150516183
226.845601882731
226.281948082337
226.206341508341
226.197603418032
226.196735472615
226.196664777422
226.196660610864
232.827485242676
227.958860084974
226.540175827508
226.251087673819
226.204194107163
226.197603418032
226.196767366326
226.196670968256
226.196661267002
226.196660514686
226.62157760328
226.305567720439
226.217772966627
226.200128812346
226.197181571073
226.196735472615
226.196670968256
226.196661856896
226.196660632433
226.196660492381
226.213946979437
226.201025846589
226.197520428347
226.196809932223
226.196685485848
226.196664777422
226.196661267002
226.196660632433
226.196660509596
226.196660485984
226.197001678919
226.196746383829
226.196677890241
226.196663718575
226.196661093747
226.196660610864
226.196660514686
226.196660492381
226.196660485984
226.196660482375
463.778786481433
326.411624508843
241.140757288542
235.435774812695
231.185180435844
226.912366652443
226.248283225979
226.197778911778
226.196691415498
226.196661041964
326.411624508843
241.810587535172
236.716153452256
232.94246984439
228.307266470211
226.447441000574
226.203915247331
226.196878752017
226.196667771656
226.196660618339
241.140757288542
236.716153452256
233.353976407136
229.414275347374
226.693164809923
226.221927206194
226.19746854767
226.196696643925
226.196661844181
226.19666050892
235.435774812695
232.94246984439
229.414275347374
226.774817137394
226.244290774641
226.198427110143
226.196756524754
226.196665973347
226.196660708276
226.196660487109
231.185180435844
228.307266470211
226.693164809923
226.244290774641
226.198957655774
226.196814240711
226.196672405418
226.196661263387
226.196660518213
226.196660483224
226.912366652443
226.447441000574
226.221927206195
226.198427110143
226.196814240711
226.19667580418
226.196661888674
226.196660588688
226.196660488248
226.196660482545
226.248283225979
226.203915247331
226.19746854767
226.196756524754
226.196672405418
226.196661888674
226.196660633358
226.196660496543
226.1966604834
226.196660482416
226.197778911778
226.196878752017
226.196696643925
226.196665973347
226.196661263387
226.196660588688
226.196660496543
226.196660484159
226.196660482563
226.196660482387
226.196691415499
226.196667771656
226.196661844181
226.196660708276
226.196660518213
226.196660488248
226.1966604834
226.196660482563
226.196660482408
226.196660482388
226.196661041964
226.196660618339
226.19666050892
226.196660487109
226.196660483224
226.196660482545
226.196660482416
226.196660482387
226.196660482388
226.196660482375
370.507094380249
271.186274331651
230.4379166466
226.784571952624
226.329751566957
226.20596666631
226.197126681559
226.19667212668
226.196660667599
226.19666048384
271.186274331651
231.214042409958
226.96457443472
226.415325444033
226.228694454241
226.199095800315
226.19674012998
226.196662308367
226.19666051025
226.196660482594
230.4379166466
226.96457443472
226.441323302371
226.256108494774
226.202028243379
226.196914968195
226.196668315896
226.196660662436
226.196660485224
226.196660482399
226.784571952624
226.415325444033
226.256108494774
226.203242887077
226.197114168367
226.196678353383
226.196661042331
226.196660496125
226.196660482619
226.196660482377
226.329751566957
226.228694454241
226.202028243379
226.197114168367
226.196683834403
226.19666144428
226.196660515565
226.196660483322
226.196660482396
226.196660482375
226.20596666631
226.199095800315
226.196914968195
226.196678353383
226.19666144428
226.196660526545
226.196660484187
226.196660482441
226.196660482377
226.196660482375
226.197126681559
226.19674012998
226.196668315896
226.196661042331
226.196660515565
226.196660484187
226.196660482471
226.19666048238
226.196660482375
226.196660482375
226.19667212668
226.196662308367
226.196660662436
226.196660496125
226.196660483322
226.196660482441
226.19666048238
226.196660482375
226.196660482375
226.196660482375
226.196660667599
226.19666051025
226.196660485224
226.196660482619
226.196660482396
226.196660482377
226.196660482375
226.196660482375
226.196660482375
226.196660482375
226.19666048384
226.196660482594
226.196660482399
226.196660482377
226.196660482375
226.196660482375
226.196660482375
226.196660482375
226.196660482375
226.196660482375
