622.159310244409
476.001380548667
433.419114468061
347.915099760553
336.30141956268
342.605380101153
238.881357738509
227.105715769477
226.237038486753
226.197521571023
476.001380548667
333.827366153912
409.162172373586
324.256584724206
367.976490199385
269.101538699978
230.117610270524
226.454910474785
226.207713908084
226.196892726433
433.41911446806
409.162172373585
327.241714947337
335.640620398314
308.168211335894
235.546786835958
227.017102744769
226.250097129216
226.198972369732
226.196710237822
347.915099760554
324.256584724206
335.640620398313
325.236389939381
239.881445378593
227.736969383006
226.333866146914
226.205933785469
226.197084460063
226.196670224664
336.301419562682
367.976490199387
308.168211335894
239.881445378593
228.078530159285
226.410965025472
226.216728195449
226.198131196092
226.196735242187
226.196662418041
342.605380101151
269.101538699978
235.546786835958
227.736969383006
226.410965025472
226.222413741718
226.199314855384
226.196883732906
226.196673994844
226.196660909413
238.881357738509
230.117610270524
227.017102744769
226.333866146914
226.216728195449
226.199314855384
226.196978211957
226.196693364016
226.196663075284
226.196660594822
227.105715769477
226.454910474785
226.250097129216
226.205933785469
226.198131196092
226.196883732906
226.196693364016
226.196665015308
226.196661001964
226.196660518715
226.237038486753
226.207713908084
226.198972369732
226.197084460063
226.196735242187
226.196673994843
226.196663075284
226.196661001964
226.196660580875
226.196660495994
226.197521571023
226.196892726433
226.196710237822
226.196670224664
226.196662418041
226.196660909413
226.196660594822
226.196660518715
226.196660495994
226.196660482375
466.55823404029
345.342757552178
242.367205426193
236.460046390002
232.55010215098
227.719597664443
226.332764059234
226.199743636951
226.196739824531
226.19666197882
345.342757552178
243.146935654985
237.594015159426
234.182982177172
229.851176002944
226.669799697046
226.219624725748
226.197269473951
226.196680186036
226.196660869723
242.367205426193
237.594015159426
234.579570537695
231.082397161673
227.050116803805
226.287242581437
226.19921557797
226.196760566204
226.196664351098
226.196660562344
236.460046390002
234.182982177172
231.082397161674
227.26548055163
226.369199433031
226.202737512003
226.196935388749
226.196676089915
226.196661160634
226.196660497479
232.55010215098
229.851176002944
227.050116803805
226.369199433031
226.204779785617
226.197112196389
226.196694505022
226.196662824638
226.196660597084
226.196660485259
227.719597664443
226.669799697046
226.287242581437
226.202737512003
226.197112196389
226.196704303393
226.196664697887
226.196660821153
226.196660502013
226.19666048298
226.332764059234
226.219624725748
226.19921557797
226.196935388749
226.196694505022
226.196664697887
226.196660961898
226.196660529888
226.196660486021
226.196660482529
226.199743636951
226.197269473951
226.196760566204
226.196676089915
226.196662824638
226.196660821153
226.196660529888
226.196660488724
226.196660483082
226.196660482424
226.196739824531
226.196680186036
226.196664351098
226.196661160634
226.196660597084
226.196660502013
226.196660486021
226.196660483082
226.196660482509
226.19666048243
226.19666197882
226.196660869723
226.196660562344
226.196660497479
226.196660485259
226.19666048298
226.196660482529
226.196660482424
226.19666048243
227.320668067546
374.268381075421
289.01858800674
232.289934748661
226.980252650881
226.39429427193
226.217088616299
226.197888976989
226.196692380829
226.196661006724
226.196660486686
289.01858800674
233.434907544145
227.212950608661
226.491518456753
226.267553536763
226.201676239156
226.19686673458
226.196665580952
226.196660564854
226.196660483058
232.289934748661
227.212950608661
226.521078087331
226.309734210165
226.206522707572
226.197404301688
226.196684096893
226.196661040573
226.196660491512
226.196660482455
226.980252650881
226.491518456753
226.309734210165
226.209326739802
226.198154418626
226.196719384966
226.196662324857
226.196660528228
226.196660483207
226.196660482383
226.39429427193
226.267553536763
226.206522707572
226.198154418626
226.196740021038
226.19666375834
226.196660596268
226.196660485674
226.196660482449
226.196660482376
226.217088616299
226.201676239156
226.197404301688
226.196719384966
226.19666375834
226.196660635489
226.196660488754
226.196660482613
226.196660482382
226.196660482375
226.197888976989
226.19686673458
226.196684096893
226.196662324857
226.196660596268
226.196660488754
226.196660482723
226.196660482393
226.196660482376
226.196660482375
226.196692380829
226.196665580952
226.196661040573
226.196660528228
226.196660485674
226.196660482613
226.196660482393
226.196660482376
226.196660482375
226.196660482375
226.196661006724
226.196660564854
226.196660491512
226.196660483207
226.196660482449
226.196660482382
226.196660482376
226.196660482375
226.196660482375
226.196660482375
226.196660486686
226.196660483058
226.196660482455
226.196660482383
226.196660482376
226.196660482375
226.196660482375
226.196660482375
226.196660482375
228.072721245928
