550.265751745715
478.253299845104
437.042803027836
350.052229112011
338.638837326381
345.180662163152
252.484225322393
228.15797079673
226.289102318431
226.198761422879
478.253299845083
335.234164960915
412.836182281668
326.787913097403
371.067013736319
309.182292655984
234.608207164143
226.788470170616
226.223557362272
226.197259679194
437.042803027839
412.836182281665
329.272238727004
338.138616464122
371.960920205157
246.617860725647
228.099150165452
226.327491381019
226.202629383327
226.196795948949
350.052229112011
326.787913097403
338.138616464124
328.087795706436
257.631690491903
229.833753301995
226.534860204202
226.220630937819
226.197811869991
226.196688304626
338.638837326379
371.067013736319
371.960920205164
257.631690491903
230.674956589389
226.727124935147
226.248578597309
226.200647106439
226.196873075799
226.196666261003
345.180662163153
309.182292655983
246.617860725647
229.833753301995
226.727124935147
226.263310792346
226.203848663326
226.197293521199
226.196700616163
226.196661811012
252.484225322393
234.608207164143
228.099150165452
226.534860204202
226.248578597309
226.203848663326
226.197560495298
226.196757846388
226.196668505731
226.196660845947
228.15797079673
226.788470170616
226.327491381019
226.220630937819
226.200647106439
226.197293521199
226.196757846388
226.196674481138
226.196662154331
226.196660604159
226.289102318431
226.223557362272
226.202629383327
226.197811869991
226.196873075799
226.196700616163
226.196668505731
226.196662154331
226.196660811372
226.19666052952
226.198761422879
226.197259679194
226.196795948949
226.196688304626
226.196666261003
226.196661811012
226.196660845947
226.196660604159
226.19666052952
226.196660482375
463.778786481433
363.621174150648
243.366259245171
237.256377988454
233.765461385262
229.154128119325
226.476673124706
226.205008393904
226.19686055889
226.196664354325
363.621174150648
244.244875486365
238.228789660655
235.247240390565
231.495555957951
227.129448395655
226.273325444644
226.198387258772
226.196712131081
226.196661536404
243.366259245171
238.228789660655
235.579987409856
232.559227442581
228.222302475033
226.471543154881
226.204806552046
226.196935431235
226.196671075032
226.196660711764
237.256377988454
235.247240390565
232.559227442581
228.827425479939
226.64597373306
226.217578197675
226.197462579719
226.19670376552
226.196662431473
226.196660527968
233.765461385262
231.495555957951
228.222302475033
226.64597373306
226.225421855833
226.19803478082
226.196756168378
226.196667237204
226.196660829536
226.196660491557
229.154128119325
227.129448395655
226.471543154881
226.217578197675
226.19803478082
226.196784500237
226.196672678379
226.196661513051
226.1966605456
226.196660484402
226.476673124706
226.273325444644
226.204806552046
226.197462579719
226.196756168378
226.196672678379
226.196661945171
226.196660634485
226.196660494575
226.196660482916
226.205008393904
226.198387258772
226.196935431235
226.19670376552
226.196667237204
226.196661513051
226.196660634485
226.196660503609
226.196660484853
226.196660482555
226.19686055889
226.196712131081
226.196671075032
226.196662431473
226.196660829536
226.1966605456
226.196660494575
226.196660484853
226.196660482868
226.196660482576
226.196664354325
226.196661536404
226.196660711764
226.196660527968
226.196660491557
226.196660484402
226.196660482916
226.196660482555
226.196660482576
228.435295913223
370.507094380249
303.163870567067
233.850977347129
227.136843895237
226.456181644154
226.245371701418
226.19949670036
226.196744269047
226.196661951902
226.196660495042
303.163870567067
235.313292515237
227.413798865227
226.558064228865
226.321608005026
226.206988912353
226.197276813085
226.196676091787
226.196660740576
226.196660484564
233.850977347129
227.413798865227
226.588221006324
226.367141018209
226.223572323782
226.199142466111
226.196741747152
226.196662409315
226.196660514011
226.196660482654
227.136843895237
226.558064228865
226.367141018209
226.236257119711
226.201093478869
226.196866185472
226.19666710815
226.196660648641
226.19666048539
226.196660482406
226.456181644154
226.321608005026
226.223572323783
226.201093478869
226.196940323959
226.196672489023
226.196660906015
226.196660494664
226.196660482649
226.196660482379
226.245371701418
226.206988912353
226.199142466111
226.196866185472
226.196672489023
226.196661056677
226.196660506462
226.196660483271
226.196660482403
226.196660482375
226.19949670036
226.197276813085
226.196741747152
226.19666710815
226.196660906015
226.196660506462
226.19666048369
226.196660482446
226.196660482378
226.196660482375
226.196744269047
226.196676091787
226.196662409315
226.196660648641
226.196660494664
226.196660483271
226.196660482446
226.196660482381
226.196660482375
226.196660482375
226.196661951902
226.196660740576
226.196660514011
226.19666048539
226.196660482649
226.196660482403
226.196660482378
226.196660482375
226.196660482375
226.196660482375
226.196660495042
226.196660484564
226.196660482654
226.196660482406
226.196660482379
226.196660482375
226.196660482375
226.196660482375
226.196660482375
227.877251938856
