550.265751745715
478.253299845104
437.042803027836
350.052229112011
338.638837326381
345.180662163152
275.785218066978
230.08542423417
226.389050317669
226.201267174381
478.253299845083
335.234164960915
412.836182281668
326.787913097403
371.067013736319
358.017074045379
241.964370320538
227.396511862376
226.254829749616
226.198034586954
437.042803027839
412.836182281665
329.272238727004
338.138616464122
371.960920205157
267.54190537969
230.187445180779
226.483854547755
226.210421213336
226.1969887674
350.052229112011
326.787913097403
338.138616464124
328.087795706436
292.990093661589
234.112872211978
226.954407887508
226.252454341898
226.199458704378
226.196731247488
338.638837326379
371.067013736319
371.960920205164
292.990093661589
236.074943981826
227.400424957993
226.318477472775
226.206382567041
226.197201085684
226.196675832293
345.180662163153
358.017074045383
267.54190537969
234.112872211978
227.400424957993
226.353518451267
226.214228877911
226.198270513369
226.196766859823
226.196664156277
275.785218066978
241.964370320538
230.187445180779
226.954407887508
226.318477472775
226.214228877911
226.198949751425
226.196918237486
226.196682590739
226.196661525681
230.08542423417
227.396511862376
226.483854547755
226.252454341898
226.206382567041
226.198270513369
226.196918237486
226.196699004378
226.196665262119
226.196660844037
226.389050317669
226.254829749616
226.210421213336
226.199458704378
226.197201085684
226.196766859823
226.196682590739
226.196665262119
226.196661456579
226.196660626809
226.201267174381
226.198034586954
226.1969887674
226.196731247488
226.196675832293
226.196664156277
226.196661525681
226.196660844037
226.196660626809
226.196660482375
463.778786481433
363.621174150648
244.433721452702
237.878000516902
234.757836207288
230.509410074635
226.712895436675
226.218763836625
226.197127101492
226.196669428002
363.621174150648
245.460796980376
238.746365662252
236.151840844516
232.755576085608
228.052400122492
226.38842721695
226.201097399426
226.196782023537
226.196663024815
244.433721452702
238.746365662252
236.457776059356
233.715966808699
229.72842709876
226.748420283511
226.220409506028
226.197355381215
226.196686317078
226.19666106389
237.878000516902
236.151840844516
233.715966808699
230.359438244531
227.000159225223
226.266579872783
226.198909076778
226.196768589491
226.196665439102
226.196660603464
234.757836207288
232.755576085608
229.72842709876
227.000159225223
226.29811398682
226.200800533486
226.196906123829
226.196677746672
226.196661404784
226.196660507862
230.509410074635
228.052400122492
226.748420283511
226.266579872783
226.200800533486
226.19698286767
226.196691784792
226.196663223452
226.196660658175
226.196660488285
226.712895436675
226.38842721695
226.220409506028
226.198909076778
226.196906123829
226.196691784792
226.196664376025
226.196660906756
226.196660517567
226.196660483996
226.218763836625
226.201097399426
226.197355381215
226.196768589491
226.196677746672
226.196663223452
226.196660906756
226.196660543654
226.19666048976
226.19666048293
226.197127101492
226.196782023537
226.196686317078
226.196665439102
226.196661404784
226.196660658175
226.196660517567
226.19666048976
226.19666048389
226.19666048301
226.196669428002
226.196663024815
226.19666106389
226.196660603464
226.196660507862
226.196660488285
226.196660483996
226.19666048293
226.19666048301
230.004086024124
370.507094380249
321.198375891859
236.135119738362
227.352412944169
226.517481559605
226.282842525203
226.202111279524
226.196851056739
226.196664021348
226.19666051443
321.198375891859
238.030175474534
227.705595855156
226.628197109705
226.372690500422
226.21958647183
226.198300287686
226.196703211424
226.196661201512
226.196660488582
236.135119738363
227.705595855156
226.661349542769
226.420437948562
226.257428287084
226.202096499207
226.196878424545
226.196665950231
226.19666057514
226.196660483211
227.352412944169
226.628197109705
226.420437948562
226.276210131188
226.205154483791
226.19725242126
226.19668026248
226.196660989882
226.196660491711
226.196660482472
226.517481559605
226.372690500422
226.257428287084
226.205154483791
226.197516672753
226.19669811411
226.196661824036
226.196660521591
226.196660483251
226.196660482387
226.282842525203
226.21958647183
226.202096499207
226.19725242126
226.19669811411
226.196662327566
226.19666056059
226.196660485286
226.196660482465
226.196660482377
226.202111279524
226.198300287686
226.196878424545
226.19668026248
226.196661824036
226.19666056059
226.196660486672
226.196660482606
226.196660482386
226.196660482375
226.196851056739
226.196703211424
226.196665950231
226.196660989882
226.196660521591
226.196660485286
226.196660482606
226.196660482395
226.196660482376
226.196660482375
226.196664021348
226.196661201512
226.19666057514
226.196660491711
226.196660483251
226.196660482465
226.196660482386
226.196660482377
226.196660482375
226.196660482376
226.19666051443
226.196660488582
226.196660483211
226.196660482472
226.196660482387
226.196660482377
226.196660482375
226.196660482375
226.196660482376
227.956220403556
