550.265751745715
478.253299845104
437.042803027836
350.052229112011
338.638837326381
345.180662163152
307.537165385767
233.269497563773
226.569829011444
226.206095507738
478.253299845083
335.234164960915
412.836182281668
326.787913097403
371.067013736319
358.017074045379
255.37517624396
228.495720000889
226.313878206079
226.199579857349
437.042803027839
412.836182281665
329.272238727004
338.138616464122
371.960920205157
302.529278335867
234.062373892147
226.787414260888
226.226223495491
226.197398336865
350.052229112011
326.787913097403
338.138616464124
328.087795706436
344.438292311656
241.535702654934
227.766137685061
226.317696157873
226.202992329374
226.19682748898
338.638837326379
371.067013736319
371.960920205164
344.438292311657
245.13717031796
228.689202106749
226.462089983241
226.218756264037
226.197939250537
226.196698274554
345.180662163153
358.017074045383
302.529278335866
241.535702654934
228.689202106749
226.538784275685
226.236655650851
226.20047203768
226.19692211721
226.196669871561
307.537165385767
255.37517624396
234.062373892147
227.766137685061
226.462089983241
226.236655650851
226.20208056044
226.197293799905
226.1967168148
226.196663239365
233.269497563773
228.495720000889
226.787414260888
226.317696157873
226.218756264038
226.20047203768
226.197293799905
226.196758510116
226.196673066322
226.196661467262
226.569829011444
226.313878206079
226.226223495491
226.202992329374
226.197939250537
226.19692211721
226.1967168148
226.196673066322
226.196663127824
226.196660886484
226.206095507738
226.199579857349
226.197398336865
226.19682748898
226.196698274554
226.196669871561
226.196663239365
226.196661467262
226.196660886484
233.562123079881
463.778786481433
363.621174150648
245.513901690471
238.374344619186
235.616118922798
231.81071176977
227.089047128041
226.253364890814
226.197710610356
226.19667987229
363.621174150648
246.735582210262
239.15505147867
236.892094589339
233.84593034102
229.388250112902
226.542643877039
226.207313792256
226.196929504924
226.196666175097
245.513901690471
239.15505147867
237.129784645539
234.691094861198
231.198839450214
227.122889329442
226.265283648621
226.198385130546
226.196719720733
226.19666185264
238.374344619186
236.892094589339
234.691094861197
231.857882003317
227.69324136657
226.403456591285
226.202916178822
226.196919393255
226.196672295249
226.196660781742
235.616118922798
233.84593034102
231.198839450214
227.69324136657
226.490710325193
226.208855394507
226.197276238003
226.196702218902
226.196662776617
226.19666054827
231.81071176977
229.388250112902
227.122889329442
226.403456591285
226.208855394507
226.197484521029
226.196736990243
226.19666733755
226.196660938832
226.196660498351
227.089047128041
226.542643877039
226.265283648621
226.202916178822
226.197276238003
226.196736990243
226.196670244033
226.19666158785
226.196660578039
226.196660486923
226.253364890814
226.207313792256
226.198385130546
226.196919393255
226.196702218902
226.19666733755
226.19666158785
226.196660647896
226.196660503228
226.196660483997
226.197710610356
226.196929504924
226.196719720733
226.196672295249
226.196662776617
226.196660938832
226.196660578039
226.196660503228
226.1966604868
226.196660484262
226.19667987229
226.196666175097
226.19666185264
226.196660781742
226.19666054827
226.196660498351
226.196660486923
226.196660483997
226.196660484262
230.618855382701
370.507094380249
341.012157611304
238.879661826341
227.607662708028
226.577666720194
226.327661691573
226.206244608913
226.197093963307
226.196668737747
226.196660559301
341.012157611304
241.270643353974
228.061060165469
226.69613059066
226.422932330285
226.246609716498
226.19994518651
226.196759098816
226.196662252653
226.196660498326
238.879661826341
228.061060165469
226.730686963802
226.47029382058
226.30185344102
226.206374112892
226.197216414563
226.196674917533
226.196660733649
226.196660484685
227.607662708028
226.69613059066
226.47029382058
226.326725544521
226.21365512024
226.198458766765
226.196719790642
226.196661984347
226.196660509849
226.196660482658
226.577666720194
226.422932330285
226.30185344102
226.21365512024
226.199371510145
226.196781176855
226.196664706817
226.196660603893
226.196660485046
226.19666048241
226.327661691573
226.246609716498
226.206374112892
226.198458766765
226.196781176855
226.196666413288
226.196660731314
226.196660491488
226.196660482652
226.19666048238
226.206244608913
226.19994518651
226.197216414563
226.196719790642
226.196664706818
226.196660731314
226.196660495954
226.196660483092
226.19666048241
226.196660482376
226.197093963307
226.196759098816
226.196674917533
226.196661984347
226.196660603893
226.196660491488
226.196660483092
226.196660482437
226.19666048238
226.196660482375
226.196668737747
226.196662252653
226.196660733649
226.196660509849
226.196660485046
226.196660482652
226.19666048241
226.19666048238
226.196660482376
226.196660482378
226.196660559301
226.196660498326
226.196660484685
226.196660482658
226.19666048241
226.19666048238
226.196660482376
226.196660482375
226.196660482378
228.10333274945
