622.159310244409
476.001380548667
433.419114468061
347.915099760553
336.30141956268
342.605380101153
342.135290258427
237.228521535668
226.840148254181
226.214121822685
476.001380548667
333.827366153912
409.162172373586
324.256584724206
367.976490199385
354.96398876709
276.334481209656
230.304593845195
226.415238917673
226.202363753116
433.41911446806
409.162172373585
327.241714947337
335.640620398314
368.26251929695
343.884169777512
239.679937398831
227.288753610108
226.254364762257
226.198171735124
347.915099760554
324.256584724206
335.640620398313
325.236389939381
340.979192443245
254.64716196433
229.176714979786
226.435802045326
226.209707898606
226.19701943117
336.301419562682
367.976490199387
368.262519296951
340.979192443246
263.101261957823
231.052821681621
226.728097089982
226.242513715132
226.199417720971
226.196745217163
342.605380101151
354.963988767098
343.884169777507
254.64716196433
231.052821681621
226.885450091613
226.280028192566
226.204898069097
226.197247089182
226.196682330426
342.135290258425
276.334481209656
239.679937398831
229.176714979786
226.728097089982
226.280028192566
226.208384143777
226.198080156725
226.196791280859
226.196667112833
237.228521535668
230.304593845195
227.288753610108
226.435802045326
226.242513715132
226.204898069097
226.198080156725
226.196887897541
226.196690653907
226.196662922608
226.840148254181
226.415238917673
226.254364762257
226.209707898606
226.199417720971
226.197247089182
226.196791280859
226.196690653907
226.196667020128
226.196661510591
226.214121822685
226.202363753116
226.198171735124
226.19701943117
226.196745217163
226.196682330426
226.196667112833
226.196662922608
226.196661510591
231.300042727249
466.55823404029
364.156224670263
246.879151693517
238.846911786585
236.423479725904
232.843812225807
227.750730515579
226.309890811724
226.198816709574
226.196699104948
364.156224670263
248.325236674493
239.578718080611
237.534336246333
234.767029003704
230.604827976953
226.766977482949
226.221532525234
226.19722631495
226.19667226712
246.879151693517
239.578718080611
237.754898331491
235.585289837855
232.411617671968
227.796943244788
226.354936047404
226.200678122139
226.196786315644
226.196663442167
238.846911786585
237.534336246333
235.585289837855
232.991524591129
228.912824413657
226.597478793399
226.212689010517
226.197243560934
226.196686302174
226.196661157913
236.423479725904
234.767029003704
232.411617671968
228.912824413657
226.7012313807
226.229877252314
226.198140095586
226.196753340403
226.196665679784
226.196660637155
232.843812225807
230.604827976953
227.796943244788
226.597478793399
226.229877252314
226.198696911026
226.196833203356
226.196676070479
226.196661554873
226.196660521309
227.750730515579
226.766977482949
226.354936047404
226.212689010517
226.198140095586
226.196833203356
226.196682718393
226.196663080104
226.19666071526
226.19666049388
226.309890811724
226.221532525234
226.200678122139
226.197243560934
226.196753340403
226.196676070479
226.196663080104
226.196660886544
226.196660534004
226.19666048653
226.198816709574
226.19722631495
226.196786315644
226.196686302174
226.196665679784
226.196661554873
226.19666071526
226.196660534004
226.196660493707
226.196660487356
226.196699104948
226.19667226712
226.196663442167
226.196661157913
226.196660637155
226.196660521309
226.19666049388
226.19666048653
226.196660487356
230.607885949128
374.268381075421
365.627091663181
242.316526004185
227.976396719176
226.647476401387
226.369840310477
226.214079938319
226.197547630431
226.196677892407
226.196660648662
365.627091663181
245.352718607012
228.581791706448
226.77659338233
226.471182790643
226.279503251286
226.202294556271
226.196860828964
226.196664269301
226.196660518004
242.316526004185
228.581791706448
226.817832413951
226.5217705228
226.34650257653
226.214556957749
226.197953290531
226.196694646847
226.196661083778
226.196660487988
227.976396719176
226.77659338233
226.5217705228
226.372150069728
226.23510176919
226.200385993409
226.196803420461
226.196664239062
226.196660552228
226.196660483101
226.647476401387
226.471182790643
226.34650257653
226.23510176919
226.201566239388
226.196951623834
226.196671315285
226.196660801438
226.196660489441
226.196660482469
226.369840310477
226.279503251286
226.214556957748
226.200385993409
226.196951623834
226.196675832571
226.196661147162
226.19666050698
226.196660483122
226.196660482389
226.214079938319
226.202294556271
226.197953290531
226.196803420461
226.196671315285
226.196661147162
226.196660519298
226.196660484325
226.196660482469
226.196660482378
226.197547630431
226.196860828964
226.196694646847
226.196664239062
226.196660801438
226.19666050698
226.196660484325
226.196660482543
226.196660482389
226.196660482376
226.196677892407
226.196664269301
226.196661083778
226.196660552228
226.196660489441
226.196660483122
226.196660482469
226.196660482389
226.196660482378
226.196660482384
226.196660648661
226.196660518004
226.196660487988
226.196660483101
226.196660482469
226.19666048239
226.196660482378
226.196660482376
226.196660482384
228.215958978306
