622.159310244409
476.001380548667
433.419114468061
347.915099760553
336.30141956268
342.605380101153
342.135290258427
244.444999713558
227.299850687919
226.228201274303
476.001380548667
333.827366153912
409.162172373586
324.256584724206
367.976490199385
354.96398876709
306.061921426417
233.30360981696
226.594989703337
226.207539248581
433.41911446806
409.162172373585
327.241714947337
335.640620398314
368.26251929695
343.884169777512
250.7100526721
228.216551294915
226.30735179176
226.199680087722
347.915099760554
324.256584724206
335.640620398313
325.236389939381
340.979192443245
280.614824861499
231.931115509087
226.665945491886
226.223052154198
226.197412652967
336.301419562682
367.976490199387
368.262519296951
340.979192443246
298.303927346369
235.810076977222
227.262840865266
226.290743454404
226.20248685804
226.196845585878
342.605380101151
354.963988767098
343.884169777507
280.614824861499
235.810076977222
227.590251870512
226.369212674113
226.214178021333
226.197946475818
226.196709968447
342.135290258425
306.061921426417
250.7100526721
231.931115509087
227.262840865266
226.369212674113
226.221647431888
226.199778217222
226.196956757045
226.196675989909
244.444999713558
233.30360981696
228.216551294915
226.665945491886
226.290743454404
226.214178021333
226.199778217222
226.197175520648
226.196730911982
226.196666353921
227.299850687919
226.594989703337
226.30735179176
226.223052154198
226.20248685804
226.197946475818
226.196956757045
226.196730911982
226.19667618046
226.196663019768
226.228201274303
226.20753924858
226.199680087722
226.197412652967
226.196845585878
226.196709968447
226.196675989909
226.196666353921
226.196663019768
229.80984022095
466.55823404029
364.156224670263
248.282398514952
239.231534823902
237.080629627711
233.810005767219
228.729401589101
226.398935231967
226.200953122311
226.196734690346
364.156224670263
249.990125662812
239.915045981256
238.047420592297
235.600242676712
231.884663666604
227.142320465649
226.253870366982
226.197833911341
226.196684034692
248.282398514951
239.915045981256
238.232147316218
236.388665173557
233.479759745634
228.978443247092
226.503539196459
226.20587345015
226.19692108166
226.196666626194
239.231534823902
238.047420592297
236.388665173558
233.994317674998
230.317779514481
226.892232064987
226.238681542465
226.197979515033
226.196715131972
226.196661943943
237.080629627711
235.600242676713
233.479759745634
230.317779514481
227.054659361374
226.292364150222
226.200354835901
226.196863423666
226.19667181789
226.196660830184
233.810005767219
231.884663666604
228.978443247092
226.892232064986
226.292364150222
226.201957597409
226.197048417731
226.196694762375
226.196662897741
226.196660572874
228.729401589101
227.142320465649
226.503539196459
226.238681542465
226.200354835901
226.197048417731
226.196709569936
226.196666340816
226.19666102377
226.196660510011
226.398935231967
226.253870366982
226.20587345015
226.197979515033
226.196863423666
226.196694762375
226.196666340816
226.196661422671
226.196660606668
226.19666049255
226.200953122311
226.197833911342
226.19692108166
226.196715131972
226.19667181789
226.196662897741
226.19666102377
226.196660606668
226.19666050997
226.196660495019
226.196734690346
226.196684034692
226.196666626194
226.196661943943
226.196660830184
226.196660572874
226.196660510011
226.19666049255
226.196660495019
230.302674793031
374.268381075421
365.627091663181
245.690789362386
228.333261174113
226.708276441258
226.412743702565
226.229841939333
226.198388994756
226.196696888427
226.196660843617
365.627091663181
249.333230932979
229.09143354756
226.84804258184
226.516861102447
226.321536519954
226.206343072656
226.197092621258
226.196668891854
226.196660563554
245.690789362386
229.09143354756
226.895383261409
226.569725012993
226.390820870811
226.235087431881
226.199398805694
226.196740248878
226.196661936136
226.196660496194
228.333261174112
226.84804258184
226.569725012993
226.416508882105
226.26963500146
226.203605640205
226.197007564018
226.196670005403
226.196660662927
226.196660484257
226.708276441258
226.516861102447
226.390820870811
226.26963500146
226.205503777706
226.197436796358
226.196689816222
226.196661349992
226.196660501515
226.196660482625
226.412743702565
226.321536519954
226.235087431881
226.203605640205
226.197436796358
226.196703242224
226.196662346901
226.196660551076
226.19666048442
226.196660482414
226.229841939333
226.206343072656
226.199398805694
226.197007564018
226.196689816222
226.196662346901
226.196660586585
226.196660487796
226.19666048263
226.196660482383
226.198388994756
226.197092621258
226.196740248878
226.196670005403
226.196661349992
226.196660551077
226.196660487796
226.196660482833
226.196660482414
226.196660482377
226.196696888427
226.196668891854
226.196661936136
226.196660662927
226.196660501515
226.19666048442
226.19666048263
226.196660482414
226.196660482382
226.1966604824
226.196660843617
226.196660563554
226.196660496194
226.196660484257
226.196660482625
226.196660482414
226.196660482383
226.196660482377
226.1966604824
228.251521317165
