622.159310244409
476.001380548667
433.419114468061
347.915099760553
336.30141956268
342.605380101153
342.135290258427
255.150124092096
228.012355266841
226.250908128838
476.001380548667
333.827366153912
409.162172373586
324.256584724206
367.976490199385
354.96398876709
341.405998722084
237.291305936687
226.872941149689
226.21622065831
433.41911446806
409.162172373585
327.241714947337
335.640620398314
368.26251929695
343.884169777512
268.821880484531
229.792945493072
226.400193001164
226.20242024581
347.915099760554
324.256584724206
335.640620398313
325.236389939381
340.979192443245
320.170534095864
236.706269081844
227.083207916364
226.247955660407
226.198169234874
336.301419562682
367.976490199387
368.262519296951
340.979192443246
346.690598221392
243.496993696281
228.228669689264
226.38195560111
226.20847558175
226.197047492996
342.605380101151
354.963988767098
343.884169777507
320.170534095864
243.496993696281
228.853807004955
226.538319173681
226.23240733427
226.199362246319
226.196767640719
342.135290258425
341.405998722086
268.821880484531
236.706269081844
228.228669689264
226.538319173681
226.247744180603
226.203223666822
226.197302496983
226.196695102445
255.150124092096
237.291305936687
229.792945493072
227.083207916364
226.38195560111
226.23240733427
226.203223666822
226.197776547009
226.196817474577
226.196673947832
228.012355266841
226.872941149689
226.400193001164
226.247955660407
226.20847558175
226.199362246319
226.197302496983
226.196817474577
226.196696412882
226.196666441316
226.250908128838
226.21622065831
226.20242024581
226.198169234874
226.197047492996
226.196767640719
226.196695102445
226.196673947832
226.196666441316
228.757211141944
466.55823404029
364.156224670263
249.936557759271
239.594017139634
237.638039361657
234.670673562485
229.86879142962
226.504567131823
226.204800302707
226.196795765595
364.156224670263
251.957669818308
240.250701219747
238.494634784689
236.357660057705
232.940705393585
227.80921547133
226.314148307919
226.198975184652
226.196705026876
249.936557759271
240.250701219747
238.647514188192
237.047198230695
234.408499480468
230.285085613418
226.741097563182
226.217479565398
226.197184436519
226.196672617448
239.594017139634
238.494634784689
237.047198230695
234.883527834539
231.725284633509
227.331399874314
226.305638866798
226.199668600897
226.196772248961
226.196663496804
237.638039361657
236.357660057705
234.408499480469
231.725284633509
227.696690694096
226.44506100017
226.205954150069
226.197097016465
226.196684218663
226.196661227716
234.670673562485
232.940705393585
230.285085613417
227.331399874314
226.44506100017
226.21040640226
226.197528341686
226.196733350121
226.196665688106
226.196660682874
229.86879142962
227.80921547133
226.741097563182
226.305638866798
226.205954150069
226.197528341686
226.196765539549
226.19667315482
226.196661683216
226.196660545474
226.504567131823
226.314148307919
226.217479565398
226.199668600897
226.197097016465
226.196733350121
226.19667315482
226.196662569405
226.196660767214
226.196660506307
226.204800302707
226.198975184652
226.197184436518
226.196772248961
226.196684218663
226.196665688106
226.196661683216
226.196660767214
226.196660546641
226.196660512879
226.196795765595
226.196705026876
226.196672617448
226.196663496804
226.196661227716
226.196660682874
226.196660545474
226.196660506307
226.196660512879
229.852283289098
374.268381075421
365.627091663181
249.535798477509
228.744966137289
226.76853876337
226.454325490681
226.254429639194
226.199572869477
226.196729102721
226.196661203709
365.627091663181
253.871739257804
229.681599485121
226.924249590643
226.56111856047
226.361590726241
226.21398857476
226.197580231759
226.196678662063
226.196660660281
249.535798477509
229.681599485121
226.979777290545
226.611827083034
226.433099847755
226.266241493925
226.201855646894
226.196834351245
226.196663783606
226.196660514507
228.744966137289
226.924249590643
226.611827083034
226.459105841926
226.313870146608
226.208518493905
226.19752033633
226.196684197506
226.1966609327
226.196660487054
226.76853876337
226.56111856047
226.433099847755
226.313870146608
226.213130945125
226.198808810301
226.19674120556
226.196662820199
226.196660532968
226.196660483018
226.454325490681
226.361590726241
226.266241493925
226.208518493905
226.198808810301
226.196782524408
226.196665730447
226.196660671804
226.196660487846
226.196660482476
226.254429639194
226.21398857476
226.201855646894
226.19752033633
226.19674120556
226.196665730447
226.196660773903
226.196660497176
226.196660483046
226.196660482396
226.199572869477
226.197580231759
226.196834351245
226.196684197506
226.196662820199
226.196660671804
226.196660497176
226.196660483586
226.196660482475
226.196660482381
226.196729102721
226.196678662063
226.196663783606
226.1966609327
226.196660532968
226.196660487846
226.196660483046
226.196660482475
226.196660482393
226.196660482438
226.196661203708
226.196660660281
226.196660514507
226.196660487054
226.196660483018
226.196660482476
226.196660482396
226.196660482381
226.196660482438
228.21581175634
