550.265751745715
478.253299845104
437.042803027836
350.052229112011
338.638837326381
345.180662163152
344.575329491773
268.797046612019
228.905034741235
226.279499534013
478.253299845083
335.234164960915
412.836182281668
326.787913097403
371.067013736319
358.017074045379
344.139782319228
242.742525220209
227.222091791761
226.22726190826
437.042803027839
412.836182281665
329.272238727004
338.138616464122
371.960920205157
347.04567130983
290.871363666297
231.83684814206
226.522691657979
226.206097544812
350.052229112011
326.787913097403
338.138616464124
328.087795706436
344.438292311656
363.465021595447
242.79036463557
227.644420732832
226.282201584622
226.199225647555
338.638837326379
371.067013736319
371.960920205164
344.438292311657
350.977645361321
254.998817730244
229.580354066437
226.509890235754
226.216963724626
226.197337197052
345.180662163153
358.017074045383
347.04567130983
363.465021595448
254.998817730244
230.660062759313
226.778339305333
226.258464401446
226.201407308578
226.196851986114
344.57532949177
344.139782319233
290.871363666297
242.79036463557
229.580354066437
226.778339305333
226.285149500329
226.208215175412
226.197809266754
226.196723488707
268.797046612019
242.742525220209
231.83684814206
227.644420732832
226.509890235754
226.258464401446
226.208215175412
226.198658056255
226.196946033185
226.196685385829
228.905034741235
227.222091791761
226.522691657979
226.282201584622
226.216963724626
226.201407308578
226.197809266754
226.196946033185
226.196726835531
226.19667165198
226.279499534013
226.22726190826
226.206097544812
226.199225647555
226.197337197052
226.196851986114
226.196723488707
226.196685385829
226.19667165198
228.164100763958
463.778786481433
363.621174150648
251.218190217004
239.797134947769
237.959972687354
235.263664396785
230.790892799579
226.675255847587
226.210405798385
226.196876858825
363.621174150648
253.478568272003
240.423578471072
238.738927880392
236.853904812806
233.724853573967
228.613771084392
226.39944208569
226.200574289845
226.196733068916
251.218190217004
240.423578471072
238.839348835692
237.434313936156
235.061287550584
231.375421898804
227.100806862691
226.236880439811
226.197565041329
226.196680928382
239.797134947769
238.738927880392
237.434313936156
235.51940446904
232.736649248774
228.072661569192
226.422372123271
226.202397709578
226.196854877544
226.196665714306
237.959972687354
236.853904812806
235.061287550584
232.736649248774
228.745391190988
226.683657308004
226.215723768745
226.197453465879
226.196702230388
226.196661807121
235.263664396785
233.724853573967
231.375421898804
228.072661569192
226.683657308004
226.22563851096
226.198289332755
226.196790268695
226.196669775103
226.196660845505
230.790892799579
228.613771084392
227.100806862691
226.422372123271
226.215723768745
226.198289332755
226.196848657973
226.1966831641
226.196662657606
226.196660598473
226.675255847587
226.39944208569
226.236880439811
226.202397709578
226.197453465879
226.196790268695
226.1966831641
226.196664262889
226.196661006747
226.196660527383
226.210405798386
226.200574289845
226.197565041329
226.196854877544
226.196702230388
226.196669775103
226.196662657607
226.196661006747
226.196660603766
226.196660540636
226.196876858825
226.196733068916
226.196680928382
226.196665714306
226.196661807121
226.196660845505
226.196660598473
226.196660527383
226.196660540636
229.494851913111
370.507094380249
361.85262743016
252.148072277331
229.00405956377
226.801373901326
226.482884607179
226.278012657979
226.201293490132
226.19677693196
226.196661746219
361.85262743016
256.823414148384
230.051185510226
226.96579670681
226.588942314065
226.39326637566
226.22580161026
226.198361676573
226.196694697061
226.196660819377
252.148072277331
230.051185510226
227.024812566505
226.634861232831
226.463494876866
226.297566645081
226.205710507308
226.196998871698
226.196666980552
226.196660546013
229.00405956377
226.96579670681
226.634861232831
226.489863157406
226.350051046006
226.217920282437
226.198583449412
226.196712260823
226.196661445242
226.196660492178
226.801373901326
226.588942314065
226.463494876866
226.350051046006
226.229510787248
226.201384106201
226.196846219209
226.196665779656
226.19666059416
226.196660483745
226.482884607179
226.39326637566
226.297566645081
226.217920282437
226.201384106201
226.196946597802
226.196672707872
226.196660914251
226.196660494422
226.196660482586
226.278012657979
226.22580161026
226.205710507308
226.198583449412
226.196846219209
226.196672707872
226.196661153674
226.196660515482
226.196660483808
226.196660482418
226.201293490132
226.198361676573
226.196998871698
226.196712260823
226.196665779656
226.196660914251
226.196660515482
226.196660484977
226.196660482581
226.196660482388
226.19677693196
226.196694697061
226.196666980552
226.196661445242
226.19666059416
226.196660494422
226.196660483808
226.196660482581
226.196660482414
226.196660482499
226.196661746219
226.196660819377
226.196660546013
226.196660492178
226.196660483745
226.196660482586
226.196660482418
226.196660482388
226.196660482499
228.159442572796
