550.265751745715
478.253299845104
437.042803027836
350.052229112011
338.638837326381
345.180662163152
344.575329491773
284.232172240264
230.028783127492
226.316948832689
478.253299845083
335.234164960915
412.836182281668
326.787913097403
371.067013736319
358.017074045379
344.139782319228
249.891396182112
227.681429889285
226.242115357847
437.042803027839
412.836182281665
329.272238727004
338.138616464122
371.960920205157
347.04567130983
316.886719405981
234.55356764677
226.69194732394
226.211323877082
350.052229112011
326.787913097403
338.138616464124
328.087795706436
344.438292311656
363.465021595447
251.912879910931
228.445608540481
226.331793016583
226.20079347243
338.638837326379
371.067013736319
371.960920205164
344.438292311657
350.977645361321
272.930985938576
231.5956439831
226.699336798002
226.229733387582
226.197782989033
345.180662163153
358.017074045383
347.04567130983
363.465021595448
272.930985938576
233.402410917237
227.139435002073
226.298070756404
226.204576226168
226.19698563509
344.57532949177
344.139782319233
316.886719405981
251.912879910931
231.595643983101
227.139435002073
226.342223335784
226.215976464967
226.198613984087
226.196769559101
284.232172240264
249.891396182112
234.55356764677
228.445608540481
226.699336798002
226.298070756404
226.215976464967
226.200058530434
226.197154587453
226.196704321112
230.028783127492
227.681429889285
226.69194732394
226.331793016583
226.229733387582
226.204576226168
226.198613984087
226.197154587454
226.196777170943
226.196680432668
226.316948832689
226.242115357847
226.211323877082
226.20079347243
226.197782989033
226.19698563509
226.196769559101
226.196704321112
226.196680432668
227.678830636506
463.778786481433
363.621174150648
253.09116475559
240.084282440474
238.322784773416
235.833888349508
231.62521803121
226.865864086575
226.218986386948
226.196988843688
363.621174150648
255.708516677179
240.713247292364
239.042577422283
237.328226201357
234.417160495992
229.463493715619
226.489022132942
226.202916844273
226.196772075146
253.09116475559
240.713247292364
239.126491625254
237.84113915786
235.673540976145
232.316207672574
227.469058062064
226.271120544027
226.198159645349
226.196692951684
240.084282440474
239.042577422283
237.84113915786
236.122469733897
233.544585142737
229.010581245967
226.572228474525
226.207096335979
226.19698086171
226.196669026831
238.322784773416
237.328226201357
235.673540976145
233.544585142737
229.837258706968
226.92613319419
226.234384277906
226.198046267418
226.19672973214
226.196662700797
235.833888349508
234.417160495992
232.316207672574
229.010581245967
226.92613319419
226.256153067525
226.199645549632
226.196879546649
226.196676132249
226.196661103864
231.62521803121
229.463493715619
227.469058062065
226.572228474525
226.234384277906
226.199645549632
226.196980820226
226.19669882573
226.196664210814
226.196660684898
226.865864086575
226.489022132942
226.271120544027
226.207096335979
226.198046267418
226.196879546649
226.19669882573
226.196666965828
226.196661397305
226.196660562431
226.218986386948
226.202916844273
226.198159645349
226.196980861711
226.19672973214
226.196676132249
226.196664210814
226.196661397305
226.196660697277
226.196660588248
226.196988843688
226.196772075146
226.196692951684
226.196669026831
226.196662700797
226.196661103864
226.196660684898
226.196660562431
226.196660588248
229.09142351464
370.507094380249
361.85262743016
255.638924902942
229.395120042326
226.850063467291
226.513033614978
226.302907573545
226.203255302459
226.196840181339
226.19666248285
361.85262743016
260.924927117581
230.609567859326
227.033066419173
226.618870833597
226.423672968377
226.24175508267
226.199260907269
226.196716384896
226.196661049388
255.638924902942
230.609567859326
227.101181953439
226.663068413639
226.494130345274
226.328983705059
226.209786787255
226.197258227376
226.196671994225
226.196660595621
229.395120042326
227.033066419173
226.663068413639
226.521270187472
226.382132272183
226.233454813165
226.200037846053
226.196757200116
226.196662296849
226.196660500775
226.850063467291
226.618870833597
226.494130345274
226.382132272183
226.252422878059
226.2040531719
226.197013489024
226.196670828049
226.196660700915
226.196660485016
226.513033614978
226.423672968377
226.328983705059
226.233454813166
226.2040531719
226.197215605769
226.196684922803
226.196661348995
226.196660506245
226.196660482783
226.302907573545
226.24175508267
226.209786787255
226.200037846053
226.197013489024
226.196684922803
226.196661841569
226.196660548908
226.196660485185
226.196660482457
226.203255302459
226.199260907269
226.197258227376
226.196757200117
226.196670828049
226.196661348995
226.196660548908
226.196660487507
226.19666048277
226.196660482399
226.196840181339
226.196716384897
226.196671994225
226.196662296849
226.196660700915
226.196660506245
226.196660485185
226.19666048277
226.196660482447
226.196660482605
226.19666248285
226.196661049388
226.196660595621
226.196660500775
226.196660485016
226.196660482783
226.196660482457
226.196660482399
226.196660482605
228.061436128642
