622.159310244409
476.001380548667
433.419114468061
347.915099760553
336.30141956268
342.605380101153
342.135290258427
300.035533495198
231.327486507017
226.362874367218
476.001380548667
333.827366153912
409.162172373586
324.256584724206
367.976490199385
354.96398876709
341.405998722084
258.759071746527
228.258645602288
226.261116542856
433.41911446806
409.162172373585
327.241714947337
335.640620398314
368.26251929695
343.884169777512
344.153165400518
237.575824970692
226.904216108217
226.21823673053
347.915099760554
324.256584724206
335.640620398313
325.236389939381
340.979192443245
358.943903279099
263.584374795635
229.498373703276
226.39865040274
226.202968952456
336.301419562682
367.976490199387
368.262519296951
340.979192443246
346.690598221392
296.643586718197
234.363149014471
226.961859451904
226.247717882082
226.198425882218
342.605380101151
354.963988767098
343.884169777507
358.943903279098
296.643586718197
237.220428380538
227.648526258794
226.354518688399
226.209177797841
226.197184376396
342.135290258425
341.405998722086
344.153165400518
263.584374795636
234.363149014471
227.648526258794
226.423909839541
226.227283207511
226.199811822067
226.196839805515
300.035533495198
258.759071746527
237.575824970692
229.498373703276
226.961859451904
226.354518688399
226.227283207511
226.202143066146
226.197471944153
226.196733800124
231.327486507017
228.258645602288
226.904216108217
226.39865040274
226.247717882082
226.209177797841
226.199811822067
226.197471944153
226.196855366836
226.196694347989
226.362874367218
226.261116542856
226.21823673053
226.202968952456
226.198425882218
226.197184376396
226.196839805515
226.196733800124
226.196694347989
227.291414150258
466.55823404029
364.156224670263
255.701028923442
240.482398156687
238.759226001632
236.43336974387
232.414733578294
227.033661996746
226.230703622044
226.197136245473
364.156224670263
258.865459020092
241.147789459211
239.438257989289
237.826354381907
235.057852203566
230.257643148769
226.573114665802
226.206284601752
226.196824125752
255.701028923441
241.147789459211
239.540167321646
238.308003745511
236.301218398548
233.101727966458
227.886113735543
226.316356201717
226.199032820075
226.196709438774
240.482398156687
239.438257989289
238.308003745511
236.741382790816
234.234066114093
229.948809865299
226.721623753667
226.21477834176
226.197166861751
226.196673711991
238.759226001632
237.826354381907
236.301218398548
234.234066114093
230.792981619535
227.129488279097
226.268036554867
226.199038814636
226.196770078586
226.196664006657
236.43336974387
235.057852203566
233.101727966458
229.948809865299
227.129488279097
226.312844735001
226.202123146251
226.197017319456
226.196685556843
226.196661493265
232.414733578294
230.257643148769
227.886113735543
226.721623753667
226.268036554867
226.202123146251
226.197189947065
226.196722343499
226.196666565415
226.196660818891
227.033661996746
226.573114665802
226.316356201717
226.21477834176
226.199038814636
226.197017319456
226.196722343499
226.196671074694
226.196662004281
226.196660618123
226.230703622044
226.206284601753
226.199032820075
226.197166861751
226.196770078586
226.196685556843
226.196666565415
226.196662004281
226.196660846039
226.196660664413
226.197136245473
226.196824125752
226.196709438774
226.196673711991
226.196664006657
226.196661493265
226.196660818891
226.196660618123
226.196660664413
228.671912179133
374.268381075421
365.627091663181
260.107760441849
229.950296174844
226.921161006782
226.548150077995
226.329758109508
226.205108411745
226.196914361168
226.196663366726
365.627091663181
266.399209706154
231.407729136461
227.135620872964
226.654650610688
226.454255764588
226.259844388256
226.200135837773
226.196741268444
226.196661331863
260.107760441849
231.407729136461
227.219731934257
226.700457085726
226.528169127821
226.358409744074
226.214474129463
226.197598908843
226.196678736312
226.196660663161
229.950296174844
227.135620872964
226.700457085726
226.556301816955
226.411994901565
226.25363575755
226.201519954913
226.19681539778
226.196663464613
226.196660512971
226.921161006782
226.654650610688
226.528169127821
226.411994901565
226.277317444697
226.206142138646
226.197249513135
226.196678099844
226.196660857587
226.196660486917
226.548150077995
226.454255764588
226.358409744074
226.25363575755
226.206142138646
226.19762786731
226.196703648039
226.196662013661
226.196660524463
226.196660483089
226.329758109508
226.259844388256
226.214474129463
226.201519954913
226.197249513135
226.196703648039
226.196662911292
226.196660601355
226.196660487366
226.196660482519
226.205108411745
226.200135837773
226.197598908843
226.19681539778
226.196678099844
226.196662013661
226.196660601355
226.196660491537
226.196660483074
226.196660482418
226.196914361168
226.196741268444
226.196678736312
226.196663464613
226.196660857587
226.196660524463
226.196660487366
226.196660483074
226.196660482498
226.196660482775
226.196663366725
226.196661331863
226.196660663161
226.196660512971
226.196660486917
226.196660483089
226.196660482519
226.196660482418
226.196660482775
227.925847184768
