622.159310244409
476.001380548667
433.419114468061
347.915099760553
336.30141956268
342.605380101153
342.135290258427
320.013758502788
233.122340030056
226.42951418392
476.001380548667
333.827366153912
409.162172373586
324.256584724206
367.976490199385
354.96398876709
341.405998722084
271.502392552368
229.117623130482
226.289701613794
433.41911446806
409.162172373585
327.241714947337
335.640620398314
368.26251929695
343.884169777512
344.153165400518
242.285496009953
227.225589584045
226.228896301798
347.915099760554
324.256584724206
335.640620398313
325.236389939381
340.979192443245
358.943903279099
281.826304368648
231.184389483848
226.506141547125
226.206494872843
336.301419562682
367.976490199387
368.262519296951
340.979192443246
346.690598221392
331.750420604795
238.912872249644
227.400419306445
226.277763195364
226.199504109982
342.605380101151
354.963988767098
343.884169777507
358.943903279098
331.750420604795
243.516167219486
228.513473768064
226.45061581394
226.217013250355
226.19752454753
342.135290258425
341.405998722086
344.153165400518
281.826304368649
238.912872249644
228.513473768064
226.56376334952
226.246669773885
226.201873523841
226.196961673121
320.013758502788
271.502392552368
242.285496009953
231.184389483848
227.400419306445
226.45061581394
226.246669773885
226.205736777789
226.198023136437
226.19678551912
233.122340030056
229.117623130482
227.225589584045
226.506141547125
226.277763195364
226.217013250355
226.201873523841
226.198023136437
226.196992478311
226.196719007522
226.42951418392
226.289701613793
226.228896301798
226.206494872843
226.199504109982
226.19752454753
226.196961673121
226.19678551912
226.196719007522
227.022062745899
466.55823404029
364.156224670263
258.20259742271
240.789155991925
239.089427254618
236.955265069064
233.140621535168
227.384671978137
226.250452253474
226.197368487462
364.156224670263
261.884925500994
241.473767097397
239.728949636188
238.226804042695
235.65350139304
231.123314367891
226.728745515743
226.212055830147
226.196906571994
258.20259742271
241.473767097397
239.8214231012
238.664226415583
236.860582453962
233.847176542384
228.576435459614
226.390320814582
226.200516558345
226.196736061024
240.789155991925
239.728949636188
238.664226415583
237.247392144836
234.892701550708
230.975298553324
226.993424216521
226.229830186408
226.197493362961
226.19668152078
239.089427254618
238.226804042696
236.860582453962
234.892701550708
231.875576434658
227.565389218729
226.341668639942
226.201008061589
226.196840513433
226.19666623323
236.955265069064
235.65350139304
233.847176542383
230.975298553324
227.565389218729
226.440531710617
226.207404252456
226.197271304892
226.196701916467
226.196662167213
233.140621535167
231.123314367891
228.576435459614
226.99342421652
226.341668639942
226.207404252456
226.197585023483
226.19676376033
226.196670659164
226.196661053178
227.384671978137
226.728745515743
226.390320814582
226.229830186408
226.201008061589
226.197271304892
226.19676376033
226.196678232284
226.196663064778
226.196660716418
226.250452253474
226.212055830147
226.200516558345
226.197493362961
226.196840513433
226.196701916467
226.196670659164
226.196663064778
226.196661110529
226.196660802064
226.197368487462
226.196906571994
226.196736061024
226.19668152078
226.19666623323
226.196662167213
226.196661053178
226.196660716418
226.196660802064
228.319882201311
374.268381075421
365.627091663181
263.915177852322
230.423945011468
226.976986339808
226.578298650696
226.356248780497
226.208589592912
226.197050855504
226.196664947771
365.627091663181
270.927311295701
232.084591928523
227.218021136127
226.682507914982
226.483232774081
226.282783948414
226.201708403645
226.196785849437
226.196661837903
263.915177852321
232.084591928523
227.314799424506
226.728225460023
226.558525812077
226.388311288312
226.224260454843
226.198249150291
226.196691951473
226.196660795231
230.423945011468
227.218021136127
226.728225460023
226.584652947044
226.441801632625
226.280533355095
226.204381535142
226.196936792725
226.196665885807
226.196660537952
226.976986339808
226.682507914982
226.558525812077
226.441801632625
226.310584479278
226.210844615835
226.197839490534
226.196694979792
226.196661204357
226.196660490953
226.578298650696
226.483232774081
226.388311288312
226.280533355095
226.210844615835
226.198747990125
226.196750691943
226.196663576432
226.1966605651
226.196660483734
226.356248780497
226.282783948414
226.224260454843
226.204381535142
226.197839490534
226.196750691943
226.196665477697
226.196660721263
226.196660492078
226.196660482645
226.208589592912
226.201708403645
226.198249150291
226.196936792725
226.196694979792
226.196663576432
226.196660721263
226.19666050032
226.196660483695
226.196660482454
226.197050855504
226.196785849438
226.196691951473
226.196665885807
226.196661204357
226.1966605651
226.196660492078
226.196660483695
226.196660482601
226.19666048309
226.19666494777
226.196661837903
226.196660795231
226.196660537952
226.196660490953
226.196660483734
226.196660482645
226.196660482454
226.19666048309
227.790153808598
