622.159310244409
476.001380548667
433.419114468061
347.915099760553
336.30141956268
342.605380101153
342.135290258427
342.030841876552
235.335915517806
226.517169689954
476.001380548667
333.827366153912
409.162172373586
324.256584724206
367.976490199385
354.96398876709
341.405998722084
286.679178662948
230.25292483725
226.329006181804
433.41911446806
409.162172373585
327.241714947337
335.640620398314
368.26251929695
343.884169777512
344.153165400518
249.062606732495
227.673566041761
226.243985344995
347.915099760554
324.256584724206
335.640620398313
325.236389939381
340.979192443245
358.943903279099
305.551409812248
233.586235373262
226.663608604223
226.211756241362
336.301419562682
367.976490199387
368.262519296951
340.979192443246
346.690598221392
372.778573600154
245.229712622447
228.055102581823
226.32379094569
226.201181978722
342.605380101151
354.963988767098
343.884169777507
358.943903279098
372.778573600154
252.146333095888
229.80887385791
226.599740887524
226.229378338029
226.198068746256
342.135290258425
341.405998722086
344.153165400518
305.551409812248
245.229712622447
229.80887385791
226.781468978797
226.277428855542
226.205187947537
226.197160240919
342.030841876552
286.679178662948
249.062606732495
233.586235373262
228.055102581823
226.599740887524
226.277428855542
226.211520696579
226.198921490181
226.196870966055
235.335915517806
230.25292483725
227.673566041761
226.663608604223
226.32379094569
226.229378338029
226.205187947537
226.198921490181
226.197218772972
226.196760235891
226.517169689954
226.329006181804
226.243985344995
226.211756241362
226.201181978722
226.198068746256
226.197160240919
226.196870966055
226.196760235891
226.819203191881
466.55823404029
364.156224670263
260.934829181633
241.102804417187
239.407831756585
237.441833078651
233.809916216143
227.875178771724
226.280089219662
226.197704296326
364.156224670263
265.195443277269
241.812175541968
240.015320771805
238.600555240817
236.215923471745
231.971415546386
226.942243562439
226.221173821419
226.197027427712
260.934829181633
241.812175541969
240.1009278807
239.000347093583
237.355660939602
234.542524004218
229.421752459344
226.479985525818
226.202833455679
226.19677557103
241.102804417187
240.015320771805
239.000347093583
237.702757677445
235.517265373049
231.996910366175
227.313663584395
226.256880391245
226.198030934016
226.196693539391
239.407831756585
238.600555240817
237.355660939602
235.517265373049
232.786525733184
228.218452481106
226.46670663872
226.204640962985
226.196955372186
226.196669763071
237.441833078651
236.215923471745
234.542524004218
231.996910366175
228.218452481106
226.642978817161
226.217631787426
226.197713927095
226.196728448926
226.196663260314
233.809916216143
231.971415546386
229.421752459344
227.313663584395
226.46670663872
226.217631787426
226.198293461984
226.196832207603
226.196677345343
226.196661439931
227.875178771724
226.942243562439
226.479985525818
226.256880391245
226.204640962985
226.197713927095
226.196832207603
226.196689958154
226.196664816967
226.196660881055
226.280089219662
226.221173821419
226.202833455679
226.198030934017
226.196955372186
226.196728448926
226.196677345343
226.196664816967
226.196661553183
226.196661036194
226.197704296326
226.197027427712
226.19677557103
226.196693539391
226.196669763071
226.196663260314
226.196661439931
226.196660881055
226.196661036194
228.00338037506
374.268381075421
365.627091663181
267.828133745719
230.932291266024
227.036027357939
226.607318382891
226.382414233755
226.213725593629
226.197266368452
226.196667394922
365.627091663181
275.592573022815
232.810447732871
227.307219752077
226.709529895136
226.511563656798
226.30837589783
226.20387019622
226.196853004531
226.196662608717
267.828133745719
232.810447732871
227.418271163698
226.755747713774
226.586051739981
226.418005869596
226.239419505515
226.199123443003
226.196712362638
226.196661009334
230.932291266024
227.307219752078
226.755747713774
226.61065816733
226.471374730355
226.311972097927
226.207933708211
226.197144457161
226.196670101054
226.19666058175
227.036027357939
226.709529895136
226.586051739981
226.471374730355
226.342324073729
226.21928953855
226.198979799991
226.196728214859
226.196661872869
226.196660498539
226.607318382891
226.511563656798
226.418005869596
226.311972097927
226.21928953855
226.200844335826
226.196848491214
226.196666790453
226.196660646095
226.196660484967
226.382414233755
226.30837589783
226.239419505515
226.207933708211
226.198979799991
226.196848491214
226.196670863163
226.196660967154
226.196660501377
226.19666048288
226.213725593629
226.20387019622
226.199123443003
226.197144457161
226.196728214859
226.196666790453
226.196660967154
226.196660517824
226.19666048488
226.196660482519
226.197266368452
226.196853004531
226.196712362638
226.196670101054
226.196661872869
226.196660646095
226.196660501377
226.19666048488
226.196660482787
226.196660483635
226.196667394922
226.196662608717
226.196661009334
226.19666058175
226.196660498539
226.196660484967
226.19666048288
226.196660482519
226.196660483635
227.647831600206
