550.265751745715
478.253299845104
437.042803027836
350.052229112011
338.638837326381
345.180662163152
344.575329491773
343.956805682637
238.056324407942
226.637424146567
478.253299845083
335.234164960915
412.836182281668
326.787913097403
371.067013736319
358.017074045379
344.139782319228
306.084790770881
231.863340042201
226.386989263548
437.042803027839
412.836182281665
329.272238727004
338.138616464122
371.960920205157
347.04567130983
347.702784075222
259.83534709196
228.370602518147
226.26744880117
350.052229112011
326.787913097403
338.138616464124
328.087795706436
344.438292311656
363.465021595447
340.48121464213
237.499541344087
226.922422930439
226.220441659701
338.638837326379
371.067013736319
371.960920205164
344.438292311657
350.977645361321
380.046043446759
257.040862581598
229.194566128852
226.403004093626
226.204068727017
345.180662163153
358.017074045383
347.04567130983
363.465021595448
380.04604344676
269.780780144726
232.161634623685
226.863448744833
226.251130179241
226.19902679777
344.57532949177
344.139782319233
347.702784075223
340.481214642129
257.040862581598
232.161634623685
227.170392684005
226.332149150351
226.211084398657
226.197514488139
343.956805682636
306.084790770881
259.83534709196
237.499541344087
229.194566128852
226.863448744833
226.332149150351
226.221846138363
226.200530835056
226.197024786101
238.056324407942
231.863340042201
228.370602518147
226.922422930439
226.403004093626
226.251130179241
226.211084398657
226.200530835056
226.197626593179
226.196835013179
226.637424146567
226.386989263548
226.26744880117
226.220441659701
226.204068727017
226.19902679777
226.197514488139
226.197024786101
226.196835013179
226.675925742502
463.778786481433
363.621174150648
263.354143633074
241.291352802467
239.596921794323
237.795086935935
234.420443385065
228.462260372931
226.327260447475
226.198216107867
363.621174150648
268.04599964641
241.996854869023
240.171454747549
238.857219469727
236.697250309294
232.799475875539
227.323928473284
226.237356745549
226.197217542024
263.354143633073
241.996854869023
240.222562023195
239.202897733498
237.727685785521
235.141298050332
230.449457620434
226.638894540934
226.206873348559
226.196839201013
241.291352802467
240.171454747549
239.202897733498
238.042608738699
236.077922556075
232.902133305602
227.913597507429
226.319312263528
226.19903083052
226.196713804839
239.596921794323
238.857219469727
237.727685785521
236.077922556075
233.611041887288
229.388897536596
226.708063801925
226.212251424159
226.197163096032
226.196675868242
237.795086935935
236.697250309294
235.141298050332
232.902133305602
229.388897536596
226.947412012346
226.240710638268
226.198573878255
226.196775525324
226.196665176779
234.420443385065
232.799475875539
230.449457620434
227.913597507429
226.708063801925
226.240710638268
226.199712346531
226.196955979547
226.196689143282
226.196662122731
228.462260372931
227.323928473284
226.638894540934
226.319312263528
226.212251424159
226.198573878255
226.196955979547
226.196710698964
226.196667908271
226.196661172765
226.327260447475
226.237356745549
226.206873348559
226.19903083052
226.197163096032
226.196775525324
226.196689143283
226.196667908271
226.196662336901
226.196661468852
226.198216107867
226.197217542024
226.196839201012
226.196713804839
226.196675868242
226.196665176779
226.196662122731
226.196661172765
226.196661468852
227.746460433745
370.507094380249
361.85262743016
270.905052654634
231.313327152072
227.07202395275
226.626432753266
226.40689510505
226.221232471167
226.197650848436
226.196671876116
361.85262743016
278.944342570484
233.338763045545
227.363945316447
226.725480117694
226.535280917057
226.33588906759
226.207824269322
226.196982138504
226.19666406319
270.905052654634
233.338763045545
227.48385547556
226.769848270981
226.605302659375
226.444261906901
226.262162124853
226.200764258435
226.196751917801
226.196661433977
231.313327152072
227.363945316447
226.769848270981
226.628272396462
226.498175127359
226.343120333502
226.214828616422
226.197663550967
226.196679930609
226.196660680078
227.07202395275
226.725480117694
226.605302659375
226.498175127359
226.37358698245
226.239812119675
226.201585359011
226.196810345263
226.196663516953
226.196660516558
226.626432753266
226.535280917057
226.444261906901
226.343120333502
226.239812119675
226.204492038749
226.197088931492
226.196674999041
226.196660849698
226.196660487901
226.406895105051
226.33588906759
226.262162124853
226.214828616422
226.201585359011
226.197088931492
226.196684771606
226.196661600051
226.196660524287
226.196660483414
226.221232471167
226.207824269322
226.200764258435
226.197663550967
226.196810345263
226.196674999041
226.196661600051
226.196660561405
226.196660487613
226.196660482654
226.197650848436
226.196982138504
226.196751917801
226.196679930609
226.196663516953
226.196660849698
226.196660524287
226.196660487613
226.196660483177
226.196660484675
226.196671876116
226.19666406319
226.196661433977
226.196660680078
226.196660516558
226.196660487901
226.196660483414
226.196660482654
226.196660484675
227.518615606532
