622.159310244409
476.001380548667
433.419114468061
347.915099760553
336.30141956268
342.605380101153
342.135290258427
365.273968143116
240.777669732396
226.759889192494
476.001380548667
333.827366153912
409.162172373586
324.256584724206
367.976490199385
354.96398876709
341.405998722084
323.798513578956
233.506673082535
226.450970283957
433.41911446806
409.162172373585
327.241714947337
335.640620398314
368.26251929695
343.884169777512
344.153165400518
270.961419948623
229.152254483664
226.294753011103
347.915099760554
324.256584724206
335.640620398313
325.236389939381
340.979192443245
358.943903279099
371.992136835152
241.254126773342
227.209640715862
226.230749796289
336.301419562682
367.976490199387
368.262519296951
340.979192443246
346.690598221392
372.778573600154
270.106424072876
230.496101969762
226.497528467751
226.20765815704
342.605380101151
354.963988767098
343.884169777507
358.943903279098
372.778573600154
290.981586405306
234.973989098348
227.183863157767
226.278363925721
226.200267197724
342.135290258425
341.405998722086
344.153165400518
371.992136835149
270.106424072876
234.973989098348
227.646774225376
226.400963680824
226.218724591948
226.197987961745
365.273968143119
323.798513578957
270.961419948623
241.254126773342
230.496101969762
227.183863157767
226.400963680824
226.235221648368
226.202675023402
226.197235548064
240.777669732396
233.506673082535
229.152254483664
227.209640715862
226.497528467751
226.278363925721
226.218724591948
226.202675023402
226.198183383298
226.196939509047
226.759889192494
226.450970283957
226.294753011103
226.230749796289
226.20765815704
226.200267197724
226.197987961745
226.197235548064
226.196939509047
226.551217396862
466.55823404029
364.156224670263
267.271105321885
241.737133084642
240.01114686379
238.298365263105
235.060446663678
228.961518766526
226.363224465313
226.198774865966
364.156224670263
272.918592150323
242.506979553764
240.572971201639
239.289426012315
237.270114484622
233.477252993938
227.62204883384
226.256054765083
226.197445939099
267.271105321884
242.506979553764
240.649861585112
239.627966102091
238.216911983526
235.756934902561
231.221434170192
226.769910351632
226.212318660318
226.196917330045
241.737133084642
240.572971201639
239.627966102091
238.50924770874
236.68273657971
233.649313344111
228.423426384663
226.379613306014
226.200356977799
226.196738959883
240.01114686379
239.289426012315
238.216911983526
236.68273657971
234.3006000396
230.288882219071
226.886370614413
226.223417363194
226.197444995925
226.196683678031
238.298365263105
237.270114484621
235.756934902561
233.649313344111
230.288882219071
227.13687679795
226.277512324175
226.199900424606
226.196838382076
226.196667715757
235.060446663678
233.477252993938
231.221434170192
228.423426384663
226.886370614413
226.277512324175
226.202023897742
226.197129367147
226.196705015771
226.196663059788
228.961518766526
227.62204883384
226.769910351632
226.379613306014
226.223417363194
226.199900424606
226.197129367147
226.196738854754
226.196672176067
226.196661586771
226.363224465313
226.256054765083
226.212318660318
226.200356977799
226.197444995925
226.196838382076
226.196705015771
226.196672176067
226.19666344967
226.196662084594
226.198774865966
226.197445939099
226.196917330045
226.196738959883
226.196683678031
226.196667715757
226.196663059788
226.196661586771
226.196662084594
227.480580487119
374.268381075421
365.627091663181
275.922499316243
232.053420622406
227.164849501341
226.660876172045
226.435598795321
226.228923152353
226.197969649236
226.196676072543
365.627091663181
285.268475581697
234.408981056057
227.507278996956
226.762509175268
226.567230343207
226.360964432066
226.210974067629
226.197109078539
226.196665534237
275.922499316243
234.408981056057
227.651663223761
226.811317006915
226.635345811712
226.473793630596
226.282586479737
226.202064519408
226.196790288427
226.196661872057
232.053420622406
227.507278996956
226.811317006915
226.657896370482
226.529809244126
226.371782517917
226.221568542721
226.198165028429
226.196690545579
226.196660791313
227.164849501341
226.762509175268
226.635345811712
226.529809244126
226.402194001956
226.259892760971
226.203401489062
226.196896458956
226.196665409103
226.196660538405
226.660876172045
226.567230343207
226.473793630596
226.371782517917
226.259892760971
226.206404444006
226.197361848104
226.196684958387
226.196661106798
226.196660491733
226.435598795321
226.360964432066
226.282586479737
226.221568542721
226.203401489062
226.197361848104
226.196702132247
226.196662423009
226.196660554982
226.196660484151
226.228923152353
226.210974067629
226.202064519408
226.198165028429
226.196896458956
226.196684958386
226.196662423009
226.196660620376
226.19666049143
226.19666048285
226.197969649236
226.197109078539
226.196790288427
226.196690545579
226.196665409103
226.196661106798
226.196660554982
226.19666049143
226.196660483739
226.196660486153
226.196676072543
226.196665534238
226.196661872057
226.196660791313
226.196660538405
226.196660491733
226.196660484151
226.19666048285
226.196660486153
227.364952392714
