550.265751745715
478.253299845104
437.042803027836
350.052229112011
338.638837326381
345.180662163152
344.575329491773
343.956805682637
245.197826813487
226.94497555101
478.253299845083
335.234164960915
412.836182281668
326.787913097403
371.067013736319
358.017074045379
344.139782319228
348.503753924736
236.013659291239
226.550124091679
437.042803027839
412.836182281665
329.272238727004
338.138616464122
371.960920205157
347.04567130983
347.702784075222
287.976555318593
230.42430497795
226.339719345496
350.052229112011
326.787913097403
338.138616464124
328.087795706436
344.438292311656
363.465021595447
377.730014978088
248.81408710829
227.723193940453
226.248821680927
338.638837326379
371.067013736319
371.960920205164
344.438292311657
350.977645361321
380.046043446759
295.042986027583
233.00775407553
226.675098508212
226.214288657639
345.180662163153
358.017074045383
347.04567130983
363.465021595448
380.04604344676
330.340995757681
240.675909755215
227.819023420854
226.330938254158
226.202620434143
344.57532949177
344.139782319233
347.702784075223
377.730014978093
295.042986027583
240.675909755215
228.606780574029
226.536636284759
226.233506099505
226.198892718408
343.956805682636
348.503753924736
287.976555318592
248.81408710829
233.00775407553
227.819023420854
226.536636284759
226.261255721765
226.20680417596
226.197638615138
245.197826813487
236.013659291239
230.42430497795
227.723193940453
226.675098508212
226.330938254158
226.233506099505
226.20680417596
226.199251193868
226.197139455023
226.94497555101
226.550124091679
226.339719345496
226.248821680927
226.214288657639
226.202620434143
226.198892718408
226.197638615138
226.197139455023
226.469838891451
463.778786481433
363.621174150648
270.16732140887
241.907497390611
240.169982439413
238.578786595312
235.566634902776
229.67330254429
226.431896091541
226.199674131214
363.621174150648
276.326357504632
242.670086940063
240.706763995762
239.500780360045
237.666866675756
234.137696248019
228.173458616806
226.294345207941
226.197827460997
270.167321408869
242.670086940062
240.751573826964
239.793790090883
238.511734787647
236.254424114454
232.180682196345
227.100156521896
226.22277560112
226.197050965624
241.907497390611
240.706763995762
239.793790090883
238.782234804794
237.162328923922
234.349247680962
229.342036917185
226.508018499274
226.202943414061
226.196783958272
240.169982439413
239.500780360045
238.511734787647
237.162328923922
234.918266794998
231.45938677377
227.335216376388
226.250337574973
226.198009386444
226.19669815747
238.578786595312
237.666866675756
236.254424114454
234.349247680962
231.45938677377
227.703367081932
226.384742313164
226.202934633835
226.196961776285
226.196672493661
235.566634902776
234.137696248019
232.180682196345
229.342036917185
227.335216376388
226.384742313164
226.207574804105
226.197485085213
226.196735478698
226.196664823245
229.67330254429
228.173458616806
227.100156521896
226.508018499274
226.250337574973
226.202934633835
226.197485085213
226.196793351609
226.196680232379
226.196662360004
226.431896091541
226.294345207941
226.22277560112
226.202943414061
226.198009386444
226.196961776284
226.196735478698
226.196680232379
226.196665525551
226.196663261884
226.199674131214
226.197827460997
226.197050965624
226.196783958272
226.196698157471
226.196672493661
226.196664823245
226.196662360004
226.196663261884
227.287245846589
370.507094380249
361.85262743016
279.163493180761
232.482249991643
227.20403092871
226.67620537568
226.457497114442
226.241462100573
226.19861927221
226.196684777809
361.85262743016
288.741903867517
234.997289198936
227.571736211496
226.776287662841
226.587309231965
226.386156192509
226.217280828949
226.197414351677
226.196668909972
279.163493180761
234.997289198936
227.726957320243
226.824057458698
226.650398998957
226.497030035669
226.310962659857
226.205547648196
226.196884298488
226.196662906913
232.482249991643
227.571736211496
226.824057458698
226.671740544411
226.553904462084
226.399737850158
226.237117751235
226.199435782543
226.196718325249
226.19666108041
227.20403092871
226.776287662841
226.650398998957
226.553904462084
226.42860561961
226.291512907112
226.208734015398
226.197153051561
226.196670868657
226.196660599139
226.676205375679
226.587309231965
226.497030035669
226.399737850158
226.291512907112
226.213094395418
226.198365139774
226.196717253488
226.19666188476
226.196660502525
226.457497114442
226.386156192509
226.310962659857
226.237117751235
226.208734015398
226.198365139774
226.196760418022
226.196665000751
226.196660644999
226.196660486108
226.241462100573
226.21728082895
226.205547648196
226.199435782543
226.197153051561
226.196717253488
226.196665000751
226.19666079515
226.196660501795
226.196660483311
226.19861927221
226.197414351677
226.196884298488
226.196718325249
226.196670868657
226.19666188476
226.196660644999
226.196660501795
226.196660485072
226.196660489053
226.196684777809
226.196668909972
226.196662906913
226.19666108041
226.196660599139
226.196660502525
226.196660486108
226.196660483311
226.196660489053
227.244029889108
