622.159310244409
476.001380548667
433.419114468061
347.915099760553
336.30141956268
342.605380101153
342.135290258427
365.273968143116
249.261199436677
227.128221258282
476.001380548667
333.827366153912
409.162172373586
324.256584724206
367.976490199385
354.96398876709
341.405998722084
369.280396473883
238.104788600817
226.650298009878
433.41911446806
409.162172373585
327.241714947337
335.640620398314
368.26251929695
343.884169777512
344.153165400518
303.149539454848
231.730649369956
226.389464655239
347.915099760554
324.256584724206
335.640620398313
325.236389939381
340.979192443245
358.943903279099
371.992136835152
256.460584619494
228.276139033573
226.269289503835
336.301419562682
367.976490199387
368.262519296951
340.979192443246
346.690598221392
372.778573600154
319.045988416144
235.703620188912
226.877126839125
226.222162254015
342.605380101151
354.963988767098
343.884169777507
358.943903279098
372.778573600154
364.416234908577
246.304964686973
228.534505763846
226.393536412009
226.205535116372
342.135290258425
341.405998722086
344.153165400518
371.992136835149
319.045988416144
246.304964686973
229.680895598462
226.698061168452
226.251798644853
226.200051262877
365.273968143119
369.280396473885
303.149539454848
256.460584619494
235.703620188912
228.534505763846
226.698061168452
226.293437371721
226.212069141902
226.198167979049
249.261199436678
238.104788600817
231.730649369956
228.276139033573
226.877126839125
226.393536412009
226.251798644852
226.212069141902
226.200647738011
226.197407327422
227.128221258282
226.650298009878
226.389464655239
226.269289503835
226.222162254015
226.205535116372
226.200051262877
226.198167979049
226.197407327422
226.39902506253
466.55823404029
364.156224670263
274.700288135144
242.359585144999
240.576527653286
239.046878549665
236.162694970108
230.304161083001
226.469956741193
226.200611027229
364.156224670263
282.035065585515
243.197598934704
241.104109671864
239.919284390205
238.179172241031
234.788023735603
228.611919754211
226.32515056455
226.19825398089
274.700288135143
243.197598934704
241.174686287405
240.213105075524
238.967570721673
236.855940495538
232.92059336891
227.316939282467
226.235549383694
226.197212371969
242.359585144999
241.104109671864
240.213105075524
239.221544322867
237.703182873246
235.011106733807
230.187340911265
226.597752256758
226.206244843029
226.196838374225
240.576527653286
239.919284390206
238.967570721673
237.703182873246
235.544870352397
232.362341591558
227.570514320753
226.286604565365
226.198787372672
226.196716227001
239.046878549665
238.179172241031
236.855940495538
235.011106733807
232.362341591558
228.143694921574
226.505061338645
226.207557758939
226.197127400671
226.196678643653
236.162694970108
234.788023735603
232.92059336891
230.187340911265
227.570514320753
226.505061338645
226.216261157332
226.197998363158
226.196775709992
226.196667168127
230.304161083001
228.611919754212
227.316939282467
226.597752256758
226.286604565365
226.207557758939
226.197998363158
226.196866476249
226.196691028603
226.196663422482
226.469956741193
226.32515056455
226.235549383694
226.206244843029
226.198787372672
226.197127400671
226.196775709992
226.196691028603
226.196668384563
226.196664894581
226.200611027229
226.19825398089
226.197212371969
226.196838374225
226.196716227001
226.196678643653
226.196667168127
226.196663422482
226.196664894581
227.091958103525
374.268381075421
365.627091663181
284.708945372391
233.323362562158
227.309662842656
226.710459156117
226.48658756969
226.254696501323
226.199049826833
226.196691836162
365.627091663181
295.791032394274
236.218534801768
227.738445531331
226.815312825993
226.617470644036
226.413446545038
226.223125107888
226.197669633085
226.196672056648
284.708945372391
236.218534801768
227.922877999115
226.869041594604
226.679644784127
226.528094688167
226.335862180623
226.207831885859
226.196971156463
226.1966639205
233.323362562158
227.738445531331
226.869041594604
226.700862935987
226.583942489565
226.428629088772
226.254682212194
226.200331565006
226.196743422844
226.196661369775
227.309662842656
226.815312825994
226.679644784127
226.583942489565
226.45749125557
226.319931263889
226.211155951273
226.197407746224
226.196676635291
226.196660666663
226.710459156117
226.617470644036
226.528094688167
226.428629088772
226.319931263889
226.218314155831
226.199459633089
226.196755985929
226.196662830566
226.196660515903
226.48658756969
226.413446545038
226.335862180623
226.254682212194
226.211155951273
226.199459633089
226.196834212026
226.196668325761
226.19666076188
226.196660488696
226.254696501323
226.223125107888
226.207831885859
226.200331565006
226.197407746224
226.196755985929
226.196668325761
226.19666102601
226.196660515741
226.196660483952
226.199049826833
226.197669633085
226.196971156463
226.196743422844
226.196676635291
226.196662830566
226.19666076188
226.196660515741
226.196660486932
226.196660493141
226.196691836162
226.196672056648
226.1966639205
226.196661369775
226.196660666663
226.196660515904
226.196660488696
226.196660483952
226.196660493141
227.107517115704
