622.159310244409
476.001380548667
433.419114468061
347.915099760553
336.30141956268
342.605380101153
342.135290258427
365.273968143116
255.029182754117
227.375543421547
476.001380548667
333.827366153912
409.162172373586
324.256584724206
367.976490199385
354.96398876709
341.405998722084
369.280396473883
241.145824765389
226.785941687562
433.41911446806
409.162172373585
327.241714947337
335.640620398314
368.26251929695
343.884169777512
344.153165400518
322.931046718152
233.543910918735
226.460896478645
347.915099760554
324.256584724206
335.640620398313
325.236389939381
340.979192443245
358.943903279099
371.992136835152
268.726730992083
229.140418396071
226.30101308229
336.301419562682
367.976490199387
368.262519296951
340.979192443246
346.690598221392
372.778573600154
353.68904908583
239.805288766853
227.200688209145
226.23490957909
342.605380101151
354.963988767098
343.884169777507
358.943903279098
372.778573600154
364.416234908577
256.342767880883
229.729623914258
226.497858234356
226.210397680567
342.135290258425
341.405998722086
344.153165400518
371.992136835149
353.689049085831
256.342767880883
231.511861328642
226.971097268628
226.282715614642
226.202010560699
365.273968143119
369.280396473885
322.931046718152
268.726730992083
239.805288766853
229.729623914258
226.971097268628
226.348040111452
226.221012312499
226.199068741916
255.029182754117
241.14582476539
233.543910918735
229.140418396071
227.200688209145
226.497858234356
226.282715614642
226.221012312499
226.203026463764
226.197865005182
227.375543421547
226.785941687561
226.460896478645
226.30101308229
226.23490957909
226.210397680567
226.202010560699
226.199068741916
226.197865005182
226.349793004254
466.55823404029
364.156224670263
278.786675755131
242.659732461131
240.844863997314
239.392254402862
236.672215097729
231.001443664406
226.536303152013
226.20196152181
364.156224670263
287.064818755617
243.543128358745
241.35699620869
240.216547396239
238.586025909042
235.38918953678
229.179354071798
226.373591110278
226.198879898602
278.78667575513
243.543128358745
241.424936949325
240.49261407244
239.313510566603
237.378500803272
233.648606480494
227.739598728879
226.256807518579
226.197462553075
242.659732461131
241.35699620869
240.49261407244
239.54984189071
238.143939096315
235.603385878327
231.123661913508
226.778950652041
226.212153816798
226.196926615862
240.844863997314
240.216547396239
239.313510566603
238.143939096315
236.129638032467
233.233278828975
228.138214161486
226.358088492638
226.200212510154
226.196746413506
239.392254402862
238.586025909042
237.378500803272
235.603385878327
233.233278828974
229.072624976455
226.721481810169
226.216827308591
226.197424678443
226.196689055779
236.672215097729
235.38918953678
233.648606480494
231.123661913508
228.138214161485
226.721481810169
226.234309751722
226.198975041961
226.1968456208
226.196671155146
231.001443664407
229.179354071798
227.739598728879
226.778950652041
226.358088492638
226.216827308591
226.198975041961
226.196995326708
226.196709484367
226.196665229202
226.536303152014
226.373591110278
226.256807518579
226.212153816798
226.200212510154
226.197424678444
226.1968456208
226.196709484367
226.196673242708
226.196667696363
226.201961521809
226.198879898602
226.197462553075
226.196926615862
226.196746413506
226.196689055779
226.196671155146
226.196665229202
226.196667696363
226.940235844446
374.268381075421
365.627091663181
289.420811826747
234.020635848496
227.388713431006
226.734321947845
226.511326927266
226.271009202193
226.199764945335
226.19670321762
365.627091663181
301.439875720073
237.210263862976
227.866796099925
226.842001505501
226.640518087867
226.439415722498
226.231904210916
226.198105025536
226.196677485459
289.420811826747
237.210263862976
228.074019328485
226.899071406507
226.700467763974
226.555087148846
226.362055440228
226.2125256216
226.197138300912
226.196665814587
234.020635848496
227.866796099925
226.899071406507
226.721057239774
226.607943598144
226.455237042391
226.277889076577
226.202199069675
226.196793659098
226.196661941963
227.388713431006
226.842001505501
226.700467763974
226.607943598144
226.485155490524
226.350261168007
226.217869113273
226.198014433107
226.196689636265
226.196660813311
226.734321947845
226.640518087867
226.555087148846
226.455237042391
226.350261168007
226.232876602543
226.201789890597
226.196846320732
226.196665024225
226.196660545929
226.511326927266
226.439415722498
226.362055440228
226.277889076577
226.217869113273
226.201789890597
226.1970098897
226.196676267585
226.196661034149
226.196660494415
226.271009202193
226.231904210916
226.2125256216
226.202199069675
226.198014433107
226.196846320732
226.196676267585
226.196661569482
226.196660547164
226.196660485281
226.199764945335
226.198105025536
226.197138300912
226.196793659098
226.196689636265
226.196665024225
226.196661034149
226.196660547164
226.196660490802
226.196660500275
226.19670321762
226.196677485459
226.196665814587
226.196661941963
226.196660813311
226.196660545929
226.196660494415
226.196660485281
226.196660500275
226.993061772193
