550.265751745715
478.253299845104
437.042803027836
350.052229112011
338.638837326381
345.180662163152
344.575329491773
343.956805682637
262.996514578886
227.710798356427
478.253299845083
335.234164960915
412.836182281668
326.787913097403
371.067013736319
358.017074045379
344.139782319228
348.503753924736
245.621893381361
226.973660299775
437.042803027839
412.836182281665
329.272238727004
338.138616464122
371.960920205157
347.04567130983
347.702784075222
348.624860125006
236.166137808237
226.56588656112
350.052229112011
326.787913097403
338.138616464124
328.087795706436
344.438292311656
363.465021595447
377.730014978088
286.474250104669
230.504755907489
226.351718794489
338.638837326379
371.067013736319
371.960920205164
344.438292311657
350.977645361321
380.046043446759
360.215266830135
246.89484243521
227.74153525604
226.256313795857
345.180662163153
358.017074045383
347.04567130983
363.465021595448
380.04604344676
372.00735371063
275.419022568426
231.8661346997
226.680741727086
226.218887806411
344.57532949177
344.139782319233
347.702784075223
377.730014978093
360.215266830138
275.419022568425
234.879667437888
227.462165122837
226.337830001829
226.205491000318
343.956805682636
348.503753924736
348.624860125006
286.474250104669
246.894842435209
231.8661346997
227.462165122837
226.446028092754
226.237020332583
226.200678524599
262.996514578886
245.621893381361
236.166137808236
230.504755907489
227.74153525604
226.680741727086
226.337830001829
226.237020332583
226.20728678673
226.198684969301
227.710798356427
226.973660299775
226.56588656112
226.351718794489
226.256313795858
226.218887806411
226.205491000318
226.200678524599
226.198684969301
226.315164938583
463.778786481433
363.621174150648
282.335740607212
242.779746776618
240.963397739564
239.601869116568
237.064589988418
231.700659274365
226.657262906991
226.203941469919
363.621174150648
291.229196307454
243.636454527539
241.450111032236
240.377205645122
238.872076152794
235.894159341819
229.904801648419
226.447600348164
226.199806325689
282.33574060721
243.636454527539
241.485030085972
240.615997277732
239.531918954983
237.766013224715
234.345513533484
228.366564971073
226.298182103729
226.197864085427
242.779746776618
241.450111032237
240.615997277732
239.750737828952
238.470999304115
236.100938044886
232.103591004612
227.162272074949
226.223539352767
226.197074469753
240.963397739565
240.377205645122
239.531918954983
238.470999304115
236.629990657168
234.040055383671
229.099127481143
226.494540085993
226.202928690871
226.19679841311
239.601869116568
238.872076152794
237.766013224715
236.100938044886
234.040055383671
230.350142857592
227.11604905085
226.237369311632
226.197986950015
226.196707308217
237.064589988418
235.894159341819
234.345513533484
232.103591004612
229.099127481143
227.11604905085
226.277288617947
226.200974101732
226.196972535927
226.196678178387
231.700659274365
229.904801648419
228.366564971073
227.162272074949
226.494540085993
226.237369311632
226.200974101732
226.197233539124
226.196742264072
226.19666840623
226.657262906991
226.447600348164
226.298182103729
226.223539352767
226.20292869087
226.197986950015
226.196972535927
226.196742264072
226.196681782076
226.196672671056
226.203941469919
226.199806325689
226.197864085427
226.197074469753
226.19679841311
226.196707308217
226.196678178387
226.19666840623
226.196672671056
226.822009193238
370.507094380249
361.85262743016
293.098475439701
234.537984994188
227.434042596428
226.745698484021
226.529254491981
226.288892127721
226.200968041003
226.196721946433
361.85262743016
305.297990128973
237.911710506035
227.944427000377
226.853494757718
226.654681811991
226.46114864266
226.244953222222
226.198820778963
226.196686927059
293.098475439701
237.911710506035
228.165635342289
226.910653675693
226.710888999757
226.574036111081
226.38829355203
226.220211632349
226.19748949983
226.196669647056
234.537984994188
227.944427000377
226.910653675693
226.730382276572
226.624297214951
226.477481541242
226.305962479825
226.206381392443
226.196903907746
226.196663174807
227.434042596428
226.853494757718
226.710888999757
226.624297214951
226.508755673829
226.38049456555
226.232808072478
226.199406061229
226.196720674583
226.196661162314
226.745698484021
226.65468181199
226.574036111081
226.477481541242
226.38049456555
226.259673892942
226.206698987954
226.197072374437
226.196670629915
226.196660621498
226.529254491981
226.46114864266
226.38829355203
226.305962479825
226.232808072478
226.206698987954
226.197471878965
226.196697375708
226.196661749047
226.196660508782
226.288892127721
226.244953222222
226.220211632349
226.206381392443
226.199406061229
226.197072374437
226.196697375708
226.196663012776
226.196660627765
226.196660488406
226.200968041003
226.198820778963
226.19748949983
226.196903907746
226.196720674583
226.196670629915
226.196661749047
226.196660627765
226.19666049994
226.196660513106
226.196721946433
226.196686927059
226.196669647056
226.196663174807
226.196661162314
226.196660621498
226.196660508782
226.196660488406
226.196660513106
226.897976334262
