550.265751745715
478.253299845104
437.042803027836
350.052229112011
338.638837326381
345.180662163152
344.575329491773
343.956805682637
271.190488815819
228.080130815178
478.253299845083
335.234164960915
412.836182281668
326.787913097403
371.067013736319
358.017074045379
344.139782319228
348.503753924736
250.327751198079
227.179989554618
437.042803027839
412.836182281665
329.272238727004
338.138616464122
371.960920205157
347.04567130983
347.702784075222
373.517500759641
238.561122699115
226.682109506991
350.052229112011
326.787913097403
338.138616464124
328.087795706436
344.438292311656
363.465021595447
377.730014978088
304.353269579708
232.07196794193
226.413611933278
338.638837326379
371.067013736319
371.960920205164
344.438292311657
350.977645361321
380.046043446759
360.215266830135
255.841782139632
228.426798945154
226.28403550008
345.180662163153
358.017074045383
347.04567130983
363.465021595448
380.04604344676
372.00735371063
300.241264345823
234.727098869689
226.926218673815
226.230452072918
344.57532949177
344.139782319233
347.702784075223
377.730014978093
360.215266830138
300.241264345823
239.469945078966
228.135235558027
226.41403968549
226.210381836586
343.956805682636
348.503753924736
373.517500759645
304.353269579708
255.841782139632
234.727098869689
228.135235558027
226.582090642025
226.259570957922
226.202985105274
271.190488815819
250.327751198079
238.561122699115
232.07196794193
228.426798945154
226.926218673815
226.41403968549
226.259570957922
226.213383080609
226.199876417978
228.080130815177
227.179989554618
226.682109506991
226.413611933278
226.28403550008
226.230452072918
226.210381836586
226.202985105274
226.199876417978
226.286985617228
463.778786481433
363.621174150648
286.926177119684
243.048433669217
241.206211854756
239.912807716243
237.524714370325
232.3437835551
226.767877611358
226.206262458193
363.621174150648
296.87372161876
243.948940747692
241.674831477771
240.648053804156
239.22661088312
236.410891291024
230.609480223758
226.511940586327
226.200874656656
286.926177119683
243.948940747692
241.705787192325
240.872293063102
239.840409928615
238.202392095478
234.984656386497
228.837233588022
226.341333524402
226.198353627713
243.048433669217
241.674831477771
240.872293063102
240.04576637861
238.848441322902
236.635618823523
232.952074049524
227.532492620946
226.23974703707
226.197267406379
241.206211854757
240.648053804156
239.840409928615
238.848441322902
237.165695779593
234.713744876969
230.079441833956
226.642159063586
226.206962578377
226.196868069642
239.912807716243
239.22661088312
238.202392095479
236.635618823523
234.713744876969
231.403276941166
227.471153553712
226.273857010629
226.198861639259
226.19673250528
237.524714370325
236.410891291023
234.984656386497
232.952074049523
230.079441833956
227.471153553712
226.359093218569
226.204488848334
226.197159816221
226.196688084651
232.3437835551
230.609480223758
228.837233588023
227.532492620947
226.642159063586
226.273857010629
226.204488848334
226.197598482506
226.196789433628
226.196672978015
226.767877611358
226.511940586327
226.341333524402
226.23974703707
226.206962578377
226.198861639259
226.197159816221
226.196789433629
226.19669412672
226.196680023851
226.206262458194
226.200874656656
226.198353627713
226.197267406379
226.196868069642
226.196732505281
226.196688084651
226.196672978015
226.196680023851
226.713319559301
370.507094380249
361.85262743016
298.115460115448
235.31555163159
227.520444700859
226.768107384356
226.552504515004
226.307282086163
226.202118230135
226.196741364289
361.85262743016
311.266665131532
239.011118840126
228.087136142697
226.879895808776
226.675036164251
226.484961298326
226.259824697658
226.199498913838
226.19669700584
298.115460115448
239.011118840126
228.334298236372
226.941280855371
226.729643798204
226.597213144398
226.414288293957
226.226797630811
226.197871465384
226.196674264994
235.31555163159
228.087136142697
226.941280855371
226.74871490094
226.645101444064
226.503063547657
226.333368134487
226.210670644944
226.197044410652
226.196664794703
227.520444700858
226.879895808776
226.729643798204
226.645101444064
226.535595625235
226.407712321875
226.252129543033
226.200996752625
226.196762336988
226.196661659265
226.768107384356
226.675036164251
226.597213144398
226.503063547657
226.407712321875
226.287127407809
226.21105596378
226.197403161794
226.196679210691
226.196660740204
226.552504515005
226.484961298326
226.414288293957
226.333368134487
226.252129543033
226.21105596378
226.198244036775
226.196732634391
226.196662943442
226.196660532758
226.307282086163
226.259824697659
226.226797630811
226.210670644944
226.200996752625
226.197403161794
226.196732634391
226.196665476051
226.196660765707
226.196660493673
226.202118230135
226.199498913838
226.197871465384
226.197044410652
226.196762336988
226.196679210691
226.196662943442
226.196660765707
226.196660515452
226.196660532575
226.196741364289
226.19669700584
226.196674264994
226.196664794703
226.196661659265
226.196660740204
226.196660532758
226.196660493673
226.196660532575
226.803538736464
