550.265751745715
478.253299845104
437.042803027836
350.052229112011
338.638837326381
345.180662163152
344.575329491773
343.956805682637
280.200501999481
228.515521287777
478.253299845083
335.234164960915
412.836182281668
326.787913097403
371.067013736319
358.017074045379
344.139782319228
348.503753924736
256.305024551185
227.432333912998
437.042803027839
412.836182281665
329.272238727004
338.138616464122
371.960920205157
347.04567130983
347.702784075222
373.517500759641
241.799127126507
226.826924915249
350.052229112011
326.787913097403
338.138616464124
328.087795706436
344.438292311656
363.465021595447
377.730014978088
325.448281719604
234.077980700316
226.496228315766
338.638837326379
371.067013736319
371.960920205164
344.438292311657
350.977645361321
380.046043446759
360.215266830135
268.853586040168
229.405812265933
226.323764069136
345.180662163153
358.017074045383
347.04567130983
363.465021595448
380.04604344676
372.00735371063
334.275149614584
239.003203023491
227.294596655181
226.24783127061
344.57532949177
344.139782319233
347.702784075223
377.730014978093
360.215266830138
334.275149614584
246.372197818879
229.164195969863
226.530605419717
226.21788888844
343.956805682636
348.503753924736
373.517500759645
325.448281719603
268.853586040168
239.003203023491
229.164195969863
226.791001705408
226.294286910289
226.206557128179
280.200501999481
256.305024551185
241.799127126507
234.077980700316
229.405812265933
227.294596655181
226.530605419717
226.294286910289
226.222817267457
226.201732857228
228.515521287776
227.432333912998
226.826924915249
226.496228315766
226.323764069136
226.247831270611
226.21788888844
226.206557128179
226.201732857228
226.266159603322
463.778786481433
363.621174150648
291.75023995528
243.306177242231
241.437565344718
240.212158904129
237.970992921326
232.973681269427
226.899496687517
226.209277269742
363.621174150648
302.818303360878
244.256410370606
241.886195547308
240.909263044047
239.564267044935
236.903647112023
231.299543947037
226.591528282573
226.202274000482
291.750239955278
244.256410370606
241.91242133234
241.119528586675
240.1366982779
238.608918218817
235.574567551173
229.397448105674
226.396744336557
226.199022219837
243.306177242231
241.886195547308
241.119528586675
240.330050000788
239.205243307698
237.156780191822
233.701383673693
228.008176801722
226.265550116951
226.197553883291
241.437565344719
240.909263044047
240.1366982779
239.205243307697
237.655579469087
235.320230991441
231.061437192267
226.870629582104
226.213919401274
226.196975688131
240.212158904129
239.564267044935
238.608918218817
237.156780191822
235.320230991441
232.468184796631
227.922237738095
226.348803876587
226.200449862415
226.196772490417
237.970992921326
236.903647112023
235.574567551173
233.701383673693
231.061437192267
227.922237738095
226.535566177476
226.211576964122
226.197479966613
226.196703895097
232.973681269427
231.299543947037
229.397448105674
228.008176801722
226.870629582104
226.348803876587
226.211576964122
226.198246318448
226.196866306645
226.196680288893
226.899496687517
226.591528282573
226.396744336557
226.265550116951
226.213919401274
226.200449862415
226.197479966613
226.196866306645
226.196713911316
226.196691666526
226.209277269742
226.202274000482
226.199022219837
226.197553883291
226.196975688131
226.196772490417
226.196703895097
226.196680288893
226.196691666526
226.622699653253
370.507094380249
361.85262743016
303.310815447659
236.144040617915
227.612340060484
226.790327087564
226.575534328699
226.326744830852
226.203485467655
226.196765559898
361.85262743016
317.453033182592
240.180980505059
228.240268874035
226.906783645401
226.694613347783
226.508312391079
226.276263056601
226.200338375331
226.196709877491
303.310815447659
240.180980505059
228.515626897804
226.972954921421
226.747862691529
226.619070141282
226.439377488484
226.235750905181
226.198389266351
226.196680779424
236.144040617915
228.240268874035
226.972954921421
226.766610987585
226.664924140818
226.528745677918
226.359743122525
226.216437657794
226.197264499936
226.196667339261
227.612340060484
226.906783645401
226.747862691529
226.664924140818
226.560701582006
226.433436885434
226.275612913302
226.203489999884
226.196830467736
226.196662489613
226.790327087564
226.694613347783
226.619070141282
226.528745677918
226.433436885434
226.31952941878
226.21650951647
226.198062528658
226.196695442521
226.19666096032
226.575534328699
226.508312391079
226.439377488484
226.359743122525
226.275612913302
226.21650951647
226.200068186672
226.196808167488
226.196665348494
226.196660579367
226.326744830852
226.276263056601
226.235750905181
226.216437657794
226.203489999884
226.198062528658
226.196808167488
226.196670563236
226.196661041137
226.196660503791
226.203485467655
226.200338375331
226.198389266351
226.197264499936
226.196830467736
226.196695442521
226.196665348494
226.196661041137
226.196660545423
226.196660563949
226.196765559898
226.196709877491
226.196680779424
226.196667339261
226.196662489613
226.19666096032
226.196660579367
226.196660503791
226.196660563949
226.719438023969
