550.265751745715
478.253299845104
437.042803027836
350.052229112011
338.638837326381
345.180662163152
344.575329491773
343.956805682637
286.379350104113
228.827449222541
478.253299845083
335.234164960915
412.836182281668
326.787913097403
371.067013736319
358.017074045379
344.139782319228
348.503753924736
260.733817865851
227.618083263694
437.042803027839
412.836182281665
329.272238727004
338.138616464122
371.960920205157
347.04567130983
347.702784075222
373.517500759641
244.281229142575
226.934328386101
350.052229112011
326.787913097403
338.138616464124
328.087795706436
344.438292311656
363.465021595447
377.730014978088
340.701329901227
235.596366229608
226.560043628246
338.638837326379
371.067013736319
371.960920205164
344.438292311657
350.977645361321
380.046043446759
360.215266830135
278.871361583023
230.191574116298
226.355854242023
345.180662163153
358.017074045383
347.04567130983
363.465021595448
380.04604344676
372.00735371063
360.203549802317
242.292446471337
227.596015913014
226.262219916198
344.57532949177
344.139782319233
347.702784075223
377.730014978093
360.215266830138
360.203549802319
251.571492853009
230.006897312193
226.627803200787
226.224183967064
343.956805682636
348.503753924736
373.517500759645
340.701329901226
278.871361583023
242.292446471337
230.006897312193
226.965415751729
226.323435195788
226.209568053509
286.379350104113
260.733817865851
244.281229142574
235.596366229608
230.191574116298
227.596015913014
226.627803200787
226.323435195788
226.230765970896
226.203302610705
228.827449222541
227.618083263694
226.934328386101
226.560043628246
226.355854242023
226.262219916198
226.224183967064
226.209568053509
226.203302610705
226.255252402484
463.778786481433
363.621174150648
294.981424585
243.470959439732
241.583552965624
240.402586623723
238.256001784648
233.377940946813
226.994917861313
226.211580180459
363.621174150648
306.80817228545
244.453990810114
242.018105233944
241.075426304029
239.777750842839
237.215308773188
231.735935384332
226.65150611225
226.203350121465
294.981424584998
244.453990810114
242.040702178232
241.276694306947
240.32493565516
238.862798306925
235.93951130029
229.803439313894
226.435683678529
226.199540433498
243.470959439733
242.018105233944
241.276694306947
240.51100515792
239.429854118365
237.490565352816
234.157707845958
228.346730834722
226.287851405879
226.197789312566
241.583552965624
241.075426304029
240.32493565516
239.429854118365
237.954710129464
235.693808350726
231.692286127347
227.064798349075
226.220251042035
226.197066356824
240.402586623723
239.777750842839
238.862798306925
237.490565352815
235.693808350726
233.076191859329
228.294021665731
226.417207503199
226.201909715314
226.196806566766
238.256001784649
237.215308773188
235.939511300291
234.157707845958
231.692286127347
228.294021665731
226.692722966069
226.218396907821
226.197765685469
226.196717395185
233.377940946813
231.735935384331
229.803439313894
228.346730834722
227.064798349075
226.417207503199
226.218396907821
226.198837896283
226.196932882548
226.196686542236
226.994917861313
226.65150611225
226.435683678529
226.287851405879
226.220251042035
226.201909715314
226.197765685469
226.196932882548
226.196730872252
226.196701590593
226.211580180459
226.203350121465
226.199540433498
226.197789312566
226.197066356824
226.196806566766
226.196717395185
226.196686542236
226.196701590593
226.570692365451
370.507094380249
361.85262743016
306.77192340299
236.704888513711
227.674520782333
226.804722912458
226.590418652148
226.339809756373
226.20447636238
226.196783565748
361.85262743016
321.576970708189
240.972795091752
228.344426118261
226.924496759237
226.707052719022
226.52331459204
226.287383499331
226.200964815676
226.196719583033
306.77192340299
240.972795091752
228.639098997006
226.99401906781
226.759510059209
226.632799357507
226.455279571501
226.242848291915
226.198769678024
226.19668587132
236.704888513711
228.344426118261
226.99401906781
226.778087659957
226.677445331355
226.545474370967
226.376544800023
226.220669974557
226.19745351175
226.196669505651
227.674520782333
226.924496759237
226.75951005921
226.677445331355
226.57619994756
226.449716096716
226.292333950692
226.205643983932
226.196890592773
226.196663221607
226.804722912458
226.707052719022
226.632799357507
226.545474370967
226.449716096716
226.339553429322
226.221109812856
226.198698940202
226.196710813422
226.196661165618
226.590418652148
226.52331459204
226.455279571501
226.376544800023
226.292333950692
226.221109812856
226.201874792635
226.196883816369
226.196667694778
226.196660623886
226.339809756373
226.287383499331
226.242848291915
226.220669974557
226.205643983932
226.198698940202
226.196883816369
226.196675592628
226.196661308129
226.196660513387
226.20447636238
226.200964815676
226.198769678024
226.19745351175
226.196890592773
226.196710813422
226.196667694778
226.196661308129
226.196660573947
226.19666059099
226.196783565748
226.196719583033
226.19668587132
226.196669505651
226.196663221607
226.196661165618
226.196660623887
226.196660513387
226.19666059099
226.669032534924
