550.265751745715
478.253299845104
437.042803027836
350.052229112011
338.638837326381
345.180662163152
344.575329491773
343.956805682637
292.885393996874
229.170154595021
478.253299845083
335.234164960915
412.836182281668
326.787913097403
371.067013736319
358.017074045379
344.139782319228
348.503753924736
265.626833731953
227.827627226553
437.042803027839
412.836182281665
329.272238727004
338.138616464122
371.960920205157
347.04567130983
347.702784075222
373.517500759641
247.115777557756
227.056702400221
350.052229112011
326.787913097403
338.138616464124
328.087795706436
344.438292311656
363.465021595447
377.730014978088
357.36176581632
237.358003387859
226.635687254549
338.638837326379
371.067013736319
371.960920205164
344.438292311657
350.977645361321
380.046043446759
360.215266830135
290.22495409216
231.150336652442
226.39564311564
345.180662163153
358.017074045383
347.04567130983
363.465021595448
380.04604344676
372.00735371063
360.203549802317
246.451626134465
227.975698283706
226.280511296481
344.57532949177
344.139782319233
347.702784075223
377.730014978093
360.215266830138
360.203549802319
258.275846212536
231.074026764052
226.752137180092
226.232290220131
343.956805682636
348.503753924736
373.517500759645
357.36176581632
290.22495409216
246.451626134465
231.074026764052
227.188766185746
226.361008086144
226.213467055598
292.885393996875
265.626833731953
247.115777557756
237.358003387859
231.150336652442
227.975698283706
226.752137180092
226.361008086144
226.241054323974
226.205341871886
229.170154595021
227.827627226553
227.056702400221
226.635687254549
226.395643115641
226.280511296482
226.232290220131
226.213467055598
226.205341871886
226.246595231528
463.778786481433
363.621174150648
298.294406352769
243.635256710056
241.725844720082
240.589592160173
238.534901624936
233.773478139706
227.10320221536
226.214293085369
363.621174150648
310.906381910096
244.650593632066
242.145102615784
241.238631046533
239.986471305944
237.520532740827
232.165489294127
226.720464112826
226.204628877929
298.294406352767
244.650593632066
242.163414642727
241.430889769574
240.509808556558
239.107701480331
236.289709105142
230.247187673549
226.477762992797
226.200158749724
243.635256710056
242.145102615784
241.430889769574
240.689083596226
239.648190157142
237.807904966076
234.59855845276
228.700360111935
226.317518336318
226.198088389324
241.725844720082
241.238631046533
240.509808556558
239.648190157142
238.239004467339
236.059044197492
232.320195744945
227.3133255995
226.229130008004
226.197184585333
240.589592160173
239.986471305944
239.107701480331
237.807904966076
236.059044197492
233.627883203725
228.73793877891
226.509135019315
226.203978227911
226.196851401239
238.534901624937
237.520532740827
236.289709105142
234.59855845276
232.320195744945
228.73793877891
226.89431426737
226.228490387592
226.198161306772
226.196735150966
233.773478139706
232.165489294127
230.247187673549
228.700360111935
227.3133255995
226.509135019316
226.228490387592
226.199677520292
226.197021931238
226.196694766103
227.103202215361
226.720464112826
226.477762992797
226.317518336318
226.229130008004
226.203978227911
226.198161306772
226.197021931238
226.196753240826
226.196714584064
226.21429308537
226.204628877929
226.200158749724
226.198088389324
226.197184585333
226.196851401239
226.196735150966
226.196694766103
226.196714584064
226.524874582629
370.507094380249
361.85262743016
310.309693555859
237.28815907515
227.739297113814
226.819106998058
226.605129921368
226.353118468929
226.205595527266
226.196804238338
361.85262743016
325.793339502426
241.796157068895
228.45341161858
226.942488637143
226.719255506845
226.538206639335
226.299003076549
226.201679052086
226.196730824605
310.309693555858
241.796157068895
228.768410195537
227.015603830289
226.771000281309
226.646087888301
226.470855370937
226.251343126318
226.19919630933
226.19669191532
237.28815907515
228.45341161858
227.015603830289
226.78944339347
226.689622803797
226.561567518235
226.393416523316
226.225212160747
226.197705062241
226.196672355728
227.739297113814
226.942488637143
226.771000281309
226.689622803797
226.591022498506
226.465982242334
226.310535219204
226.208495036544
226.196973114474
226.196664219644
226.819106998058
226.719255506845
226.646087888301
226.561567518235
226.465982242334
226.358843732954
226.227332371062
226.199618567324
226.196733225289
226.196661461513
226.605129921368
226.538206639335
226.470855370937
226.393416523316
226.310535219204
226.227332371062
226.204424335261
226.196998900149
226.196671228783
226.196660689678
226.353118468929
226.299003076549
226.251343126318
226.225212160747
226.208495036544
226.199618567324
226.196998900149
226.196683266378
226.196661708907
226.19666052747
226.205595527266
226.201679052086
226.19919630933
226.197705062241
226.196973114474
226.196733225289
226.196671228783
226.196661708907
226.196660615972
226.196660626845
226.196804238338
226.196730824605
226.19669191532
226.196672355728
226.196664219644
226.196661461513
226.196660689678
226.19666052747
226.196660626845
226.622714776188
