550.265751745715
478.253299845104
437.042803027836
350.052229112011
338.638837326381
345.180662163152
344.575329491773
343.956805682637
299.785066349905
229.546943779979
478.253299845083
335.234164960915
412.836182281668
326.787913097403
371.067013736319
358.017074045379
344.139782319228
348.503753924736
270.941003726165
228.062688361011
437.042803027839
412.836182281665
329.272238727004
338.138616464122
371.960920205157
347.04567130983
347.702784075222
373.517500759641
250.292924525092
227.194639151963
350.052229112011
326.787913097403
338.138616464124
328.087795706436
344.438292311656
363.465021595447
377.730014978088
375.106656499918
239.053313095261
226.720219456159
338.638837326379
371.067013736319
371.960920205164
344.438292311657
350.977645361321
380.046043446759
360.215266830135
302.788004523859
232.283803542315
226.443807056598
345.180662163153
358.017074045383
347.04567130983
363.465021595448
380.04604344676
372.00735371063
360.203549802317
252.047001646533
228.453880016832
226.303495888428
344.57532949177
344.139782319233
347.702784075223
377.730014978093
360.215266830138
360.203549802319
267.903740728058
232.451840563754
226.91048846717
226.242650445933
343.956805682636
348.503753924736
373.517500759645
375.106656499918
302.788004523859
252.047001646533
232.451840563754
227.474383439108
226.40920156812
226.21849302469
299.785066349905
270.941003726165
250.292924525092
239.053313095261
232.283803542315
228.453880016832
226.91048846717
226.40920156812
226.254320175225
226.207983201331
229.546943779979
228.062688361011
227.194639151963
226.720219456159
226.443807056598
226.303495888428
226.242650445933
226.21849302469
226.207983201331
226.239901664378
463.778786481433
363.621174150648
301.683500761103
243.796677542758
241.862147792436
240.770681750641
238.800862175848
234.155004125926
227.229196487291
226.217449038252
363.621174150648
315.105962730486
244.844545397185
242.264888759472
241.396603986951
240.188627923963
237.81957097685
232.591803565785
226.798535191967
226.206114989609
301.683500761101
244.844545397185
242.278304249428
241.57974709349
240.689105901502
239.342283311231
236.626062279188
230.724485217853
226.52237876283
226.200866870556
243.796677542758
242.264888759472
241.57974709349
240.861947113505
239.858141825166
238.105492741504
235.02781480164
228.9666104879
226.348549274153
226.198436373485
241.862147792437
241.396603986951
240.689105901502
239.858141825166
238.508011303694
236.416164225613
232.919430302291
227.583703353906
226.240976413634
226.197329597969
240.770681750641
240.188627923964
239.342283311231
238.105492741504
236.416164225613
234.136467017215
229.307572528656
226.617418273714
226.206798677636
226.196907091422
238.800862175849
237.81957097685
236.626062279188
235.02781480164
232.919430302292
229.307572528656
227.103399519212
226.243216409544
226.198690600856
226.196757286084
234.155004125926
232.591803565785
230.724485217853
228.9666104879
227.583703353906
226.617418273714
226.243216409544
226.20084054479
226.197136047303
226.196705082415
227.229196487291
226.798535191967
226.52237876283
226.348549274153
226.240976413634
226.206798677636
226.198690600856
226.197136047304
226.19678150312
226.196731346986
226.217449038253
226.206114989609
226.200866870556
226.198436373485
226.197329597969
226.196907091422
226.196757286084
226.196705082415
226.196731346986
226.484623703687
370.507094380249
361.85262743016
313.927360650425
237.895243835237
227.806799949291
226.833402287645
226.619328525873
226.366468792263
226.206895033868
226.196828128278
361.85262743016
330.106601942257
242.652836110618
228.567512541632
226.960714355542
226.731178679936
226.553054685753
226.311233464284
226.202490323503
226.196743797911
313.927360650425
242.652836110618
228.903924294521
227.037676462992
226.782267978121
226.658924061192
226.486186096109
226.261400925342
226.199670651519
226.196698944024
237.895243835237
228.567512541632
227.037676462992
226.800604771548
226.701404129154
226.576889952597
226.410552891708
226.229101688449
226.197986269318
226.196675858652
227.806799949291
226.960714355542
226.782267978121
226.701404129154
226.605207792028
226.4823214239
226.329414483589
226.211758751972
226.197082229398
226.196665548335
226.833402287645
226.731178679936
226.658924061192
226.576889952597
226.4823214239
226.377632946649
226.236585146813
226.200779578677
226.19676444765
226.196661879166
226.619328525873
226.553054685753
226.486186096109
226.410552891708
226.329414483589
226.236585146813
226.207167216932
226.197162842023
226.196676422872
226.196660785861
226.366468792263
226.311233464284
226.261400925342
226.229101688449
226.211758751972
226.200779578677
226.197162842023
226.196694693234
226.196662305449
226.196660548033
226.206895033868
226.202490323503
226.199670651519
226.197986269318
226.197082229398
226.19676444765
226.196676422873
226.196662305449
226.196660677665
226.196660674115
226.196828128278
226.196743797911
226.196698944024
226.196675858652
226.196665548335
226.196661879166
226.196660785861
226.196660548033
226.196660674115
226.580307546406
