622.159310244409
476.001380548667
433.419114468061
347.915099760553
336.30141956268
342.605380101153
342.135290258427
365.273968143116
305.73320684126
229.897878951985
476.001380548667
333.827366153912
409.162172373586
324.256584724206
367.976490199385
354.96398876709
341.405998722084
369.280396473883
275.387400413521
228.2795045726
433.41911446806
409.162172373585
327.241714947337
335.640620398314
368.26251929695
343.884169777512
344.153165400518
369.624840210936
253.068607538522
227.318699921867
347.915099760554
324.256584724206
335.640620398313
325.236389939381
340.979192443245
358.943903279099
371.992136835152
369.920182156432
240.447582708012
226.791497001117
336.301419562682
367.976490199387
368.262519296951
340.979192443246
346.690598221392
372.778573600154
353.68904908583
312.79211861451
233.221416767618
226.486070672837
342.605380101151
354.963988767098
343.884169777507
358.943903279098
372.778573600154
364.416234908577
352.174262559627
256.619858083156
228.866902276447
226.324071030314
342.135290258425
341.405998722086
344.153165400518
371.992136835149
353.689049085831
352.174262559626
275.961218481887
233.650480369826
227.051416037972
226.252161923372
365.273968143119
369.280396473885
369.624840210939
369.920182156433
312.79211861451
256.619858083156
233.650480369826
227.728647302831
226.453202763659
226.22322551276
305.73320684126
275.387400413522
253.068607538522
240.447582708012
233.221416767618
228.866902276447
227.051416037972
226.453202763659
226.266750114223
226.210524975602
229.897878951985
228.279504572599
227.318699921867
226.791497001117
226.486070672837
226.324071030314
226.252161923372
226.22322551276
226.210524975602
226.233960895852
466.55823404029
364.156224670263
305.992233428944
244.254947886128
242.165672867634
241.096025898192
239.192943132799
234.579710978919
227.289435122086
226.220332526161
364.156224670263
320.751177236277
245.444001323423
242.563962205927
241.706586594899
240.512646725928
238.228017961834
233.008557278853
226.828016420773
226.207535029365
305.992233428941
245.444001323423
242.601408934908
241.902202067358
241.006758276594
239.699256914721
237.017802193307
231.124751268876
226.541852912592
226.201531803192
244.254947886128
242.563962205927
241.902202067358
241.175950219668
240.17944753451
238.514416931288
235.497065256783
229.21482542487
226.365336678763
226.198752955893
242.165672867635
241.706586594899
241.006758276594
240.17944753451
238.878125578026
236.832934782058
233.337685352386
227.690638542778
226.251282671201
226.197471305262
241.096025898192
240.512646725928
239.699256914721
238.514416931288
236.832934782058
234.583667369575
229.75429989816
226.672916465073
226.209643113897
226.196961416563
239.192943132799
238.228017961834
237.017802193307
235.497065256783
233.337685352386
229.75429989816
227.155956458845
226.258197562725
226.199258541108
226.196778897047
234.57971097892
233.008557278853
231.124751268876
229.214825424869
227.690638542778
226.672916465073
226.258197562725
226.202151438251
226.197252914237
226.19671529896
227.289435122086
226.828016420773
226.541852912592
226.365336678763
226.251282671201
226.209643113897
226.199258541108
226.197252914237
226.19680985419
226.196748472594
226.220332526161
226.207535029365
226.201531803192
226.198752955893
226.197471305262
226.196961416563
226.196778897047
226.19671529896
226.196748472594
226.445348110424
374.268381075421
365.627091663181
319.066497825592
238.789092710022
227.928929505137
226.863565348789
226.642974591177
226.382692816747
226.207611340172
226.196843799767
365.627091663181
336.914992109243
243.976786400502
228.769307609691
227.00005741333
226.753599260329
226.575303086796
226.324204204685
226.202862523725
226.196751674863
319.066497825592
243.976786400502
229.143058853991
227.086128236064
226.806251481944
226.680942362021
226.505534517698
226.270466332775
226.199892038006
226.196702969858
238.789092710022
228.769307609691
227.086128236064
226.825219164737
226.722080134429
226.599894804585
226.430536964685
226.232566116683
226.198119055873
226.196677760858
227.928929505137
227.00005741333
226.806251481944
226.722080134429
226.626527533238
226.502788798059
226.343135821567
226.212616632761
226.197139642405
226.196666326655
226.863565348789
226.753599260329
226.68094236202
226.599894804585
226.502788798058
226.395150616042
226.244177843552
226.201235062593
226.196782461484
226.196662144627
226.642974591177
226.575303086796
226.505534517698
226.430536964686
226.343135821567
226.244177843552
226.207317604705
226.197256589286
226.196679850517
226.196660853704
226.382692816747
226.324204204684
226.270466332775
226.232566116683
226.212616632761
226.201235062593
226.197256589286
226.196702522406
226.196662742762
226.196660564098
226.207611340172
226.202862523726
226.199892038006
226.198119055873
226.197139642405
226.196782461484
226.196679850517
226.196662742762
226.196660726631
226.196660723913
226.196843799766
226.196751674863
226.196702969858
226.196677760858
226.196666326655
226.196662144627
226.196660853704
226.196660564098
226.196660723913
226.536856097757
