622.159310244409
476.001380548667
433.419114468061
347.915099760553
336.30141956268
342.605380101153
342.135290258427
365.273968143116
313.231766161039
230.340484955076
476.001380548667
333.827366153912
409.162172373586
324.256584724206
367.976490199385
354.96398876709
341.405998722084
369.280396473883
281.31360507736
228.565968176865
433.41911446806
409.162172373585
327.241714947337
335.640620398314
368.26251929695
343.884169777512
344.153165400518
369.624840210936
257.313458174655
227.494974593472
347.915099760554
324.256584724206
335.640620398313
325.236389939381
340.979192443245
358.943903279099
371.992136835152
369.920182156432
242.804504862998
226.900450605461
336.301419562682
367.976490199387
368.262519296951
340.979192443246
346.690598221392
372.778573600154
353.68904908583
328.360220778582
234.732265911445
226.553401192971
342.605380101151
354.963988767098
343.884169777507
358.943903279098
372.778573600154
364.416234908577
352.174262559627
265.169608013131
229.579832471047
226.358298663278
342.135290258425
341.405998722086
344.153165400518
371.992136835149
353.689049085831
352.174262559626
291.957538473645
235.816363087075
227.293704298775
226.268015977609
365.273968143119
369.280396473885
369.624840210939
369.920182156433
328.360220778582
265.169608013131
235.816363087075
228.169743453322
226.527352951099
226.231014870715
313.23176616104
281.313605077361
257.313458174655
242.804504862998
234.732265911445
229.579832471047
227.293704298775
226.527352951099
226.287295283598
226.214654121701
230.340484955076
228.565968176864
227.494974593472
226.900450605461
226.553401192971
226.358298663278
226.268015977609
226.231014870715
226.214654121701
226.230617522164
466.55823404029
364.156224670263
309.530874614254
244.431916822486
242.297573782233
241.273045624128
239.444466144216
234.951884348902
227.447645452566
226.224446566408
364.156224670263
325.149005975985
245.661476163757
242.676794014166
241.861119076305
240.710293058526
238.525789875638
233.440211118804
226.918850839032
226.209542696657
309.530874614251
245.661476163757
242.708000309677
242.046990134057
241.182842177176
239.924117018219
237.342167793566
231.593391747774
226.59652099248
226.202510713953
244.431916822487
242.676794014166
242.046990134057
241.346106771627
240.382748411472
238.78948763849
235.891409363025
229.615338630452
226.404138382144
226.199253139358
242.297573782233
241.861119076305
241.182842177176
240.382748411472
239.131607102698
237.189867024983
233.863195586561
228.052588643301
226.270586767308
226.19770117099
241.273045624128
240.710293058526
239.924117018219
238.78948763849
237.189867024983
235.038687379822
230.476017681536
226.81679384916
226.214828547758
226.197051928173
239.444466144216
238.525789875638
237.342167793566
235.891409363025
233.863195586561
230.476017681536
227.372379791437
226.288138870644
226.200253986635
226.196814597586
234.951884348902
233.440211118804
231.593391747774
229.615338630452
228.052588643301
226.81679384916
226.288138870644
226.204486103801
226.19744873686
226.196731778421
227.447645452566
226.918850839032
226.59652099248
226.404138382144
226.270586767308
226.214828547758
226.200253986636
226.19744873686
226.196855593533
226.19677524206
226.224446566408
226.209542696656
226.202510713953
226.199253139358
226.19770117099
226.197051928173
226.196814597586
226.196731778421
226.19677524206
226.415030622083
374.268381075421
365.627091663181
322.872527214031
239.449592667058
228.004264045831
226.878407770723
226.656780185459
226.396711707357
226.209248101206
226.196874038077
365.627091663181
341.461262323113
244.912229357502
228.897777477935
227.019724624054
226.765541117928
226.590663337856
226.337925541064
226.203811081483
226.196767783893
322.872527214031
244.912229357502
229.295917729
227.110365773613
226.817671655265
226.693491266272
226.520984194023
226.281930682228
226.200473164688
226.196711876725
239.449592667058
228.897777477935
227.110365773613
226.836603727875
226.733678086316
226.61447089322
226.447392281689
226.239221593003
226.198489687012
226.196682604803
228.004264045831
227.019724624054
226.817671655265
226.733678086316
226.640219524518
226.519980336942
226.361626823421
226.217028133914
226.197307084887
226.196668375858
226.878407770723
226.765541117928
226.693491266271
226.61447089322
226.519980336942
226.413466485787
226.259297406377
226.20281755522
226.196831958431
226.196662833154
226.656780185459
226.590663337856
226.520984194023
226.447392281689
226.361626823421
226.259297406377
226.210009383176
226.197531942926
226.196688961587
226.196661024065
226.396711707357
226.337925541064
226.281930682228
226.239221593003
226.217028133914
226.20281755522
226.197531942926
226.196723198477
226.196663835758
226.196660601429
226.209248101206
226.203811081483
226.200473164688
226.198489687012
226.197307084887
226.196831958431
226.196688961587
226.196663835758
226.19666083987
226.196660801712
226.196874038077
226.196767783893
226.196711876725
226.196682604803
226.196668375858
226.196662833154
226.196661024065
226.196660601429
226.196660801712
226.50208574719
