550.265751745715
478.253299845104
437.042803027836
350.052229112011
338.638837326381
345.180662163152
344.575329491773
343.956805682637
322.294281180232
230.894144247334
478.253299845083
335.234164960915
412.836182281668
326.787913097403
371.067013736319
358.017074045379
344.139782319228
348.503753924736
288.87607406915
228.935360927177
437.042803027839
412.836182281665
329.272238727004
338.138616464122
371.960920205157
347.04567130983
347.702784075222
373.517500759641
263.393471649446
227.740409010237
350.052229112011
326.787913097403
338.138616464124
328.087795706436
344.438292311656
363.465021595447
377.730014978088
375.106656499918
246.583984873019
227.063157027707
338.638837326379
371.067013736319
371.960920205164
344.438292311657
350.977645361321
380.046043446759
360.215266830135
351.421473454644
237.169249574711
226.660758202574
345.180662163153
358.017074045383
347.04567130983
363.465021595448
380.04604344676
372.00735371063
360.203549802317
280.059422992405
230.819167014589
226.416145128939
344.57532949177
344.139782319233
347.702784075223
377.730014978093
360.215266830138
360.203549802319
321.56371496454
239.818747596451
227.720143876141
226.29506376376
343.956805682636
348.503753924736
373.517500759645
375.106656499918
351.421473454643
280.059422992405
239.818747596451
228.95396402036
226.655064681056
226.244145082775
322.294281180233
288.87607406915
263.393471649446
246.583984873019
237.169249574711
230.819167014589
227.720143876141
226.655064681056
226.32201656589
226.221531185808
230.894144247334
228.935360927177
227.740409010237
227.063157027707
226.660758202574
226.416145128939
226.29506376376
226.244145082775
226.221531185808
226.229894640408
463.778786481433
363.621174150648
312.375408535717
244.261368700227
242.241208275835
241.289952641385
239.544557242577
235.238901337294
227.718452806513
226.230546459702
363.621174150648
328.399430179749
245.425853374702
242.584693571417
241.846940638055
240.769338820622
238.688515319198
233.853768305108
227.098018104266
226.212399518947
312.375408535714
245.425853374702
242.57958019292
242.000540246335
241.205139860419
240.005319305206
237.577171359744
232.094680165739
226.705678792865
226.203950062939
244.261368700227
242.584693571417
242.000540246335
241.359889698608
240.456127262409
238.917712782868
236.177122565087
230.184458058798
226.474781385444
226.200043062157
242.241208275835
241.846940638055
241.205139860419
240.456127262409
239.255681792092
237.457250197376
234.440532735829
228.673567955242
226.311582675323
226.198092770515
241.289952641385
240.769338820622
240.005319305206
238.917712782868
237.457250197376
235.447137878584
231.405011265236
227.172233697094
226.225264349523
226.197209847954
239.544557242578
238.688515319198
237.577171359744
236.177122565086
234.440532735829
231.405011265236
227.903408084585
226.359805384451
226.202156336467
226.196876402508
235.238901337294
233.853768305108
232.094680165739
230.184458058798
228.673567955242
227.172233697094
226.359805384451
226.209082999864
226.197794791851
226.196759658696
227.718452806514
227.098018104266
226.705678792865
226.474781385444
226.311582675323
226.225264349523
226.202156336467
226.197794791851
226.196933006249
226.196818577148
226.230546459702
226.212399518947
226.203950062938
226.200043062157
226.198092770515
226.197209847954
226.196876402508
226.196759658696
226.196818577148
226.391906572921
370.507094380249
361.85262743016
325.26322950294
239.871527933922
228.027275970291
226.876235313869
226.659566361516
226.406810328251
226.212055815977
226.196925147585
361.85262743016
343.639771389869
245.438573429254
228.943355172313
227.017281457309
226.765731945657
226.597269025311
226.351148337147
226.205611604926
226.196795886538
325.26322950294
245.438573429254
229.35113640458
227.107390019086
226.815148882907
226.69541518822
226.530981937062
226.295009427178
226.201591487051
226.196728199241
239.871527933922
228.943355172314
227.107390019086
226.83331139075
226.735036746822
226.619343711772
226.459030138624
226.249945443857
226.199218379017
226.196692427104
228.027275970291
227.01728145731
226.815148882908
226.735036746822
226.645088423632
226.531915692122
226.383130426242
226.22576746931
226.197709076087
226.196673108819
226.876235313869
226.765731945657
226.69541518822
226.619343711772
226.531915692122
226.43002621188
226.28249331203
226.207144879874
226.196954742615
226.196664483963
226.659566361516
226.597269025311
226.530981937062
226.459030138624
226.383130426242
226.28249331203
226.217323702965
226.198291438813
226.19671209252
226.196661439287
226.406810328251
226.351148337147
226.295009427178
226.249945443857
226.22576746931
226.207144879874
226.198291438813
226.196776068977
226.196666514836
226.196660688866
226.212055815977
226.205611604926
226.201591487051
226.199218379017
226.197709076087
226.196954742615
226.19671209252
226.196666514836
226.196661104564
226.196660928667
226.196925147585
226.196795886538
226.196728199241
226.196692427104
226.196673108819
226.196664483963
226.196661439287
226.196660688866
226.196660928667
226.474453770544
