622.159310244409
476.001380548667
433.419114468061
347.915099760553
336.30141956268
342.605380101153
342.135290258427
365.273968143116
328.923482390532
231.33382273257
476.001380548667
333.827366153912
409.162172373586
324.256584724206
367.976490199385
354.96398876709
341.405998722084
369.280396473883
294.181417415773
229.229232265452
433.41911446806
409.162172373585
327.241714947337
335.640620398314
368.26251929695
343.884169777512
344.153165400518
369.624840210936
267.377092171164
227.924345813117
347.915099760554
324.256584724206
335.640620398313
325.236389939381
340.979192443245
358.943903279099
371.992136835152
369.920182156432
248.828768417157
227.170205700031
336.301419562682
367.976490199387
368.262519296951
340.979192443246
346.690598221392
372.778573600154
353.68904908583
364.330647718942
238.477519933631
226.729677943813
342.605380101151
354.963988767098
343.884169777507
358.943903279098
372.778573600154
364.416234908577
352.174262559627
288.491825219742
231.613986934295
226.456013323352
342.135290258425
341.405998722086
344.153165400518
371.992136835149
353.689049085831
352.174262559626
338.440142375325
242.397758778043
228.016338209186
226.314724730191
365.273968143119
369.280396473885
369.624840210939
369.920182156433
364.330647718943
288.491825219743
242.397758778043
229.500222774805
226.747625041094
226.2540416948
328.923482390533
294.181417415773
267.377092171164
248.828768417157
238.477519933631
231.613986934295
228.016338209186
226.747625041094
226.348020192445
226.226863017764
231.33382273257
229.229232265452
227.924345813117
227.170205700031
226.729677943813
226.456013323352
226.314724730191
226.2540416948
226.226863017764
226.228445487941
466.55823404029
364.156224670263
316.956072923116
244.774479883659
242.54520980046
241.615098553848
239.923369671183
235.668746169291
227.824184490666
226.234656834251
364.156224670263
334.379319574192
246.090099699733
242.880941954861
242.157577610516
241.092196350793
239.088811296509
234.284262235539
227.142515854024
226.214647463246
316.956072923112
246.090099699733
242.897547586084
242.322543477744
241.5241038302
240.356490744769
237.975284996214
232.508259674706
226.733681967603
226.205066159419
244.77447988366
242.880941954861
242.322543477744
241.675886483171
240.775267681986
239.308199798771
236.62602256728
230.571643417498
226.491454602475
226.200579566936
242.54520980046
242.157577610516
241.5241038302
240.775267681986
239.615417175362
237.887820323607
234.821316570973
228.799306991777
226.328743472739
226.19837246641
241.615098553848
241.092196350793
240.356490744769
239.308199798771
237.887820323606
235.834583828167
231.890878174306
227.257733478091
226.233045087476
226.197332050402
239.923369671183
239.088811296509
237.975284996214
236.62602256728
234.821316570973
231.890878174307
228.039558761162
226.408449263352
226.203881395859
226.196925564908
235.668746169291
234.284262235539
232.508259674706
230.571643417497
228.799306991777
227.257733478091
226.408449263352
226.213508556136
226.198102122566
226.196782358911
227.824184490666
227.142515854024
226.733681967603
226.491454602475
226.328743472739
226.233045087476
226.203881395859
226.198102122566
226.19699823721
226.196855451985
226.23465683425
226.214647463246
226.20506615942
226.200579566936
226.19837246641
226.197332050402
226.196925564908
226.196782358911
226.196855451985
226.365974729893
374.268381075421
365.627091663181
330.710767118661
240.852121530903
228.164707871121
226.908146435924
226.683308052806
226.424863847552
226.213273897213
226.196949602319
365.627091663181
350.814230362996
246.896527620086
229.173167426376
227.060164669098
226.788791378055
226.620143432891
226.366580182509
226.206140206021
226.196807801602
330.71076711866
246.896527620086
229.624072879773
227.160842153496
226.840078104937
226.717727247561
226.551868712133
226.306630476366
226.201911433006
226.196734436401
240.852121530902
229.173167426376
227.160842153496
226.859005386005
226.756120857094
226.642233448564
226.479947030257
226.257641865121
226.199389170157
226.196695542922
228.164707871121
227.060164669098
226.840078104937
226.756120857094
226.666565922882
226.554567884114
226.39781193538
226.22677052719
226.197818938854
226.196674748442
226.908146435924
226.788791378055
226.717727247561
226.642233448564
226.554567884114
226.447060979116
226.295228741552
226.207805529501
226.196999015009
226.196665161689
226.683308052806
226.620143432891
226.551868712133
226.479947030257
226.39781193538
226.295228741552
226.21797918577
226.198639580552
226.196723435791
226.196661647703
226.424863847552
226.366580182509
226.306630476366
226.257641865121
226.22677052719
226.207805529501
226.198639580552
226.196804655246
226.196667985078
226.196660738685
226.213273897213
226.206140206021
226.201911433006
226.199389170157
226.197818938854
226.196999015009
226.196723435791
226.196667985078
226.196661259952
226.196661040689
226.196949602319
226.196807801602
226.196734436401
226.196695542922
226.196674748443
226.196665161689
226.196661647703
226.196660738685
226.196661040689
226.442057943904
