550.265751745715
478.253299845104
437.042803027836
350.052229112011
338.638837326381
345.180662163152
344.575329491773
343.956805682637
338.992892728557
232.025641967642
478.253299845083
335.234164960915
412.836182281668
326.787913097403
371.067013736319
358.017074045379
344.139782319228
348.503753924736
303.102044590758
229.705239560631
437.042803027839
412.836182281665
329.272238727004
338.138616464122
371.960920205157
347.04567130983
347.702784075222
373.517500759641
275.024013651299
228.259260805086
350.052229112011
326.787913097403
338.138616464124
328.087795706436
344.438292311656
363.465021595447
377.730014978088
375.106656499918
254.302355002699
227.401055400482
338.638837326379
371.067013736319
371.960920205164
344.438292311657
350.977645361321
380.046043446759
360.215266830135
370.820576261529
241.698632475665
226.889010892018
345.180662163153
358.017074045383
347.04567130983
363.465021595448
380.04604344676
372.00735371063
360.203549802317
309.43484524731
233.662069868825
226.55508370083
344.57532949177
344.139782319233
347.702784075223
377.730014978093
360.215266830138
360.203549802319
382.085028589018
249.303663725899
228.792962584519
226.363984468413
343.956805682636
348.503753924736
373.517500759645
375.106656499918
370.820576261528
309.43484524731
249.303663725899
230.947606824714
226.98331031649
226.278143350886
338.992892728557
303.102044590758
275.024013651299
254.302355002699
241.698632475665
233.662069868825
228.792962584519
226.98331031649
226.411753984267
226.239465231609
232.025641967642
229.705239560631
228.259260805086
227.401055400482
226.889010892018
226.55508370083
226.363984468413
226.278143350886
226.239465231609
226.231517612232
463.778786481433
363.621174150648
320.408055661148
244.567983495409
242.472849533703
241.627532865685
240.018348165363
235.944955089209
228.150686498623
226.243724013635
363.621174150648
338.426906829571
245.88125553007
242.765016737248
242.134759895455
241.147750438851
239.239233987219
234.664930647684
227.393177019684
226.218931235594
320.408055661145
245.881255530069
242.744034900444
242.26497706131
241.542230038918
240.434023412653
238.208418766668
233.022475616277
226.887768928593
226.207267124244
244.567983495409
242.765016737249
242.26497706131
241.684938051627
240.845114521656
239.42580751345
236.886353139365
231.230677090415
226.586006105352
226.201805402765
242.472849533703
242.134759895455
241.542230038918
240.845114521656
239.731478018409
238.134699023494
235.349934360258
229.3941711039
226.395922874442
226.199054345197
241.627532865685
241.147750438851
240.434023412653
239.42580751345
238.134699023494
236.206432630841
232.798646554297
227.827402119545
226.257156760523
226.197637777312
240.018348165363
239.239233987219
238.208418766668
236.886353139364
235.349934360258
232.798646554297
228.685455715068
226.596537525973
226.208581177049
226.197045709526
235.944955089209
234.664930647684
233.022475616277
231.230677090415
229.3941711039
227.827402119545
226.596537525973
226.225787539412
226.198850811145
226.196835232688
228.150686498623
227.393177019684
226.887768928593
226.586006105352
226.395922874442
226.257156760523
226.20858117705
226.198850811145
226.197148831681
226.196935790714
226.243724013635
226.218931235594
226.207267124243
226.201805402765
226.199054345197
226.197637777312
226.197045709526
226.196835232688
226.196935790714
226.347989471304
370.507094380249
361.85262743016
333.52022918392
241.394187016429
228.197806693389
226.905942264552
226.685581895488
226.434930165988
226.216904762892
226.197022521877
361.85262743016
353.516623789678
247.584116788167
229.237139399319
227.058319431279
226.788522967032
226.625975092183
226.379584055715
226.20872636479
226.19684803681
333.520229183919
247.584116788167
229.70153946659
227.159110379945
226.837082532609
226.719170841083
226.561911154584
226.321681496564
226.203486076797
226.196758059876
241.394187016429
229.237139399319
227.159110379945
226.855230985215
226.756980409094
226.646338849156
226.490773236668
226.272555189895
226.200403433358
226.196710465088
228.197806693389
227.058319431279
226.837082532609
226.756980409095
226.670794910691
226.565663295828
226.419004067316
226.236633073088
226.198500585591
226.19668348073
226.905942264552
226.788522967032
226.719170841083
226.646338849156
226.565663295828
226.462806414469
226.322976500327
226.215314613245
226.197261397328
226.196668731318
226.685581895488
226.625975092183
226.561911154584
226.490773236668
226.419004067316
226.322976500327
226.227605130708
226.200777284726
226.196784531859
226.19666268064
226.434930165988
226.379584055715
226.321681496564
226.272555189895
226.236633073088
226.215314613245
226.200777284726
226.196952961446
226.196675025436
226.196660956657
226.216904762892
226.208726364791
226.203486076797
226.200403433358
226.198500585591
226.197261397328
226.196784531859
226.196675025436
226.19666192772
226.196661288857
226.197022521877
226.19684803681
226.196758059876
226.196710465088
226.19668348073
226.196668731318
226.19666268064
226.196660956657
226.196661288857
226.41781455403
