550.265751745715
478.253299845104
437.042803027836
350.052229112011
338.638837326381
345.180662163152
344.575329491773
343.956805682637
345.345053612634
232.483174621456
478.253299845083
335.234164960915
412.836182281668
326.787913097403
371.067013736319
358.017074045379
344.139782319228
348.503753924736
308.672609339437
230.024123246958
437.042803027839
412.836182281665
329.272238727004
338.138616464122
371.960920205157
347.04567130983
347.702784075222
373.517500759641
279.700013900973
228.480902842943
350.052229112011
326.787913097403
338.138616464124
328.087795706436
344.438292311656
363.465021595447
377.730014978088
375.106656499918
257.859569597184
227.551412034026
338.638837326379
371.067013736319
371.960920205164
344.438292311657
350.977645361321
380.046043446759
360.215266830135
370.820576261529
243.826990110889
226.992444197872
345.180662163153
358.017074045383
347.04567130983
363.465021595448
380.04604344676
372.00735371063
360.203549802317
322.7189545578
235.024279967022
226.622933412861
344.57532949177
344.139782319233
347.702784075223
377.730014978093
360.215266830138
360.203549802319
382.085028589018
254.173255423945
229.332789672161
226.398803286348
343.956805682636
348.503753924736
373.517500759645
375.106656499918
370.820576261528
322.7189545578
254.173255423945
231.959668881278
227.150437468041
226.29544749428
345.345053612634
308.672609339437
279.700013900973
257.859569597184
243.826990110888
235.024279967022
229.332789672161
227.150437468041
226.457452860036
226.248589514804
232.483174621456
230.024123246958
228.480902842943
227.551412034026
226.992444197872
226.622933412861
226.398803286348
226.29544749428
226.248589514804
226.233883382101
463.778786481433
363.621174150648
323.507950195262
244.688655502725
242.552859841499
241.748977262355
240.187858200826
236.199997149046
228.328430100106
226.249569559747
363.621174150648
342.304938718488
246.063541130137
242.823608162673
242.236915109461
241.284184476681
239.434107564298
234.952542073625
227.522678625064
226.221890048749
323.507950195259
246.063541130137
242.795584932291
242.357623396398
241.663727755169
240.588516825717
238.439333821629
233.366602028389
226.967264557508
226.208801009491
244.688655502725
242.823608162673
242.357623396398
241.801948664898
240.985515052561
239.606018150458
237.137342105278
231.606293508075
226.636507226164
226.202637819398
242.5528598415
242.236915109461
241.663727755169
240.985515052561
239.900693701767
238.366522536536
235.661867160353
229.715590655514
226.434000871508
226.199529520079
241.748977262355
241.284184476681
240.588516825717
239.606018150458
238.366522536536
236.484110153938
233.260213322482
228.130117872983
226.275750974439
226.197867105318
240.187858200826
239.434107564297
238.439333821629
237.137342105278
235.661867160353
233.260213322482
229.104599276673
226.721763867313
226.212429256534
226.19713641322
236.199997149046
234.952542073625
233.366602028389
231.606293508075
229.715590655514
228.130117872983
226.721763867313
226.236169180389
226.199455471099
226.196874839426
228.328430100106
227.522678625064
226.967264557508
226.636507226164
226.434000871508
226.275750974439
226.212429256534
226.199455471099
226.197263967278
226.196995800263
226.249569559747
226.221890048749
226.208801009491
226.202637819398
226.19952952008
226.197867105318
226.19713641322
226.196874839426
226.196995800263
226.334933600594
370.507094380249
361.85262743016
336.656525974755
241.990209123837
228.26469754376
226.916992452277
226.694930483121
226.445377489864
226.218973623318
226.197065855327
361.85262743016
357.273469829339
248.423374027078
229.353000742548
227.073927217889
226.796774100398
226.636205279707
226.390088976084
226.210119178093
226.196871366206
336.656525974754
248.423374027078
229.839900205033
227.178995976534
226.845065074784
226.72773983079
226.573416843009
226.33226144476
226.204316348866
226.196771421796
241.990209123837
229.353000742548
227.178995976535
226.863224031177
226.76489311763
226.655953487185
226.502264715222
226.28157913115
226.200937896253
226.196718745363
228.26469754376
227.073927217889
226.845065074784
226.76489311763
226.679956889791
226.577365831331
226.431809293649
226.242022907065
226.198876078943
226.196688700207
226.916992452277
226.796774100398
226.72773983079
226.655953487185
226.577365831331
226.475151435254
226.337821255881
226.219242177168
226.197434541647
226.196671119295
226.694930483121
226.636205279707
226.573416843009
226.502264715222
226.431809293649
226.337821255881
226.23385008205
226.202232270252
226.196829185754
226.196663435744
226.445377489864
226.390088976084
226.33226144476
226.28157913115
226.242022907065
226.219242177168
226.202232270252
226.197066026419
226.196680382182
226.196661120511
226.218973623318
226.210119178093
226.204316348866
226.200937896253
226.198876078943
226.197434541647
226.196829185754
226.196680382182
226.19666243539
226.196661478983
226.197065855327
226.196871366206
226.196771421796
226.196718745363
226.196688700207
226.196671119295
226.196663435744
226.196661120511
226.196661478983
226.399578385584
