622.159310244409
476.001380548667
433.419114468061
347.915099760553
336.30141956268
342.605380101153
342.135290258427
365.273968143116
350.42012843877
232.845388659996
476.001380548667
333.827366153912
409.162172373586
324.256584724206
367.976490199385
354.96398876709
341.405998722084
369.280396473883
312.987022634884
230.292162761198
433.41911446806
409.162172373585
327.241714947337
335.640620398314
368.26251929695
343.884169777512
344.153165400518
369.624840210936
282.98828846239
228.65706766524
347.915099760554
324.256584724206
335.640620398313
325.236389939381
340.979192443245
358.943903279099
371.992136835152
369.920182156432
260.095824589561
227.656720852231
336.301419562682
367.976490199387
368.262519296951
340.979192443246
346.690598221392
372.778573600154
353.68904908583
364.330647718942
245.088095964786
227.059549264089
342.605380101151
354.963988767098
343.884169777507
358.943903279098
372.778573600154
364.416234908577
352.174262559627
330.366068916718
235.821672932096
226.66704027518
342.135290258425
341.405998722086
344.153165400518
371.992136835149
353.689049085831
352.174262559626
369.40295162507
256.803462915149
229.661959961973
226.42214788705
365.273968143119
369.280396473885
369.624840210939
369.920182156433
364.330647718943
330.366068916718
256.803462915149
232.56828489634
227.260962320897
226.307696696664
350.420128438771
312.987022634885
282.98828846239
260.095824589561
245.088095964786
235.821672932096
229.661959961973
227.260962320897
226.489587750817
226.255315768519
232.845388659996
230.292162761198
228.65706766524
227.656720852231
227.059549264089
226.66704027518
226.422147887049
226.307696696664
226.255315768519
226.235272536441
466.55823404029
364.156224670263
327.360815663194
245.202974717242
242.835649050697
242.040794546899
240.511369594234
236.562555678602
228.436816927783
226.252707234335
364.156224670263
347.318708098601
246.707622771032
243.104080921902
242.520091108734
241.568429082559
239.765828725659
235.299404182343
227.551387510467
226.224135334797
327.36081566319
246.707622771032
243.099311139885
242.654052559095
241.950317458056
240.894401566442
238.781827830532
233.708179100542
226.977046715342
226.210027114792
245.202974717242
243.104080921902
242.654052559095
242.087188441176
241.265148414658
239.93554204981
237.509251737721
231.907428816669
226.642067740903
226.203235583253
242.835649050697
242.520091108734
241.950317458056
241.265148414658
240.204642072733
238.699320001907
235.939923302058
229.884158282121
226.442854984006
226.199856529191
242.0407945469
241.568429082559
240.894401566442
239.93554204981
238.699320001907
236.816231492358
233.595499462375
228.168357912989
226.285221922223
226.198035798976
240.511369594235
239.765828725659
238.781827830532
237.509251737721
235.939923302058
233.595499462375
229.301993244272
226.750406822577
226.215272240896
226.197206341886
236.562555678602
235.299404182343
233.708179100542
231.907428816669
229.884158282121
228.168357912989
226.750406822577
226.243890208293
226.199974271542
226.196906310871
228.436816927783
227.551387510467
226.977046715342
226.642067740903
226.442854984006
226.285221922224
226.215272240896
226.199974271542
226.197359711155
226.197044892598
226.252707234335
226.224135334797
226.210027114793
226.203235583253
226.199856529191
226.198035798976
226.197206341887
226.196906310871
226.197044892598
226.32117580401
374.268381075421
365.627091663181
341.403721526341
242.860913996798
228.39588710562
226.947336278114
226.716201914667
226.461889315708
226.220297839542
226.197086411512
365.627091663181
363.558681398085
249.736628675135
229.573641447893
227.115555288911
226.818057628374
226.656130771219
226.403890909969
226.210449563788
226.196881093751
341.403721526341
249.736628675135
230.10225633855
227.231315418573
226.868585524184
226.747994617932
226.592483935951
226.343417042439
226.204454094916
226.196776053618
242.860913996798
229.573641447893
227.231315418573
226.887617603571
226.784154311196
226.676145507862
226.52085062552
226.289116328413
226.201004408703
226.196720641951
228.39588710562
227.115555288911
226.868585524184
226.784154311196
226.698874120652
226.595953333152
226.443633640681
226.244266190972
226.198911300923
226.19668971815
226.947336278114
226.818057628374
226.747994617932
226.676145507862
226.595953333152
226.490969282265
226.348660607849
226.218969853138
226.197466872376
226.196671707002
226.716201914667
226.656130771219
226.592483935951
226.52085062552
226.443633640681
226.348660607849
226.236047723039
226.20233616067
226.196841105823
226.196663683432
226.461889315708
226.403890909969
226.343417042439
226.289116328413
226.244266190972
226.218969853138
226.20233616067
226.197103609037
226.196682500701
226.19666119164
226.220297839542
226.210449563788
226.204454094916
226.201004408703
226.198911300923
226.197466872376
226.196841105823
226.196682500701
226.196662669422
226.196661634823
226.197086411512
226.196881093751
226.196776053618
226.196720641951
226.19668971815
226.196671707002
226.196663683432
226.19666119164
226.196661634823
226.380107792697
