622.159310244409
476.001380548667
433.419114468061
347.915099760553
336.30141956268
342.605380101153
342.135290258427
365.273968143116
356.913336640069
233.335195129941
476.001380548667
333.827366153912
409.162172373586
324.256584724206
367.976490199385
354.96398876709
341.405998722084
369.280396473883
318.827276232344
230.647773135886
433.41911446806
409.162172373585
327.241714947337
335.640620398314
368.26251929695
343.884169777512
344.153165400518
369.624840210936
288.056272424482
228.912521495474
347.915099760554
324.256584724206
335.640620398313
325.236389939381
340.979192443245
358.943903279099
371.992136835152
369.920182156432
264.26776902
227.836823492128
336.301419562682
367.976490199387
368.262519296951
340.979192443246
346.690598221392
372.778573600154
353.68904908583
364.330647718942
247.742928443686
227.184684420939
342.605380101151
354.963988767098
343.884169777507
358.943903279098
372.778573600154
364.416234908577
352.174262559627
346.038137988512
237.500514112754
226.753597580943
342.135290258425
341.405998722086
344.153165400518
371.992136835149
353.689049085831
352.174262559626
369.40295162507
263.395388222993
230.373815989066
226.468319666746
365.273968143119
369.280396473885
369.624840210939
369.920182156433
364.330647718943
346.038137988513
263.395388222993
233.923117815866
227.484456339524
226.330999278099
356.913336640069
318.827276232344
288.056272424482
264.26776902
247.742928443686
237.500514112754
230.373815989066
227.484456339524
226.551134226053
226.267678240641
233.335195129941
230.647773135886
228.912521495474
227.836823492128
227.184684420939
226.753597580943
226.468319666746
226.330999278099
226.267678240641
226.239759073699
466.55823404029
364.156224670263
330.568944896594
245.334376671136
242.914164731985
242.161917812426
240.677864548083
236.816482786563
228.644390546467
226.259195913927
364.156224670263
351.307924499639
246.906995885178
243.160168963646
242.62149906936
241.704396434305
239.955029252749
235.584410262354
227.697551131759
226.22766854079
330.56894489659
246.906995885178
243.148070970674
242.745352291489
242.071939597641
241.047715004277
239.008149398543
234.053516569432
227.067075091231
226.211941112833
245.334376671136
243.160168963646
242.745352291489
242.204406184142
241.405479972936
240.112079968141
237.761024598879
232.2852941611
226.699995705425
226.204297503359
242.914164731985
242.62149906936
242.071939597641
241.405479972936
240.370952554233
238.919157926977
236.238482805372
230.284115028151
226.482626378028
226.200470494308
242.161917812427
241.704396434305
241.047715004277
240.112079968141
238.919157926977
237.098932600828
234.020229370795
228.519088220233
226.310929160642
226.198359399266
240.677864548084
239.955029252749
239.008149398543
237.761024598879
236.238482805372
234.020229370795
229.888217750925
226.889910804624
226.221261679245
226.197336593
236.816482786563
235.584410262354
234.053516569432
232.2852941611
230.284115028151
228.519088220233
226.889910804624
226.260708116558
226.200929312195
226.196962326464
228.644390546467
227.697551131759
227.067075091231
226.699995705425
226.482626378027
226.310929160642
226.221261679245
226.200929312195
226.197528003163
226.197127867233
226.259195913926
226.22766854079
226.211941112833
226.204297503358
226.200470494308
226.198359399266
226.197336593
226.196962326464
226.197127867233
226.311633646842
374.268381075421
365.627091663181
344.641231286789
243.49186033852
228.468892552183
226.958970742717
226.725557517013
226.472755738595
226.222815853954
226.197136716943
365.627091663181
367.413890245232
250.627530649264
229.700922357235
227.132460110166
226.82645509557
226.666259597903
226.414872730335
226.212041124796
226.196908371116
344.641231286789
250.627530649264
230.254447922232
227.253110554897
226.876819894073
226.75661972971
226.604080995905
226.354865325678
226.205392512119
226.196791598697
243.49186033852
229.700922357235
227.253110554897
226.895904559403
226.792162617589
226.685716528547
226.532817541895
226.299148155201
226.201613979243
226.196730317452
228.468892552183
227.132460110166
226.876819894073
226.792162617589
226.707995577306
226.607300520759
226.456414251886
226.251794824195
226.199322689727
226.196695973631
226.958970742717
226.82645509557
226.75661972971
226.685716528547
226.607300520758
226.50405947252
226.363505968284
226.223514246629
226.197698904345
226.196674921234
226.725557517013
226.666259597903
226.604080995905
226.532817541895
226.456414251886
226.363505968284
226.246509370608
226.204003902148
226.196903175731
226.196664767632
226.472755738595
226.414872730335
226.354865325678
226.299148155201
226.251794824195
226.223514246629
226.204003902148
226.19727056563
226.196690617658
226.196661438283
226.222815853954
226.212041124796
226.205392512119
226.201613979243
226.199322689727
226.197698904345
226.196903175731
226.196690617658
226.196663446191
226.19666190591
226.197136716943
226.196908371116
226.196791598697
226.196730317452
226.196695973631
226.196674921234
226.196664767632
226.196661438283
226.19666190591
226.365010152801
