622.159310244409
476.001380548667
433.419114468061
347.915099760553
336.30141956268
342.605380101153
342.135290258427
365.273968143116
363.481762095531
233.846489344678
476.001380548667
333.827366153912
409.162172373586
324.256584724206
367.976490199385
354.96398876709
341.405998722084
369.280396473883
324.772375954045
231.023845629366
433.41911446806
409.162172373585
327.241714947337
335.640620398314
368.26251929695
343.884169777512
344.153165400518
369.624840210936
293.36874652849
229.188787023459
347.915099760554
324.256584724206
335.640620398313
325.236389939381
340.979192443245
358.943903279099
371.992136835152
369.920182156432
268.782400596129
228.03724219561
336.301419562682
367.976490199387
368.262519296951
340.979192443246
346.690598221392
372.778573600154
353.68904908583
364.330647718942
250.733438492964
227.326208305097
342.605380101151
354.963988767098
343.884169777507
358.943903279098
372.778573600154
364.416234908577
352.174262559627
363.207369285381
239.431999127279
226.855015200011
342.135290258425
341.405998722086
344.153165400518
371.992136835149
353.689049085831
352.174262559626
369.40295162507
271.701542934556
231.241160135713
226.524047354516
365.273968143119
369.280396473885
369.624840210939
369.920182156433
364.330647718943
363.207369285382
271.701542934556
235.597135461417
227.75665041888
226.359239515183
363.481762095531
324.772375954045
293.368746528491
268.782400596129
250.733438492964
239.431999127279
231.241160135713
227.75665041888
226.62576873979
226.282643473774
233.846489344678
231.023845629366
229.188787023458
228.03724219561
227.326208305097
226.855015200011
226.524047354516
226.359239515183
226.282643473774
226.245694899692
466.55823404029
364.156224670263
333.845481169728
245.47145471363
242.989422581663
242.281350398082
240.841906833206
237.064868344422
228.866614586182
226.266320077132
364.156224670263
355.38122108632
247.115319339629
243.211681132158
242.720517065803
241.838778692741
240.140425479621
235.865014123301
227.85605851305
226.231612779352
333.845481169724
247.115319339629
243.191344579057
242.833679586112
242.191979848332
241.199059584617
239.227456801953
234.38605684304
227.169680685265
226.214126124271
245.47145471363
243.211681132158
242.833679586112
242.319967691239
241.544356857698
240.285672768893
238.011530710757
232.66562041349
226.765457283922
226.205535299108
242.989422581663
242.720517065803
242.191979848332
241.544356857698
240.534639403248
239.132234308847
236.526736061443
230.721595699692
226.525165192662
226.201195868131
242.281350398083
241.838778692741
241.199059584617
240.285672768893
239.132234308847
237.379454137809
234.422519099975
228.907448749675
226.343894116277
226.198766206332
240.841906833206
240.14042547962
239.227456801953
238.011530710757
236.526736061443
234.422519099975
230.495163858454
227.063272118645
226.229402026903
226.197502710042
237.064868344422
235.865014123301
234.38605684304
232.66562041349
230.721595699692
228.907448749675
227.063272118645
226.284312794153
226.202215815574
226.197032735056
228.866614586182
227.85605851305
227.169680685265
226.765457283922
226.525165192662
226.343894116277
226.229402026903
226.202215815574
226.197743328958
226.197229114976
226.266320077132
226.231612779352
226.214126124271
226.205535299108
226.201195868131
226.198766206332
226.197502710043
226.197032735056
226.197229114976
226.303706433194
374.268381075421
365.627091663181
347.920572423988
244.142689829262
228.544460631156
226.970676488139
226.734784171576
226.483519908585
226.225591534654
226.197192681859
365.627091663181
371.317010833308
251.54551072073
229.833050905406
227.149688436857
226.834766362478
226.676202118295
226.425895285556
226.213805514506
226.196938898184
347.920572423988
251.54551072073
230.412679722173
227.275456583669
226.884988642459
226.765121049347
226.615372755127
226.366235927983
226.206460017341
226.196809129109
244.142689829262
229.833050905406
227.275456583669
226.904133257002
226.800068550047
226.695129280696
226.544856396849
226.309748893003
226.20229920712
226.196741345703
228.544460631156
227.149688436857
226.884988642459
226.800068550047
226.71696429378
226.618340676057
226.468963452423
226.260727641509
226.199778606767
226.196703276916
226.970676488139
226.834766362477
226.765121049346
226.695129280696
226.618340676057
226.517242061541
226.378125997862
226.228683241597
226.198000073929
226.19667907477
226.734784171576
226.676202118295
226.615372755127
226.544856396849
226.468963452423
226.378125997862
226.258838662054
226.20611986084
226.196985964634
226.196666221973
226.483519908585
226.425895285556
226.366235927982
226.309748893003
226.260727641509
226.228683241597
226.20611986084
226.197502988242
226.196701847524
226.196661775316
226.225591534654
226.213805514506
226.206460017341
226.20229920712
226.199778606767
226.198000073929
226.196985964634
226.196701847524
226.196664515117
226.196662243921
226.197192681859
226.196938898184
226.196809129109
226.196741345703
226.196703276916
226.19667907477
226.196666221973
226.196661775316
226.196662243921
226.351258501586
