622.159310244409
476.001380548667
433.419114468061
347.915099760553
336.30141956268
342.605380101153
342.135290258427
365.273968143116
370.115185363977
234.378799400471
476.001380548667
333.827366153912
409.162172373586
324.256584724206
367.976490199385
354.96398876709
341.405998722084
369.280396473883
330.811177098788
231.42010953746
433.41911446806
409.162172373585
327.241714947337
335.640620398314
368.26251929695
343.884169777512
344.153165400518
369.624840210936
298.89541956404
229.485924922144
347.915099760554
324.256584724206
335.640620398313
325.236389939381
340.979192443245
358.943903279099
371.992136835152
369.920182156432
273.596777457784
228.257974501344
336.301419562682
367.976490199387
368.262519296951
340.979192443246
346.690598221392
372.778573600154
353.68904908583
364.330647718942
254.187458782741
227.484709706403
342.605380101151
354.963988767098
343.884169777507
358.943903279098
372.778573600154
364.416234908577
352.174262559627
381.405346355098
241.316375336464
226.967946372471
342.135290258425
341.405998722086
344.153165400518
371.992136835149
353.689049085831
352.174262559626
369.40295162507
281.531076576179
232.274378641299
226.590388789549
365.273968143119
369.280396473885
369.624840210939
369.920182156433
364.330647718943
381.405346355098
281.531076576179
237.635187100048
228.086333010782
226.393328111849
370.115185363977
330.811177098788
298.89541956404
273.596777457784
254.187458782741
241.316375336464
232.274378641299
228.086333010782
226.71608197361
226.300736537245
234.378799400471
231.42010953746
229.485924922144
228.257974501344
227.484709706403
226.967946372471
226.590388789549
226.393328111849
226.300736537245
226.253309437499
466.55823404029
364.156224670263
337.190946168421
245.61457723504
243.059646665246
242.397402515182
241.002109639958
237.306981318852
229.101936825835
226.274047966498
364.156224670263
359.539166294115
247.333180210332
243.256860479724
242.815246565764
241.969755777906
240.320663061721
236.14029255372
228.025905039197
226.23594723372
337.190946168417
247.333180210332
243.226897593804
242.91697558909
242.30827851321
241.346340078838
239.438650508377
234.706333696894
227.284130642062
226.216566190078
245.61457723504
243.256860479724
242.91697558909
242.431573695411
241.679249954736
240.453849163542
238.258535744018
233.046843153596
226.837830723803
226.206930880923
243.059646665247
242.815246565765
242.30827851321
241.679249954736
240.692870333181
239.336186899725
236.803270382828
231.167048156253
226.571328679351
226.202012409537
242.397402515182
241.969755777906
241.346340078838
240.453849163542
239.336186899725
237.655056857836
234.8031826636
229.13507820862
226.379795620753
226.199233163045
241.002109639958
240.32066306172
239.438650508377
238.258535744018
236.803270382828
234.8031826636
231.077925651516
227.26332268646
226.239996880881
226.197700722513
237.306981318852
236.14029255372
234.706333696894
233.046843153596
231.167048156253
229.13507820862
227.26332268646
226.316570517207
226.203886932155
226.197115886737
229.101936825835
228.025905039197
227.284130642061
226.837830723803
226.571328679351
226.379795620753
226.239996880881
226.203886932155
226.198005936882
226.197350321567
226.274047966498
226.23594723372
226.216566190078
226.206930880923
226.202012409537
226.199233163045
226.197700722513
226.197115886737
226.197350321567
226.297377490615
374.268381075421
365.627091663181
351.24295800762
244.814439936478
228.622719890164
226.982401068398
226.743838388001
226.494166585039
226.228632871669
226.19725474582
365.627091663181
375.269370188951
252.491993172906
229.970361518164
227.167208091922
226.842927900827
226.685925087581
226.436943728273
226.215752060411
226.196972955127
351.24295800762
252.491993172906
230.57765332789
227.298348660422
226.893017107544
226.773434148689
226.626354278861
226.377545848621
226.207665856048
226.196828843385
244.814439936477
229.970361518164
227.298348660422
226.91222518717
226.807789510647
226.704327490337
226.556951410522
226.320950696822
226.203063593418
226.196753804371
228.622719890164
227.167208091922
226.893017107544
226.807789510647
226.72570903015
226.629059921281
226.481334775409
226.270672655284
226.200287417902
226.196711634792
226.982401068398
226.842927900827
226.773434148689
226.704327490337
226.629059921281
226.530536772197
226.392622719608
226.23216949973
226.198342132903
226.196684147282
226.743838388001
226.685925087581
226.626354278861
226.556951410522
226.48133477541
226.392622719608
226.27222962587
226.208625878732
226.197093536715
226.196668134202
226.494166585039
226.436943728273
226.377545848621
226.320950696823
226.270672655284
226.23216949973
226.208625878732
226.197823672683
226.196717270553
226.196662232919
226.228632871669
226.215752060411
226.207665856048
226.203063593418
226.200287417902
226.198342132903
226.197093536715
226.196717270553
226.196665980305
226.196662664198
226.19725474582
226.196972955127
226.196828843385
226.196753804371
226.196711634792
226.196684147282
226.196668134202
226.196662232919
226.196662664198
226.338792740176
