550.265751745715
478.253299845104
437.042803027836
350.052229112011
338.638837326381
345.180662163152
344.575329491773
343.956805682637
378.269143708702
235.043945353325
478.253299845083
335.234164960915
412.836182281668
326.787913097403
371.067013736319
358.017074045379
344.139782319228
348.503753924736
338.503117080267
231.929660590324
437.042803027839
412.836182281665
329.272238727004
338.138616464122
371.960920205157
347.04567130983
347.702784075222
373.517500759641
306.383088489889
229.890565755591
350.052229112011
326.787913097403
338.138616464124
328.087795706436
344.438292311656
363.465021595447
377.730014978088
375.106656499918
280.852765768951
228.593582496846
338.638837326379
371.067013736319
371.960920205164
344.438292311657
350.977645361321
380.046043446759
360.215266830135
370.820576261529
260.40572932351
227.750619478222
345.180662163153
358.017074045383
347.04567130983
363.465021595448
380.04604344676
372.00735371063
360.203549802317
372.060390914184
245.258425324216
227.170671622647
344.57532949177
344.139782319233
347.702784075223
377.730014978093
360.215266830138
360.203549802319
382.085028589018
301.018104667105
234.304166589223
226.714334501856
343.956805682636
348.503753924736
373.517500759645
375.106656499918
370.820576261528
372.060390914183
301.018104667105
241.705834044668
228.716877749463
226.455831266113
378.269143708702
338.503117080267
306.383088489889
280.852765768951
260.40572932351
245.258425324216
234.304166589223
228.716877749463
226.882483954665
226.333030591318
235.043945353325
231.929660590324
229.89056575559
228.593582496846
227.750619478222
227.170671622647
226.714334501856
226.455831266113
226.333030591318
226.2677004861
463.778786481433
363.621174150648
340.082115569213
245.380338158772
242.888180189099
242.318894183106
240.98699455885
237.406413287225
229.227938922287
226.287675651501
363.621174150648
363.117572672886
247.114852907827
243.026800386592
242.698954206059
241.931299902873
240.339824774164
236.311239112167
228.3356474409
226.242712556466
340.082115569209
247.114852907826
242.948455854377
242.762273098441
242.236540232271
241.3223050131
239.512485006409
234.967306482906
227.526765506193
226.220244146183
245.380338158772
243.026800386592
242.762273098441
242.351250069359
241.655501322405
240.451095107544
238.348182789502
233.45778361586
227.001736992119
226.20920176568
242.8881801891
242.698954206059
242.236540232271
241.655501322405
240.696257137252
239.407624628323
237.052811530547
231.767721814995
226.68138758188
226.203449557901
242.318894183106
241.931299902873
241.3223050131
240.451095107544
239.407624628322
237.839581509272
235.185094664903
229.706089747867
226.46329175281
226.200134406107
240.98699455885
240.339824774164
239.512485006409
238.348182789502
237.052811530547
235.185094664903
231.952116814057
227.790313587638
226.264746856238
226.198085220268
237.406413287225
236.311239112167
234.967306482906
233.45778361586
231.767721814995
229.706089747867
227.790313587638
226.397656199043
226.207271297691
226.197267892907
229.227938922287
228.3356474409
227.526765506193
227.001736992119
226.68138758188
226.46329175281
226.264746856238
226.207271297692
226.198485298485
226.197556334035
226.287675651501
226.242712556466
226.220244146183
226.20920176568
226.203449557901
226.200134406107
226.198085220268
226.197267892907
226.197556334035
226.295415510703
370.507094380249
361.85262743016
352.983197115408
245.286360427802
228.637838976653
226.972780640961
226.73939199677
226.497102204983
226.230299652491
226.197357037623
361.85262743016
376.892827132459
253.050876099545
230.006799615091
227.156114235466
226.836276322486
226.68427225059
226.442956900004
226.219554414114
226.197036637408
352.983197115408
253.050876099545
230.624342734541
227.285878009572
226.883506789046
226.76846612124
226.628111531887
226.386571290302
226.210310814913
226.196867805384
245.286360427801
230.006799615091
227.285878009572
226.901816818283
226.802545786348
226.70129376902
226.55979344903
226.333491498017
226.204785689464
226.196780451144
228.637838976653
227.156114235466
226.883506789046
226.802545786348
226.723125180753
226.630822665458
226.492147338334
226.285832420591
226.201527814157
226.196731121441
226.972780640961
226.836276322486
226.76846612124
226.70129376902
226.630822665459
226.53843291388
226.407755657372
226.242501882335
226.1992344541
226.196697261788
226.73939199677
226.68427225059
226.628111531887
226.55979344903
226.492147338334
226.407755657372
226.295608085398
226.216186296907
226.197400843205
226.196673375858
226.497102204983
226.442956900004
226.386571290302
226.333491498017
226.285832420591
226.242501882335
226.216186296907
226.198786714565
226.19675981913
226.196663436454
226.230299652491
226.219554414114
226.210310814913
226.204785689464
226.201527814157
226.1992344541
226.197400843205
226.19675981913
226.196669792245
226.196663424572
226.197357037623
226.197036637408
226.196867805384
226.196780451144
226.196731121441
226.196697261789
226.196673375858
226.196663436454
226.196663424572
226.329737906296
