550.265751745715
478.253299845104
437.042803027836
350.052229112011
338.638837326381
345.180662163152
344.575329491773
343.956805682637
378.269143708702
235.577756895944
478.253299845083
335.234164960915
412.836182281668
326.787913097403
371.067013736319
358.017074045379
344.139782319228
348.503753924736
344.832650611034
232.378775850989
437.042803027839
412.836182281665
329.272238727004
338.138616464122
371.960920205157
347.04567130983
347.702784075222
373.517500759641
312.32979691811
230.240430821666
350.052229112011
326.787913097403
338.138616464124
328.087795706436
344.438292311656
363.465021595447
377.730014978088
375.106656499918
286.314139007106
228.869366111788
338.638837326379
371.067013736319
371.960920205164
344.438292311657
350.977645361321
380.046043446759
360.215266830135
370.820576261529
265.276475809798
227.969204681415
345.180662163153
358.017074045383
347.04567130983
363.465021595448
380.04604344676
372.00735371063
360.203549802317
372.060390914184
248.459357013987
227.33616848296
344.57532949177
344.139782319233
347.702784075223
377.730014978093
360.215266830138
360.203549802319
382.085028589018
316.278782191309
236.004381600315
226.821141987798
343.956805682636
348.503753924736
373.517500759645
375.106656499918
370.820576261528
372.060390914183
316.278782191309
245.143920403767
229.266062009376
226.511396027749
378.269143708702
344.832650611035
312.32979691811
286.314139007106
265.276475809797
248.459357013987
236.004381600315
229.266062009376
227.030288863322
226.362185799783
235.577756895944
232.378775850989
230.240430821666
228.869366111788
227.969204681415
227.33616848296
226.821141987798
226.511396027749
226.362185799783
226.280769708819
463.778786481433
363.621174150648
343.611271061671
245.538834281158
242.939755517366
242.424788900823
241.139589044255
237.637739176148
229.430861845052
226.29692482016
363.621174150648
367.56721820585
247.356516254266
243.045199556223
242.779425375467
242.053397298165
240.510073909014
236.574104740852
228.5270702806
226.248469682998
343.611271061666
247.356516254265
242.954126076632
242.828586916439
242.342603923234
241.46122151515
239.708796243321
235.259946447631
227.678285171049
226.223558950283
245.538834281158
243.045199556223
242.828586916439
242.452022731373
241.782383806123
240.610407875208
238.586516044386
233.826389996839
227.102620071796
226.211193689252
242.939755517366
242.779425375467
242.342603923234
241.782383806123
240.846187815338
239.597978830346
237.30712363413
232.173323744867
226.753478661439
226.204707488801
242.424788900823
242.053397298165
241.46122151515
240.610407875208
239.597978830346
238.104423483505
235.502659654467
230.128804793155
226.517293301297
226.200929547677
241.139589044255
240.510073909013
239.708796243321
238.586516044385
237.30712363413
235.502659654467
232.537754708252
228.079021301608
226.289356228134
226.198460016166
237.637739176148
236.574104740852
235.259946447631
233.826389996839
232.173323744867
230.128804793155
228.079021301608
226.481356648761
226.2109457324
226.19741671606
229.430861845052
228.5270702806
227.678285171049
227.102620071796
226.753478661439
226.517293301297
226.289356228134
226.2109457324
226.198978480505
226.197752381848
226.29692482016
226.248469682998
226.223558950282
226.211193689252
226.204707488802
226.200929547677
226.198460016166
226.19741671606
226.197752381849
226.29261332058
370.507094380249
361.85262743016
356.379325952043
246.014832314191
228.721391882865
226.984098564371
226.747929686819
226.507359657531
226.233033909672
226.197429931831
361.85262743016
380.989799761414
254.069511829589
230.155323273361
227.173496921072
226.843816013806
226.693380229467
226.453756003996
226.221937419927
226.197082335227
356.379325952043
254.069511829589
230.80278740581
227.308946700311
226.890836498263
226.776176556045
226.638284600005
226.397341046168
226.212008243455
226.196895257989
246.014832314191
230.155323273361
227.308946700311
226.909181165594
226.809658807395
226.709888663446
226.571530617411
226.345264536271
226.20586262198
226.196798255086
228.721391882865
227.173496921073
226.890836498263
226.809658807395
226.731277745227
226.640739974126
226.503715294083
226.2963707868
226.202299296582
226.196744053405
226.984098564371
226.843816013806
226.776176556045
226.709888663446
226.640739974127
226.551343535461
226.420429033674
226.250194097286
226.199804790836
226.196706713878
226.747929686819
226.693380229467
226.638284600005
226.571530617411
226.503715294083
226.420429033674
226.312335897319
226.220133751225
226.197645470645
226.196677716002
226.507359657531
226.453756003996
226.397341046168
226.34526453627
226.2963707868
226.250194097286
226.220133751225
226.19969425928
226.196799368173
226.196664538282
226.233033909672
226.221937419927
226.212008243455
226.20586262198
226.202299296582
226.199804790836
226.197645470646
226.196799368173
226.196673371561
226.196664164628
226.197429931831
226.197082335227
226.196895257989
226.196798255086
226.196744053405
226.196706713878
226.196677716002
226.196664538282
226.196664164628
226.319610718393
