622.159310244409
476.001380548667
433.419114468061
347.915099760553
336.30141956268
342.605380101153
342.135290258427
365.273968143116
376.768238472396
235.939480866127
476.001380548667
333.827366153912
409.162172373586
324.256584724206
367.976490199385
354.96398876709
341.405998722084
369.280396473883
349.789332988453
232.731720501719
433.41911446806
409.162172373585
327.241714947337
335.640620398314
368.26251929695
343.884169777512
344.153165400518
369.624840210936
316.674924379672
230.514221971575
347.915099760554
324.256584724206
335.640620398313
325.236389939381
340.979192443245
358.943903279099
371.992136835152
369.920182156432
289.726630037303
229.060451748203
336.301419562682
367.976490199387
368.262519296951
340.979192443246
346.690598221392
372.778573600154
353.68904908583
364.330647718942
267.989307590978
228.106534410846
342.605380101151
354.963988767098
343.884169777507
358.943903279098
372.778573600154
364.416234908577
352.174262559627
381.405346355098
249.985225682355
227.427964519585
342.135290258425
341.405998722086
344.153165400518
371.992136835149
353.689049085831
352.174262559626
369.40295162507
323.596802565873
236.858372361081
226.882468230837
365.273968143119
369.280396473885
369.624840210939
369.920182156433
364.330647718943
381.405346355098
323.596802565873
246.878405895753
229.578350743873
226.546027193269
376.768238472395
349.789332988452
316.674924379671
289.726630037303
267.989307590978
249.985225682355
236.858372361081
229.578350743873
227.121815605714
226.381499896471
235.939480866127
232.731720501718
230.514221971575
229.060451748203
228.106534410846
227.427964519585
226.882468230837
226.546027193269
226.381499896471
226.289584271226
466.55823404029
364.156224670263
347.643310369893
246.083536226276
243.239534407725
242.727054555668
241.465060196055
238.011311416866
229.620568625408
226.299102016481
364.156224670263
372.521747435484
248.047577817432
243.350722201992
243.075450992854
242.346531019932
240.838401263143
236.944854530884
228.606517929498
226.251595133401
347.643310369888
248.047577817432
243.287696584354
243.138966323363
242.640333334217
241.772777111285
240.037998134963
235.616959671312
227.705846372423
226.225893533682
246.083536226276
243.350722201992
243.138966323363
242.748983475256
242.071078498015
240.94171276712
238.986707536246
234.183861917056
227.111469580056
226.212570907107
243.239534407725
243.075450992855
242.640333334217
242.071078498015
241.152918286881
239.919585062783
237.597615360452
232.435394682152
226.760885624051
226.205543462662
242.727054555668
242.346531019932
241.772777111285
240.94171276712
239.919585062783
238.460848071346
235.820374659198
230.338892539626
226.524451309361
226.201418247982
241.465060196055
240.838401263143
240.037998134963
238.986707536246
237.597615360452
235.820374659198
232.83573595227
228.065515804221
226.300939234481
226.198721924152
238.011311416866
236.944854530883
235.616959671312
234.183861917056
232.435394682152
230.338892539626
228.065515804221
226.515051577205
226.213772086143
226.197530445558
229.620568625408
228.606517929499
227.705846372423
227.111469580056
226.760885624051
226.524451309361
226.300939234481
226.213772086143
226.199386097185
226.197901863564
226.299102016481
226.251595133401
226.225893533682
226.212570907107
226.205543462662
226.201418247982
226.198721924152
226.197530445558
226.197901863564
226.288269958167
374.268381075421
365.627091663181
361.474462257066
246.962907196641
228.875627277408
227.017942188724
226.77026785861
226.526092335433
226.23587929107
226.197458900015
365.627091663181
387.427736483345
255.508587486675
230.418192016004
227.221865613289
226.866678068475
226.71409036273
226.470529784383
226.222845380362
226.197099961487
361.474462257066
255.508587486674
231.115937612348
227.370745065264
226.91644330217
226.797528338324
226.657856060465
226.411420922857
226.212275545981
226.196904659635
246.96290719664
230.418192016004
227.370745065264
226.93588208602
226.830179423117
226.731064762522
226.593364028107
226.357320415402
226.205965384465
226.196802386397
228.875627277408
227.22186561329
226.91644330217
226.830179423117
226.751108392533
226.659868427203
226.517768479787
226.302921876855
226.202318383715
226.196745854818
227.017942188724
226.866678068474
226.797528338324
226.731064762522
226.659868427203
226.570217125116
226.433277268554
226.253294477214
226.199814725223
226.196707968189
226.77026785861
226.71409036273
226.657856060465
226.593364028107
226.517768479787
226.433277268554
226.320501285629
226.218940287057
226.19767567084
226.196678573387
226.526092335433
226.470529784383
226.411420922857
226.357320415402
226.302921876855
226.253294477214
226.218940287057
226.19987422028
226.196812032448
226.196664929027
226.23587929107
226.222845380362
226.21227554598
226.205965384465
226.202318383715
226.199814725223
226.19767567084
226.196812032448
226.196674807975
226.196664697065
226.197458900015
226.197099961487
226.196904659635
226.196802386397
226.196745854818
226.196707968189
226.196678573387
226.196664929027
226.196664697065
226.308598198684
