622.159310244409
476.001380548667
433.419114468061
347.915099760553
336.30141956268
342.605380101153
342.135290258427
365.273968143116
376.768238472396
236.478800868034
476.001380548667
333.827366153912
409.162172373586
324.256584724206
367.976490199385
354.96398876709
341.405998722084
369.280396473883
356.260948080245
233.212071425479
433.41911446806
409.162172373585
327.241714947337
335.640620398314
368.26251929695
343.884169777512
344.153165400518
369.624840210936
322.869520671584
230.902657676083
347.915099760554
324.256584724206
335.640620398313
325.236389939381
340.979192443245
358.943903279099
371.992136835152
369.920182156432
295.690848472319
229.379050446156
336.301419562682
367.976490199387
368.262519296951
340.979192443246
346.690598221392
372.778573600154
353.68904908583
364.330647718942
273.550707347219
228.371074508355
342.605380101151
354.963988767098
343.884169777507
358.943903279098
372.778573600154
364.416234908577
352.174262559627
381.405346355098
253.913737109997
227.632583022151
342.135290258425
341.405998722086
344.153165400518
371.992136835149
353.689049085831
352.174262559626
369.40295162507
342.205368279601
239.042059978882
227.02227936326
365.273968143119
369.280396473885
369.624840210939
369.920182156433
364.330647718943
381.405346355098
342.205368279601
251.321923360533
230.308682668788
226.620453012699
376.768238472395
356.260948080245
322.869520671584
295.690848472319
273.550707347219
253.913737109997
239.042059978882
230.308682668788
227.319990823688
226.420720739697
236.478800868035
233.212071425479
230.902657676083
229.379050446156
228.371074508355
227.63258302215
227.02227936326
226.620453012699
226.420720739697
226.307710753489
466.55823404029
364.156224670263
351.264114050577
246.253816568341
243.29109239287
242.833156703714
241.616089778667
238.238972297875
229.827848798969
226.308614223733
364.156224670263
377.020490373752
248.306930257192
243.369632023517
243.155961509289
242.469042522407
241.006087000079
237.20259647268
228.826158777988
226.257967069252
351.264114050572
248.306930257193
243.294418515484
243.205026679544
242.747066546482
241.911853947419
240.229192869151
235.909856066531
227.873835603412
226.229849907839
246.253816568341
243.369632023517
243.205026679544
242.8503862329
242.198855470776
241.099901013691
239.216119583374
234.535506622765
227.230714892297
226.215089990191
243.29109239287
243.155961509289
242.747066546482
242.198855470776
241.30262060856
240.105596617108
237.858401300761
232.861297815083
226.84388921788
226.207212120168
242.833156703714
242.469042522407
241.911853947419
241.099901013691
240.105596617108
238.707336798009
236.127991262752
230.858195609721
226.580563379083
226.202495850026
241.616089778667
241.006087000078
240.229192869151
239.216119583374
237.858401300761
236.127991262752
233.35725475632
228.40792682003
226.337291508324
226.199289786292
238.238972297875
237.202596472679
235.909856066531
234.535506622765
232.861297815083
230.858195609721
228.40792682003
226.638557951617
226.219933471107
226.197757065425
229.827848798969
228.826158777988
227.873835603412
227.230714892297
226.84388921788
226.580563379084
226.337291508324
226.219933471107
226.20017904699
226.198176341466
226.308614223733
226.257967069252
226.229849907839
226.215089990191
226.207212120168
226.202495850026
226.199289786292
226.197757065425
226.198176341466
226.288817968459
374.268381075421
365.627091663181
364.971494266732
247.724474652484
228.966377539335
227.029990524492
226.778876370388
226.536581414316
226.238997549855
226.197539281202
365.627091663181
391.583145871299
256.574510445379
230.580343159623
227.240925432219
226.874423013309
226.723207820356
226.481587193491
226.225674098452
226.197152394101
364.971494266732
256.574510445379
231.310807671973
227.396314150454
226.924091834958
226.805345044044
226.6679466589
226.422787680848
226.214187580662
226.196936670437
247.724474652483
230.580343159623
227.396314150454
226.943614287597
226.837431108881
226.739714551325
226.604993788429
226.36938763971
226.207226451721
226.196823359111
228.966377539335
227.240925432219
226.924091834958
226.837431108881
226.7593393529
226.669717123622
226.530025301567
226.315023239861
226.203197449732
226.196761138252
227.029990524492
226.874423013309
226.805345044044
226.739714551325
226.669717123622
226.582556538543
226.44612861571
226.264121121733
226.200435061136
226.19671937359
226.778876370388
226.723207820356
226.6679466589
226.604993788429
226.530025301567
226.44612861571
226.337030193987
226.223409040563
226.198013036307
226.196684589524
226.536581414316
226.481587193491
226.422787680848
226.36938763971
226.315023239861
226.264121121733
226.223409040563
226.201264950558
226.196873971847
226.196666613767
226.238997549856
226.225674098452
226.214187580662
226.207226451721
226.203197449732
226.200435061136
226.198013036306
226.196873971847
226.196680447399
226.196665774318
226.197539281202
226.197152394101
226.196936670437
226.196823359112
226.196761138252
226.19671937359
226.196684589524
226.196666613767
226.196665774318
226.300823557207
