550.265751745715
478.253299845104
437.042803027836
350.052229112011
338.638837326381
345.180662163152
344.575329491773
343.956805682637
378.269143708702
237.217083474206
478.253299845083
335.234164960915
412.836182281668
326.787913097403
371.067013736319
358.017074045379
344.139782319228
348.503753924736
364.356126392463
233.861886654778
437.042803027839
412.836182281665
329.272238727004
338.138616464122
371.960920205157
347.04567130983
347.702784075222
373.517500759641
330.861408294604
231.429688701471
350.052229112011
326.787913097403
338.138616464124
328.087795706436
344.438292311656
363.465021595447
377.730014978088
375.106656499918
304.322020220422
229.853029391425
338.638837326379
371.067013736319
371.960920205164
344.438292311657
350.977645361321
380.046043446759
360.215266830135
370.820576261529
282.406938680234
228.803359244679
345.180662163153
358.017074045383
347.04567130983
363.465021595448
380.04604344676
372.00735371063
360.203549802317
372.060390914184
261.861513325796
228.010327448346
344.57532949177
344.139782319233
347.702784075223
377.730014978093
360.215266830138
360.203549802319
382.085028589018
377.222677612524
243.247966145361
227.292523496931
343.956805682636
348.503753924736
373.517500759645
375.106656499918
370.820576261528
372.060390914183
377.222677612524
259.783828436551
231.74459186026
226.763070334333
378.269143708702
364.356126392463
330.861408294604
304.322020220422
282.406938680234
261.861513325796
243.247966145361
231.74459186026
227.701016925647
226.493809653372
237.217083474206
233.861886654778
231.429688701471
229.853029391425
228.803359244679
228.010327448346
227.292523496931
226.763070334333
226.493809653372
226.341328998138
463.778786481433
363.621174150648
354.617809509342
246.060605935536
243.063403467548
242.726918058436
241.583214810827
238.304738111378
230.030707891949
226.327251679999
363.621174150648
381.495268931697
248.152487176872
243.063679663118
242.997506899908
242.407423971219
241.003510781142
237.326584708461
229.153188933509
226.269697337747
354.617809509337
248.152487176871
242.967734890038
242.998976410361
242.6458019838
241.866849948107
240.271258017395
236.10935312877
228.212455127605
226.236348077605
246.060605935536
243.063679663118
242.998976410361
242.737802648053
242.15252327095
241.073800218168
239.260379696319
234.834256732937
227.497399502356
226.219318360861
243.063403467548
242.997506899908
242.6458019838
242.15252327095
241.283701166863
240.14307520293
238.061529332296
233.417968539337
227.035352172239
226.210161018059
242.726918058436
242.40742397122
241.866849948107
241.073800218168
240.14307520293
238.825157086316
236.382644664703
231.580333290201
226.720315147899
226.204572290746
241.583214810827
241.003510781142
240.271258017395
239.260379696319
238.061529332296
236.382644664703
234.000385002588
229.045966419577
226.431608121997
226.200458367878
238.304738111378
237.326584708461
236.10935312877
234.834256732937
233.417968539337
231.580333290201
229.045966419577
226.986357108266
226.233575544384
226.198188455243
230.030707891949
229.153188933509
228.212455127605
227.497399502356
227.035352172239
226.720315147899
226.431608121997
226.233575544384
226.201701793971
226.198660930765
226.327251679999
226.269697337747
226.236348077605
226.219318360861
226.210161018059
226.204572290746
226.200458367878
226.198188455243
226.198660930765
226.295973324482
370.507094380249
361.85262743016
366.826129367282
248.350970056255
228.993081390954
227.018497685751
226.77278635418
226.537587196076
226.241986849811
226.197681177628
361.85262743016
393.641822603645
257.327053890433
230.642628169254
227.22808603522
226.865758128224
226.719802981165
226.48556012641
226.230156658788
226.197252431529
366.826129367281
257.327053890432
231.388422481567
227.382481740281
226.912157718032
226.798569033872
226.667564912196
226.429906398004
226.218324135414
226.197000580727
248.350970056255
230.642628169254
227.382481740281
226.930612890031
226.830250819591
226.734841853061
226.605165726861
226.37956689126
226.210143356782
226.19686827357
228.993081390954
227.22808603522
226.912157718032
226.830250819591
226.75497911409
226.669233006524
226.538879154024
226.332317005841
226.205314719091
226.196796379868
227.018497685751
226.865758128224
226.798569033872
226.734841853061
226.669233006524
226.587038924499
226.456998614762
226.28187296201
226.202034987951
226.196747670792
226.77278635418
226.719802981165
226.667564912196
226.605165726861
226.538879154024
226.456998614762
226.359510975491
226.233562381659
226.199021698723
226.196701826918
226.537587196076
226.48556012641
226.429906398005
226.37956689126
226.332317005841
226.28187296201
226.233562381659
226.206139635472
226.197065842818
226.196671445183
226.241986849811
226.230156658788
226.218324135414
226.210143356782
226.205314719091
226.202034987951
226.199021698724
226.197065842819
226.196696497335
226.19666793121
226.197681177628
226.197252431529
226.197000580727
226.19686827357
226.196796379868
226.196747670792
226.196701826918
226.196671445183
226.19666793121
226.296277943206
