550.265751745715
478.253299845104
437.042803027836
350.052229112011
338.638837326381
345.180662163152
344.575329491773
343.956805682637
378.269143708702
237.802713316855
478.253299845083
335.234164960915
412.836182281668
326.787913097403
371.067013736319
358.017074045379
344.139782319228
348.503753924736
371.076814886535
234.403547294781
437.042803027839
412.836182281665
329.272238727004
338.138616464122
371.960920205157
347.04567130983
347.702784075222
373.517500759641
337.23280973641
231.873427221759
350.052229112011
326.787913097403
338.138616464124
328.087795706436
344.438292311656
363.465021595447
377.730014978088
375.106656499918
310.738571092023
230.234942551079
338.638837326379
371.067013736319
371.960920205164
344.438292311657
350.977645361321
380.046043446759
360.215266830135
370.820576261529
288.839248948529
229.146136314007
345.180662163153
358.017074045383
347.04567130983
363.465021595448
380.04604344676
372.00735371063
360.203549802317
372.060390914184
267.912328215735
228.312676007493
344.57532949177
344.139782319233
347.702784075223
377.730014978093
360.215266830138
360.203549802319
382.085028589018
377.222677612524
246.523680228226
227.512583055827
343.956805682636
348.503753924736
373.517500759645
375.106656499918
370.820576261528
372.060390914183
377.222677612524
266.46025426985
232.917431830372
226.884806170696
378.269143708702
371.076814886536
337.23280973641
310.738571092022
288.839248948528
267.912328215735
246.523680228226
232.917431830372
228.026198484379
226.557951680213
237.802713316855
234.403547294781
231.873427221759
230.234942551079
229.146136314007
228.312676007493
227.512583055827
226.884806170696
226.557951680213
226.371261881536
463.778786481433
363.621174150648
358.425520233342
246.251299073026
243.092369490405
242.821546259433
241.726624723316
238.52062007892
230.230620400019
226.338410953281
363.621174150648
386.333621368785
248.443355801888
243.066899048208
243.061183309782
242.520561537156
241.162492149984
237.566574653596
229.379357945362
226.278283395828
358.425520233337
248.443355801887
242.972079657767
243.044685946834
242.740714236828
241.997829103372
240.450668411022
236.384923295172
228.416580952367
226.241690179333
246.251299073026
243.066899048208
243.044685946834
242.826282606103
242.271657781289
241.223319667183
239.470817038284
235.147097708748
227.659532110773
226.222875084114
243.092369490406
243.061183309782
242.740714236828
242.271657781289
241.425308493863
240.317398305435
238.312173623717
233.826434886403
227.155291710633
226.212688035566
242.821546259433
242.520561537157
241.997829103372
241.223319667183
240.317398305435
239.046946106025
236.658137731072
232.047841199665
226.812938726823
226.206381684738
241.726624723316
241.162492149984
240.450668411022
239.470817038284
238.312173623717
236.658137731072
234.421693913983
229.407571075318
226.504683040444
226.201545722262
238.520620078919
237.566574653596
236.384923295172
235.147097708748
233.826434886403
232.047841199665
229.407571075318
227.236893065298
226.247313080483
226.198606772973
230.230620400019
229.379357945362
228.416580952367
227.659532110773
227.155291710633
226.812938726823
226.504683040444
226.247313080484
226.203271606274
226.199112134703
226.338410953281
226.278283395828
226.241690179332
226.222875084114
226.212688035566
226.206381684738
226.201545722261
226.198606772973
226.199112134703
226.301729238202
370.507094380249
361.85262743016
370.395713088199
249.183114090555
229.091849761901
227.030127690155
226.780832488384
226.547551564645
226.245219713825
226.197776786749
361.85262743016
397.9846896156
258.483953565836
230.82037865315
227.247192412214
226.872813982124
226.728324103867
226.495963403937
226.233275780132
226.197322127201
370.395713088198
258.483953565836
231.601912289413
227.408607395148
226.918996822056
226.805763699066
226.676946222316
226.440885655573
226.220884626215
226.197044880414
249.183114090555
230.82037865315
227.408607395147
226.937488811088
226.836829294564
226.742880886605
226.615785960009
226.390824107221
226.211971019048
226.1968984918
229.091849761901
227.247192412214
226.918996822056
226.836829294564
226.762626604363
226.67837786677
226.550860795138
226.345288055212
226.206612894095
226.1968194804
227.030127690155
226.872813982124
226.805763699066
226.742880886605
226.67837786677
226.598161115179
226.468859918736
226.29376867981
226.203041185028
226.196766839284
226.780832488384
226.728324103867
226.676946222316
226.615785960009
226.550860795138
226.468859918736
226.374407919868
226.239216439251
226.199777468008
226.196715527742
226.547551564645
226.495963403937
226.440885655573
226.390824107221
226.345288055212
226.29376867981
226.239216439251
226.209905177946
226.197239315768
226.196675886744
226.245219713825
226.233275780132
226.220884626215
226.211971019048
226.206612894095
226.203041185028
226.199777468008
226.197239315768
226.196711769575
226.196670015884
226.197776786749
226.197322127201
226.197044880414
226.1968984918
226.1968194804
226.196766839284
226.196715527742
226.196675886744
226.196670015884
226.290851448851
