622.159310244409
476.001380548667
433.419114468061
347.915099760553
336.30141956268
342.605380101153
342.135290258427
365.273968143116
376.768238472396
238.221590867619
476.001380548667
333.827366153912
409.162172373586
324.256584724206
367.976490199385
354.96398876709
341.405998722084
369.280396473883
376.16035097667
234.773555136762
433.41911446806
409.162172373585
327.241714947337
335.640620398314
368.26251929695
343.884169777512
344.153165400518
369.624840210936
341.982824755926
232.198910202675
347.915099760554
324.256584724206
335.640620398313
325.236389939381
340.979192443245
358.943903279099
371.992136835152
369.920182156432
314.831639784965
230.491851246482
336.301419562682
367.976490199387
368.262519296951
340.979192443246
346.690598221392
372.778573600154
353.68904908583
364.330647718942
292.376915735861
229.354692006603
342.605380101151
354.963988767098
343.884169777507
358.943903279098
372.778573600154
364.416234908577
352.174262559627
381.405346355098
270.71174643597
228.471240596683
342.135290258425
341.405998722086
344.153165400518
371.992136835149
353.689049085831
352.174262559626
369.40295162507
387.220417086703
248.032956079199
227.623142503344
365.273968143119
369.280396473885
369.624840210939
369.920182156433
364.330647718943
381.405346355098
387.220417086703
269.724125332121
233.505857622495
226.952132497332
376.768238472395
376.16035097667
341.982824755926
314.831639784965
292.376915735861
270.71174643597
248.032956079199
233.505857622495
228.205933660571
226.596475321443
238.22159086762
234.773555136762
232.198910202675
230.491851246482
229.354692006603
228.471240596683
227.623142503344
226.952132497332
226.596475321443
226.390121059171
466.55823404029
364.156224670263
362.479541991983
246.806911734362
243.407439282396
243.129102258851
242.051649722351
238.898173025585
230.446548919444
226.340171613388
364.156224670263
395.298944699777
249.137684213125
243.39232815079
243.366623390432
242.817218413533
241.488293182314
237.938554459352
229.562095128846
226.280688051231
362.479541991977
249.137684213125
243.3118445031
243.367453146685
243.043824742205
242.311257481255
240.774152046324
236.759858647142
228.454955508764
226.244532711841
246.806911734362
243.392328150791
243.367453146685
243.129240039601
242.563807500877
241.554336688674
239.857504581596
235.51301575682
227.677332269579
226.224979696477
243.407439282396
243.366623390432
243.043824742205
242.563807500877
241.733305378923
240.635892812321
238.630108395441
234.122199237642
227.163368766242
226.214204355823
243.129102258851
242.817218413533
242.311257481255
241.554336688674
240.635892812321
239.385283352755
236.985271829196
232.317051966338
226.81679994179
226.207388110476
242.051649722351
241.488293182314
240.774152046324
239.857504581596
238.630108395441
236.985271829196
234.697702397499
229.536864071518
226.515928359349
226.202158276696
238.898173025585
237.938554459351
236.759858647142
235.51301575682
234.122199237642
232.317051966338
229.536864071518
227.233779509819
226.255425097606
226.198898820466
230.446548919444
229.562095128846
228.454955508764
227.677332269579
227.163368766242
226.81679994179
226.515928359349
226.255425097606
226.204486162118
226.199433315249
226.340171613388
226.280688051231
226.244532711841
226.224979696477
226.214204355823
226.207388110476
226.202158276696
226.198898820466
226.199433315249
226.303831587792
374.268381075421
365.627091663181
375.672201570573
250.136997572347
229.25876170676
227.066343120583
226.803808811647
226.567540140875
226.249110316553
226.197815486289
365.627091663181
404.331669352143
259.871150711771
231.104859816304
227.300354384497
226.896702362121
226.74951716622
226.513994743044
226.235790031825
226.197345833338
375.672201570573
259.871150711771
231.940576964688
227.47722378244
226.946061532627
226.827786395807
226.696901765426
226.457116415126
226.221224900148
226.197057905196
250.136997572346
231.104859816304
227.47722378244
226.965841965147
226.858121084341
226.764619317397
226.637929314354
226.4049124168
226.212117973946
226.196905364515
229.25876170676
227.300354384497
226.946061532627
226.858121084341
226.783053957889
226.698002021199
226.567351946804
226.35464750639
226.206613316256
226.196822570915
227.066343120583
226.89670236212
226.827786395807
226.764619317397
226.698002021199
226.617044995882
226.483416054684
226.300116984688
226.203002362875
226.19676845545
226.803808811647
226.74951716622
226.696901765426
226.637929314354
226.567351946804
226.483416054684
226.383852674701
226.240088732362
226.199779518466
226.196717015355
226.567540140875
226.513994743043
226.457116415126
226.4049124168
226.35464750639
226.300116984688
226.240088732362
226.209232741892
226.197266766646
226.196677003467
226.249110316554
226.235790031825
226.221224900148
226.212117973946
226.206613316256
226.203002362875
226.199779518466
226.197266766646
226.196716455068
226.196671303092
226.197815486289
226.197345833338
226.197057905196
226.196905364515
226.196822570916
226.19676845545
226.196717015355
226.196677003467
226.196671303092
226.284299581878
