622.159310244409
476.001380548667
433.419114468061
347.915099760553
336.30141956268
342.605380101153
342.135290258427
365.273968143116
376.768238472396
238.843621830577
476.001380548667
333.827366153912
409.162172373586
324.256584724206
367.976490199385
354.96398876709
341.405998722084
369.280396473883
382.92064143911
235.332412085212
433.41911446806
409.162172373585
327.241714947337
335.640620398314
368.26251929695
343.884169777512
344.153165400518
369.624840210936
348.505883640632
232.673788469882
347.915099760554
324.256584724206
335.640620398313
325.236389939381
340.979192443245
358.943903279099
371.992136835152
369.920182156432
321.520920465039
230.915831226984
336.301419562682
367.976490199387
368.262519296951
340.979192443246
346.690598221392
372.778573600154
353.68904908583
364.330647718942
299.418338832542
229.753592781696
342.605380101151
354.963988767098
343.884169777507
358.943903279098
372.778573600154
364.416234908577
352.174262559627
381.405346355098
277.771939828185
228.844200385506
342.135290258425
341.405998722086
344.153165400518
371.992136835149
353.689049085831
352.174262559626
369.40295162507
387.220417086703
252.497014584493
227.904200426535
365.273968143119
369.280396473885
369.624840210939
369.920182156433
364.330647718943
381.405346355098
387.220417086703
279.460620153529
235.046773488974
227.111225190201
376.768238472395
382.92064143911
348.505883640632
321.520920465039
299.418338832542
277.771939828185
252.497014584493
235.046773488974
228.632988052102
226.681474356591
238.843621830577
235.332412085212
232.673788469882
230.915831226984
229.753592781695
228.844200385506
227.904200426535
227.111225190201
226.681474356591
226.430342515107
466.55823404029
364.156224670263
366.339760815599
247.006291947009
243.4364743499
243.221685307812
242.191420184113
239.110096429535
230.652098168632
226.35152934249
364.156224670263
400.348854564159
249.438308713407
243.397452057456
243.430150460232
242.928237854809
241.642733743545
238.172458263157
229.830430841925
226.289513022003
366.339760815593
249.438308713408
243.318722802524
243.414979410459
243.137570112714
242.439724542026
240.947365883099
237.029087117202
228.675834415586
226.250448997883
247.00629194701
243.397452057457
243.414979410459
243.216951079668
242.681218713193
241.70050023787
240.058401909384
235.821528958468
227.855820052544
226.22917681778
243.4364743499
243.430150460232
243.137570112714
242.681218713193
241.872302989777
240.805268929323
238.87945569421
234.499890097971
227.305097350066
226.217390473168
243.221685307812
242.928237854809
242.439724542027
241.700500237871
240.805268929323
239.595846773502
237.258637740873
232.807763410696
226.923984150096
226.209811959389
242.191420184113
241.642733743545
240.947365883099
240.058401909384
238.87945569421
237.258637740873
235.095596447665
230.035716723124
226.593062914203
226.203670300265
239.110096429535
238.172458263157
237.029087117202
235.821528958468
234.49989009797
232.807763410696
230.035716723124
227.457784391861
226.276476071342
226.199515876194
230.652098168632
229.830430841926
228.675834415586
227.855820052543
227.305097350066
226.923984150097
226.593062914203
226.276476071342
226.206980784132
226.200055955665
226.35152934249
226.289513022003
226.250448997883
226.22917681778
226.217390473168
226.209811959389
226.203670300265
226.199515876194
226.200055955665
226.314344897142
374.268381075421
365.627091663181
379.315907192052
250.986435502831
229.363929734285
227.078615838224
226.811831464307
226.57767451085
226.252735133227
226.197918698381
365.627091663181
404.331669352143
260.994832197757
231.293236841982
227.321196655507
226.903864630019
226.757959372134
226.524547688566
226.239720275727
226.197423813076
379.315907192051
260.994832197756
232.166333145686
227.50604941071
226.9531732205
226.834973690836
226.706151406965
226.468386748749
226.224072909338
226.197108123396
250.986435502831
231.293236841982
227.50604941071
226.973070358041
226.864728555083
226.772620277582
226.648350197988
226.416706641419
226.214169038958
226.196940459606
229.363929734285
227.321196655507
226.9531732205
226.864728555083
226.790684626896
226.707065785084
226.579692461797
226.367535978196
226.208137916453
226.196849923378
227.078615838224
226.903864630019
226.834973690836
226.772620277582
226.707065785084
226.627859694029
226.495683395187
226.313980755532
226.204162419295
226.196791517585
226.811831464307
226.757959372134
226.706151406965
226.648350197988
226.579692461797
226.495683395187
226.398839381173
226.249016689071
226.200612687647
226.196734398214
226.57767451085
226.524547688566
226.468386748749
226.41670664142
226.367535978195
226.313980755532
226.249016689071
226.212501573924
226.197500344106
226.196683413104
226.252735133228
226.239720275727
226.224072909337
226.214169038958
226.208137916453
226.204162419295
226.200612687647
226.197500344106
226.196739370682
226.19667436514
226.197918698381
226.197423813076
226.197108123396
226.196940459606
226.196849923379
226.196791517586
226.196734398214
226.196683413104
226.19667436514
226.281157835531
