550.265751745715
478.253299845104
437.042803027836
350.052229112011
338.638837326381
345.180662163152
344.575329491773
343.956805682637
378.269143708702
239.689754879402
478.253299845083
335.234164960915
412.836182281668
326.787913097403
371.067013736319
358.017074045379
344.139782319228
348.503753924736
384.656212422054
236.002062664111
437.042803027839
412.836182281665
329.272238727004
338.138616464122
371.960920205157
347.04567130983
347.702784075222
373.517500759641
357.08007459026
233.332057040593
350.052229112011
326.787913097403
338.138616464124
328.087795706436
344.438292311656
363.465021595447
377.730014978088
375.106656499918
330.891100305584
231.547746558572
338.638837326379
371.067013736319
371.960920205164
344.438292311657
350.977645361321
380.046043446759
360.215266830135
370.820576261529
310.355293421617
230.402410534842
345.180662163153
358.017074045383
347.04567130983
363.465021595448
380.04604344676
372.00735371063
360.203549802317
372.060390914184
290.129142567256
229.52900369328
344.57532949177
344.139782319233
347.702784075223
377.730014978093
360.215266830138
360.203549802319
382.085028589018
377.222677612524
262.187970641398
228.472462238076
343.956805682636
348.503753924736
373.517500759645
375.106656499918
370.820576261528
372.060390914183
377.222677612524
301.864882288842
238.319892049762
227.428582199582
378.269143708702
384.656212422054
357.08007459026
330.891100305584
310.355293421616
290.129142567255
262.187970641398
238.319892049762
229.489829685447
226.845782601218
239.689754879402
236.002062664111
233.332057040593
231.547746558572
230.402410534842
229.52900369328
228.472462238076
227.428582199582
226.845782601218
226.506671035768
463.778786481433
363.621174150648
370.140972013537
246.86764626105
243.120183722038
243.066004367682
242.126191958785
239.138695918241
230.828204539973
226.373461798527
363.621174150648
404.846843438709
249.337978580871
243.078822340437
243.207451626211
242.825593628498
241.607582911716
238.248163075348
229.89876708169
226.305320712067
370.140972013531
249.33797858087
242.990535471391
243.13649825706
242.986977282876
242.36017048011
240.952444870358
237.164218227375
229.067295913291
226.261020512238
246.86764626105
243.078822340437
243.13649825706
243.051570785153
242.597826456356
241.642347501394
240.054647618987
236.034798440784
228.230315600595
226.236574555521
243.120183722039
243.207451626211
242.986977282876
242.597826456356
241.822101469556
240.807036879207
239.029231694971
234.900658269216
227.630400736423
226.223250339025
243.066004367682
242.825593628498
242.36017048011
241.642347501394
240.807036879207
239.658378600579
237.444722008424
233.486050359979
227.187818718738
226.214713248465
242.126191958785
241.607582911716
240.952444870359
240.054647618986
239.029231694971
237.444722008424
235.524446018614
230.96393860591
226.777357343189
226.206908358056
239.138695918241
238.248163075348
237.164218227375
236.034798440785
234.900658269216
233.486050359979
230.96393860591
227.999796018954
226.329407900328
226.200773599911
230.828204539973
229.89876708169
229.067295913291
228.230315600595
227.630400736423
227.187818718738
226.77735734319
226.329407900328
226.212173884176
226.201197883468
226.373461798527
226.305320712067
226.261020512238
226.236574555521
226.223250339025
226.214713248465
226.206908358055
226.200773599911
226.201197883468
226.337996830129
370.507094380249
361.85262743016
381.271089694209
251.801838396369
229.411582165999
227.064600800111
226.803559438815
226.576840476887
226.255750065319
226.198094128248
361.85262743016
402.369092231429
261.744614838217
231.383730028542
227.30640437672
226.892348344665
226.752442147771
226.526444352571
226.240803677047
226.197549654623
381.271089694208
261.744614838217
232.272548602906
227.491174630098
226.937842279517
226.82576382357
226.703499870739
226.473188653629
226.229627771584
226.19720938388
251.801838396369
231.383730028542
227.491174630098
226.956461538529
226.854879857627
226.765545605557
226.645692386441
226.424443840922
226.218839166835
226.197016324638
229.411582165999
227.30640437672
226.937842279518
226.854879857627
226.784145588284
226.704285249775
226.586015103321
226.382024570683
226.211911817879
226.196913996694
227.064600800111
226.892348344665
226.82576382357
226.765545605557
226.704285249776
226.629230734334
226.503874473363
226.335426492734
226.207181269349
226.196849638307
226.803559438815
226.752442147771
226.703499870738
226.645692386441
226.586015103321
226.503874473363
226.4160940139
226.269512324827
226.202849211719
226.196781901477
226.576840476887
226.526444352571
226.473188653629
226.424443840922
226.382024570683
226.335426492734
226.269512324827
226.221685960331
226.198194569014
226.19670202774
226.255750065319
226.240803677048
226.229627771584
226.218839166835
226.211911817879
226.207181269349
226.202849211719
226.198194569014
226.196805241196
226.196681150796
226.198094128248
226.197549654623
226.19720938388
226.197016324638
226.196913996694
226.196849638307
226.196781901477
226.19670202774
226.196681150796
226.282183309989
