550.265751745715
478.253299845104
437.042803027836
350.052229112011
338.638837326381
345.180662163152
344.575329491773
343.956805682637
378.269143708702
240.383389509553
478.253299845083
335.234164960915
412.836182281668
326.787913097403
371.067013736319
358.017074045379
344.139782319228
348.503753924736
384.656212422054
236.533170542848
437.042803027839
412.836182281665
329.272238727004
338.138616464122
371.960920205157
347.04567130983
347.702784075222
373.517500759641
363.854706272202
233.865654738981
350.052229112011
326.787913097403
338.138616464124
328.087795706436
344.438292311656
363.465021595447
377.730014978088
375.106656499918
337.851177786982
232.042774511304
338.638837326379
371.067013736319
371.960920205164
344.438292311657
350.977645361321
380.046043446759
360.215266830135
370.820576261529
318.066127226
230.900668261216
345.180662163153
358.017074045383
347.04567130983
363.465021595448
380.04604344676
372.00735371063
360.203549802317
372.060390914184
298.764259544883
230.052667222232
344.57532949177
344.139782319233
347.702784075223
377.730014978093
360.215266830138
360.203549802319
382.085028589018
377.222677612524
270.037170785107
228.937211751236
343.956805682636
348.503753924736
373.517500759645
375.106656499918
370.820576261528
372.060390914183
377.222677612524
321.259075221706
241.131953984596
227.69877956967
378.269143708702
384.656212422054
363.854706272202
337.851177786981
318.066127226
298.764259544883
270.037170785107
241.131953984596
230.221957816335
226.987114666007
240.383389509553
236.533170542849
233.865654738981
232.042774511304
230.900668261216
230.052667222233
228.937211751236
227.69877956967
226.987114666007
226.572999244787
463.778786481433
363.621174150648
374.189690276191
247.091523719415
243.121453411094
243.142207437508
242.256365332395
239.340976129888
231.035868392598
226.386021286615
363.621174150648
404.846843438709
249.640172842803
243.084281079699
243.251084520569
242.923552001983
241.75235063185
238.468569856047
230.099420709636
226.315259090226
374.189690276185
249.640172842802
242.999029285605
243.163568390557
243.064614253806
242.4776345871
241.114117722735
237.411009628433
229.295317833701
226.268943814914
247.091523719415
243.0842810797
243.163568390557
243.12199650064
242.702908889488
241.77794682256
240.239313031809
236.322306380525
228.450328589423
226.242447482451
243.121453411095
243.251084520569
243.064614253806
242.702908889488
241.950485848749
240.963493524007
239.250509273852
235.228922273306
227.827783299086
226.228101840245
243.142207437508
242.923552001984
242.4776345871
241.77794682256
240.963493524008
239.849824274142
237.703537653232
233.928505663673
227.359104315623
226.218945444664
242.256365332395
241.75235063185
241.114117722736
240.239313031809
239.250509273852
237.703537653232
235.835893585336
231.528431298127
226.90732538853
226.209926693453
239.340976129888
238.468569856048
237.411009628433
236.322306380526
235.228922273306
233.928505663673
231.528431298127
228.312840372618
226.385558279043
226.202081860522
231.035868392599
230.099420709637
229.295317833701
228.450328589423
227.827783299086
227.359104315623
226.90732538853
226.385558279044
226.217909138813
226.202280796928
226.386021286615
226.315259090226
226.268943814914
226.242447482451
226.228101840245
226.218945444664
226.209926693453
226.202081860522
226.202280796928
226.358349468328
370.507094380249
361.85262743016
384.994746110096
252.730130594589
229.528024895889
227.07639410247
226.810933172541
226.586537105337
226.259646537287
226.198211422504
361.85262743016
402.369092231429
262.858122197184
231.585566014451
227.327546215477
226.898643834403
226.760251846111
226.536468429152
226.243910210727
226.197636238126
384.994746110095
262.858122197184
232.511258696953
227.521228685154
226.943955166994
226.832176784489
226.71205463436
226.483692399607
226.232845845589
226.197276842809
252.730130594589
231.585566014451
227.521228685154
226.962652783672
226.860610618945
226.772841537211
226.655207494657
226.435794779402
226.221649785229
226.197066737932
229.528024895889
227.327546215477
226.943955166994
226.860610618945
226.791060319206
226.712569941492
226.597031047787
226.393948335133
226.214212339955
226.196956300089
227.07639410247
226.898643834403
226.832176784489
226.772841537211
226.712569941493
226.639047097069
226.515758910539
226.349705515009
226.209091855962
226.1968888048
226.810933172541
226.760251846111
226.71205463436
226.655207494657
226.597031047787
226.515758910539
226.428515997661
226.282844283663
226.204319824872
226.196815962548
226.586537105337
226.536468429152
226.483692399607
226.435794779402
226.393948335133
226.349705515009
226.282844283663
226.226235730985
226.198788769411
226.196718082549
226.259646537287
226.243910210727
226.232845845589
226.221649785229
226.214212339955
226.209091855962
226.204319824872
226.198788769412
226.196864947786
226.196687574599
226.198211422504
226.197636238126
226.197276842809
226.197066737932
226.196956300089
226.1968888048
226.196815962549
226.196718082549
226.196687574599
226.28214012086
