550.265751745715
478.253299845104
437.042803027836
350.052229112011
338.638837326381
345.180662163152
344.575329491773
343.956805682637
378.269143708702
241.106435356891
478.253299845083
335.234164960915
412.836182281668
326.787913097403
371.067013736319
358.017074045379
344.139782319228
348.503753924736
384.656212422054
237.081350633705
437.042803027839
412.836182281665
329.272238727004
338.138616464122
371.960920205157
347.04567130983
347.702784075222
373.517500759641
370.743295969225
234.423254095223
350.052229112011
326.787913097403
338.138616464124
328.087795706436
344.438292311656
363.465021595447
377.730014978088
375.106656499918
344.908803260202
232.56628269161
338.638837326379
371.067013736319
371.960920205164
344.438292311657
350.977645361321
380.046043446759
360.215266830135
370.820576261529
325.952948459003
231.438474532087
345.180662163153
358.017074045383
347.04567130983
363.465021595448
380.04604344676
372.00735371063
360.203549802317
372.060390914184
307.912546046807
230.641545727854
344.57532949177
344.139782319233
347.702784075223
377.730014978093
360.215266830138
360.203549802319
382.085028589018
377.222677612524
279.090138494187
229.498382630317
343.956805682636
348.503753924736
373.517500759645
375.106656499918
370.820576261528
372.060390914183
377.222677612524
344.633954796123
244.694457780114
228.035685437533
378.269143708702
384.656212422054
370.743295969225
344.908803260202
325.952948459003
307.912546046806
279.090138494187
244.694457780114
231.137809542444
227.161331681788
241.106435356891
237.081350633705
234.423254095223
232.56628269161
231.438474532087
230.641545727854
229.498382630317
228.035685437533
227.161331681788
226.654231338823
463.778786481433
363.621174150648
378.306617331819
247.325419820979
243.122397364322
243.215526753309
242.385258936427
239.541864640932
231.247359622731
226.398981410687
363.621174150648
404.846843438709
249.94698621472
243.090307008882
243.291925320259
243.019738358035
241.895852515527
238.686450622946
230.299156543626
226.325724371215
378.306617331813
249.946986214719
243.008400101252
243.188309683999
243.13996732909
242.593997101389
241.274105544565
237.653157489125
229.530196666129
226.27771715917
247.325419820979
243.090307008883
243.188309683999
243.189941353069
242.80670654572
241.912716720552
240.420962692497
236.605252033023
228.685935844988
226.249107797191
243.122397364322
243.291925320259
243.13996732909
242.80670654572
242.078186738499
241.118567216771
239.465676950457
235.548983707708
228.044277033992
226.233801628505
243.215526753309
243.019738358036
242.593997101389
241.912716720552
241.118567216771
240.038213383965
237.963210502199
234.336936801018
227.560151581286
226.224220887937
242.385258936427
241.895852515527
241.274105544565
240.420962692497
239.465676950458
237.963210502199
236.128834702658
232.09764423805
227.065958975586
226.213978746789
239.541864640932
238.686450622946
237.653157489125
236.605252033023
235.548983707708
234.336936801018
232.09764423805
228.658022970492
226.470891294749
226.203941460529
231.247359622731
230.299156543627
229.53019666613
228.685935844988
228.044277033992
227.560151581286
227.065958975586
226.470891294749
226.226324959516
226.203673419397
226.398981410688
226.325724371215
226.277717159169
226.24910779719
226.233801628505
226.224220887937
226.213978746788
226.203941460529
226.203673419397
226.384209108623
370.507094380249
361.85262743016
388.765472118524
253.687811996797
229.649900971325
227.088373973585
226.818216665097
226.596221224922
226.263745635152
226.198334368308
361.85262743016
402.369092231429
263.981489275225
231.794642313258
227.349484860639
226.904840256466
226.767969172678
226.546454551099
226.24712245854
226.197728682821
388.765472118523
263.981489275225
232.757559617702
227.552770108572
226.949998206926
226.83848318639
226.72050352579
226.494108303255
226.236235380772
226.197351581881
253.687811996797
231.794642313258
227.552770108572
226.96879512857
226.866217567964
226.780052950249
226.664563797817
226.447153333171
226.224755152994
226.197123842136
229.649900971325
227.349484860639
226.949998206926
226.866217567964
226.797892255623
226.720751495565
226.607767012487
226.405841531865
226.216808066098
226.19700532799
227.088373973585
226.904840256465
226.83848318639
226.780052950249
226.720751495565
226.648702219555
226.52780230715
226.36341019209
226.211364757494
226.196935984223
226.818216665097
226.767969172678
226.72050352579
226.664563797818
226.607767012487
226.52780230715
226.440383313323
226.297461623982
226.206113220714
226.1968588302
226.596221224922
226.546454551099
226.494108303256
226.447153333171
226.405841531865
226.36341019209
226.297461623982
226.231096889922
226.199689426172
226.196741041876
226.263745635152
226.24712245854
226.236235380772
226.224755152994
226.216808066098
226.211364757494
226.206113220714
226.199689426172
226.196952839111
226.196696330311
226.198334368308
226.197728682821
226.197351581881
226.197123842136
226.19700532799
226.196935984223
226.1968588302
226.196741041876
226.196696330311
226.283768984127
