622.159310244409
476.001380548667
433.419114468061
347.915099760553
336.30141956268
342.605380101153
342.135290258427
365.273968143116
376.768238472396
241.642844919968
476.001380548667
333.827366153912
409.162172373586
324.256584724206
367.976490199385
354.96398876709
341.405998722084
369.280396473883
389.738677840299
237.451384569397
433.41911446806
409.162172373585
327.241714947337
335.640620398314
368.26251929695
343.884169777512
344.153165400518
369.624840210936
375.728736825793
234.78075547576
347.915099760554
324.256584724206
335.640620398313
325.236389939381
340.979192443245
358.943903279099
371.992136835152
369.920182156432
349.621752405407
232.887433249767
336.301419562682
367.976490199387
368.262519296951
340.979192443246
346.690598221392
372.778573600154
353.68904908583
364.330647718942
330.379451960167
231.740356736373
342.605380101151
354.963988767098
343.884169777507
358.943903279098
372.778573600154
364.416234908577
352.174262559627
381.405346355098
312.043618369151
230.922169371616
342.135290258425
341.405998722086
344.153165400518
371.992136835149
353.689049085831
352.174262559626
369.40295162507
387.220417086703
282.37234348348
229.737800320437
365.273968143119
369.280396473885
369.624840210939
369.920182156433
364.330647718943
381.405346355098
387.220417086703
352.677116817156
246.036620071404
228.191362897831
376.768238472395
389.738677840298
375.728736825793
349.621752405407
330.379451960167
312.043618369151
282.37234348348
246.036620071404
231.559955764508
227.251878398528
241.642844919968
237.451384569397
234.78075547576
232.887433249768
231.740356736373
230.922169371616
229.737800320437
228.191362897831
227.251878398528
226.699511136379
466.55823404029
364.156224670263
382.311288188666
247.88312243299
243.478428233822
243.547496849631
242.720732546111
239.93309416234
231.513324153804
226.399283750997
364.156224670263
405.451734416275
250.657206424833
243.420913563612
243.633292912394
243.336012362577
242.229254294679
239.070068862806
230.505065039581
226.327020185047
382.311288188659
250.657206424833
243.352756712815
243.554300701452
243.470026519095
242.921941940304
241.601185485375
238.035736976699
229.682164346062
226.279868785124
247.88312243299
243.420913563612
243.554300701452
243.52276482197
243.117241756
242.253384177606
240.804275590528
236.997309449712
228.723324146196
226.251645246364
243.478428233822
243.633292912394
243.470026519095
243.117241756
242.39775129743
241.441095779313
239.775092033522
235.865617912366
228.069710330947
226.236294594917
243.547496849631
243.336012362577
242.921941940304
242.253384177606
241.441095779312
240.373015792938
238.332172175893
234.622163074204
227.571436064249
226.226489203696
242.720732546111
242.229254294679
241.601185485374
240.804275590528
239.775092033522
238.332172175893
236.387157123958
232.377030358786
227.062130342908
226.215828363199
239.93309416234
239.070068862805
238.035736976699
236.997309449712
235.865617912366
234.622163074204
232.377030358786
228.637353608005
226.492360195354
226.205038227954
231.513324153804
230.505065039581
229.682164346062
228.723324146196
228.069710330947
227.571436064249
227.062130342908
226.492360195354
226.231737747713
226.204592836273
226.399283750997
226.327020185047
226.279868785124
226.251645246364
226.236294594917
226.226489203696
226.215828363199
226.205038227954
226.204592836273
226.398467169848
374.268381075421
365.627091663181
394.223762220974
254.610507530749
229.829159197121
227.128554073652
226.842516108229
226.618087888183
226.269506083213
226.198382288451
365.627091663181
404.331669352143
265.497777455673
232.111236536608
227.410271602945
226.930835053431
226.790236739629
226.566344815599
226.250736916549
226.197761125628
394.223762220974
265.497777455672
233.139279110639
227.631449772775
226.980038802762
226.861925213546
226.741354051596
226.512204066924
226.238234439928
226.197369962492
254.610507530748
232.111236536608
227.631449772775
227.000511800025
226.889174158373
226.802924305544
226.687498207101
226.464191966518
226.225028171519
226.19713406178
229.829159197121
227.410271602945
226.980038802762
226.889174158373
226.819511925163
226.741271501617
226.624911581667
226.417830754987
226.216869858246
226.197011482187
227.128554073652
226.93083505343
226.861925213546
226.802924305545
226.741271501616
226.668302077262
226.545828001338
226.372625215349
226.211286911209
226.196939387069
226.842516108229
226.790236739629
226.741354051596
226.687498207101
226.624911581667
226.545828001338
226.450767804378
226.303857446967
226.205848028232
226.196859429602
226.618087888183
226.566344815599
226.512204066924
226.464191966518
226.417830754987
226.372625215349
226.303857446967
226.228844580795
226.199722298737
226.196744108846
226.269506083213
226.250736916549
226.238234439928
226.225028171518
226.216869858246
226.211286911209
226.205848028232
226.199722298737
226.1969729249
226.196700552704
226.198382288451
226.197761125628
226.197369962492
226.19713406178
226.197011482187
226.196939387069
226.196859429602
226.196744108846
226.196700552704
226.282751326193
