550.265751745715
478.253299845104
437.042803027836
350.052229112011
338.638837326381
345.180662163152
344.575329491773
343.956805682637
378.269143708702
242.839146294254
478.253299845083
335.234164960915
412.836182281668
326.787913097403
371.067013736319
358.017074045379
344.139782319228
348.503753924736
384.656212422054
238.392648414609
437.042803027839
412.836182281665
329.272238727004
338.138616464122
371.960920205157
347.04567130983
347.702784075222
373.517500759641
386.666922574164
235.771224517139
350.052229112011
326.787913097403
338.138616464124
328.087795706436
344.438292311656
363.465021595447
377.730014978088
375.106656499918
361.144749585091
233.854627440015
338.638837326379
371.067013736319
371.960920205164
344.438292311657
350.977645361321
380.046043446759
360.215266830135
370.820576261529
344.257267799777
232.800652790008
345.180662163153
358.017074045383
347.04567130983
363.465021595448
380.04604344676
372.00735371063
360.203549802317
372.060390914184
329.996792356618
232.226843071495
344.57532949177
344.139782319233
347.702784075223
377.730014978093
360.215266830138
360.203549802319
382.085028589018
377.222677612524
303.187698404996
231.186553542928
343.956805682636
348.503753924736
373.517500759645
375.106656499918
370.820576261528
372.060390914183
377.222677612524
370.933216399334
255.549129023642
229.117367841852
378.269143708702
384.656212422054
386.666922574164
361.144749585091
344.257267799776
329.996792356617
303.187698404996
255.549129023642
234.099812027577
227.725866729372
242.839146294254
238.392648414609
235.771224517139
233.854627440015
232.800652790008
232.226843071495
231.186553542928
229.117367841852
227.725866729372
226.91599321118
463.778786481433
363.621174150648
387.809181944602
247.890595215798
243.123511525079
243.366601970742
242.668902819105
239.98873835076
231.737762823224
226.429790270891
363.621174150648
404.846843438709
250.671186519614
243.106074844516
243.372478275833
243.227388949662
242.212799642263
239.168038539623
230.743540801561
226.35146904335
387.809181944596
250.671186519614
243.03273815636
243.23714649395
243.299402235869
242.849492536857
241.62677349421
238.1820750414
230.077814519649
226.301084060646
247.890595215797
243.106074844517
243.237146493951
243.332446850222
243.033003982136
242.210665106811
240.817698768695
237.209270059896
229.277994377689
226.267494337798
243.12351152508
243.372478275834
243.299402235869
243.033003982136
242.360466649748
241.460533719664
239.928636252185
236.253886729655
228.598674028157
226.250373501844
243.366601970742
243.227388949663
242.849492536857
242.210665106811
241.460533719664
240.449829099789
238.544184338643
235.163086490157
228.11693039328
226.241087128548
242.668902819105
242.212799642263
241.62677349421
240.817698768694
239.928636252185
238.544184338642
236.73609292929
233.364943813693
227.544981142145
226.228813852243
239.98873835076
239.168038539623
238.1820750414
237.209270059896
236.253886729655
235.163086490157
233.364943813693
229.356729655825
226.784085236562
226.211303988976
231.737762823224
230.743540801561
230.077814519649
229.277994377689
228.598674028157
228.11693039328
227.544981142145
226.784085236562
226.261953407146
226.208521445835
226.429790270891
226.35146904335
226.301084060646
226.267494337798
226.250373501844
226.241087128549
226.228813852243
226.211303988976
226.208521445835
226.470742345796
370.507094380249
361.85262743016
397.414019119679
255.953099701113
229.945529609167
227.115996822909
226.834184679509
226.617952439649
226.27376793734
226.198633299935
361.85262743016
402.369092231429
266.612161273807
232.293000947853
227.402027286484
226.918322592129
226.784926577914
226.568793220231
226.254694163843
226.197960323789
397.414019119678
266.612161273807
233.340832557291
227.629521047082
226.963310362301
226.852166561078
226.73907428982
226.517240363727
226.244421042599
226.197551376167
255.953099701113
232.293000947853
227.629521047082
226.982450813908
226.878253399157
226.795863443445
226.68499602051
226.471992248609
226.233020368544
226.197282785378
229.945529609166
227.402027286484
226.963310362301
226.878253399157
226.812839517459
226.738709416922
226.630964260588
226.433020700002
226.223857637644
226.197146985165
227.115996822909
226.918322592129
226.852166561078
226.795863443445
226.738709416922
226.669815711651
226.555243513771
226.392663224509
226.217990699663
226.197082504895
226.834184679509
226.784926577914
226.73907428982
226.68499602051
226.630964260588
226.555243513771
226.465636475979
226.334353283252
226.211703108636
226.197003326172
226.617952439649
226.568793220231
226.517240363727
226.471992248609
226.433020700002
226.392663224509
226.334353283252
226.241804679488
226.203395512679
226.196837536787
226.27376793734
226.254694163843
226.244421042599
226.233020368544
226.223857637644
226.217990699663
226.211703108636
226.203395512679
226.19734859373
226.196731523987
226.198633299935
226.197960323789
226.197551376167
226.197282785378
226.197146985165
226.197082504895
226.197003326172
226.196837536787
226.196731523987
226.295277363151
