550.265751745715
478.253299845104
437.042803027836
350.052229112011
338.638837326381
345.180662163152
344.575329491773
343.956805682637
378.269143708702
243.53128324876
478.253299845083
335.234164960915
412.836182281668
326.787913097403
371.067013736319
358.017074045379
344.139782319228
348.503753924736
384.656212422054
238.905652894589
437.042803027839
412.836182281665
329.272238727004
338.138616464122
371.960920205157
347.04567130983
347.702784075222
373.517500759641
392.794266276753
236.189030352592
350.052229112011
326.787913097403
338.138616464124
328.087795706436
344.438292311656
363.465021595447
377.730014978088
375.106656499918
367.65164683813
234.3622085007
338.638837326379
371.067013736319
371.960920205164
344.438292311657
350.977645361321
380.046043446759
360.215266830135
370.820576261529
351.439112339394
233.364333584469
345.180662163153
358.017074045383
347.04567130983
363.465021595448
380.04604344676
372.00735371063
360.203549802317
372.060390914184
338.790014372558
232.91344332536
344.57532949177
344.139782319233
347.702784075223
377.730014978093
360.215266830138
360.203549802319
382.085028589018
377.222677612524
313.622253991749
231.981723086575
343.956805682636
348.503753924736
373.517500759645
375.106656499918
370.820576261528
372.060390914183
377.222677612524
370.933216399334
261.226104873039
229.657113637782
378.269143708702
384.656212422054
392.794266276753
367.65164683813
351.439112339394
338.790014372557
313.622253991749
261.226104873039
235.594949362398
228.009104376753
243.53128324876
238.905652894589
236.189030352592
234.3622085007
233.364333584469
232.91344332536
231.981723086575
229.657113637782
228.009104376753
227.046931441324
463.778786481433
363.621174150648
391.483671210163
248.117360030973
243.123513076159
243.415349949348
242.769681809153
240.152367314
231.923902986645
226.441407660607
363.621174150648
404.846843438709
250.959159084566
243.112642028335
243.396682850657
243.299266900108
242.326272337735
239.344114931442
230.902842312065
226.361229637741
391.483671210157
250.959159084565
243.042854078983
243.251600856213
243.353573968059
242.940193166439
241.753320164205
238.373379433193
230.08683840438
226.308304522682
248.117360030973
243.112642028336
243.251600856214
243.380580479278
243.113116131659
242.317934355297
240.960059587305
237.425408144916
229.490839407719
226.275077727754
243.123513076159
243.396682850658
243.353573968059
243.113116131659
242.462288545365
241.584208860535
240.093729238301
236.509814284509
228.828180167513
226.257813610798
243.415349949348
243.299266900108
242.940193166439
242.317934355297
241.584208860535
240.597799266408
238.751050642891
235.456116994083
228.359009126588
226.249328455879
242.769681809153
242.326272337735
241.753320164205
240.960059587305
240.093729238301
238.751050642891
236.959444654921
233.78733435985
227.783876822828
226.236959391103
240.152367314
239.344114931443
238.373379433193
237.425408144916
236.509814284509
235.456116994083
233.78733435985
229.769318263619
226.933691778065
226.21552042491
231.923902986645
230.902842312065
230.08683840438
229.490839407719
228.828180167513
228.359009126588
227.783876822828
226.933691778065
226.283564771533
226.211109357138
226.441407660607
226.361229637741
226.308304522681
226.275077727754
226.257813610798
226.24932845588
226.236959391103
226.21552042491
226.211109357138
226.514773095853
370.507094380249
361.85262743016
400.742395954032
256.846511820359
230.064558243942
227.126559524256
226.839936751506
226.626094654754
226.277819053427
226.198753070607
361.85262743016
402.369092231429
267.639743919023
232.490631783635
227.422894164812
226.923135817706
226.791068685087
226.577201634697
226.25763439442
226.198053302058
400.742395954031
267.639743919022
233.570831461759
227.660435027235
226.968157682893
226.857033926819
226.745833028359
226.525913602528
226.244579585037
226.197616208308
256.846511820359
232.490631783635
227.660435027235
226.987486263698
226.882496194387
226.801573143773
226.692419578358
226.481181619455
226.236181034047
226.197350832426
230.064558243942
227.422894164812
226.968157682893
226.882496194387
226.818228169895
226.745234084809
226.639330905367
226.443249574645
226.226946315287
226.197211917175
227.126559524256
226.923135817706
226.85703392682
226.801573143773
226.745234084809
226.677458943829
226.565182772709
226.403495255186
226.221021633008
226.197153874039
226.839936751506
226.791068685087
226.745833028359
226.692419578359
226.639330905367
226.565182772709
226.475151012742
226.347750982485
226.214573683151
226.197079447319
226.626094654753
226.577201634697
226.525913602528
226.481181619455
226.443249574645
226.403495255186
226.347750982485
226.248738478063
226.205319591965
226.196893506175
226.277819053427
226.25763439442
226.244579585037
226.236181034047
226.226946315287
226.221021633008
226.214573683151
226.205319591966
226.197593080174
226.196752243272
226.198753070607
226.198053302058
226.197616208309
226.197350832426
226.197211917174
226.197153874039
226.197079447319
226.196893506175
226.196752243272
226.302589608109
