550.265751745715
478.253299845104
437.042803027836
350.052229112011
338.638837326381
345.180662163152
344.575329491773
343.956805682637
378.269143708702
243.949123728198
478.253299845083
335.234164960915
412.836182281668
326.787913097403
371.067013736319
358.017074045379
344.139782319228
348.503753924736
384.656212422054
239.224578665453
437.042803027839
412.836182281665
329.272238727004
338.138616464122
371.960920205157
347.04567130983
347.702784075222
373.517500759641
392.794266276753
236.472273368296
350.052229112011
326.787913097403
338.138616464124
328.087795706436
344.438292311656
363.465021595447
377.730014978088
375.106656499918
371.4510635204
234.673532546763
338.638837326379
371.067013736319
371.960920205164
344.438292311657
350.977645361321
380.046043446759
360.215266830135
370.820576261529
355.708448812969
233.708042240804
345.180662163153
358.017074045383
347.04567130983
363.465021595448
380.04604344676
372.00735371063
360.203549802317
372.060390914184
344.061473468921
233.337358266753
344.57532949177
344.139782319233
347.702784075223
377.730014978093
360.215266830138
360.203549802319
382.085028589018
377.222677612524
320.062019932717
232.487318724044
343.956805682636
348.503753924736
373.517500759645
375.106656499918
370.820576261528
372.060390914183
377.222677612524
370.933216399334
264.985416447646
230.008447367339
378.269143708702
384.656212422054
392.794266276753
371.4510635204
355.708448812969
344.06147346892
320.062019932717
264.985416447646
236.574198138385
228.193288765958
243.949123728198
239.224578665453
236.472273368296
234.673532546763
233.708042240804
233.337358266753
232.487318724044
230.008447367339
228.193288765958
227.131891577023
463.778786481433
363.621174150648
393.666111606288
248.253656234713
243.123509655919
243.443926733671
242.830168582097
240.250562009885
232.037377123742
226.448680673174
363.621174150648
404.846843438709
251.131694790049
243.116671380674
243.410593661408
243.342056723632
242.394711887601
239.450339613883
231.004939300697
226.367532271037
393.666111606281
251.131694790049
243.049020413612
243.260116458952
243.385379517396
242.994333987942
241.829813405231
238.490045145486
230.204820279726
226.313694216466
248.253656234713
243.116671380675
243.260116458952
243.408627661058
243.160291864496
242.381684596294
241.044983067051
237.553901680187
229.622869150764
226.280081232273
243.123509655919
243.410593661408
243.385379517396
243.160291864496
242.522397963493
241.657279111199
240.190687468378
236.658603299028
228.97102564702
226.262614422754
243.443926733671
243.342056723632
242.994333987942
242.381684596294
241.6572791112
240.684595533751
238.87077252124
235.627903595029
228.509777914779
226.254705203588
242.830168582098
242.394711887601
241.829813405231
241.044983067051
240.190687468378
238.87077252124
237.091628389373
234.022746259814
227.940082417693
226.242479833291
240.250562009885
239.450339613883
238.490045145486
237.553901680188
236.658603299028
235.627903595029
234.022746259814
230.054365153357
227.028058105148
226.218413816711
232.037377123742
231.004939300697
230.204820279726
229.622869150764
228.97102564702
228.509777914779
227.940082417693
227.028058105148
226.298735803123
226.212839843909
226.448680673174
226.367532271037
226.313694216465
226.280081232272
226.262614422754
226.254705203588
226.242479833291
226.218413816711
226.212839843909
226.543453407509
370.507094380249
361.85262743016
402.715887700656
257.380397885463
230.136139713812
227.132859936373
226.843349531486
226.630935175802
226.280283201974
226.198826103843
361.85262743016
402.369092231429
268.251443153657
232.60888933435
227.435493892924
226.925979213208
226.794723704013
226.582199361947
226.259471997631
226.198111346956
402.715887700656
268.251443153657
233.708198360201
227.679029726628
226.971019348443
226.85990762888
226.749857716366
226.531085360757
226.246334794564
226.197662660949
257.380397885463
232.60888933435
227.679029726628
226.990461698047
226.884973938696
226.804939915163
226.696806618882
226.486599090184
226.238112810316
226.197394077176
230.136139713812
227.435493892924
226.971019348443
226.884973938696
226.821389554264
226.749069379551
226.644223264708
226.449212532396
226.228882505983
226.197253114694
227.132859936373
226.925979213208
226.85990762888
226.804939915163
226.749069379552
226.681926696953
226.570934212525
226.409907650826
226.222935965677
226.197199948694
226.843349531486
226.794723704013
226.749857716366
226.696806618882
226.644223264708
226.570934212525
226.480807950295
226.35538584516
226.216474175467
226.19713018417
226.630935175802
226.582199361947
226.531085360757
226.486599090184
226.449212532396
226.409907650826
226.35538584516
226.253779108489
226.206557934503
226.19693137176
226.280283201974
226.259471997632
226.246334794564
226.238112810316
226.228882505983
226.222935965677
226.216474175467
226.206557934504
226.197763671596
226.196766482255
226.198826103843
226.198111346956
226.197662660949
226.197394077176
226.197253114693
226.197199948694
226.197130184171
226.196931371761
226.196766482255
226.307595822632
