550.265751745715
478.253299845104
437.042803027836
350.052229112011
338.638837326381
345.180662163152
344.575329491773
343.956805682637
378.269143708702
244.373906460506
478.253299845083
335.234164960915
412.836182281668
326.787913097403
371.067013736319
358.017074045379
344.139782319228
348.503753924736
384.656212422054
239.551626041042
437.042803027839
412.836182281665
329.272238727004
338.138616464122
371.960920205157
347.04567130983
347.702784075222
373.517500759641
392.794266276753
236.754302046107
350.052229112011
326.787913097403
338.138616464124
328.087795706436
344.438292311656
363.465021595447
377.730014978088
375.106656499918
375.248578727443
234.99127203871
338.638837326379
371.067013736319
371.960920205164
344.438292311657
350.977645361321
380.046043446759
360.215266830135
370.820576261529
360.008944009594
234.062267749016
345.180662163153
358.017074045383
347.04567130983
363.465021595448
380.04604344676
372.00735371063
360.203549802317
372.060390914184
349.406530174136
233.780683097477
344.57532949177
344.139782319233
347.702784075223
377.730014978093
360.215266830138
360.203549802319
382.085028589018
377.222677612524
326.751854575349
233.031974206689
343.956805682636
348.503753924736
373.517500759645
375.106656499918
370.820576261528
372.060390914183
377.222677612524
370.933216399334
269.148209124397
230.397220671508
378.269143708702
384.656212422054
392.794266276753
375.248578727443
360.008944009594
349.406530174135
326.751854575349
269.148209124397
237.664069186649
228.397096990106
244.373906460506
239.551626041042
236.754302046107
234.99127203871
234.062267749016
233.780683097477
233.031974206689
230.397220671508
228.397096990106
227.225665147604
463.778786481433
363.621174150648
395.86470074381
248.392787241807
243.123500260905
243.471929359137
242.890707596998
240.348745360477
232.151818721905
226.456134631683
363.621174150648
404.846843438709
251.307280617072
243.120870114292
243.424106644103
243.384686216218
242.463080469762
239.555750567323
231.106500810482
226.373937412821
395.864700743803
251.307280617072
243.055405166895
243.268757897327
243.416971030785
243.04843052226
241.905924733062
238.604316523098
230.313878524302
226.319135345637
248.392787241807
243.120870114293
243.268757897327
243.436474142778
243.20741319522
242.44552848283
241.129561165021
237.680547217382
229.753651934882
226.28534260193
243.123500260905
243.424106644103
243.416971030785
243.20741319522
242.582635453872
241.730437475958
240.286919832687
236.804709689648
229.118622910413
226.267767689308
243.471929359136
243.384686216219
243.04843052226
242.44552848283
241.730437475958
240.771072130269
238.988532860933
235.798775942284
228.666777694265
226.260619389871
242.890707596998
242.463080469762
241.905924733062
241.129561165021
240.286919832687
238.988532860933
237.224460994793
234.247056895286
228.110139249887
226.248818703354
240.348745360477
239.555750567323
238.604316523098
237.680547217382
236.804709689648
235.798775942284
234.247056895286
230.378547951773
227.12912840102
226.22179421054
232.151818721905
231.106500810482
230.313878524303
229.753651934882
229.118622910413
228.666777694265
228.110139249887
227.12912840102
226.3168814547
226.214814556327
226.456134631683
226.373937412821
226.319135345637
226.28534260193
226.267767689308
226.260619389871
226.248818703354
226.22179421054
226.214814556327
226.575201890577
370.507094380249
361.85262743016
404.701014317792
257.922127464132
230.209279672663
227.139228435232
226.846748336576
226.635773826494
226.282799850769
226.198900845405
361.85262743016
402.369092231429
268.869684789812
232.729134297084
227.448388656437
226.928808611783
226.798359829989
226.58717256023
226.261337799537
226.198170818682
404.701014317791
268.869684789812
233.847616043786
227.69803580029
226.973885895135
226.862760299629
226.753854027903
226.536193523666
226.248048257323
226.197710608093
257.922127464132
232.729134297084
227.69803580029
226.993454054351
226.887429238087
226.808294079523
226.701166653604
226.491969138129
226.240056258378
226.197439584484
230.209279672663
227.448388656437
226.973885895135
226.887429238087
226.824538880093
226.752893758847
226.649070673601
226.455107123864
226.23091743308
226.197297270523
227.139228435232
226.928808611783
226.862760299629
226.808294079523
226.752893758847
226.68636465739
226.576593989612
226.416356980564
226.224966682054
226.19725039534
226.846748336576
226.798359829989
226.753854027903
226.701166653604
226.649070673601
226.576593989612
226.486521157547
226.362811589823
226.218581424382
226.197187730597
226.635773826494
226.58717256023
226.536193523666
226.491969138129
226.455107123864
226.416356980564
226.362811589823
226.259867053337
226.207907976762
226.196974779133
226.282799850769
226.261337799537
226.248048257323
226.240056258378
226.23091743308
226.224966682054
226.218581424382
226.207907976762
226.197966324276
226.196783151894
226.198900845405
226.198170818682
226.197710608093
226.197439584484
226.197297270523
226.19725039534
226.197187730597
226.196974779134
226.196783151894
226.313367210861
