622.159310244409
476.001380548667
433.419114468061
347.915099760553
336.30141956268
342.605380101153
342.135290258427
365.273968143116
376.768238472396
244.564108786019
476.001380548667
333.827366153912
409.162172373586
324.256584724206
367.976490199385
354.96398876709
341.405998722084
369.280396473883
389.738677840299
239.659751071435
433.41911446806
409.162172373585
327.241714947337
335.640620398314
368.26251929695
343.884169777512
344.153165400518
369.624840210936
390.4200703629
236.793848151641
347.915099760554
324.256584724206
335.640620398313
325.236389939381
340.979192443245
358.943903279099
371.992136835152
369.920182156432
376.304598114895
235.006124557583
336.301419562682
367.976490199387
368.262519296951
340.979192443246
346.690598221392
372.778573600154
353.68904908583
364.330647718942
360.588489915648
234.045103292576
342.605380101151
354.963988767098
343.884169777507
358.943903279098
372.778573600154
364.416234908577
352.174262559627
381.405346355098
348.861049016975
233.67583385349
342.135290258425
341.405998722086
344.153165400518
371.992136835149
353.689049085831
352.174262559626
369.40295162507
387.220417086703
324.447503798891
232.818922676895
365.273968143119
369.280396473885
369.624840210939
369.920182156433
364.330647718943
381.405346355098
387.220417086703
386.559283398527
266.734249930659
230.219532675421
376.768238472395
389.738677840298
390.4200703629
376.304598114895
360.588489915648
348.861049016975
324.447503798891
266.73424993066
237.140211078912
228.328420608053
244.56410878602
239.659751071435
236.79384815164
235.006124557583
234.045103292576
233.67583385349
232.818922676895
230.219532675421
228.328420608053
227.203259639324
466.55823404029
364.156224670263
402.333792231562
248.779135674895
243.48261001759
243.789464525159
243.16888173203
240.648298419184
232.335782926473
226.447492487019
364.156224670263
405.451734416275
251.86980375301
243.448174422772
243.761700011042
243.664906654885
242.729320811833
239.840555278852
231.239967477919
226.368198143518
402.333792231554
251.86980375301
243.393495802219
243.634313213734
243.723689721512
243.326033360846
242.156930416965
238.879126460231
230.419790503614
226.313911137771
248.779135674895
243.448174422772
243.634313213734
243.750124297186
243.476100519136
242.724430173506
241.426173691706
237.951866559502
229.730012014435
226.281418708305
243.48261001759
243.761700011042
243.723689721512
243.476100519137
242.844764045716
241.980412893097
240.495250895171
236.994070936252
229.033335064783
226.264593046608
243.78946452516
243.664906654885
243.326033360846
242.724430173506
241.980412893097
241.016995586273
239.237380633686
235.935304876931
228.553264831146
226.256790817237
243.16888173203
242.729320811833
242.156930416965
241.426173691706
240.49525089517
239.237380633686
237.382785509684
234.321278780733
227.922532376204
226.244912873555
240.648298419184
239.840555278852
238.879126460231
237.951866559502
236.994070936252
235.935304876932
234.321278780733
230.171366035386
227.008933021279
226.22037213907
232.335782926473
231.239967477919
230.419790503614
229.730012014435
229.033335064783
228.553264831146
227.922532376204
227.008933021279
226.309156095853
226.214607267006
226.447492487019
226.368198143518
226.313911137771
226.281418708305
226.264593046607
226.256790817237
226.244912873555
226.22037213907
226.214607267006
226.569501200089
374.268381075421
365.627091663181
408.187796508693
258.146323199718
230.312454430829
227.175462006923
226.868501593729
226.654016295686
226.287528238931
226.198879806172
365.627091663181
404.331669352143
269.836932513678
232.94033981172
227.500645490349
226.953290582675
226.817640716951
226.603332660325
226.264170173448
226.198151526167
408.187796508692
269.836932513677
234.116394881038
227.762897489315
227.002836640488
226.884186171804
226.771283404557
226.55048401281
226.249665662748
226.197679757243
258.146323199717
232.94033981172
227.762897489315
227.024145996298
226.908919332039
226.828486594615
226.720310017996
226.505080426128
226.239321281952
226.197402560437
230.312454430829
227.500645490349
227.002836640488
226.908919332039
226.843715105037
226.770184019893
226.661802321466
226.463158292639
226.229294750979
226.197258124542
227.175462006923
226.953290582675
226.884186171804
226.828486594615
226.770184019893
226.702036111221
226.589858480098
226.421236146633
226.223062221291
226.197200834515
226.868501593729
226.817640716951
226.771283404557
226.720310017996
226.661802321466
226.589858480098
226.493610075572
226.364228138139
226.215765073532
226.197122050431
226.654016295686
226.603332660325
226.55048401281
226.505080426128
226.463158292639
226.421236146633
226.364228138139
226.25395477512
226.205883066317
226.196925292148
226.287528238931
226.264170173448
226.249665662748
226.239321281952
226.229294750979
226.223062221291
226.215765073532
226.205883066317
226.19777529466
226.196774142958
226.198879806172
226.198151526167
226.197679757243
226.197402560437
226.197258124542
226.197200834515
226.197122050431
226.196925292148
226.196774142958
226.310834292491
