622.159310244409
476.001380548667
433.419114468061
347.915099760553
336.30141956268
342.605380101153
342.135290258427
365.273968143116
376.768238472396
244.987076027992
476.001380548667
333.827366153912
409.162172373586
324.256584724206
367.976490199385
354.96398876709
341.405998722084
369.280396473883
389.738677840299
239.988479435353
433.41911446806
409.162172373585
327.241714947337
335.640620398314
368.26251929695
343.884169777512
344.153165400518
369.624840210936
390.4200703629
237.068836109881
347.915099760554
324.256584724206
335.640620398313
325.236389939381
340.979192443245
358.943903279099
371.992136835152
369.920182156432
379.986730519781
235.319369192478
336.301419562682
367.976490199387
368.262519296951
340.979192443246
346.690598221392
372.778573600154
353.68904908583
364.330647718942
364.879473360441
234.398793514858
342.605380101151
354.963988767098
343.884169777507
358.943903279098
372.778573600154
364.416234908577
352.174262559627
381.405346355098
354.246513873794
234.122958919267
342.135290258425
341.405998722086
344.153165400518
371.992136835149
353.689049085831
352.174262559626
369.40295162507
387.220417086703
331.280686818171
233.376810883199
365.273968143119
369.280396473885
369.624840210939
369.920182156433
364.330647718943
381.405346355098
387.220417086703
386.559283398527
271.21575199113
230.62557425596
376.768238472395
389.738677840298
390.4200703629
379.986730519781
364.879473360441
354.246513873794
331.280686818172
271.215751991131
238.283241339685
228.542453285103
244.987076027992
239.988479435353
237.068836109881
235.319369192478
234.398793514858
234.122958919267
233.376810883198
230.62557425596
228.542453285103
227.30249589244
466.55823404029
364.156224670263
404.55943841256
248.910556425972
243.483397645604
243.818268149268
243.226352898514
240.742356907206
232.44914013888
226.454333422683
364.156224670263
405.451734416275
252.054524543934
243.452957623895
243.777079214797
243.706074192846
242.793888188325
239.941605414722
231.341069398104
226.374133664942
404.559438412552
252.054524543934
243.403706357913
243.644248095982
243.754758038621
243.377434689407
242.22889758026
238.988984070685
230.527073145702
226.319013702215
248.910556425972
243.452957623895
243.644248095982
243.777676513165
243.521176731154
242.785075931256
241.506636916793
238.074712472069
229.87839905269
226.286234123586
243.483397645604
243.777079214797
243.754758038621
243.521176731154
242.902125155462
242.05036074261
240.587590322366
237.137213095719
229.186891458501
226.269445849208
243.818268149268
243.706074192846
243.377434689407
242.785075931256
242.050360742609
241.100141160348
239.350802493812
236.108407999015
228.718320135414
226.262465187235
243.226352898514
242.793888188325
242.22889758026
241.506636916792
240.587590322366
239.350802493812
237.519224856849
234.541613748113
228.094281246144
226.251220561526
240.742356907206
239.941605414722
238.988984070685
238.074712472069
237.137213095719
236.108407999015
234.541613748113
230.511127576125
227.102058418335
226.223970828092
232.44914013888
231.341069398104
230.527073145702
229.87839905269
229.186891458501
228.718320135414
228.094281246144
227.102058418335
226.328720237932
226.216787308968
226.454333422683
226.374133664942
226.319013702215
226.286234123586
226.269445849208
226.262465187235
226.251220561526
226.223970828092
226.216787308968
226.603613514508
374.268381075421
365.627091663181
408.187796508693
258.643242545745
230.382889713112
227.181977780297
226.871857862448
226.658816081471
226.290164987488
226.198952958935
365.627091663181
404.331669352143
270.448025859205
233.059692829099
227.513708900898
226.956184052663
226.821191836603
226.608273233456
226.266138098256
226.1982099249
408.187796508692
270.448025859204
234.256414054021
227.78223441108
227.005847476289
226.887013673956
226.775181616199
226.555580186463
226.251459011157
226.19772756986
258.643242545744
233.059692829099
227.78223441108
227.027308871766
226.911391485395
226.83178412405
226.724589572746
226.510489511211
226.241570020794
226.197447383064
230.382889713112
227.513708900898
227.005847476289
226.911391485395
226.846822608435
226.77395342149
226.666580786254
226.469126533971
226.231418442241
226.197301608273
227.181977780297
226.956184052663
226.887013673956
226.83178412405
226.773953421489
226.706421949643
226.595465904942
226.427990283787
226.22519041359
226.197250623585
226.871857862449
226.821191836603
226.775181616199
226.724589572746
226.666580786254
226.595465904942
226.499666816846
226.371780135376
226.217837838304
226.197178078392
226.658816081471
226.608273233456
226.555580186463
226.510489511211
226.469126533971
226.427990283786
226.371780135376
226.260543231428
226.207072295942
226.196966553922
226.290164987488
226.266138098256
226.251459011157
226.241570020794
226.231418442241
226.22519041359
226.217837838304
226.207072295942
226.197978688853
226.19679178256
226.198952958935
226.1982099249
226.19772756986
226.197447383064
226.197301608273
226.197250623585
226.197178078392
226.196966553922
226.19679178256
226.317371094997
