622.159310244409
476.001380548667
433.419114468061
347.915099760553
336.30141956268
342.605380101153
342.135290258427
365.273968143116
376.768238472396
245.417064714591
476.001380548667
333.827366153912
409.162172373586
324.256584724206
367.976490199385
354.96398876709
341.405998722084
369.280396473883
389.738677840299
240.324910018807
433.41911446806
409.162172373585
327.241714947337
335.640620398314
368.26251929695
343.884169777512
344.153165400518
369.624840210936
390.4200703629
237.349261000067
347.915099760554
324.256584724206
335.640620398313
325.236389939381
340.979192443245
358.943903279099
371.992136835152
369.920182156432
383.69017834063
235.63793901774
336.301419562682
367.976490199387
368.262519296951
340.979192443246
346.690598221392
372.778573600154
353.68904908583
364.330647718942
369.189801041682
234.761147077808
342.605380101151
354.963988767098
343.884169777507
358.943903279098
372.778573600154
364.416234908577
352.174262559627
381.405346355098
359.683982662695
234.586822900982
342.135290258425
341.405998722086
344.153165400518
371.992136835149
353.689049085831
352.174262559626
369.40295162507
387.220417086703
338.297388775526
233.971647163303
365.273968143119
369.280396473885
369.624840210939
369.920182156433
364.330647718943
381.405346355098
387.220417086703
386.559283398527
276.420103740014
231.078656986753
376.768238472395
389.738677840298
390.4200703629
383.69017834063
369.189801041682
359.683982662695
338.297388775526
276.420103740015
239.569063501959
228.779844140962
245.417064714591
240.324910018807
237.349261000066
235.63793901774
234.761147077808
234.586822900982
233.971647163303
231.078656986753
228.779844140962
227.411985218095
466.55823404029
364.156224670263
406.804037660831
249.044487870302
243.484300360958
243.848484910266
243.285459062102
240.837524378462
232.564083580092
226.461302700778
364.156224670263
405.451734416275
252.24091662818
243.457967179138
243.794098376141
243.749154259127
242.860047650362
240.043468568063
231.443853384317
226.38017280872
406.804037660823
252.24091662818
243.414881861749
243.656322596953
243.787983317633
243.430790876687
242.302137127641
239.099038248049
230.633798888835
226.324253446496
249.044487870302
243.457967179138
243.656322596953
243.807509509921
243.568394010714
242.84735621887
241.587782097464
238.196825301351
230.030357947158
226.291261768575
243.484300360958
243.794098376141
243.787983317633
243.568394010715
242.961227639141
242.121331992872
240.679675045855
237.278059257045
229.345818427766
226.27457608383
243.848484910266
243.749154259127
243.430790876687
242.84735621887
242.121331992872
241.18336245959
239.462468362039
236.279686174386
228.890856919636
226.268593487752
243.285459062102
242.860047650362
242.302137127641
241.587782097463
240.679675045854
239.462468362039
237.65546777518
234.752579992334
228.280057743471
226.258324898934
240.837524378462
240.043468568062
239.099038248049
238.196825301351
237.278059257045
236.279686174386
234.752579992334
230.842023244628
227.208520889553
226.22820056164
232.564083580092
231.443853384317
230.633798888835
230.030357947158
229.345818427766
228.890856919636
228.280057743471
227.208520889553
226.35228843186
226.219286058513
226.461302700778
226.38017280872
226.324253446496
226.291261768575
226.27457608383
226.268593487752
226.258324898934
226.22820056164
226.219286058513
226.641277619705
374.268381075421
365.627091663181
408.187796508693
259.142119232494
230.455187060684
227.188686525811
226.875272774089
226.663660523583
226.292869121685
226.199027750139
365.627091663181
404.331669352143
271.064198745682
233.181656336457
227.527199466503
226.95915875392
226.824795745823
226.613247697772
226.268163530772
226.198269684644
408.187796508692
271.064198745682
234.399304255378
227.802125820031
227.008972246812
226.889905881053
226.779118261216
226.560688371369
226.253273343803
226.197776878532
259.142119232493
233.181656336457
227.802125820031
227.030603089934
226.913934657213
226.835132923103
226.728881783298
226.515881223402
226.243907223451
226.197494472886
230.455187060684
227.527199466502
227.008972246812
226.913934657213
226.84998492709
226.777749204285
226.67133240493
226.475034652172
226.233658403729
226.197347927065
227.18868652581
226.959158753919
226.889905881052
226.835132923103
226.777749204285
226.710793900505
226.60099106436
226.434752280511
226.227463815881
226.197304753343
226.875272774089
226.824795745823
226.779118261216
226.728881783297
226.67133240493
226.60099106436
226.505758155577
226.379157519419
226.220129203044
226.197241269132
226.663660523583
226.613247697772
226.560688371369
226.515881223402
226.475034652171
226.434752280511
226.379157519419
226.267413308908
226.20843092536
226.197013961957
226.292869121685
226.268163530772
226.253273343803
226.24390722345
226.233658403729
226.227463815881
226.220129203043
226.20843092536
226.19822321256
226.196812491857
226.199027750139
226.198269684644
226.197776878532
226.197494472886
226.197347927065
226.197304753343
226.197241269133
226.197013961957
226.196812491857
226.324777749843
