622.159310244409
476.001380548667
433.419114468061
347.915099760553
336.30141956268
342.605380101153
342.135290258427
365.273968143116
376.768238472396
245.847676139584
476.001380548667
333.827366153912
409.162172373586
324.256584724206
367.976490199385
354.96398876709
341.405998722084
369.280396473883
389.738677840299
240.664530617094
433.41911446806
409.162172373585
327.241714947337
335.640620398314
368.26251929695
343.884169777512
344.153165400518
369.624840210936
390.4200703629
237.632223177682
347.915099760554
324.256584724206
335.640620398313
325.236389939381
340.979192443245
358.943903279099
371.992136835152
369.920182156432
387.385755201183
235.959829788707
336.301419562682
367.976490199387
368.262519296951
340.979192443246
346.690598221392
372.778573600154
353.68904908583
364.330647718942
373.49594193954
235.13069744471
342.605380101151
354.963988767098
343.884169777507
358.943903279098
372.778573600154
364.416234908577
352.174262559627
381.405346355098
365.168286520309
235.066692922473
342.135290258425
341.405998722086
344.153165400518
371.992136835149
353.689049085831
352.174262559626
369.40295162507
387.220417086703
345.477426435473
234.603571922413
365.273968143119
369.280396473885
369.624840210939
369.920182156433
364.330647718943
381.405346355098
387.220417086703
386.559283398527
282.265721229058
231.584386621666
376.768238472395
389.738677840298
390.4200703629
387.385755201182
373.49594193954
365.168286520309
345.477426435473
282.265721229058
241.016274415158
229.043657352443
245.847676139585
240.664530617093
237.632223177681
235.959829788707
235.13069744471
235.066692922473
234.603571922413
231.584386621666
229.043657352443
227.532930399084
466.55823404029
364.156224670263
409.057939026499
249.167040858881
243.484357584557
243.869149773296
243.338132084692
240.928106765299
232.676568554922
226.468194298284
364.156224670263
405.451734416275
252.412546048183
243.462020502002
243.797960068914
243.783332406302
242.920342731905
240.140950583945
231.544722653669
226.386168685128
409.05793902649
252.412546048183
243.421001885428
243.654796401478
243.810379405384
243.47687973307
242.370445750599
239.205044583182
230.737094299389
226.329532023746
249.167040858881
243.462020502003
243.654796401478
243.825841282527
243.607450645827
242.90412576061
241.664894094882
238.315046493587
230.183465896592
226.296440477452
243.484357584557
243.797960068915
243.810379405384
243.607450645827
243.014568551245
242.188231005936
240.768237747325
237.414517167443
229.508517559543
226.279951117532
243.869149773296
243.783332406302
243.47687973307
242.90412576061
242.188231005936
241.263302180636
239.570345732886
236.444754299022
229.071303665773
226.275177446674
243.338132084692
242.920342731905
242.370445750599
241.664894094882
240.768237747325
239.570345732886
237.790457847682
234.957089222838
228.479543960482
226.266287671325
240.928106765299
240.140950583944
239.205044583182
238.315046493587
237.414517167442
236.444754299022
234.957089222838
231.167213939017
227.329093688913
226.233175370275
232.676568554922
231.544722653669
230.737094299389
230.183465896591
229.508517559543
229.071303665773
228.479543960482
227.329093688913
226.380721134773
226.222157493911
226.468194298284
226.386168685128
226.329532023746
226.296440477452
226.279951117532
226.275177446674
226.266287671325
226.233175370275
226.222157493911
226.682869168669
374.268381075421
365.627091663181
408.187796508693
259.588693992925
230.524812186531
227.194926144205
226.878400943922
226.668331365768
226.295568412553
226.199102908851
365.627091663181
404.331669352143
271.63410635586
233.298936853339
227.5403435821
226.96174345772
226.828143306976
226.618067184971
226.270193755027
226.198329924616
408.187796508692
271.634106355859
234.536719118079
227.821620778485
227.011637902603
226.892477694647
226.782844013697
226.565664869476
226.255070782972
226.197827132788
259.588693992924
233.298936853339
227.821620778485
227.03341565314
226.91612049553
226.838241043989
226.733005493257
226.521156521716
226.246306888141
226.197543560216
230.524812186531
227.5403435821
227.011637902603
226.91612049553
226.852894998752
226.78137073461
226.67593940571
226.48082075924
226.236001528641
226.197397014796
227.194926144205
226.96174345772
226.892477694647
226.83824104399
226.78137073461
226.715027293043
226.606365545516
226.441356616364
226.229896184092
226.197363460704
226.878400943922
226.828143306976
226.782844013697
226.733005493257
226.67593940571
226.606365545516
226.511849544857
226.386442880474
226.222650686114
226.197312443718
226.668331365768
226.618067184971
226.565664869476
226.521156521716
226.48082075924
226.441356616364
226.386442880474
226.274573553729
226.209973288826
226.197068564937
226.295568412554
226.270193755027
226.255070782972
226.246306888141
226.236001528641
226.229896184092
226.222650686114
226.209973288826
226.198519410612
226.196836898011
226.199102908851
226.198329924616
226.197827132788
226.197543560215
226.197397014796
226.197363460704
226.197312443718
226.197068564937
226.196836898011
226.333133467559
