622.159310244409
476.001380548667
433.419114468061
347.915099760553
336.30141956268
342.605380101153
342.135290258427
365.273968143116
376.768238472396
246.284666130508
476.001380548667
333.827366153912
409.162172373586
324.256584724206
367.976490199385
354.96398876709
341.405998722084
369.280396473883
389.738677840299
241.009750705966
433.41911446806
409.162172373585
327.241714947337
335.640620398314
368.26251929695
343.884169777512
344.153165400518
369.624840210936
390.4200703629
237.90839825468
347.915099760554
324.256584724206
335.640620398313
325.236389939381
340.979192443245
358.943903279099
371.992136835152
369.920182156432
391.076921950531
236.206476745907
336.301419562682
367.976490199387
368.262519296951
340.979192443246
346.690598221392
372.778573600154
353.68904908583
364.330647718942
377.965359734557
235.498797816588
342.605380101151
354.963988767098
343.884169777507
358.943903279098
372.778573600154
364.416234908577
352.174262559627
381.405346355098
370.73883982807
235.561878904861
342.135290258425
341.405998722086
344.153165400518
371.992136835149
353.689049085831
352.174262559626
369.40295162507
387.220417086703
352.812413190641
235.272668501321
365.273968143119
369.280396473885
369.624840210939
369.920182156433
364.330647718943
381.405346355098
387.220417086703
386.559283398527
288.681458430982
232.147446263278
376.768238472395
389.738677840298
390.4200703629
391.07692195053
377.965359734556
370.73883982807
352.812413190641
288.681458430983
242.639733569584
229.337116706238
246.284666130509
241.009750705966
237.90839825468
236.206476745907
235.498797816588
235.561878904861
235.272668501321
232.147446263278
229.337116706238
227.666668037264
466.55823404029
364.156224670263
409.057939026499
249.297573339367
243.485421148203
243.893792305846
243.391332600335
241.017377080827
232.787761424848
226.474835487025
364.156224670263
405.451734416275
252.617152218184
243.469848857202
243.810836979505
243.820572998646
242.980193298348
240.236223660326
231.642972248757
226.391857050881
409.05793902649
252.617152218184
243.437281239252
243.664029234721
243.838129101024
243.524018962843
242.436639920997
239.307229548955
230.831175261624
226.334271814632
249.297573339367
243.469848857202
243.664029234721
243.850417873682
243.648783862284
242.960082462345
241.738246951525
238.42617643989
230.116274434996
226.300123583629
243.485421148203
243.810836979505
243.838129101024
243.648783862284
243.06784275366
242.253077750383
240.852524101853
237.544521944196
229.671507097367
226.285117115795
243.893792305847
243.820572998646
243.524018962843
242.960082462345
242.253077750383
241.340084642814
239.673294411578
236.602245855186
229.257268417558
226.28203445279
243.391332600336
242.980193298348
242.436639920997
241.738246951525
240.852524101853
239.673294411578
237.92243406871
235.153900601244
228.690991235594
226.275072328559
241.017377080826
240.236223660325
239.307229548955
238.42617643989
237.544521944196
236.602245855186
235.153900601244
231.486145849709
227.46396056526
226.238983402399
232.787761424848
231.642972248757
230.831175261624
230.116274434996
229.671507097367
229.257268417558
228.690991235594
227.46396056526
226.414887098714
226.225450282151
226.474835487025
226.391857050881
226.334271814632
226.300123583629
226.285117115795
226.28203445279
226.275072328559
226.238983402399
226.225450282151
226.728807222901
374.268381075421
365.627091663181
408.187796508693
260.067477579203
230.597899690059
227.201511829361
226.88155360019
226.672987672475
226.298311482762
226.199178975228
365.627091663181
404.331669352143
272.238871731863
233.421468414814
227.554058358976
226.964465764537
226.831478958714
226.6228653359
226.272256299771
226.198390547792
408.187796508692
272.238871731863
234.679940647043
227.84192632517
227.014557061603
226.895085849459
226.786505637733
226.57061971144
226.256840800193
226.197875956777
260.067477579202
233.421468414814
227.84192632517
227.036529493088
226.918387142473
226.84131342032
226.737016251871
226.526349020177
226.245373926354
226.197580139311
230.597899690059
227.554058358976
227.014557061603
226.918387142472
226.855792007309
226.7849082515
226.680401335896
226.486499787045
226.238462900199
226.197447364679
227.201511829361
226.964465764537
226.895085849459
226.84131342032
226.7849082515
226.719135335225
226.611564074716
226.447791820424
226.232490347065
226.197426754623
226.88155360019
226.831478958714
226.786505637733
226.73701625187
226.680401335896
226.611564074716
226.517894160487
226.393613279064
226.22540648935
226.19739235485
226.672987672475
226.622865335899
226.57061971144
226.526349020177
226.486499787045
226.447791820424
226.393613279064
226.28200142122
226.211711565384
226.197131494085
226.298311482763
226.272256299771
226.256840800193
226.245373926354
226.238462900199
226.232490347065
226.22540648935
226.211711565384
226.198879821594
226.196865748456
226.199178975228
226.198390547792
226.197875956777
226.197580139311
226.19744736468
226.197426754623
226.19739235485
226.197131494085
226.196865748456
226.342527470477
