622.159310244409
476.001380548667
433.419114468061
347.915099760553
336.30141956268
342.605380101153
342.135290258427
365.273968143116
376.768238472396
246.731957409192
476.001380548667
333.827366153912
409.162172373586
324.256584724206
367.976490199385
354.96398876709
341.405998722084
369.280396473883
389.738677840299
241.367135026261
433.41911446806
409.162172373585
327.241714947337
335.640620398314
368.26251929695
343.884169777512
344.153165400518
369.624840210936
390.4200703629
238.202353624713
347.915099760554
324.256584724206
335.640620398313
325.236389939381
340.979192443245
358.943903279099
371.992136835152
369.920182156432
391.076921950531
236.513359334044
336.301419562682
367.976490199387
368.262519296951
340.979192443246
346.690598221392
372.778573600154
353.68904908583
364.330647718942
382.347674973278
235.883822453163
342.605380101151
354.963988767098
343.884169777507
358.943903279098
372.778573600154
364.416234908577
352.174262559627
381.405346355098
376.345677605987
236.075341442556
342.135290258425
341.405998722086
344.153165400518
371.992136835149
353.689049085831
352.174262559626
369.40295162507
387.220417086703
360.291866745775
235.98040165276
365.273968143119
369.280396473885
369.624840210939
369.920182156433
364.330647718943
381.405346355098
387.220417086703
386.559283398527
295.619497780933
232.772940983972
376.768238472395
389.738677840298
390.4200703629
391.07692195053
382.347674973278
376.345677605987
360.291866745774
295.619497780933
244.454993062857
229.663934888231
246.731957409192
241.367135026261
238.202353624713
236.513359334044
235.883822453163
236.075341442556
235.98040165276
232.772940983972
229.663934888231
227.814742118872
466.55823404029
364.156224670263
409.057939026499
249.427949474977
243.486675296943
243.919830790452
243.446834115018
241.10919427231
232.902629902076
226.481826198842
364.156224670263
405.451734416275
252.82382240246
243.478164854618
243.825112289111
243.859966059826
243.043042524502
240.334966745883
231.747388661514
226.397992455683
409.05793902649
252.82382240246
243.454267051372
243.674913180349
243.867839118575
243.573990309707
242.506891519089
239.414932138261
230.937508715244
226.339834916357
249.427949474977
243.478164854618
243.674913180349
243.876860382959
243.692448094225
243.019166460744
241.816378909955
238.546483855711
230.246409529944
226.305568215229
243.486675296943
243.825112289111
243.867839118575
243.692448094225
243.12354484318
242.320502124573
240.93975213174
237.677951158881
229.846738072433
226.291070680887
243.919830790452
243.859966059826
243.573990309707
243.019166460744
242.320502124573
241.418652171542
239.776882816626
236.758451470404
229.454701932984
226.289595980082
243.446834115018
243.043042524502
242.506891519089
241.816378909955
240.939752131739
239.776882816627
238.055789983007
235.347359678283
228.917394549526
226.284937953653
241.10919427231
240.334966745883
239.414932138261
238.546483855711
237.677951158881
236.758451470405
235.347359678283
231.802523554722
227.614796246182
226.245834095216
232.902629902076
231.747388661514
230.937508715244
230.246409529944
229.846738072433
229.454701932984
228.917394549526
227.614796246182
226.456036590993
226.229257248434
226.481826198842
226.397992455683
226.339834916357
226.305568215229
226.291070680887
226.289595980082
226.284937953653
226.245834095216
226.229257248434
226.779571664447
374.268381075421
365.627091663181
408.187796508693
260.545634882545
230.672642812557
227.208303441953
226.884791716738
226.677733724601
226.301151206591
226.199257535912
365.627091663181
404.331669352143
272.846218537721
233.546252632433
227.568162852571
226.967281420239
226.834918562316
226.627766054359
226.274421868589
226.19845372521
408.187796508692
272.846218537721
234.825616423192
227.862770091509
227.017587568679
226.897792416861
226.790299251999
226.575693828062
226.258734066442
226.197929118614
260.545634882544
233.546252632432
227.862770091509
227.039764669468
226.920732975849
226.844492302154
226.74116709535
226.531715510828
226.247320759908
226.19762887547
230.672642812557
227.568162852571
227.017587568679
226.920732975849
226.85877059728
226.788529359035
226.684936843326
226.49222491446
226.241064617185
226.197502478729
227.208303441953
226.967281420239
226.897792416861
226.844492302154
226.788529359035
226.723289966682
226.616751957862
226.45417333082
226.235276679917
226.197495779168
226.884791716738
226.834918562316
226.790299251999
226.74116709535
226.684936843326
226.616751957862
226.524005166597
226.400746387693
226.22842710066
226.197482327043
226.677733724601
226.627766054359
226.575693828062
226.531715510828
226.49222491446
226.45417333082
226.400746387693
226.289731688071
226.213669330851
226.197204260359
226.301151206592
226.274421868589
226.258734066442
226.247320759907
226.241064617185
226.235276679917
226.22842710066
226.213669330851
226.1993210698
226.19690002479
226.199257535912
226.19845372521
226.197929118614
226.19762887547
226.197502478729
226.197495779168
226.197482327043
226.197204260359
226.19690002479
226.353059278428
