550.265751745715
478.253299845104
437.042803027836
350.052229112011
338.638837326381
345.180662163152
344.575329491773
343.956805682637
378.269143708702
247.456483714855
478.253299845083
335.234164960915
412.836182281668
326.787913097403
371.067013736319
358.017074045379
344.139782319228
348.503753924736
384.656212422054
241.985356567756
437.042803027839
412.836182281665
329.272238727004
338.138616464122
371.960920205157
347.04567130983
347.702784075222
373.517500759641
392.794266276753
238.759509190141
350.052229112011
326.787913097403
338.138616464124
328.087795706436
344.438292311656
363.465021595447
377.730014978088
375.106656499918
390.460288821863
237.111352304377
338.638837326379
371.067013736319
371.960920205164
344.438292311657
350.977645361321
380.046043446759
360.215266830135
370.820576261529
390.947466145128
236.634093389539
345.180662163153
358.017074045383
347.04567130983
363.465021595448
380.04604344676
372.00735371063
360.203549802317
372.060390914184
388.392048882552
237.241777899328
344.57532949177
344.139782319233
347.702784075223
377.730014978093
360.215266830138
360.203549802319
382.085028589018
377.222677612524
378.195874303672
237.899565431917
343.956805682636
348.503753924736
373.517500759645
375.106656499918
370.820576261528
372.060390914183
377.222677612524
370.933216399334
315.177151135382
234.671236751721
378.269143708702
384.656212422054
392.794266276753
390.460288821863
390.947466145128
388.392048882552
378.195874303672
315.177151135382
249.985122188921
230.628576700277
247.456483714855
241.985356567756
238.759509190141
237.111352304377
236.634093389539
237.241777899328
237.899565431917
234.67123675172
230.628576700277
228.231803878546
463.778786481433
363.621174150648
407.547181610009
249.34977607819
243.126657379253
243.602827312492
243.256563976935
240.9792342823
232.924483108057
226.5076544878
363.621174150648
404.846843438709
252.645096576964
243.179082177574
243.482288203278
243.623046448168
242.884526668771
240.232527619201
231.796800200999
226.418212105649
407.547181610002
252.645096576964
243.158786285219
243.31767745423
243.579977020095
243.369394330243
242.380593473438
239.336192006565
231.004229341626
226.35776771045
249.34977607819
243.179082177574
243.31767745423
243.574610106671
243.47901960234
242.837306847907
241.660420813666
238.487512519037
230.411996092782
226.322309322968
243.126657379253
243.482288203278
243.579977020095
243.47901960234
242.949701368024
242.187530199957
240.888369736918
237.71745840599
230.001380515877
226.308760044528
243.602827312492
243.623046448168
243.369394330243
242.837306847907
242.187530199957
241.312838919733
239.71402488784
236.87667841786
229.706955929224
226.314083867484
243.256563976935
242.884526668771
242.380593473438
241.660420813666
240.888369736917
239.71402488784
238.115089402611
235.583904881614
229.428226727435
226.320801208065
240.9792342823
240.232527619201
239.336192006565
238.487512519037
237.71745840599
236.87667841786
235.583904881614
232.53624771026
228.280461479976
226.27017257999
232.924483108057
231.796800200999
231.004229341626
230.411996092782
230.001380515877
229.706955929224
229.428226727435
228.280461479976
226.614215818246
226.240081837527
226.5076544878
226.418212105649
226.35776771045
226.322309322968
226.308760044528
226.314083867484
226.320801208065
226.27017257999
226.240081837527
226.915864199519
370.507094380249
361.85262743016
410.720942103279
261.340670562636
230.732431118733
227.182851651573
226.867719612238
226.66763512218
226.301051859949
226.199448602088
361.85262743016
402.369092231429
273.017350936873
233.580744614725
227.543442289234
226.945896076084
226.821101043291
226.620058779691
226.27509515467
226.198609762281
410.720942103278
273.017350936873
234.832985775173
227.837494805798
226.991859122808
226.879844023086
226.779225465174
226.570097702207
226.260026162594
226.198074448653
261.340670562636
233.580744614725
227.837494805797
227.012806971459
226.901686045878
226.829121413608
226.729115324115
226.527624715048
226.250464691057
226.197776161418
230.732431118733
227.543442289234
226.991859122808
226.901686045878
226.843902980725
226.777170469881
226.680072414348
226.49376262572
226.244206104564
226.19766632838
227.182851651573
226.945896076084
226.879844023086
226.829121413608
226.777170469882
226.714689347124
226.612420274771
226.459541072557
226.239768901546
226.197725635306
226.867719612238
226.821101043291
226.779225465174
226.729115324115
226.680072414348
226.612420274771
226.526520517622
226.410785787552
226.23676458789
226.197847264945
226.66763512218
226.620058779691
226.570097702208
226.527624715048
226.49376262572
226.459541072557
226.410785787552
226.310996546812
226.224087594391
226.197544894891
226.301051859949
226.275095154671
226.260026162594
226.250464691057
226.244206104564
226.239768901546
226.23676458789
226.224087594391
226.201417853533
226.197027932283
226.199448602087
226.198609762281
226.198074448653
226.197776161418
226.197666328379
226.197725635306
226.197847264946
226.197544894892
226.197027932283
226.382002443715
