550.265751745715
478.253299845104
437.042803027836
350.052229112011
338.638837326381
345.180662163152
344.575329491773
343.956805682637
378.269143708702
247.943869848471
478.253299845083
335.234164960915
412.836182281668
326.787913097403
371.067013736319
358.017074045379
344.139782319228
348.503753924736
384.656212422054
242.365928727654
437.042803027839
412.836182281665
329.272238727004
338.138616464122
371.960920205157
347.04567130983
347.702784075222
373.517500759641
392.794266276753
239.072721095245
350.052229112011
326.787913097403
338.138616464124
328.087795706436
344.438292311656
363.465021595447
377.730014978088
375.106656499918
390.460288821863
237.418197666829
338.638837326379
371.067013736319
371.960920205164
344.438292311657
350.977645361321
380.046043446759
360.215266830135
370.820576261529
390.947466145128
237.005115122381
345.180662163153
358.017074045383
347.04567130983
363.465021595448
380.04604344676
372.00735371063
360.203549802317
372.060390914184
388.392048882552
237.742543387959
344.57532949177
344.139782319233
347.702784075223
377.730014978093
360.215266830138
360.203549802319
382.085028589018
377.222677612524
378.195874303672
238.669396812332
343.956805682636
348.503753924736
373.517500759645
375.106656499918
370.820576261528
372.060390914183
377.222677612524
370.933216399334
323.591653517121
235.554378294714
378.269143708702
384.656212422054
392.794266276753
390.460288821863
390.947466145128
388.392048882552
378.195874303672
323.591653517121
252.58302655285
231.105099715154
247.943869848472
242.365928727654
239.072721095245
237.418197666829
237.005115122381
237.742543387959
238.669396812332
235.554378294713
231.105099715154
228.444665641187
463.778786481433
363.621174150648
407.547181610009
249.487092911852
243.128425865858
243.619176751311
243.306387587699
241.067246871777
233.034791301628
226.515412962932
363.621174150648
404.846843438709
252.853509593602
243.191126009424
243.489172724749
243.65475626585
242.942456454106
240.326849785054
231.89942443304
226.424795583057
407.547181610002
252.853509593602
243.179399142139
243.325021917019
243.601513538281
243.412859463374
242.445951472584
239.437968744886
231.098976720965
226.363823234948
249.487092911852
243.191126009424
243.325021917019
243.59301484771
243.515274927501
242.890681453519
241.733455889502
238.600068705083
230.530145955405
226.328156167528
243.128425865858
243.48917272475
243.601513538281
243.515274927501
242.999319163922
242.249709274712
240.970529209052
237.845698604514
230.143976679457
226.315529698494
243.619176751311
243.654756265851
243.412859463374
242.890681453518
242.249709274712
241.385705714979
239.810143246181
237.021987001164
229.874126320856
226.323149964949
243.3063875877
242.942456454106
242.445951472584
241.733455889501
240.970529209052
239.810143246181
238.240717878091
235.756432233703
229.614593015162
226.334477154662
241.067246871778
240.326849785054
239.437968744886
238.600068705083
237.845698604514
237.021987001163
235.756432233703
232.829385312242
228.490724526491
226.282631328486
233.034791301628
231.89942443304
231.098976720965
230.530145955405
230.143976679457
229.874126320856
229.614593015162
228.490724526491
226.698275548606
226.246202931913
226.515412962932
226.424795583057
226.363823234948
226.328156167528
226.315529698494
226.323149964949
226.334477154662
226.282631328485
226.246202931913
226.987621530081
370.507094380249
361.85262743016
410.720942103279
261.819849710829
230.811928956857
227.189497430075
226.870580526727
226.672149871907
226.303818703417
226.199534063449
361.85262743016
402.369092231429
273.620830107136
233.709009004688
227.55832758935
226.948252512672
226.824219147369
226.624726301731
226.277277673345
226.198678136207
410.720942103278
273.620830107136
234.981070877078
227.859197935436
226.994470945974
226.882126604765
226.782726273466
226.574912142331
226.261787352667
226.198133435212
261.819849710829
233.709009004688
227.859197935436
227.015663557384
226.903554491468
226.831945656384
226.732982943017
226.53270062557
226.252425073432
226.197831447115
230.811928956857
227.55832758935
226.994470945974
226.903554491468
226.846502160469
226.780487694271
226.684341452696
226.499280319642
226.246327337908
226.197727601469
227.189497430075
226.948252512672
226.882126604765
226.831945656384
226.780487694271
226.71854103482
226.617247971604
226.465544303538
226.24221688867
226.197808289549
226.870580526727
226.824219147369
226.782726273466
226.732982943017
226.684341452696
226.617247971604
226.532371559182
226.417393755957
226.239512656027
226.197977296088
226.672149871907
226.624726301731
226.574912142331
226.53270062557
226.499280319642
226.465544303538
226.417393755957
226.319334462683
226.22721104868
226.197683911178
226.303818703417
226.277277673345
226.261787352667
226.252425073432
226.246327337908
226.24221688867
226.239512656027
226.22721104868
226.202487905157
226.197095794727
226.199534063449
226.198678136207
226.198133435212
226.197831447115
226.197727601469
226.197808289549
226.197977296088
226.197683911179
226.197095794727
226.397149443921
