550.265751745715
478.253299845104
437.042803027836
350.052229112011
338.638837326381
345.180662163152
344.575329491773
343.956805682637
378.269143708702
248.448031845508
478.253299845083
335.234164960915
412.836182281668
326.787913097403
371.067013736319
358.017074045379
344.139782319228
348.503753924736
384.656212422054
242.75550092662
437.042803027839
412.836182281665
329.272238727004
338.138616464122
371.960920205157
347.04567130983
347.702784075222
373.517500759641
392.794266276753
239.394047648745
350.052229112011
326.787913097403
338.138616464124
328.087795706436
344.438292311656
363.465021595447
377.730014978088
375.106656499918
390.460288821863
237.73304000686
338.638837326379
371.067013736319
371.960920205164
344.438292311657
350.977645361321
380.046043446759
360.215266830135
370.820576261529
390.947466145128
237.37689858516
345.180662163153
358.017074045383
347.04567130983
363.465021595448
380.04604344676
372.00735371063
360.203549802317
372.060390914184
388.392048882552
238.249704188885
344.57532949177
344.139782319233
347.702784075223
377.730014978093
360.215266830138
360.203549802319
382.085028589018
377.222677612524
378.195874303672
239.440862335682
343.956805682636
348.503753924736
373.517500759645
375.106656499918
370.820576261528
372.060390914183
377.222677612524
370.933216399334
332.479177677629
236.523532799231
378.269143708702
384.656212422054
392.794266276753
390.460288821863
390.947466145128
388.392048882552
378.195874303672
332.479177677629
255.444147286444
231.635409147805
248.448031845509
242.75550092662
239.394047648745
237.73304000686
237.37689858516
238.249704188885
239.440862335682
236.523532799231
231.635409147805
228.681231695432
463.778786481433
363.621174150648
407.547181610009
249.624858832988
243.130465907381
243.635148535215
243.356062448414
241.155471571116
233.145813475238
226.523463089765
363.621174150648
404.846843438709
253.064519593935
243.204857144706
243.496255180661
243.686175533547
243.000510749504
240.421534664962
232.004447611241
226.431576649071
407.547181610002
253.064519593934
243.201304724633
243.333066282395
243.62288921295
243.45642071886
242.511718717621
239.539884244044
231.194606479133
226.370092278553
249.624858832988
243.204857144706
243.333066282396
243.611362933597
243.551647183677
242.944651722401
241.806979898383
238.711593861134
230.64457865503
226.334230835223
243.130465907381
243.496255180661
243.62288921295
243.551647183677
243.049616414201
242.312921062324
241.05291266395
237.970120237178
230.272300908713
226.322449810185
243.635148535215
243.686175533548
243.45642071886
242.944651722401
242.312921062324
241.459797752408
239.906425165751
237.16300198467
230.026783603065
226.332558030819
243.356062448414
243.000510749504
242.511718717621
241.806979898382
241.05291266395
239.906425165751
238.368218138546
235.922189200339
229.801284221912
226.349025103327
241.155471571116
240.421534664962
239.539884244043
238.711593861134
237.970120237178
237.163001984669
235.922189200339
233.104401245054
228.716541108637
226.297610272714
233.145813475238
232.004447611241
231.194606479133
230.64457865503
230.272300908712
230.026783603066
229.801284221912
228.716541108637
226.80060904551
226.253502653459
226.523463089765
226.431576649071
226.370092278553
226.334230835223
226.322449810185
226.33255803082
226.349025103327
226.297610272714
226.253502653459
227.067239880336
370.507094380249
361.85262743016
410.720942103279
262.297904101502
230.892399274338
227.196264834059
226.873424661752
226.6766738838
226.306630175646
226.199622084492
361.85262743016
402.369092231429
274.226063781094
233.838608106237
227.573516814887
226.950602195795
226.827327970436
226.629409704916
226.279534206056
226.198748330959
410.720942103278
274.226063781094
235.130629905143
227.88130727974
226.997110469568
226.884395227806
226.786228233886
226.579730693867
226.263582955218
226.198194220783
262.297904101502
233.838608106237
227.88130727974
227.018566627053
226.90541034428
226.834775725526
226.736852512561
226.537742030025
226.254376451506
226.197888918389
230.892399274338
227.573516814887
226.997110469569
226.90541034428
226.849109747614
226.783828604775
226.688599324539
226.504691652821
226.248389858208
226.19779184584
227.196264834059
226.950602195795
226.884395227806
226.834775725527
226.783828604775
226.722420071546
226.622058141764
226.471434667993
226.24462741691
226.19789600537
226.873424661752
226.827327970436
226.786228233886
226.736852512561
226.688599324539
226.622058141764
226.53830554723
226.423804482129
226.24242459386
226.198117867221
226.6766738838
226.629409704916
226.579730693868
226.537742030025
226.504691652821
226.471434667993
226.423804482129
226.327421723404
226.230585448222
226.197845640371
226.306630175646
226.279534206056
226.263582955218
226.254376451506
226.248389858208
226.24462741691
226.24242459386
226.230585448223
226.203842783278
226.197178676376
226.199622084492
226.198748330959
226.198194220783
226.197888918389
226.19779184584
226.19789600537
226.198117867221
226.197845640371
226.197178676376
226.414062053769
