622.159310244409
476.001380548667
433.419114468061
347.915099760553
336.30141956268
342.605380101153
342.135290258427
365.273968143116
376.768238472396
248.684016098519
476.001380548667
333.827366153912
409.162172373586
324.256584724206
367.976490199385
354.96398876709
341.405998722084
369.280396473883
389.738677840299
242.886289988375
433.41911446806
409.162172373585
327.241714947337
335.640620398314
368.26251929695
343.884169777512
344.153165400518
369.624840210936
390.4200703629
239.445772110019
347.915099760554
324.256584724206
335.640620398313
325.236389939381
340.979192443245
358.943903279099
371.992136835152
369.920182156432
391.076921950531
237.732978699502
336.301419562682
367.976490199387
368.262519296951
340.979192443246
346.690598221392
372.778573600154
353.68904908583
364.330647718942
391.048481071468
237.315846067323
342.605380101151
354.963988767098
343.884169777507
358.943903279098
372.778573600154
364.416234908577
352.174262559627
381.405346355098
387.650910912223
238.041793580851
342.135290258425
341.405998722086
344.153165400518
371.992136835149
353.689049085831
352.174262559626
369.40295162507
387.220417086703
383.592639326568
238.976930313015
365.273968143119
369.280396473885
369.624840210939
369.920182156433
364.330647718943
381.405346355098
387.220417086703
386.559283398527
327.743738867316
235.95404043527
376.768238472395
389.738677840298
390.4200703629
391.07692195053
391.048481071467
387.650910912222
383.592639326567
327.743738867316
253.817300760216
231.377128173931
248.684016098519
242.886289988374
239.445772110019
237.732978699502
237.315846067323
238.041793580852
238.976930313014
235.95404043527
231.377128173931
228.585663171265
466.55823404029
364.156224670263
409.057939026499
249.946055644053
243.492984423378
244.01280593603
243.662069455258
241.471633329956
233.364606561108
226.511614250246
364.156224670263
405.451734416275
253.683150324647
243.514854102849
243.872302042886
244.00718163236
243.287426669672
240.724931447185
232.176418777208
226.423306619776
409.05793902649
253.683150324647
243.525425733464
243.711704511337
243.974607682252
243.763680706351
242.778191705142
239.832357357973
231.33602418135
226.362798946585
249.946055644054
243.514854102849
243.711704511337
243.97028953005
243.855312676666
243.244703239864
242.114569442053
239.001681446368
230.710999912011
226.327041036498
243.492984423378
243.872302042886
243.974607682252
243.855312676666
243.335357910485
242.577916488131
241.27050781381
238.184865105499
230.230774566491
226.314089351476
244.012805936031
244.007181632361
243.763680706351
243.244703239864
242.577916488131
241.716090872729
240.163777702866
237.340551387891
229.961213984629
226.32047024131
243.662069455258
243.287426669672
242.778191705142
242.114569442052
241.27050781381
240.163777702866
238.572308924415
236.057156971162
229.647360047594
226.331242789415
241.471633329956
240.724931447185
239.832357357973
239.001681446368
238.184865105499
237.340551387892
236.057156971162
233.016466911827
228.363130585149
226.285733487244
233.364606561108
232.176418777208
231.33602418135
230.710999912011
230.230774566491
229.961213984629
229.647360047594
228.363130585149
226.712444255827
226.251111149809
226.511614250246
226.423306619776
226.362798946585
226.327041036498
226.314089351476
226.32047024131
226.331242789415
226.285733487244
226.251111149809
227.042435301107
374.268381075421
365.627091663181
408.187796508693
262.446170380347
230.983494239326
227.236319547608
226.897412092401
226.696619612002
226.312982529961
226.199594874371
365.627091663181
404.331669352143
275.296992278361
234.061404487417
227.62782029236
226.978187414518
226.848329042995
226.647375563883
226.283726415028
226.198722427881
408.187796508692
275.29699227836
235.425645579223
227.950595720881
227.029550028704
226.908083626367
226.80506659948
226.595797502698
226.266314770996
226.198158304681
262.446170380347
234.061404487417
227.950595720881
227.052673631331
226.929505067008
226.856692901749
226.757254733517
226.552780961214
226.255254280047
226.19783861072
230.983494239326
227.627820292359
227.029550028704
226.929505067008
226.87014162219
226.802508184746
226.702475205236
226.514805919336
226.247213736422
226.197722669256
227.236319547608
226.978187414518
226.908083626367
226.856692901749
226.802508184746
226.739275843404
226.636598500669
226.478967298048
226.24310545117
226.197789062384
226.897412092401
226.848329042996
226.80506659948
226.757254733517
226.702475205236
226.636598500669
226.54851082666
226.42834094852
226.239057990053
226.197924080306
226.696619612002
226.647375563883
226.595797502698
226.552780961214
226.514805919335
226.478967298048
226.42834094852
226.32313913432
226.223818722875
226.197623961753
226.312982529961
226.283726415028
226.266314770996
226.255254280047
226.247213736422
226.24310545117
226.239057990053
226.223818722875
226.202323747638
226.197117698465
226.199594874371
226.198722427881
226.198158304681
226.19783861072
226.197722669256
226.197789062384
226.197924080306
226.197623961753
226.197117698465
226.409033131705
