550.265751745715
478.253299845104
437.042803027836
350.052229112011
338.638837326381
345.180662163152
344.575329491773
343.956805682637
378.269143708702
249.502942317536
478.253299845083
335.234164960915
412.836182281668
326.787913097403
371.067013736319
358.017074045379
344.139782319228
348.503753924736
384.656212422054
243.559193372349
437.042803027839
412.836182281665
329.272238727004
338.138616464122
371.960920205157
347.04567130983
347.702784075222
373.517500759641
392.794266276753
240.062668535382
350.052229112011
326.787913097403
338.138616464124
328.087795706436
344.438292311656
363.465021595447
377.730014978088
375.106656499918
390.460288821863
238.38065918046
338.638837326379
371.067013736319
371.960920205164
344.438292311657
350.977645361321
380.046043446759
360.215266830135
370.820576261529
390.947466145128
238.131165534946
345.180662163153
358.017074045383
347.04567130983
363.465021595448
380.04604344676
372.00735371063
360.203549802317
372.060390914184
388.392048882552
239.314985611563
344.57532949177
344.139782319233
347.702784075223
377.730014978093
360.215266830138
360.203549802319
382.085028589018
377.222677612524
378.195874303672
241.113545697559
343.956805682636
348.503753924736
373.517500759645
375.106656499918
370.820576261528
372.060390914183
377.222677612524
370.933216399334
351.870220133133
238.746715852848
378.269143708702
384.656212422054
392.794266276753
390.460288821863
390.947466145128
388.392048882552
378.195874303672
351.870220133133
262.031405027369
232.879324136984
249.502942317537
243.559193372349
240.062668535382
238.38065918046
238.131165534947
239.314985611564
241.113545697559
238.746715852848
232.879324136983
229.236323786184
463.778786481433
363.621174150648
407.547181610009
249.904758078467
243.13536504761
243.666343276241
243.454254740286
241.330128184778
233.36978346039
226.540325324415
363.621174150648
404.846843438709
253.49870337142
243.238382942278
243.51174271144
243.747753150438
243.115776590668
240.610867303324
232.21947594727
226.445546348372
407.547181610002
253.498703371419
243.250231217017
243.352027469393
243.664846602266
243.54236254134
242.642282916192
239.742088664082
231.389429362722
226.382918241909
249.904758078466
243.238382942278
243.352027469393
243.647605750477
243.623152578951
243.051659643382
241.952515930732
238.930950281036
230.86564927733
226.34678340579
243.13536504761
243.51174271144
243.664846602266
243.623152578951
243.149331759967
242.438500891146
241.215179396539
238.21240471033
230.525834874253
226.336724631869
243.666343276241
243.747753150439
243.54236254134
243.051659643382
242.438500891146
241.606633614201
240.095064163084
237.436025520786
230.322874781923
226.352394239622
243.454254740286
243.115776590668
242.642282916193
241.952515930732
241.215179396539
240.095064163084
238.62010411322
236.236532930183
230.171766485029
226.380946099348
241.330128184778
240.610867303324
239.742088664082
238.930950281037
238.21240471033
237.436025520786
236.236532930183
233.609602295565
229.210383083307
226.336715394627
233.36978346039
232.21947594727
231.389429362722
230.86564927733
230.525834874252
230.322874781923
230.171766485029
229.210383083307
227.074348309814
226.272465299224
226.540325324415
226.445546348372
226.382918241909
226.34678340579
226.336724631869
226.352394239622
226.380946099347
226.336715394627
226.272465299224
227.253742363597
370.507094380249
361.85262743016
410.720942103279
263.249536551658
231.055993973772
227.210171996209
226.879030293613
226.685632157721
226.312393844831
226.199805444772
361.85262743016
402.369092231429
275.442671203595
234.101451320427
227.604765330908
226.955267570661
226.833470214758
226.63880013388
226.284246262222
226.198893683225
410.720942103278
275.442671203595
235.433766213885
227.926682955299
227.002463007255
226.888833021463
226.793156501556
226.589332193542
226.267320128431
226.198319977345
263.249536551658
234.101451320427
227.926682955299
227.024503387537
226.90902247876
226.840349463817
226.744500905325
226.547731676259
226.258269462181
226.198009221955
231.055993973772
227.604765330908
227.002463007255
226.90902247876
226.854236804952
226.790438327443
226.696988274755
226.515346466449
226.252650589197
226.197927602838
227.210171996209
226.955267570661
226.888833021463
226.840349463817
226.790438327443
226.730090597063
226.631500190136
226.482986638256
226.249555026912
226.198084965028
226.879030293613
226.833470214758
226.793156501556
226.744500905325
226.696988274755
226.631500190136
226.550115955371
226.436141785638
226.248574329962
226.198432297398
226.685632157721
226.63880013388
226.589332193542
226.547731676259
226.515346466449
226.482986638256
226.436141785638
226.342915965376
226.238065001773
226.198255549727
226.312393844831
226.284246262222
226.267320128431
226.258269462181
226.252650589197
226.249555026912
226.248574329962
226.238065001773
226.207775835779
226.197406230703
226.199805444772
226.198893683225
226.198319977345
226.198009221955
226.197927602838
226.198084965028
226.198432297399
226.198255549727
226.197406230703
226.453973491028
