622.159310244409
476.001380548667
433.419114468061
347.915099760553
336.30141956268
342.605380101153
342.135290258427
365.273968143116
376.768238472396
249.756539111415
476.001380548667
333.827366153912
409.162172373586
324.256584724206
367.976490199385
354.96398876709
341.405998722084
369.280396473883
389.738677840299
243.697350362791
433.41911446806
409.162172373585
327.241714947337
335.640620398314
368.26251929695
343.884169777512
344.153165400518
369.624840210936
390.4200703629
240.119178134093
347.915099760554
324.256584724206
335.640620398313
325.236389939381
340.979192443245
358.943903279099
371.992136835152
369.920182156432
391.076921950531
238.382059760954
336.301419562682
367.976490199387
368.262519296951
340.979192443246
346.690598221392
372.778573600154
353.68904908583
364.330647718942
391.048481071468
238.070580600665
342.605380101151
354.963988767098
343.884169777507
358.943903279098
372.778573600154
364.416234908577
352.174262559627
381.405346355098
387.650910912223
239.101470395599
342.135290258425
341.405998722086
344.153165400518
371.992136835149
353.689049085831
352.174262559626
369.40295162507
387.220417086703
383.592639326568
240.606318857098
365.273968143119
369.280396473885
369.624840210939
369.920182156433
364.330647718943
381.405346355098
387.220417086703
386.559283398527
346.619951704177
238.021719649447
376.768238472395
389.738677840298
390.4200703629
391.07692195053
391.048481071467
387.650910912222
383.592639326567
346.619951704176
259.960857829887
232.541050485864
249.756539111415
243.697350362791
240.119178134093
238.382059760954
238.070580600665
239.101470395599
240.606318857098
238.021719649447
232.541050485864
229.109068934639
466.55823404029
364.156224670263
409.057939026499
250.208619529878
243.49719139858
244.054065736144
243.765546543548
241.647897649245
233.59738331955
226.527732287594
364.156224670263
405.451734416275
254.141061014278
243.54059600081
243.893477251905
244.076088409096
243.406555985807
240.918734783489
232.400342930847
226.436637287885
409.05793902649
254.141061014278
243.568492262959
243.730730428574
244.023657500318
243.854992010883
242.911704045573
240.038617418345
231.540113450904
226.375076517715
250.208619529879
243.54059600081
243.730730428574
244.013043957319
243.933007456974
243.355648664561
242.262463852103
239.225813108836
230.941544288032
226.339014974802
243.49719139858
243.893477251905
244.023657500318
243.933007456974
243.439472039981
242.706512834278
241.435153714428
238.433377186067
230.495850513152
226.327581315011
244.054065736145
244.076088409097
243.854992010883
243.355648664561
242.706512834278
241.865369295797
240.354775506852
237.622296738292
230.272099211008
226.338940897238
243.765546543548
243.406555985807
242.911704045573
242.262463852102
241.435153714427
240.354775506852
238.827497513303
236.386546427797
230.038013772076
226.360082025434
241.647897649244
240.918734783488
240.038617418344
239.225813108836
238.433377186067
237.622296738292
236.386546427797
233.552920536064
228.864137206543
226.317582113723
233.59738331955
232.400342930847
231.540113450904
230.941544288032
230.495850513152
230.272099211008
230.038013772076
228.864137206543
226.92296645834
226.268485223559
226.527732287594
226.436637287885
226.375076517715
226.339014974802
226.327581315011
226.338940897238
226.360082025434
226.317582113723
226.268485223559
227.220058662758
374.268381075421
365.627091663181
408.187796508693
263.390381910264
231.144994687087
227.250870996709
226.90350210102
226.705860657266
226.319175936346
226.199777597667
365.627091663181
404.331669352143
276.537533354693
234.327240497506
227.65946430109
226.983485140627
226.854850058721
226.65721455417
226.288795409015
226.198866643809
408.187796508692
276.537533354692
235.734622285815
227.996984006056
227.035557023467
226.9129989248
226.812311013743
226.605821110337
226.270359792961
226.198282674255
263.390381910263
234.327240497505
227.996984006056
227.059253908276
226.933652114584
226.862641274739
226.765197609606
226.563239234229
226.259404250185
226.197956261579
231.144994687087
227.65946430109
227.035557023467
226.933652114584
226.875669382865
226.809432148825
226.71114528175
226.525954950461
226.251668034435
226.197851990401
227.250870996709
226.983485140626
226.912998924799
226.862641274739
226.809432148824
226.747226143793
226.646335115429
226.491099376266
226.248235983841
226.197965210903
226.90350210102
226.854850058722
226.812311013743
226.765197609606
226.71114528175
226.646335115429
226.560683813689
226.441464169855
226.245358117654
226.198203434177
226.705860657266
226.65721455417
226.605821110337
226.563239234228
226.525954950461
226.491099376266
226.441464169855
226.339499488525
226.2308681475
226.197948473958
226.319175936346
226.288795409015
226.270359792961
226.259404250184
226.251668034435
226.248235983841
226.245358117654
226.2308681475
226.20507500071
226.197305515244
226.199777597667
226.198866643809
226.198282674255
226.197956261579
226.197851990401
226.197965210903
226.198203434177
226.197948473959
226.197305515244
226.447492840662
