622.159310244409
476.001380548667
433.419114468061
347.915099760553
336.30141956268
342.605380101153
342.135290258427
365.273968143116
376.768238472396
250.314626909814
476.001380548667
333.827366153912
409.162172373586
324.256584724206
367.976490199385
354.96398876709
341.405998722084
369.280396473883
389.738677840299
244.114583496865
433.41911446806
409.162172373585
327.241714947337
335.640620398314
368.26251929695
343.884169777512
344.153165400518
369.624840210936
390.4200703629
240.468650482091
347.915099760554
324.256584724206
335.640620398313
325.236389939381
340.979192443245
358.943903279099
371.992136835152
369.920182156432
391.076921950531
238.715665062775
336.301419562682
367.976490199387
368.262519296951
340.979192443246
346.690598221392
372.778573600154
353.68904908583
364.330647718942
391.048481071468
238.461797119041
342.605380101151
354.963988767098
343.884169777507
358.943903279098
372.778573600154
364.416234908577
352.174262559627
381.405346355098
387.650910912223
239.65688357444
342.135290258425
341.405998722086
344.153165400518
371.992136835149
353.689049085831
352.174262559626
369.40295162507
387.220417086703
383.592639326568
241.485831545449
365.273968143119
369.280396473885
369.624840210939
369.920182156433
364.330647718943
381.405346355098
387.220417086703
386.559283398527
356.784746266854
239.19151574594
376.768238472395
389.738677840298
390.4200703629
391.07692195053
391.048481071467
387.650910912222
383.592639326567
356.784746266854
263.444371273259
233.217078001726
250.314626909815
244.114583496865
240.468650482091
238.715665062775
238.461797119041
239.65688357444
241.485831545448
239.19151574594
233.217078001726
229.414307456768
466.55823404029
364.156224670263
409.057939026499
250.345052466041
243.499621809263
244.074203423791
243.81668630048
241.735011798516
233.714216976121
226.536125460533
364.156224670263
405.451734416275
254.378532008091
243.556414215373
243.90451383659
244.109950712661
243.465634397904
241.015356598337
232.514397774764
226.443465983009
409.05793902649
254.378532008091
243.592909422437
243.741528983123
244.047805022765
243.900071126086
242.977931652957
240.140901965216
231.643831967638
226.381347481279
250.345052466042
243.556414215373
243.741528983123
244.03418819958
243.97126091668
243.410626134526
242.335736580952
239.336449824998
231.053972503062
226.345228772682
243.499621809264
243.90451383659
244.047805022765
243.971260916681
243.491038733518
242.770340534508
241.516454346465
238.555273839363
230.627405108921
226.334634370083
244.074203423791
244.109950712662
243.900071126086
243.410626134526
242.770340534507
241.939297189412
240.448371105926
237.759400885055
230.426156388101
226.348740558563
243.81668630048
243.465634397904
242.977931652957
242.335736580951
241.516454346465
240.448371105926
238.950025111032
236.544905048071
230.231978261519
226.375877050938
241.735011798516
241.015356598337
240.140901965216
239.336449824997
238.555273839362
237.759400885055
236.544905048071
233.80090737091
229.150826734025
226.337479214432
233.714216976121
232.514397774764
231.643831967638
231.053972503062
230.627405108921
230.426156388101
230.231978261519
229.150826734025
227.056120145438
226.279485424017
226.536125460533
226.443465983009
226.381347481279
226.345228772681
226.334634370082
226.348740558563
226.375877050938
226.337479214432
226.279485424017
227.323582770589
374.268381075421
365.627091663181
408.187796508693
263.867281688876
231.227097797373
227.258312834158
226.906507055368
226.710431644911
226.322338498378
226.199872478675
365.627091663181
404.331669352143
277.163306214654
234.461990333043
227.675715648003
226.986119130433
226.85807224753
226.662137071008
226.291431764377
226.198941157976
408.187796508692
277.163306214654
235.891096472868
228.020755439572
227.038596554596
226.915409651388
226.815895047277
226.610814113641
226.272460879199
226.198346942549
263.867281688876
234.461990333042
228.020755439572
227.06260696214
226.935678955188
226.865572597161
226.769126997136
226.568432508393
226.261485592283
226.198017801881
231.227097797372
227.675715648002
227.038596554596
226.935678955188
226.878388841449
226.812856834676
226.715424303312
226.531466460443
226.253961927773
226.197920478792
227.258312834158
226.986119130433
226.915409651388
226.865572597161
226.812856834676
226.751155553935
226.651109651817
226.49706221981
226.250896818464
226.198060155446
226.906507055368
226.858072247531
226.815895047277
226.769126997136
226.715424303312
226.651109651817
226.566555283862
226.447864052344
226.248685158813
226.198359594907
226.710431644911
226.662137071008
226.610814113641
226.568432508393
226.531466460443
226.49706221981
226.447864052344
226.347377776795
226.235030078883
226.198152193603
226.322338498378
226.291431764377
226.272460879199
226.261485592283
226.253961927773
226.250896818464
226.248685158813
226.235030078883
226.206948163003
226.197430775881
226.199872478674
226.198941157976
226.198346942549
226.198017801881
226.197920478792
226.198060155446
226.198359594907
226.198152193603
226.197430775881
226.470024691608
