550.265751745715
478.253299845104
437.042803027836
350.052229112011
338.638837326381
345.180662163152
344.575329491773
343.956805682637
378.269143708702
251.192615495956
478.253299845083
335.234164960915
412.836182281668
326.787913097403
371.067013736319
358.017074045379
344.139782319228
348.503753924736
384.656212422054
244.822943910107
437.042803027839
412.836182281665
329.272238727004
338.138616464122
371.960920205157
347.04567130983
347.702784075222
373.517500759641
392.794266276753
241.128174669409
350.052229112011
326.787913097403
338.138616464124
328.087795706436
344.438292311656
363.465021595447
377.730014978088
375.106656499918
390.460288821863
239.395821509952
338.638837326379
371.067013736319
371.960920205164
344.438292311657
350.977645361321
380.046043446759
360.215266830135
370.820576261529
390.947466145128
239.32912882108
345.180662163153
358.017074045383
347.04567130983
363.465021595448
380.04604344676
372.00735371063
360.203549802317
372.060390914184
388.392048882552
241.041006579037
344.57532949177
344.139782319233
347.702784075223
377.730014978093
360.215266830138
360.203549802319
382.085028589018
377.222677612524
378.195874303672
243.963125506585
343.956805682636
348.503753924736
373.517500759645
375.106656499918
370.820576261528
372.060390914183
377.222677612524
370.933216399334
384.690400293876
242.648761966951
378.269143708702
384.656212422054
392.794266276753
390.460288821863
390.947466145128
388.392048882552
378.195874303672
384.690400293876
273.723730162164
235.262454421144
251.192615495957
244.822943910107
241.128174669409
239.395821509952
239.32912882108
241.041006579037
243.963125506585
242.648761966951
235.262454421144
230.317274856394
463.778786481433
363.621174150648
407.547181610009
250.343620884405
243.152806542312
243.712091562824
243.597563205478
241.586311646841
233.707774379253
226.567302949722
363.621174150648
404.846843438709
254.188116331417
243.304047544321
243.53971077101
243.836517852877
243.285111110797
240.892943766436
232.551810939056
226.467330792506
407.547181610002
254.188116331416
243.337197861402
243.388734030882
243.72578864526
243.667024471053
242.834181823669
240.040487011072
231.689000722917
226.402806393964
250.343620884404
243.304047544322
243.388734030882
243.700947702978
243.726008361481
243.207912466625
242.165839793418
239.252050232441
231.181463286081
226.366699423795
243.152806542312
243.53971077101
243.72578864526
243.726008361482
243.294471267464
242.622318545138
241.45136042192
238.563123041591
230.899387239075
226.359580833327
243.712091562824
243.836517852878
243.667024471053
243.207912466625
242.622318545138
241.820632641504
240.365627537532
237.825539106538
230.763197857209
226.384514006301
243.597563205478
243.285111110797
242.83418182367
242.165839793418
241.45136042192
240.365627537532
238.969796531173
236.675556063206
230.751270031414
226.43281236239
241.586311646841
240.892943766436
240.040487011072
239.252050232442
238.563123041591
237.825539106537
236.675556063206
234.273003323771
229.784522509911
226.417247013356
233.707774379253
232.551810939056
231.689000722918
231.181463286081
230.899387239075
230.76319785721
230.751270031414
229.784522509911
227.661035166186
226.314399495989
226.567302949722
226.467330792506
226.402806393964
226.366699423795
226.359580833327
226.384514006301
226.43281236239
226.417247013356
226.314399495989
227.617800304568
370.507094380249
361.85262743016
410.720942103279
264.676659947014
231.307669777482
227.232016421772
226.887193947857
226.698797372426
226.321347028427
226.200098337281
361.85262743016
402.369092231429
277.287830273079
234.504312864788
227.653767390171
226.962181463615
226.842439030529
226.652884035333
226.291792973669
226.199123830898
410.720942103278
277.287830273079
235.897940246065
227.99757488516
227.010702823548
226.895194768756
226.803304448398
226.603625512188
226.273286547206
226.198519060927
264.676659947014
234.504312864788
227.99757488516
227.033769199482
226.914149728605
226.848420298319
226.755709243584
226.562528875181
226.264092453786
226.198203421243
231.307669777481
227.653767390171
227.010702823549
226.914149728605
226.861620871443
226.800084128871
226.709232214364
226.531014117104
226.259319171024
226.198150955811
227.232016421772
226.962181463615
226.895194768756
226.848420298319
226.800084128871
226.741283461864
226.645137936158
226.499819038505
226.257455067478
226.198403051128
226.887193947857
226.842439030529
226.803304448397
226.755709243584
226.709232214364
226.645137936158
226.566767624198
226.45393299618
226.259234024028
226.19897584011
226.698797372426
226.652884035333
226.603625512188
226.562528875181
226.531014117104
226.499819038505
226.45393299618
226.364804658432
226.247249209676
226.199110942575
226.321347028427
226.291792973669
226.273286547206
226.264092453786
226.259319171024
226.257455067478
226.259234024029
226.247249209676
226.217726799409
226.19798367586
226.200098337281
226.199123830898
226.198519060927
226.198203421243
226.198150955811
226.198403051128
226.19897584011
226.199110942575
226.19798367586
226.532688192613
