622.159310244409
476.001380548667
433.419114468061
347.915099760553
336.30141956268
342.605380101153
342.135290258427
365.273968143116
376.768238472396
251.472455711366
476.001380548667
333.827366153912
409.162172373586
324.256584724206
367.976490199385
354.96398876709
341.405998722084
369.280396473883
389.738677840299
244.971972562571
433.41911446806
409.162172373585
327.241714947337
335.640620398314
368.26251929695
343.884169777512
344.153165400518
369.624840210936
390.4200703629
241.192509227473
347.915099760554
324.256584724206
335.640620398313
325.236389939381
340.979192443245
358.943903279099
371.992136835152
369.920182156432
391.076921950531
239.400843239751
336.301419562682
367.976490199387
368.262519296951
340.979192443246
346.690598221392
372.778573600154
353.68904908583
364.330647718942
391.048481071468
239.271631389749
342.605380101151
354.963988767098
343.884169777507
358.943903279098
372.778573600154
364.416234908577
352.174262559627
381.405346355098
387.650910912223
240.823946186398
342.135290258425
341.405998722086
344.153165400518
371.992136835149
353.689049085831
352.174262559626
369.40295162507
387.220417086703
383.592639326568
243.40163869534
365.273968143119
369.280396473885
369.624840210939
369.920182156433
364.330647718943
381.405346355098
387.220417086703
386.559283398527
378.532148716342
241.725079335999
376.768238472395
389.738677840298
390.4200703629
391.07692195053
391.048481071467
387.650910912222
383.592639326567
378.532148716342
271.097835402385
234.769934270405
251.472455711366
244.971972562571
241.192509227473
239.400843239751
239.271631389749
240.823946186398
243.40163869534
241.725079335999
234.769934270405
230.125086304868
466.55823404029
364.156224670263
409.057939026499
250.627828170829
243.505549111322
244.113526364201
243.9174437113
241.906937917171
233.948330542284
226.553553421912
364.156224670263
405.451734416275
254.869667850963
243.593671208429
243.927590808791
244.176230301084
243.582386477075
241.207605936525
232.7461045192
226.457411942184
409.05793902649
254.869667850963
243.64721822632
243.76572127122
244.095115377772
243.988538153648
243.108718930777
240.343318161852
231.853882668689
226.394116837945
250.627828170829
243.593671208429
243.76572127122
244.075787367055
244.045958210312
243.518708082464
242.480017727739
239.554254813497
231.272307324789
226.358061200693
243.505549111322
243.927590808791
244.095115377772
244.045958210312
243.592185014079
242.895711640345
241.675564519088
238.793368065802
230.887063922175
226.349254279027
244.113526364202
244.176230301084
243.988538153647
243.518708082464
242.895711640344
242.083807497612
240.629474724351
238.024148853156
230.73288341741
226.369040530052
243.9174437113
243.582386477075
243.108718930777
242.480017727739
241.675564519087
240.629474724352
239.182280784556
236.845441954352
230.637008316389
226.407938394072
241.906937917171
241.207605936524
240.343318161852
239.554254813497
238.793368065801
238.024148853156
236.845441954351
234.255389006969
229.582938505589
226.383951348125
233.948330542284
232.7461045192
231.853882668689
231.272307324788
230.887063922175
230.73288341741
230.637008316389
229.582938505589
227.379672834585
226.306574738872
226.553553421912
226.457411942184
226.394116837945
226.358061200693
226.349254279027
226.369040530052
226.407938394072
226.383951348125
226.306574738872
227.565399034076
374.268381075421
365.627091663181
408.187796508693
264.83161219508
231.393979713917
227.273541156156
226.912425534878
226.719466278502
226.328788354807
226.200069347264
365.627091663181
404.331669352143
278.425561408726
234.73510111234
227.709076715362
226.991352464167
226.864423712696
226.671974193316
226.296906123899
226.199095030204
408.187796508692
278.425561408725
236.207961226185
228.069450634237
227.044747945801
226.920117440651
226.82296508418
226.620751364677
226.276816482921
226.198479654869
264.83161219508
234.73510111234
228.069450634237
227.069440825795
226.939617292281
226.871316190768
226.776872283919
226.578736682332
226.265643614853
226.198146357864
231.393979713916
227.709076715362
227.044747945801
226.939617292281
226.883700545268
226.819584157137
226.723829497337
226.542351660829
226.258667467194
226.198065366019
227.273541156156
226.991352464167
226.920117440651
226.871316190768
226.819584157136
226.758862448558
226.660418792874
226.508765239807
226.256465168501
226.198263437947
226.912425534878
226.864423712696
226.82296508418
226.776872283919
226.723829497337
226.660418792874
226.577843304029
226.460336259905
226.256135973863
226.198695629972
226.719466278502
226.671974193315
226.620751364677
226.578736682332
226.542351660829
226.508765239807
226.460336259905
226.362604897671
226.241667532552
226.198639055395
226.328788354807
226.296906123899
226.27681648292
226.265643614853
226.258667467194
226.256465168501
226.256135973863
226.241667532552
226.211922916499
226.197764810237
226.200069347264
226.199095030204
226.198479654869
226.198146357864
226.198065366019
226.198263437947
226.198695629972
226.198639055395
226.197764810237
226.522946271676
