550.265751745715
478.253299845104
437.042803027836
350.052229112011
338.638837326381
345.180662163152
344.575329491773
343.956805682637
378.269143708702
252.386502377733
478.253299845083
335.234164960915
412.836182281668
326.787913097403
371.067013736319
358.017074045379
344.139782319228
348.503753924736
384.656212422054
245.704083595357
437.042803027839
412.836182281665
329.272238727004
338.138616464122
371.960920205157
347.04567130983
347.702784075222
373.517500759641
392.794266276753
241.881495627593
350.052229112011
326.787913097403
338.138616464124
328.087795706436
344.438292311656
363.465021595447
377.730014978088
375.106656499918
390.460288821863
240.11385027389
338.638837326379
371.067013736319
371.960920205164
344.438292311657
350.977645361321
380.046043446759
360.215266830135
370.820576261529
390.947466145128
240.183727629929
345.180662163153
358.017074045383
347.04567130983
363.465021595448
380.04604344676
372.00735371063
360.203549802317
372.060390914184
388.392048882552
242.336285395761
344.57532949177
344.139782319233
347.702784075223
377.730014978093
360.215266830138
360.203549802319
382.085028589018
377.222677612524
378.195874303672
246.193377217974
343.956805682636
348.503753924736
373.517500759645
375.106656499918
370.820576261528
372.060390914183
377.222677612524
370.933216399334
384.690400293876
245.555286721246
378.269143708702
384.656212422054
392.794266276753
390.460288821863
390.947466145128
388.392048882552
378.195874303672
384.690400293876
282.519936223532
237.206546155845
252.386502377733
245.704083595357
241.881495627593
240.11385027389
240.183727629929
242.336285395761
246.193377217974
245.555286721246
237.206546155845
231.233293822467
463.778786481433
363.621174150648
407.547181610009
250.645100849686
243.173128518203
243.741252665278
243.689025637073
241.751956870546
233.9328276567
226.586258646749
363.621174150648
404.846843438709
254.670177897986
243.355716687532
243.56091250717
243.892154500783
243.39410646071
241.078288335889
232.778224865949
226.482271820692
407.547181610002
254.670177897985
243.402116385379
243.417810666152
243.764165747572
243.745842191468
242.958027251232
240.235145019639
231.892167960223
226.416425476085
250.645100849686
243.355716687532
243.417810666152
243.734971981878
243.790252750994
243.307701846724
242.303566233239
239.460576686735
231.38743640305
226.380544793873
243.173128518203
243.56091250717
243.764165747572
243.790252750994
243.386712151853
242.740530136015
241.603540928396
238.789522227439
231.14241488329
226.375845400556
243.741252665278
243.892154500784
243.745842191468
243.307701846724
242.740530136015
241.958600394317
240.539018670014
238.075873946059
231.083879096407
226.407170294577
243.689025637073
243.39410646071
242.958027251233
242.303566233239
241.603540928396
240.539018670014
239.189861322757
236.957170645711
231.18895969229
226.469229705876
241.751956870546
241.078288335889
240.235145019639
239.460576686736
238.789522227439
238.075873946058
236.957170645711
234.689092874297
230.196735680735
226.480836994701
233.9328276567
232.778224865949
231.892167960223
231.38743640305
231.14241488329
231.083879096408
231.18895969229
230.196735680735
228.107037872262
226.354128493951
226.586258646749
226.482271820692
226.416425476085
226.380544793873
226.375845400556
226.407170294577
226.469229705876
226.480836994701
226.354128493951
227.931030314895
370.507094380249
361.85262743016
410.720942103279
265.646278766688
231.479730477305
227.24724346389
226.892425088793
226.707353808708
226.327497695072
226.200305492936
361.85262743016
402.369092231429
278.537259290141
234.778744661655
227.687877217678
226.966709179251
226.84820020522
226.662230182091
226.29713626267
226.19928539491
410.720942103278
278.53725929014
236.213842775062
228.046759393935
227.016331209411
226.899188774418
226.809857079589
226.61306043568
226.277500214396
226.198659093763
265.646278766688
234.778744661655
228.046759393935
227.040188229628
226.917329556784
226.85355250885
226.762972923756
226.572277325308
226.268065815293
226.198342220025
231.479730477304
227.687877217678
227.016331209411
226.917329556784
226.866282920106
226.806294873581
226.717170258496
226.541301745638
226.263913267614
226.198315110053
227.24724346389
226.966709179251
226.899188774418
226.85355250885
226.806294873581
226.748533561236
226.653948840174
226.510846453273
226.263614916443
226.198640053757
226.892425088793
226.84820020522
226.809857079589
226.762972923756
226.717170258496
226.653948840174
226.57736414796
226.465598067026
226.268032791838
226.199384697146
226.707353808708
226.662230182091
226.613060435681
226.572277325308
226.541301745638
226.510846453273
226.465598067026
226.379158264351
226.254323414031
226.199822124016
226.327497695072
226.29713626267
226.277500214396
226.268065815293
226.263913267614
226.263614916443
226.268032791839
226.254323414031
226.226311774085
226.198580807397
226.200305492936
226.19928539491
226.198659093763
226.198342220025
226.198315110053
226.198640053757
226.199384697146
226.199822124016
226.198580807397
226.601154439614
