550.265751745715
478.253299845104
437.042803027836
350.052229112011
338.638837326381
345.180662163152
344.575329491773
343.956805682637
378.269143708702
253.003285249234
478.253299845083
335.234164960915
412.836182281668
326.787913097403
371.067013736319
358.017074045379
344.139782319228
348.503753924736
384.656212422054
246.156601283582
437.042803027839
412.836182281665
329.272238727004
338.138616464122
371.960920205157
347.04567130983
347.702784075222
373.517500759641
392.794266276753
242.271847389818
350.052229112011
326.787913097403
338.138616464124
328.087795706436
344.438292311656
363.465021595447
377.730014978088
375.106656499918
390.460288821863
240.490400261939
338.638837326379
371.067013736319
371.960920205164
344.438292311657
350.977645361321
380.046043446759
360.215266830135
370.820576261529
390.947466145128
240.63491608345
345.180662163153
358.017074045383
347.04567130983
363.465021595448
380.04604344676
372.00735371063
360.203549802317
372.060390914184
388.392048882552
243.028750283361
344.57532949177
344.139782319233
347.702784075223
377.730014978093
360.215266830138
360.203549802319
382.085028589018
377.222677612524
378.195874303672
247.404366493828
343.956805682636
348.503753924736
373.517500759645
375.106656499918
370.820576261528
372.060390914183
377.222677612524
370.933216399334
384.690400293876
247.250310655918
378.269143708702
384.656212422054
392.794266276753
390.460288821863
390.947466145128
388.392048882552
378.195874303672
384.690400293876
287.845053451221
238.31335381954
253.003285249234
246.156601283582
242.271847389818
240.490400261939
240.63491608345
243.028750283361
247.404366493828
247.250310655918
238.31335381954
231.759949806288
463.778786481433
363.621174150648
407.547181610009
250.79851648645
243.185761050983
243.755718639919
243.733732804731
241.833453041337
234.045417782488
226.596058947382
363.621174150648
404.846843438709
254.917712761975
243.38373556247
243.572579293208
243.919210358867
243.447688198827
241.170380296504
232.893104283131
226.489895301079
407.547181610002
254.917712761974
243.436506277043
243.433934226015
243.783076105853
243.784328714051
243.019113079232
240.331601691664
231.995207796418
226.423392300093
250.79851648645
243.38373556247
243.433934226015
243.751955422517
243.821525268861
243.356775885389
242.371652509582
239.563790711481
231.492651663078
226.387642834681
243.185761050983
243.572579293208
243.783076105853
243.821525268861
243.432010564064
242.798975344521
241.67877530348
238.901290081447
231.265985729751
226.384247211414
243.755718639919
243.919210358867
243.784328714052
243.356775885389
242.798975344521
242.026902016586
240.624335644153
238.198755911748
231.249959834919
226.418894998139
243.733732804731
243.447688198827
243.019113079233
242.371652509582
241.67877530348
240.624335644154
239.296535270864
237.094196956213
231.418267069043
226.487998535461
241.833453041337
241.170380296505
240.331601691664
239.563790711481
238.901290081447
238.198755911748
237.094196956213
234.88764691131
230.398164574236
226.515469647708
234.045417782488
232.893104283132
231.995207796418
231.492651663078
231.265985729751
231.249959834919
231.418267069044
230.398164574237
228.342930523196
226.378793068924
226.596058947382
226.489895301079
226.423392300093
226.387642834681
226.384247211414
226.418894998139
226.48799853546
226.515469647707
226.378793068924
228.113107745511
370.507094380249
361.85262743016
410.720942103279
266.136466712632
231.567051694125
227.255073477824
226.89498646239
226.711572674903
226.330629363591
226.200412842276
361.85262743016
402.369092231429
279.16738311135
234.917718101754
227.70536448706
226.968964582584
226.851024860099
226.666895763858
226.299906852602
226.199368789988
410.720942103278
279.16738311135
236.373723415252
228.071957055847
227.01920726923
226.901127021449
226.813082932254
226.617759004594
226.279684035051
226.198731572368
266.136466712632
234.917718101754
228.071957055847
227.043493251511
226.918867815913
226.856062174379
226.766560376004
226.577129360319
226.270142665158
226.198414472302
231.567051694125
227.70536448706
227.01920726923
226.918867815913
226.868555712443
226.809356004794
226.72109346598
226.546413629205
226.266316099775
226.198401519207
227.255073477824
226.968964582584
226.901127021449
226.856062174379
226.809356004794
226.752117586304
226.658288378385
226.516307894627
226.266940543223
226.19876613618
226.89498646239
226.851024860099
226.813082932253
226.766560376004
226.72109346598
226.658288378384
226.582522737986
226.471353560283
226.272922210203
226.199603650519
226.711572674903
226.666895763858
226.617759004594
226.577129360319
226.546413629205
226.516307894627
226.471353560283
226.386233524189
226.258070976603
226.200222326942
226.330629363591
226.299906852602
226.279684035052
226.270142665158
226.266316099775
226.266940543222
226.272922210203
226.258070976604
226.231080442613
226.198963050486
226.200412842276
226.199368789988
226.198731572368
226.198414472302
226.198401519207
226.19876613618
226.199603650519
226.200222326942
226.198963050486
226.64124533957
