622.159310244409
476.001380548667
433.419114468061
347.915099760553
336.30141956268
342.605380101153
342.135290258427
365.273968143116
376.768238472396
253.309151682174
476.001380548667
333.827366153912
409.162172373586
324.256584724206
367.976490199385
354.96398876709
341.405998722084
369.280396473883
389.738677840299
246.316816915683
433.41911446806
409.162172373585
327.241714947337
335.640620398314
368.26251929695
343.884169777512
344.153165400518
369.624840210936
390.4200703629
242.344301113807
347.915099760554
324.256584724206
335.640620398313
325.236389939381
340.979192443245
358.943903279099
371.992136835152
369.920182156432
391.076921950531
240.499725023922
336.301419562682
367.976490199387
368.262519296951
340.979192443246
346.690598221392
372.778573600154
353.68904908583
364.330647718942
391.048481071468
240.577994842645
342.605380101151
354.963988767098
343.884169777507
358.943903279098
372.778573600154
364.416234908577
352.174262559627
381.405346355098
387.650910912223
242.796809845209
342.135290258425
341.405998722086
344.153165400518
371.992136835149
353.689049085831
352.174262559626
369.40295162507
387.220417086703
383.592639326568
246.758340280134
365.273968143119
369.280396473885
369.624840210939
369.920182156433
364.330647718943
381.405346355098
387.220417086703
386.559283398527
378.532148716342
245.992423675295
376.768238472395
389.738677840298
390.4200703629
391.07692195053
391.048481071467
387.650910912222
383.592639326567
378.532148716342
284.056147229391
237.624331963583
253.309151682174
246.316816915682
242.344301113807
240.499725023922
240.577994842644
242.796809845209
246.758340280133
245.992423675295
237.624331963583
231.480031916615
466.55823404029
364.156224670263
409.057939026499
251.074556076804
243.523140871962
244.169250271519
244.06304811104
242.157553539567
234.298900934788
226.581147367426
364.156224670263
405.451734416275
255.643224001737
243.661128768714
243.963963272911
244.270608685776
243.752213644282
241.490219230422
233.102363787277
226.478932231756
409.05793902649
255.643224001737
243.739764028214
243.807297867819
244.162490461783
244.115570768463
243.299544896736
240.642109433189
232.174661447343
226.413812500445
251.074556076804
243.661128768715
243.807297867819
244.135438750565
244.152221804217
243.675144168536
242.690522123113
239.87323561148
231.599085312432
226.378054011836
243.523140871962
243.963963272911
244.162490461783
244.152221804217
243.738050646604
243.078148967047
241.907195959541
239.139999839034
231.270117717024
226.372564856726
244.169250271519
244.270608685776
244.115570768463
243.675144168536
243.078148967047
242.294387568296
240.891586044609
238.407590913396
231.234981389294
226.400985185206
244.06304811104
243.752213644282
243.299544896736
242.690522123113
241.907195959541
240.89158604461
239.512374359373
237.278595459292
231.314787291124
226.458113376326
242.157553539567
241.490219230421
240.642109433189
239.873235611479
239.139999839034
238.407590913397
237.278595459291
234.894337325768
230.217023088488
226.470077037891
234.298900934788
233.102363787277
232.174661447343
231.599085312432
231.270117717023
231.234981389294
231.314787291124
230.217023088488
227.967386292639
226.364183836777
226.581147367426
226.478932231756
226.413812500445
226.378054011836
226.372564856726
226.400985185206
226.458113376326
226.470077037891
226.364183836777
228.033594324369
374.268381075421
365.627091663181
408.187796508693
266.302548095972
231.65112420283
227.297262392192
226.921015339069
226.73270141421
226.338748785609
226.200382597062
365.627091663181
404.331669352143
280.344282934244
235.15396922745
227.761311898878
226.999082526349
226.87365049416
226.686563892987
226.305651933731
226.199338390559
408.187796508692
280.344282934243
236.693285906776
228.145450310344
227.054150541921
226.926846066736
226.833287299628
226.635587536226
226.283740230173
226.198690038784
266.302548095971
235.15396922745
228.145450310344
227.080016485264
226.945198973715
226.879600916065
226.78820822605
226.594028981518
226.272151292684
226.198352837642
231.651124202829
227.761311898878
227.054150541921
226.945198973715
226.891321777998
226.829383362086
226.736130978416
226.558452830483
226.266020067278
226.198304474286
227.297262392191
226.999082526349
226.926846066736
226.879600916065
226.829383362086
226.770136459449
226.673985757537
226.526027983464
226.266249266046
226.198603246051
226.921015339069
226.87365049416
226.833287299628
226.78820822605
226.736130978416
226.673985757537
226.594048208675
226.47870653221
226.269842537689
226.19926354554
226.73270141421
226.686563892986
226.635587536226
226.594028981518
226.558452830483
226.526027983464
226.47870653221
226.385026882595
226.252477514321
226.199575812925
226.33874878561
226.305651933731
226.283740230173
226.272151292684
226.266020067278
226.266249266046
226.269842537689
226.252477514321
226.222119432408
226.198545090032
226.200382597062
226.199338390559
226.198690038784
226.198352837642
226.198304474286
226.198603246052
226.19926354554
226.199575812925
226.198545090032
226.626471972794
