622.159310244409
476.001380548667
433.419114468061
347.915099760553
336.30141956268
342.605380101153
342.135290258427
365.273968143116
376.768238472396
253.947077288295
476.001380548667
333.827366153912
409.162172373586
324.256584724206
367.976490199385
354.96398876709
341.405998722084
369.280396473883
389.738677840299
246.782653070022
433.41911446806
409.162172373585
327.241714947337
335.640620398314
368.26251929695
343.884169777512
344.153165400518
369.624840210936
390.4200703629
242.746667105084
347.915099760554
324.256584724206
335.640620398313
325.236389939381
340.979192443245
358.943903279099
371.992136835152
369.920182156432
391.076921950531
240.889639425134
336.301419562682
367.976490199387
368.262519296951
340.979192443246
346.690598221392
372.778573600154
353.68904908583
364.330647718942
391.048481071468
241.046663823301
342.605380101151
354.963988767098
343.884169777507
358.943903279098
372.778573600154
364.416234908577
352.174262559627
381.405346355098
387.650910912223
243.514306688425
342.135290258425
341.405998722086
344.153165400518
371.992136835149
353.689049085831
352.174262559626
369.40295162507
387.220417086703
383.592639326568
248.005905030703
365.273968143119
369.280396473885
369.624840210939
369.920182156433
364.330647718943
381.405346355098
387.220417086703
386.559283398527
378.532148716342
247.748006915549
376.768238472395
389.738677840298
390.4200703629
391.07692195053
391.048481071467
387.650910912222
383.592639326567
378.532148716342
289.673726867297
238.75335401849
253.947077288295
246.782653070021
242.746667105084
240.889639425134
241.046663823301
243.514306688425
248.005905030703
247.748006915549
238.753354018491
232.021843342485
466.55823404029
364.156224670263
409.057939026499
251.22922887526
243.531676954595
244.187264736237
244.110295735633
242.2393185712
234.415672554479
226.59076635142
364.156224670263
405.451734416275
255.91046014893
243.686583625509
243.976913024672
244.301003430398
243.807573624371
241.58222560981
233.223923138596
226.486306311342
409.05793902649
255.91046014893
243.773419010249
243.822869956604
244.184370145092
244.156720359442
243.36206079718
240.741281384054
232.283581295349
226.420567121426
251.22922887526
243.686583625509
243.822869956604
244.155005872182
244.18648805388
243.726175286471
242.759565106396
239.977986608864
231.710605947418
226.384921917475
243.531676954595
243.976913024672
244.184370145092
244.186488053881
243.785545792677
243.137965474361
241.983098113622
239.253383259635
231.400847029094
226.380624203451
244.187264736237
244.301003430399
244.156720359442
243.726175286471
243.137965474361
242.363492096673
240.976989859281
238.532261945212
231.409396439897
226.412050068721
244.110295735633
243.807573624371
243.362060797181
242.759565106395
241.983098113621
240.976989859282
239.618129400927
237.418250092772
231.555640170496
226.475353703621
242.2393185712
241.582225609809
240.741281384054
239.977986608864
239.253383259635
238.532261945212
237.418250092771
235.09653842839
230.434159372228
226.501612796953
234.415672554479
233.223923138596
232.283581295349
231.710605947418
231.400847029094
231.409396439897
231.555640170496
230.434159372228
228.173571468398
226.38928092078
226.590766351419
226.486306311342
226.420567121426
226.384921917475
226.380624203451
226.412050068721
226.475353703621
226.501612796953
226.38928092078
228.223400499447
374.268381075421
365.627091663181
408.187796508693
266.798814548798
231.738649774575
227.305425126472
226.923810555382
226.737032064897
226.342144312784
226.200491995498
365.627091663181
404.331669352143
280.990022236524
235.29602103184
227.779309689729
227.00164305333
226.876650239467
226.691336195924
226.308724404248
226.199423172138
408.187796508692
280.990022236523
236.857704523162
228.171569273921
227.057353491326
226.929013696192
226.836664237318
226.640550772721
226.28616205575
226.198763489953
266.798814548798
235.29602103184
228.171569273921
227.083652311851
226.94699025818
226.882288912103
226.791925995677
226.599092610469
226.274446050641
226.198425458037
231.738649774574
227.779309689729
227.057353491326
226.94699025818
226.893785958735
226.832588713679
226.740166575025
226.563772003185
226.268633888899
226.198389727138
227.305425126472
227.00164305333
226.929013696192
226.882288912103
226.832588713679
226.77383533845
226.678417993363
226.531712216677
226.269846071546
226.19872619774
226.923810555382
226.876650239467
226.836664237318
226.791925995677
226.740166575025
226.678417993363
226.599272269179
226.48473436103
226.275106819381
226.199471214037
226.737032064897
226.691336195923
226.640550772721
226.599092610469
226.563772003185
226.531712216677
226.48473436103
226.392405727276
226.256556504881
226.199936708723
226.342144312784
226.308724404248
226.28616205575
226.274446050641
226.268633888899
226.269846071546
226.275106819381
226.256556504881
226.225934935509
226.198902184913
226.200491995498
226.199423172138
226.198763489953
226.198425458037
226.198389727138
226.198726197741
226.199471214037
226.199936708723
226.198902184913
226.668836865581
