622.159310244409
476.001380548667
433.419114468061
347.915099760553
336.30141956268
342.605380101153
342.135290258427
365.273968143116
376.768238472396
254.596916614894
476.001380548667
333.827366153912
409.162172373586
324.256584724206
367.976490199385
354.96398876709
341.405998722084
369.280396473883
389.738677840299
247.266367780699
433.41911446806
409.162172373585
327.241714947337
335.640620398314
368.26251929695
343.884169777512
344.153165400518
369.624840210936
390.4200703629
243.158621187818
347.915099760554
324.256584724206
335.640620398313
325.236389939381
340.979192443245
358.943903279099
371.992136835152
369.920182156432
391.076921950531
241.291444751183
336.301419562682
367.976490199387
368.262519296951
340.979192443246
346.690598221392
372.778573600154
353.68904908583
364.330647718942
391.048481071468
241.532754752733
342.605380101151
354.963988767098
343.884169777507
358.943903279098
372.778573600154
364.416234908577
352.174262559627
381.405346355098
387.650910912223
244.262407891008
342.135290258425
341.405998722086
344.153165400518
371.992136835149
353.689049085831
352.174262559626
369.40295162507
387.220417086703
383.592639326568
249.320666465591
365.273968143119
369.280396473885
369.624840210939
369.920182156433
364.330647718943
381.405346355098
387.220417086703
386.559283398527
378.532148716342
249.699511360934
376.768238472395
389.738677840298
390.4200703629
391.07692195053
391.048481071467
387.650910912222
383.592639326567
378.532148716342
296.097584351732
239.995008340565
254.596916614894
247.266367780698
243.158621187817
241.291444751183
241.532754752733
244.262407891008
249.320666465591
249.699511360934
239.995008340565
232.616295026005
466.55823404029
364.156224670263
409.057939026499
251.386693848737
243.541542027769
244.20508253978
244.1569275236
242.320232736412
234.53239250134
226.600598790349
364.156224670263
405.451734416275
256.18223486596
243.713455811388
243.990365190255
244.330918501626
243.862320728226
241.673148093084
233.345268111429
226.493863868326
409.05793902649
256.18223486596
243.808399781661
243.839302621367
244.206033234054
244.197287621324
243.424022378164
240.840224779357
232.394458016153
226.427424629333
251.386693848737
243.713455811388
243.839302621367
244.174493779145
244.220198435786
243.776629510781
242.828015736587
240.081935568951
231.823291390872
226.391895769598
243.541542027769
243.990365190255
244.206033234054
244.220198435786
243.832455073408
243.197235255047
242.05829858707
239.36568312777
231.533325363746
226.388823669568
244.20508253978
244.330918501627
244.197287621325
243.776629510781
243.197235255047
242.431986022203
241.061374026452
238.655432522486
231.586919377582
226.423329792844
244.1569275236
243.862320728226
243.424022378164
242.828015736586
242.05829858707
241.061374026452
239.721830643356
237.555596372891
231.803653166347
226.492848641016
242.320232736412
241.673148093084
240.840224779357
240.081935568951
239.36568312777
238.655432522487
237.555596372891
235.289025318078
230.673506542563
226.533618090644
234.53239250134
233.345268111429
232.394458016153
231.823291390872
231.533325363746
231.586919377582
231.803653166347
230.673506542563
228.373270168917
226.418165135859
226.600598790349
226.493863868326
226.427424629332
226.391895769598
226.388823669568
226.423329792844
226.492848641016
226.533618090644
226.418165135859
228.432829735376
374.268381075421
365.627091663181
408.187796508693
267.29783270621
231.827074278824
227.313722366469
226.926573541201
226.741323520912
226.34557734938
226.200603874617
365.627091663181
404.331669352143
281.638617490908
235.439275460496
227.797600707619
227.004199602405
226.879612553955
226.696062753282
226.311836202973
226.199510254629
408.187796508692
281.638617490908
237.023431041897
228.198113753435
227.060596607156
226.931144887422
226.840008787022
226.645522177646
226.2886644287
226.198838725044
267.29783270621
235.439275460496
228.198113753435
227.087349739158
226.948748859931
226.884939241944
226.795612112032
226.604138748037
226.276803769002
226.198500057402
231.827074278824
227.797600707619
227.060596607156
226.948748859931
226.896211101283
226.835761439135
226.744168239232
226.569067511542
226.271338537881
226.198477853147
227.313722366469
227.004199602405
226.931144887422
226.884939241944
226.835761439135
226.777502278825
226.682804907156
226.537364284136
226.273612136631
226.198854319958
226.926573541201
226.879612553956
226.840008787022
226.795612112032
226.744168239232
226.682804907156
226.604412781818
226.49071506038
226.280743632273
226.199689011043
226.741323520912
226.696062753282
226.645522177646
226.604138748037
226.569067511542
226.537364284136
226.49071506038
226.399562595674
226.261250974178
226.200314962792
226.34557734938
226.311836202973
226.2886644287
226.276803769002
226.271338537881
226.273612136631
226.280743632272
226.261250974177
226.229668036166
226.199317065831
226.200603874617
226.199510254629
226.198838725044
226.198500057402
226.198477853147
226.198854319958
226.199689011043
226.200314962792
226.199317065831
226.715825694233
