622.159310244409
476.001380548667
433.419114468061
347.915099760553
336.30141956268
342.605380101153
342.135290258427
365.273968143116
376.768238472396
255.258365327088
476.001380548667
333.827366153912
409.162172373586
324.256584724206
367.976490199385
354.96398876709
341.405998722084
369.280396473883
389.738677840299
247.767439075728
433.41911446806
409.162172373585
327.241714947337
335.640620398314
368.26251929695
343.884169777512
344.153165400518
369.624840210936
390.4200703629
243.580177804221
347.915099760554
324.256584724206
335.640620398313
325.236389939381
340.979192443245
358.943903279099
371.992136835152
369.920182156432
391.076921950531
241.705081402029
336.301419562682
367.976490199387
368.262519296951
340.979192443246
346.690598221392
372.778573600154
353.68904908583
364.330647718942
391.048481071468
242.036220800623
342.605380101151
354.963988767098
343.884169777507
358.943903279098
372.778573600154
364.416234908577
352.174262559627
381.405346355098
387.650910912223
245.041021877342
342.135290258425
341.405998722086
344.153165400518
371.992136835149
353.689049085831
352.174262559626
369.40295162507
387.220417086703
383.592639326568
250.701926569996
365.273968143119
369.280396473885
369.624840210939
369.920182156433
364.330647718943
381.405346355098
387.220417086703
386.559283398527
378.532148716342
251.841736582248
376.768238472395
389.738677840298
390.4200703629
391.07692195053
391.048481071467
387.650910912222
383.592639326567
378.532148716342
303.326929595271
241.364606723825
255.258365327088
247.767439075727
243.58017780422
241.705081402029
242.036220800623
245.041021877342
250.701926569996
251.841736582247
241.364606723825
233.269246138333
466.55823404029
364.156224670263
409.057939026499
251.546889339304
243.552710928996
244.22273946878
244.202955442593
242.400324770201
234.649085118835
226.610646728395
364.156224670263
405.451734416275
256.458452299328
243.741686702105
244.004351300378
244.360373429185
243.916459516733
241.763034332129
233.466492479824
226.501605697017
409.05793902649
256.458452299328
243.844642961972
243.856585417845
244.227507278915
244.237270378097
243.485417832253
240.938911814227
232.507187597613
226.434382567407
251.546889339304
243.741686702105
243.856585417845
244.193932910901
244.253354444611
243.826488940618
242.895857705712
240.18508400187
231.937081701781
226.398975420409
243.552710928996
244.004351300378
244.227507278915
244.253354444611
243.878759447083
243.255932865633
242.132785072324
239.476924873841
231.667505365394
226.397165274263
244.22273946878
244.360373429185
244.237270378097
243.826488940618
243.255932865633
242.499847553481
241.144750486439
238.777177593281
231.767478242069
226.434825881387
244.202955442593
243.916459516733
243.485417832253
242.895857705711
242.132785072324
241.144750486439
239.823591038311
237.690806714393
232.058564751051
226.510576065681
242.400324770201
241.763034332129
240.938911814227
240.18508400187
239.47692487384
238.777177593281
237.690806714393
235.471363179053
230.935147938618
226.566004940209
234.649085118834
233.466492479824
232.507187597613
231.937081701781
231.667505365394
231.767478242069
232.058564751051
230.935147938618
228.564003320271
226.4515416429
226.610646728395
226.501605697017
226.434382567407
226.398975420409
226.397165274263
226.434825881387
226.510576065681
226.566004940209
226.4515416429
228.663861738132
374.268381075421
365.627091663181
408.187796508693
267.799481562437
231.9163947897
227.322157528959
226.929305212784
226.745576759141
226.349048136641
226.200718261063
365.627091663181
404.331669352143
282.289953319253
235.583727882608
227.816185429048
227.006754195341
226.882537708944
226.700745157344
226.314988202269
226.199599653995
408.187796508692
282.289953319253
237.190460373643
228.225097149205
227.063882823293
226.933239980838
226.843320478731
226.650500613187
226.291247814342
226.198915772215
267.799481562437
235.583727882607
228.225097149205
227.091112006947
226.950475569243
226.887551223286
226.799265998143
226.609167478514
226.279224761004
226.19857666244
231.9163947897
227.816185429048
227.063882823293
226.950475569243
226.898596514112
226.838900503214
226.748135713213
226.574340253534
226.27413546398
226.198568907269
227.322157528959
227.006754195341
226.933239980838
226.887551223286
226.838900503214
226.781136570249
226.687147434272
226.54298664113
226.277551455482
226.19898773569
226.929305212784
226.882537708944
226.843320478731
226.799265998143
226.748135713213
226.687147434272
226.609474590501
226.496652821422
226.28676539069
226.199917175896
226.745576759141
226.700745157344
226.650500613187
226.609167478514
226.574340253533
226.54298664113
226.496652821422
226.406456874739
226.266623449419
226.200709743802
226.349048136642
226.314988202269
226.291247814342
226.279224761004
226.27413546398
226.277551455482
226.28676539069
226.266623449419
226.233233808129
226.19979719278
226.200718261063
226.199599653995
226.198915772215
226.19857666244
226.198568907269
226.198987735691
226.199917175896
226.200709743802
226.19979719278
226.767922366665
