622.159310244409
476.001380548667
433.419114468061
347.915099760553
336.30141956268
342.605380101153
342.135290258427
365.273968143116
376.768238472396
255.931205574248
476.001380548667
333.827366153912
409.162172373586
324.256584724206
367.976490199385
354.96398876709
341.405998722084
369.280396473883
389.738677840299
248.285476909948
433.41911446806
409.162172373585
327.241714947337
335.640620398314
368.26251929695
343.884169777512
344.153165400518
369.624840210936
390.4200703629
244.011369257392
347.915099760554
324.256584724206
335.640620398313
325.236389939381
340.979192443245
358.943903279099
371.992136835152
369.920182156432
391.076921950531
242.130492413355
336.301419562682
367.976490199387
368.262519296951
340.979192443246
346.690598221392
372.778573600154
353.68904908583
364.330647718942
391.048481071468
242.556975441007
342.605380101151
354.963988767098
343.884169777507
358.943903279098
372.778573600154
364.416234908577
352.174262559627
381.405346355098
387.650910912223
245.849872752845
342.135290258425
341.405998722086
344.153165400518
371.992136835149
353.689049085831
352.174262559626
369.40295162507
387.220417086703
383.592639326568
252.151079588081
365.273968143119
369.280396473885
369.624840210939
369.920182156433
364.330647718943
381.405346355098
387.220417086703
386.559283398527
378.532148716342
254.168719685613
376.768238472395
389.738677840298
390.4200703629
391.07692195053
391.048481071467
387.650910912222
383.592639326567
378.532148716342
311.363072909379
242.876932009242
255.931205574249
248.285476909948
244.011369257392
242.130492413355
242.556975441006
245.849872752845
252.15107958808
254.168719685613
242.876932009243
233.987250290215
466.55823404029
364.156224670263
409.057939026499
251.709756494356
243.565156580034
244.240271364708
244.24839090542
242.479614208299
234.765754367211
226.620913384314
364.156224670263
405.451734416275
256.739020909254
243.77121800181
244.018902370127
244.389391902906
243.969996285145
241.851917131525
233.587606182304
226.509536568282
409.05793902649
256.739020909254
243.882082291536
243.874730031915
244.248826645898
244.276677921442
243.546249896418
241.037336875732
232.621740751758
226.441441274085
251.709756494356
243.77121800181
243.874730031915
244.213361040078
244.285971999767
243.875755668877
242.963099134282
240.287459441515
232.051958690208
226.406162455941
243.565156580034
244.018902370128
244.248826645898
244.285971999768
243.924462232556
243.314063746859
242.206582111732
239.587167357059
231.803379003643
226.405652197073
244.240271364708
244.389391902907
244.276677921442
243.875755668878
243.314063746859
242.567098501388
241.22718298852
238.897615844373
231.951048168818
226.446538871507
244.24839090542
243.969996285145
243.546249896418
242.963099134282
242.206582111731
241.22718298852
239.923581101171
237.824130963849
232.319649751212
226.528532064558
242.479614208299
241.851917131525
241.037336875732
240.287459441515
239.587167357058
238.897615844373
237.824130963849
235.645034071564
231.218455213009
226.598614241966
234.765754367211
233.587606182304
232.621740751758
232.051958690208
231.803379003643
231.951048168817
232.319649751212
231.218455213009
228.742576748912
226.490199064891
226.620913384314
226.509536568282
226.441441274085
226.406162455941
226.405652197073
226.446538871507
226.528532064558
226.598614241966
226.490199064891
228.918722929062
374.268381075421
365.627091663181
408.187796508693
268.30364757062
232.006608478025
227.330733939466
226.932006473002
226.749792425645
226.352556595355
226.200835195618
365.627091663181
404.331669352143
282.94392509693
235.729374284429
227.835064359601
227.00930902291
226.885426057461
226.705384547638
226.318180328125
226.199691409547
408.187796508692
282.94392509693
237.358790740049
228.252519910617
227.067215323439
226.935299802065
226.84659939379
226.655485580818
226.293913515549
226.198994667125
268.30364757062
235.729374284429
228.252519910617
227.094942611173
226.952171784878
226.890124965776
226.802887933933
226.61417955355
226.281709789812
226.198655302211
232.006608478025
227.835064359601
227.067215323439
226.952171784878
226.90094239853
226.842006006598
226.752069911884
226.579591849984
226.27702648155
226.198662940227
227.330733939466
227.00930902291
226.935299802065
226.890124965777
226.842006006598
226.784738964947
226.691447937276
226.548582509172
226.281668433424
226.199126542808
226.932006473002
226.885426057461
226.84659939379
226.802887933933
226.752069911884
226.691447937276
226.614463675095
226.502553839928
226.293171689573
226.200156028665
226.749792425645
226.705384547637
226.655485580818
226.61417955355
226.579591849984
226.548582509172
226.502553839928
226.413121065911
226.27272542175
226.201120159113
226.352556595355
226.318180328125
226.293913515549
226.281709789812
226.27702648155
226.281668433424
226.293171689573
226.27272542175
226.23655297442
226.200351669275
226.200835195618
226.199691409547
226.198994667126
226.198655302211
226.198662940227
226.199126542809
226.200156028665
226.201120159113
226.200351669275
226.825665849074
