622.159310244409
476.001380548667
433.419114468061
347.915099760553
336.30141956268
342.605380101153
342.135290258427
365.273968143116
376.768238472396
256.615228945394
476.001380548667
333.827366153912
409.162172373586
324.256584724206
367.976490199385
354.96398876709
341.405998722084
369.280396473883
389.738677840299
248.82010938807
433.41911446806
409.162172373585
327.241714947337
335.640620398314
368.26251929695
343.884169777512
344.153165400518
369.624840210936
390.4200703629
244.452200783421
347.915099760554
324.256584724206
335.640620398313
325.236389939381
340.979192443245
358.943903279099
371.992136835152
369.920182156432
391.076921950531
242.567515152338
336.301419562682
367.976490199387
368.262519296951
340.979192443246
346.690598221392
372.778573600154
353.68904908583
364.330647718942
391.048481071468
243.094451391283
342.605380101151
354.963988767098
343.884169777507
358.943903279098
372.778573600154
364.416234908577
352.174262559627
381.405346355098
387.650910912223
246.68618557958
342.135290258425
341.405998722086
344.153165400518
371.992136835149
353.689049085831
352.174262559626
369.40295162507
387.220417086703
383.592639326568
253.733428559593
365.273968143119
369.280396473885
369.624840210939
369.920182156433
364.330647718943
381.405346355098
387.220417086703
386.559283398527
378.532148716342
256.683402633863
376.768238472395
389.738677840298
390.4200703629
391.07692195053
391.048481071467
387.650910912222
383.592639326567
378.532148716342
320.231438281053
244.547580736031
256.615228945394
248.82010938807
244.452200783421
242.567515152338
243.094451391282
246.68618557958
253.733428559593
256.683402633862
244.547580736031
234.777633827317
466.55823404029
364.156224670263
409.057939026499
251.875231841265
243.578840469659
244.257702877395
244.293234184956
242.558107214517
234.882391447913
226.63140080994
364.156224670263
405.451734416275
257.025383519521
243.80197533941
244.034007319541
244.417986197696
244.022924283257
241.939813280849
233.708602337379
226.51766043972
409.05793902649
257.025383519521
243.920603815659
243.893733019905
244.270012405455
244.315504831843
243.606504042572
241.135479488708
232.738076249181
226.448599880914
251.875231841265
243.80197533941
243.893733019905
244.232801538579
244.318049751607
243.924408155631
243.029717971076
240.389057758794
232.167871011426
226.41345496138
243.578840469659
244.034007319541
244.270012405455
244.318049751607
243.969540308479
243.371593345671
242.27965820225
239.696404235467
231.940867738011
226.414277333851
244.257702877395
244.417986197696
244.315504831844
243.924408155631
243.371593345671
242.633694998847
241.308634911934
239.016733000482
232.137414260577
226.458438938297
244.293234184956
244.022924283257
243.606504042572
243.029717971076
242.27965820225
241.308634911934
240.021802770708
237.955470699441
232.571098550129
226.547524258783
242.558107214517
241.939813280849
241.135479488708
240.389057758794
239.696404235467
239.016733000483
237.955470699441
235.811383522613
231.534029949529
226.631422659543
234.882391447913
233.708602337379
232.738076249181
232.167871011426
231.940867738011
232.137414260576
232.571098550129
231.534029949529
228.90573482558
226.535103057562
226.63140080994
226.51766043972
226.448599880914
226.41345496138
226.414277333851
226.458438938297
226.547524258783
226.631422659543
226.535103057561
229.199930406027
374.268381075421
365.627091663181
408.187796508693
268.810223503291
232.097712859941
227.339454449879
226.934677803631
226.753970723168
226.356102448382
226.200954717645
365.627091663181
404.331669352143
283.600332927755
235.876213438001
227.854254332063
227.011865854953
226.888277468311
226.709981577084
226.321412300139
226.199785560171
408.187796508692
283.600332927755
237.528440697815
228.280382339046
227.07059678795
226.937324620982
226.849844996154
226.660476225835
226.296662716088
226.199075439951
268.810223503291
235.876213438
228.280382339046
227.098844490986
226.953838248358
226.892659698274
226.806477179324
226.619175017687
226.284259308357
226.198735982588
232.09771285994
227.854254332063
227.07059678795
226.953838248358
226.903247961145
226.845076610198
226.755969973705
226.584822662381
226.280013039103
226.198759909741
227.339454449879
227.011865854952
226.937324620982
226.892659698274
226.845076610198
226.788307984944
226.695705824248
226.554152700424
226.285966312102
226.199270432228
226.934677803631
226.888277468311
226.849844996154
226.806477179324
226.755969973705
226.695705824248
226.619381399355
226.508413620454
226.299577599331
226.200409353409
226.753970723168
226.709981577084
226.660476225835
226.619175017687
226.584822662381
226.554152700424
226.508413620454
226.419582933337
226.279854378347
226.201547376942
226.356102448382
226.321412300139
226.296662716087
226.284259308357
226.280013039103
226.285966312102
226.299577599331
226.279854378347
226.239561852602
226.200992340505
226.200954717645
226.199785560171
226.199075439951
226.198735982588
226.198759909741
226.199270432228
226.200409353409
226.201547376942
226.200992340505
226.889657788428
