550.265751745715
478.253299845104
437.042803027836
350.052229112011
338.638837326381
345.180662163152
344.575329491773
343.956805682637
378.269143708702
257.65257740028
478.253299845083
335.234164960915
412.836182281668
326.787913097403
371.067013736319
358.017074045379
344.139782319228
348.503753924736
384.656212422054
249.735613085632
437.042803027839
412.836182281665
329.272238727004
338.138616464122
371.960920205157
347.04567130983
347.702784075222
373.517500759641
392.794266276753
245.268109935825
350.052229112011
326.787913097403
338.138616464124
328.087795706436
344.438292311656
363.465021595447
377.730014978088
375.106656499918
390.460288821863
243.450739801128
338.638837326379
371.067013736319
371.960920205164
344.438292311657
350.977645361321
380.046043446759
360.215266830135
370.820576261529
390.947466145128
244.263887113827
345.180662163153
358.017074045383
347.04567130983
363.465021595448
380.04604344676
372.00735371063
360.203549802317
372.060390914184
388.392048882552
248.679631174161
344.57532949177
344.139782319233
347.702784075223
377.730014978093
360.215266830138
360.203549802319
382.085028589018
377.222677612524
378.195874303672
258.092336489792
343.956805682636
348.503753924736
373.517500759645
375.106656499918
370.820576261528
372.060390914183
377.222677612524
370.933216399334
384.690400293876
265.08858931706
378.269143708702
384.656212422054
392.794266276753
390.460288821863
390.947466145128
388.392048882552
378.195874303672
384.690400293876
351.647187415265
250.214583575794
257.65257740028
249.735613085633
245.268109935825
243.450739801128
244.263887113827
248.679631174161
258.092336489792
265.088589317059
250.214583575794
237.288492288487
463.778786481433
363.621174150648
407.547181610009
251.924980180117
243.314739476687
243.85959128478
244.029274780782
242.379795637888
234.833612569058
226.670973427998
363.621174150648
404.846843438709
256.769363003972
243.614053814588
243.677207867673
244.097634159432
243.804668841495
241.785375709109
233.706438805098
226.548084260321
407.547181610002
256.769363003972
243.706953899159
243.576054462654
243.914457841601
244.037064371592
243.430031700273
241.000465942087
232.761538465653
226.475239380764
251.924980180117
243.614053814588
243.576054462654
243.8746079001
244.025454703023
243.682710729113
242.830601275577
240.264468088305
232.260660157365
226.440591030253
243.314739476687
243.677207867673
243.914457841601
244.025454703023
243.731233983197
243.191249980851
242.184973529072
239.654829790837
232.178526387343
226.447444208975
243.85959128478
244.097634159432
244.037064371592
243.682710729114
243.191249980852
242.486753693691
241.192874157219
239.020223540767
232.496147941431
226.50770395994
244.029274780782
243.804668841495
243.430031700273
242.830601275577
242.184973529072
241.192874157218
239.988172429385
237.997502267343
233.102981869181
226.634185525827
242.379795637887
241.785375709109
241.000465942087
240.264468088306
239.654829790837
239.020223540767
237.997502267343
236.066425895372
232.315479423144
226.784224917598
234.833612569058
233.706438805099
232.761538465653
232.260660157365
232.178526387343
232.496147941431
233.102981869182
232.315479423144
229.735271276599
226.726371122183
226.670973427998
226.548084260321
226.475239380764
226.440591030252
226.447444208975
226.50770395994
226.634185525826
226.784224917597
226.726371122182
230.053754868454
370.507094380249
361.85262743016
410.720942103279
269.653965095747
232.20241132093
227.314261623761
226.91202272659
226.739982212139
226.35355334719
226.201236259292
361.85262743016
402.369092231429
283.664810155886
235.923221174102
227.836160796245
226.984852726983
226.869689567171
226.698311986289
226.32064122011
226.200014490716
410.720942103278
283.664810155886
237.528818353961
228.260581679946
227.040831995391
226.913668965059
226.83467865772
226.650842300134
226.296947311563
226.199289065754
269.653965095747
235.923221174102
228.260581679946
227.068762547327
226.928789603811
226.87248981102
226.790724238303
226.610614076363
226.286339039481
226.198976337064
232.20241132093
227.836160796245
227.040831995391
226.928789603811
226.883287581969
226.829778696362
226.747561264587
226.581571123801
226.285573811118
226.199088725243
227.314261623761
226.984852726983
226.913668965059
226.872489811021
226.829778696362
226.776250333053
226.687402044762
226.553735408014
226.294859777311
226.199795551932
226.91202272659
226.869689567171
226.83467865772
226.790724238303
226.747561264587
226.687402044762
226.61641333026
226.510559106694
226.314582538491
226.201455245234
226.739982212139
226.698311986289
226.650842300135
226.610614076363
226.581571123801
226.553735408014
226.510559106694
226.430836720109
226.301241794139
226.203602752321
226.35355334719
226.32064122011
226.296947311563
226.286339039481
226.285573811118
226.294859777311
226.314582538491
226.301241794139
226.258579709628
226.20423013468
226.201236259292
226.200014490716
226.199289065754
226.198976337064
226.199088725243
226.199795551932
226.201455245234
226.203602752321
226.20423013468
227.077658571031
