622.159310244409
476.001380548667
433.419114468061
347.915099760553
336.30141956268
342.605380101153
342.135290258427
365.273968143116
376.768238472396
258.015844788106
476.001380548667
333.827366153912
409.162172373586
324.256584724206
367.976490199385
354.96398876709
341.405998722084
369.280396473883
389.738677840299
249.937537484041
433.41911446806
409.162172373585
327.241714947337
335.640620398314
368.26251929695
343.884169777512
344.153165400518
369.624840210936
390.4200703629
245.362870630004
347.915099760554
324.256584724206
335.640620398313
325.236389939381
340.979192443245
358.943903279099
371.992136835152
369.920182156432
391.076921950531
243.475674487387
336.301419562682
367.976490199387
368.262519296951
340.979192443246
346.690598221392
372.778573600154
353.68904908583
364.330647718942
391.048481071468
244.217081808012
342.605380101151
354.963988767098
343.884169777507
358.943903279098
372.778573600154
364.416234908577
352.174262559627
381.405346355098
387.650910912223
248.432058180133
342.135290258425
341.405998722086
344.153165400518
371.992136835149
353.689049085831
352.174262559626
369.40295162507
387.220417086703
383.592639326568
257.218434817465
365.273968143119
369.280396473885
369.624840210939
369.920182156433
364.330647718943
381.405346355098
387.220417086703
386.559283398527
378.532148716342
262.741646999579
376.768238472395
389.738677840298
390.4200703629
391.07692195053
391.048481071467
387.650910912222
383.592639326567
378.532148716342
342.698614317329
248.509621883517
258.015844788106
249.937537484041
245.362870630003
243.475674487387
244.217081808012
248.432058180133
257.218434817464
262.741646999579
248.509621883517
236.616619169155
466.55823404029
364.156224670263
409.057939026499
252.2164783793
243.609883090226
244.292346885071
244.381125812434
242.712701230958
235.115501438611
226.653043875277
364.156224670263
405.451734416275
257.625142566398
243.866998142902
244.06584817359
244.473940118093
244.126908026256
242.112613729741
233.950159962726
226.534503221964
409.05793902649
257.625142566398
244.000651993186
243.934285938207
244.312065134161
244.391403228664
243.725155216012
241.329661892447
232.976572808845
226.463221940206
252.2164783793
243.866998142902
243.934285938207
244.271813986286
244.380609429871
244.019841507239
243.161113531067
240.590859178935
232.402849261103
226.428361480843
243.609883090226
244.06584817359
244.312065134162
244.380609429871
244.057792733027
243.484821494439
242.423704658059
239.912104738248
232.220699428339
226.431937281821
244.292346885071
244.473940118093
244.391403228664
244.019841507239
243.484821494439
242.764934024943
241.468739018281
239.251406480753
232.518727603956
226.482728158351
244.381125812434
244.126908026256
243.725155216012
243.161113531066
242.423704658058
241.468739018281
240.213319883563
238.212749605099
233.049497783787
226.588424745786
242.712701230958
242.112613729741
241.329661892447
240.590859178935
239.912104738248
239.251406480753
238.212749605099
236.122114598978
232.152327544911
226.705426861358
235.115501438611
233.950159962726
232.976572808845
232.402849261103
232.220699428339
232.518727603956
233.049497783787
232.152327544911
229.279297630986
226.65102132977
226.653043875277
226.534503221964
226.463221940205
226.428361480843
226.431937281821
226.482728158352
226.588424745786
226.705426861358
226.65102132977
229.853738822303
374.268381075421
365.627091663181
408.187796508693
269.830237746386
232.282562817847
227.357338415867
226.939931942639
226.762214991177
226.363304200894
226.20120165123
365.627091663181
404.331669352143
284.91952260752
236.173444697875
227.89361830245
227.016992346075
226.893868170073
226.719045986539
226.327992702803
226.199981175194
408.187796508692
284.919522607519
237.871680397915
228.337427398901
227.077517262465
226.941270692861
226.856229648691
226.670405509787
226.302430497664
226.199242772726
269.830237746386
236.173444697875
228.337427398901
227.106873751307
226.957086165824
226.897611319815
226.813558899685
226.629162367429
226.289556359698
226.19890349531
232.282562817846
227.89361830245
227.077517262465
226.957086165823
226.907737516292
226.851111937188
226.763670168546
226.59522884228
226.286278430056
226.198962491415
227.357338415867
227.016992346075
226.941270692861
226.897611319815
226.851111937188
226.795346606751
226.704100304309
226.565227392972
226.295120999153
226.19957246908
226.939931942639
226.893868170073
226.856229648691
226.813558899686
226.763670168546
226.704100304309
226.629019861682
226.52002746714
226.312365216625
226.200953692644
226.762214991177
226.719045986539
226.670405509787
226.629162367429
226.595228842279
226.565227392972
226.52002746714
226.431896866723
226.29490943446
226.202498583559
226.363304200894
226.327992702803
226.302430497663
226.289556359697
226.286278430056
226.295120999153
226.312365216625
226.29490943446
226.246129096244
226.202636936728
226.201201651229
226.199981175194
226.199242772726
226.19890349531
226.198962491415
226.19957246908
226.200953692644
226.202498583559
226.202636936728
227.039204402722
