550.265751745715
478.253299845104
437.042803027836
350.052229112011
338.638837326381
345.180662163152
344.575329491773
343.956805682637
378.269143708702
259.078766516833
478.253299845083
335.234164960915
412.836182281668
326.787913097403
371.067013736319
358.017074045379
344.139782319228
348.503753924736
384.656212422054
250.901708356906
437.042803027839
412.836182281665
329.272238727004
338.138616464122
371.960920205157
347.04567130983
347.702784075222
373.517500759641
392.794266276753
246.209547268032
350.052229112011
326.787913097403
338.138616464124
328.087795706436
344.438292311656
363.465021595447
377.730014978088
375.106656499918
390.460288821863
244.396108773182
338.638837326379
371.067013736319
371.960920205164
344.438292311657
350.977645361321
380.046043446759
360.215266830135
370.820576261529
390.947466145128
245.43917391154
345.180662163153
358.017074045383
347.04567130983
363.465021595448
380.04604344676
372.00735371063
360.203549802317
372.060390914184
388.392048882552
250.518747860824
344.57532949177
344.139782319233
347.702784075223
377.730014978093
360.215266830138
360.203549802319
382.085028589018
377.222677612524
378.195874303672
261.941647548301
343.956805682636
348.503753924736
373.517500759645
375.106656499918
370.820576261528
372.060390914183
377.222677612524
370.933216399334
384.690400293876
272.550621243486
378.269143708702
384.656212422054
392.794266276753
390.460288821863
390.947466145128
388.392048882552
378.195874303672
384.690400293876
381.84760925927
255.495595328463
259.078766516833
250.901708356906
246.209547268032
244.396108773182
245.43917391154
250.518747860824
261.941647548301
272.550621243486
255.495595328463
239.74315036368
463.778786481433
363.621174150648
407.547181610009
252.268343581363
243.362818934629
243.891119271441
244.108556776832
242.528615283181
235.058690675205
226.69446691607
363.621174150648
404.846843438709
257.353478516786
243.688595951141
243.71449158465
244.14597693116
243.901028771371
241.952078600916
233.938096966832
226.566567553407
407.547181610002
257.353478516785
243.791691312324
243.625833699691
243.952803403595
244.104284170699
243.541922534236
241.18745831837
232.997118883002
226.491060355667
252.268343581363
243.688595951142
243.625833699691
243.912014664238
244.079535612394
243.770179212275
242.956105743973
240.459367225816
232.489313102783
226.456773124076
243.362818934628
243.71449158465
243.952803403595
244.079535612394
243.811018575718
243.297790354541
242.323276272106
239.861929640209
232.45326246786
226.4668386803
243.89111927144
244.145976931161
244.1042841707
243.770179212275
243.297790354541
242.612316378923
241.346931763518
239.244423997216
232.87367717213
226.53479410308
244.108556776832
243.901028771371
243.541922534237
242.956105743973
242.323276272106
241.346931763518
240.170938625874
238.240386504002
233.538141582328
226.683262855656
242.528615283181
241.952078600916
241.18745831837
240.459367225816
239.861929640209
239.244423997216
238.240386504002
236.341648948873
232.88100412882
226.880329421294
235.058690675205
233.938096966833
232.997118883002
232.489313102783
232.45326246786
232.87367717213
233.538141582328
232.88100412882
229.927422489362
226.925018937482
226.69446691607
226.566567553407
226.491060355667
226.456773124076
226.4668386803
226.534794103081
226.683262855655
226.880329421294
226.925018937482
230.914926716371
370.507094380249
361.85262743016
410.720942103279
270.682959305444
232.39167642543
227.332662949657
226.916638939835
226.74775337047
226.360417830659
226.201495517836
361.85262743016
402.369092231429
284.972983023475
236.221093900992
227.876482736702
226.989502386506
226.874678119542
226.706895644415
226.326897571333
226.200220971344
410.720942103278
284.972983023475
237.870397554893
228.318388832878
227.047588368611
226.916956008529
226.840523120029
226.660243064736
226.302619596005
226.199465453831
270.682959305444
236.221093900992
228.318388832878
227.076769214862
226.931406860625
226.876819788121
226.797324314373
226.620101812783
226.291513572327
226.199155141342
232.39167642543
227.876482736702
227.047588368611
226.931406860625
226.887124708038
226.835283107306
226.7548136386
226.5914442299
226.29189161651
226.199310991342
227.332662949657
226.989502386506
226.916956008529
226.876819788122
226.835283107306
226.782839243227
226.695351206845
226.564228109578
226.304344222846
226.200133034917
226.916638939835
226.874678119542
226.840523120029
226.797324314373
226.7548136386
226.695351206845
226.62550031539
226.52147544157
226.326938855614
226.202090069118
226.74775337047
226.706895644415
226.660243064736
226.620101812783
226.5914442299
226.564228109578
226.52147544157
226.441891320576
226.316595054733
226.204821545072
226.360417830659
226.326897571333
226.302619596005
226.291513572327
226.29189161651
226.304344222846
226.326938855614
226.316595054733
226.26236691758
226.207303607465
226.201495517836
226.200220971344
226.199465453831
226.199155141342
226.199310991342
226.200133034917
226.202090069118
226.204821545072
226.207303607465
227.273858955477
