550.265751745715
478.253299845104
437.042803027836
350.052229112011
338.638837326381
345.180662163152
344.575329491773
343.956805682637
378.269143708702
259.806911735617
478.253299845083
335.234164960915
412.836182281668
326.787913097403
371.067013736319
358.017074045379
344.139782319228
348.503753924736
384.656212422054
251.506766061966
437.042803027839
412.836182281665
329.272238727004
338.138616464122
371.960920205157
347.04567130983
347.702784075222
373.517500759641
392.794266276753
246.694690497817
350.052229112011
326.787913097403
338.138616464124
328.087795706436
344.438292311656
363.465021595447
377.730014978088
375.106656499918
390.460288821863
244.885038466061
338.638837326379
371.067013736319
371.960920205164
344.438292311657
350.977645361321
380.046043446759
360.215266830135
370.820576261529
390.947466145128
246.048268483427
345.180662163153
358.017074045383
347.04567130983
363.465021595448
380.04604344676
372.00735371063
360.203549802317
372.060390914184
388.392048882552
251.506747786619
344.57532949177
344.139782319233
347.702784075223
377.730014978093
360.215266830138
360.203549802319
382.085028589018
377.222677612524
378.195874303672
263.989590865216
343.956805682636
348.503753924736
373.517500759645
375.106656499918
370.820576261528
372.060390914183
377.222677612524
370.933216399334
384.690400293876
276.650967235751
378.269143708702
384.656212422054
392.794266276753
390.460288821863
390.947466145128
388.392048882552
378.195874303672
384.690400293876
381.84760925927
258.466621437861
259.806911735618
251.506766061966
246.694690497817
244.885038466062
246.048268483427
251.506747786619
263.989590865216
276.650967235751
258.466621437861
241.157038046386
463.778786481433
363.621174150648
407.547181610009
252.444178023879
243.388377357168
243.907199181048
244.147266535551
242.601735083364
235.1710432435
226.706552306669
363.621174150648
404.846843438709
257.658106133483
243.726912977076
243.734237730296
244.169698540016
243.948134059067
242.033818417559
234.053588242753
226.57612100042
407.547181610002
257.658106133483
243.834895895171
243.652034441767
243.972115239102
244.13694447447
243.596679590186
241.27888492371
233.117886010976
226.499119499814
252.444178023878
243.726912977076
243.652034441767
243.931108142765
244.105789666252
243.812744272199
243.017680641304
240.55655879719
232.604868925346
226.465008506765
243.388377357168
243.734237730296
243.972115239102
244.105789666252
243.849729965396
243.349834648298
242.391096405476
239.963997431828
232.59251846477
226.476691176532
243.907199181048
244.169698540016
244.136944474471
243.812744272199
243.349834648298
242.673815598506
241.422380700825
239.354777951034
233.057195195054
226.548847457778
244.147266535551
243.948134059068
243.596679590186
243.017680641304
242.391096405475
241.422380700825
240.260135864584
238.360161675131
233.753982048769
226.709135852336
242.601735083364
242.033818417559
241.278884923709
240.55655879719
239.963997431828
239.354777951033
238.360161675131
236.473474079327
233.161472527883
226.932495167014
235.1710432435
234.053588242754
233.117886010976
232.604868925346
232.592518464769
233.057195195054
233.753982048769
233.161472527883
230.05248938492
227.038377190926
226.706552306669
226.57612100042
226.499119499813
226.465008506765
226.476691176532
226.548847457778
226.709135852336
226.932495167014
227.038377190926
231.416456125028
370.507094380249
361.85262743016
410.720942103279
271.200979122292
232.487596116912
227.342119900867
226.91890585228
226.751578746341
226.36389874615
226.201629268172
361.85262743016
402.369092231429
285.630283525023
236.371799399953
227.897146831796
226.991852570632
226.877111071473
226.711117293434
226.330076187416
226.200328017512
410.720942103278
285.630283525023
238.043115154641
228.347940107869
227.051072176075
226.918549076613
226.843379452406
226.664861771342
226.305597024254
226.199556655727
271.200979122292
236.371799399953
228.347940107869
227.080912914001
226.932681094069
226.878916508448
226.800565939027
226.624872089965
226.294194936522
226.199247630965
232.487596116911
227.897146831796
227.051072176075
226.932681094069
226.888973850136
226.837969081505
226.758380068334
226.596353245442
226.295192604375
226.199426318579
227.342119900867
226.991852570632
226.918549076613
226.878916508448
226.837969081506
226.786072416382
226.699261653042
226.569445883334
226.309133883311
226.200310661864
226.91890585228
226.877111071473
226.843379452406
226.800565939027
226.758380068334
226.699261653042
226.629959789843
226.526914781302
226.333298178854
226.202426521855
226.751578746341
226.711117293434
226.664861771342
226.624872089965
226.596353245442
226.569445883334
226.526914781302
226.447247280961
226.324595844861
226.205480520502
226.36389874615
226.330076187416
226.305597024254
226.294194936522
226.295192604375
226.309133883311
226.333298178854
226.324595844861
226.26472295379
226.209132406688
226.201629268172
226.200328017512
226.199556655727
226.199247630964
226.199426318579
226.200310661864
226.202426521855
226.205480520502
226.209132406688
227.388755535402
