622.159310244409
476.001380548667
433.419114468061
347.915099760553
336.30141956268
342.605380101153
342.135290258427
365.273968143116
376.768238472396
260.194435239991
476.001380548667
333.827366153912
409.162172373586
324.256584724206
367.976490199385
354.96398876709
341.405998722084
369.280396473883
389.738677840299
251.72776432948
433.41911446806
409.162172373585
327.241714947337
335.640620398314
368.26251929695
343.884169777512
344.153165400518
369.624840210936
390.4200703629
246.801372899584
347.915099760554
324.256584724206
335.640620398313
325.236389939381
340.979192443245
358.943903279099
371.992136835152
369.920182156432
391.076921950531
244.920556551216
336.301419562682
367.976490199387
368.262519296951
340.979192443246
346.690598221392
372.778573600154
353.68904908583
364.330647718942
391.048481071468
246.011864684936
342.605380101151
354.963988767098
343.884169777507
358.943903279098
372.778573600154
364.416234908577
352.174262559627
381.405346355098
387.650910912223
251.258556011171
342.135290258425
341.405998722086
344.153165400518
371.992136835149
353.689049085831
352.174262559626
369.40295162507
387.220417086703
383.592639326568
263.07096847863
365.273968143119
369.280396473885
369.624840210939
369.920182156433
364.330647718943
381.405346355098
387.220417086703
386.559283398527
378.532148716342
273.920645012507
376.768238472395
389.738677840298
390.4200703629
391.07692195053
391.048481071467
387.650910912222
383.592639326567
378.532148716342
386.903833953882
256.101689647568
260.194435239991
251.72776432948
246.801372899584
244.920556551216
246.011864684936
251.258556011171
263.070968478629
273.920645012507
256.101689647568
240.182692888303
466.55823404029
364.156224670263
409.057939026499
252.754751559493
243.665712180549
244.344567616815
244.508962094966
242.939095018196
235.464876528096
226.687255986816
364.156224670263
405.451734416275
258.590858267031
243.972818309534
244.118301982668
244.555508624482
244.27865563765
242.3647594007
234.311428041764
226.561350996141
409.05793902649
258.590858267031
244.127755117936
244.001802988345
244.375230981656
244.501480029367
243.898728676047
241.611665255064
233.350771170426
226.4859614893
252.754751559493
243.972818309534
244.001802988346
244.331580213155
244.471232848989
244.1588983882
243.35425151441
240.893703749173
232.763465076299
226.451555939511
243.665712180549
244.118301982668
244.375230981656
244.471232848989
244.186054006438
243.650739458503
242.63531065481
240.229707159425
232.65205914251
226.459408074547
244.344567616815
244.555508624482
244.501480029367
244.1588983882
243.650739458503
242.95772621557
241.703028873253
239.595663288575
233.098955231258
226.520524386959
244.508962094967
244.27865563765
243.898728676047
243.35425151441
242.63531065481
241.703028873254
240.490258625701
238.587454109411
233.722122614366
226.655937499887
242.939095018196
242.3647594007
241.611665255064
240.893703749173
240.229707159425
239.595663288575
238.58745410941
236.543935804781
233.028674061182
226.836353528279
235.464876528096
234.311428041764
233.350771170426
232.763465076299
232.65205914251
233.098955231257
233.722122614366
233.028674061182
229.73165654531
226.907478277172
226.687255986815
226.561350996141
226.485961489299
226.451555939511
226.459408074547
226.520524386959
226.655937499887
226.836353528279
226.907478277172
231.119847599612
374.268381075421
365.627091663181
408.187796508693
271.376180024834
232.566350036846
227.385326110206
226.947618467108
226.774315880962
226.374378688038
226.201592341349
365.627091663181
404.331669352143
286.913197657081
236.628093865983
227.955149882492
227.024761556574
226.901992925526
226.732323743876
226.33814497279
226.20029338253
408.187796508692
286.91319765708
238.396231700503
228.426290105722
227.088350009483
226.946962696925
226.865539735794
226.684915753925
226.311830331267
226.199508891886
271.376180024834
236.628093865983
228.426290105722
227.119541050335
226.96178842928
226.904767227904
226.82396182999
226.644313871442
226.298014679786
226.199170323129
232.566350036846
227.955149882492
227.088350009483
226.96178842928
226.914194349742
226.859921452314
226.774994936387
226.610721646162
226.29641867877
226.199287537556
227.385326110206
227.024761556574
226.946962696925
226.904767227904
226.859921452314
226.805681086161
226.71642297863
226.581694166501
226.309972482791
226.200061706971
226.947618467108
226.901992925526
226.865539735794
226.82396182999
226.774994936387
226.71642297863
226.643046640408
226.537234692203
226.331641470634
226.201854117601
226.774315880962
226.732323743876
226.684915753925
226.644313871442
226.610721646161
226.581694166501
226.537234692204
226.449104815644
226.318673964567
226.204160393603
226.374378688038
226.33814497279
226.311830331267
226.298014679785
226.29641867877
226.309972482791
226.331641470634
226.318673964567
226.254128388351
226.206408727663
226.201592341349
226.20029338253
226.199508891886
226.199170323129
226.199287537556
226.200061706971
226.201854117601
226.204160393603
226.206408727663
227.330759404126
