622.159310244409
476.001380548667
433.419114468061
347.915099760553
336.30141956268
342.605380101153
342.135290258427
365.273968143116
376.768238472396
260.940301030591
476.001380548667
333.827366153912
409.162172373586
324.256584724206
367.976490199385
354.96398876709
341.405998722084
369.280396473883
389.738677840299
252.353053989402
433.41911446806
409.162172373585
327.241714947337
335.640620398314
368.26251929695
343.884169777512
344.153165400518
369.624840210936
390.4200703629
247.309328055709
347.915099760554
324.256584724206
335.640620398313
325.236389939381
340.979192443245
358.943903279099
371.992136835152
369.920182156432
391.076921950531
245.424610005926
336.301419562682
367.976490199387
368.262519296951
340.979192443246
346.690598221392
372.778573600154
353.68904908583
364.330647718942
391.048481071468
246.638406173441
342.605380101151
354.963988767098
343.884169777507
358.943903279098
372.778573600154
364.416234908577
352.174262559627
381.405346355098
387.650910912223
252.293781745999
342.135290258425
341.405998722086
344.153165400518
371.992136835149
353.689049085831
352.174262559626
369.40295162507
387.220417086703
383.592639326568
265.180883151909
365.273968143119
369.280396473885
369.624840210939
369.920182156433
364.330647718943
381.405346355098
387.220417086703
386.559283398527
378.532148716342
278.110671126516
376.768238472395
389.738677840298
390.4200703629
391.07692195053
391.048481071467
387.650910912222
383.592639326567
378.532148716342
386.903833953882
259.149149151096
260.940301030591
252.353053989402
247.309328055709
245.424610005926
246.638406173441
252.293781745999
265.180883151909
278.110671126515
259.149149151096
241.619118851203
466.55823404029
364.156224670263
409.057939026499
252.940789040283
243.686525792951
244.361968197664
244.550340986676
243.012934508775
235.58105561889
226.699101230279
364.156224670263
405.451734416275
258.929718548386
244.009896873821
244.136893315026
244.581929666103
244.327881768392
242.446770792656
234.431323673892
226.570703573292
409.05793902649
258.929718548385
244.171640448597
244.025859746441
244.396168179735
244.536908410255
243.955092518717
241.703041709722
233.477291278766
226.493798812013
252.940789040283
244.009896873821
244.025859746441
244.351683843188
244.500311701151
244.203754493742
243.417121772219
240.994195393194
232.886814389741
226.459465370351
243.686525792951
244.136893315026
244.396168179736
244.500311701151
244.227281139389
243.704458394695
242.704092430399
240.333577254448
232.798368071871
226.468725535923
244.361968197664
244.581929666104
244.536908410255
244.203754493743
243.704458394695
243.020274294501
241.778969500152
239.707969588731
233.284120315131
226.533768543548
244.550340986676
244.327881768392
243.955092518717
243.417121772219
242.704092430399
241.778969500152
240.579506192127
238.70967211463
233.9439598729
226.679989402648
243.012934508775
242.446770792656
241.703041709721
240.994195393194
240.333577254448
239.707969588732
238.70967211463
236.676117750942
233.315776684772
226.885091865381
235.58105561889
234.431323673892
233.477291278766
232.886814389741
232.79836807187
233.284120315131
233.9439598729
233.315776684772
229.861716133071
227.014957316283
226.699101230279
226.570703573292
226.493798812013
226.459465370351
226.468725535923
226.533768543548
226.679989402648
226.885091865381
227.014957316282
231.634745126751
374.268381075421
365.627091663181
408.187796508693
271.89547181741
232.662674169537
227.394969721068
226.950124522996
226.778273546014
226.378138897433
226.201728032853
365.627091663181
404.331669352143
287.581546304716
236.782013918293
227.976324153796
227.027372533398
226.904623599866
226.736660536961
226.341600389652
226.200402481331
408.187796508692
287.581546304715
238.573663746174
228.456787750724
227.092083559378
226.948791737361
226.868560512036
226.689647809066
226.31511083987
226.199602089938
271.895471817409
236.782013918293
228.456787750724
227.12393207445
226.963303610239
226.907065301728
226.827355335887
226.649397017797
226.3010065777
226.199263537865
232.662674169536
227.976324153795
227.092083559378
226.963303610239
226.916257023457
226.862773401226
226.778692628644
226.615849872337
226.300001764898
226.19940138022
227.394969721068
227.027372533398
226.948791737361
226.907065301728
226.862773401226
226.809045441825
226.7204443122
226.587142662154
226.314956575645
226.200236327343
226.950124522996
226.904623599867
226.868560512036
226.827355335887
226.778692628644
226.7204443122
226.647607116341
226.542935587315
226.338335287865
226.202178124824
226.778273546014
226.736660536961
226.689647809066
226.649397017797
226.615849872336
226.587142662154
226.542935587315
226.454602142252
226.327023504717
226.204776338495
226.378138897433
226.341600389652
226.31511083987
226.3010065777
226.300001764898
226.314956575645
226.338335287865
226.327023504717
226.256572997163
226.208051579355
226.201728032853
226.200402481331
226.199602089938
226.199263537865
226.199401380221
226.200236327343
226.202178124824
226.204776338495
226.208051579355
227.450122686741
