622.159310244409
476.001380548667
433.419114468061
347.915099760553
336.30141956268
342.605380101153
342.135290258427
365.273968143116
376.768238472396
261.695680527662
476.001380548667
333.827366153912
409.162172373586
324.256584724206
367.976490199385
354.96398876709
341.405998722084
369.280396473883
389.738677840299
252.991828238537
433.41911446806
409.162172373585
327.241714947337
335.640620398314
368.26251929695
343.884169777512
344.153165400518
369.624840210936
390.4200703629
247.837427245061
347.915099760554
324.256584724206
335.640620398313
325.236389939381
340.979192443245
358.943903279099
371.992136835152
369.920182156432
391.076921950531
245.94064553631
336.301419562682
367.976490199387
368.262519296951
340.979192443246
346.690598221392
372.778573600154
353.68904908583
364.330647718942
391.048481071468
247.279195043158
342.605380101151
354.963988767098
343.884169777507
358.943903279098
372.778573600154
364.416234908577
352.174262559627
381.405346355098
387.650910912223
253.375030948774
342.135290258425
341.405998722086
344.153165400518
371.992136835149
353.689049085831
352.174262559626
369.40295162507
387.220417086703
383.592639326568
267.36908535928
365.273968143119
369.280396473885
369.624840210939
369.920182156433
364.330647718943
381.405346355098
387.220417086703
386.559283398527
378.532148716342
282.518715883164
376.768238472395
389.738677840298
390.4200703629
391.07692195053
391.048481071467
387.650910912222
383.592639326567
378.532148716342
386.903833953882
262.717550458727
261.695680527662
252.991828238537
247.83742724506
245.94064553631
247.279195043158
253.375030948773
267.36908535928
282.518715883164
262.717550458727
243.221046602834
466.55823404029
364.156224670263
409.057939026499
253.129989533732
243.708368915462
244.379394172928
244.591111589431
243.085974597843
235.697095972996
226.711166095657
364.156224670263
405.451734416275
259.276817119674
244.047776220057
244.156048194372
244.608016523784
244.376465099462
242.52783290345
234.551018548541
226.580263369048
409.05793902649
259.276817119674
244.216186889906
244.050680168464
244.41713205206
244.571799028921
244.010816764742
241.793272899175
233.603505392085
226.501834839137
253.129989533732
244.047776220057
244.050680168464
244.371975592955
244.52896735387
244.248039832357
243.47945508217
241.094451518975
233.013054167025
226.467497558378
243.708368915462
244.156048194372
244.41713205206
244.52896735387
244.267956432595
243.757696911683
242.772431969482
240.43712397427
232.946472659931
226.478179744308
244.379394172928
244.608016523785
244.571799028921
244.248039832358
243.757696911683
243.082449601553
241.854496825253
239.819815228565
233.465397261367
226.547510644766
244.591111589431
244.376465099462
244.010816764742
243.47945508217
242.772431969482
241.854496825253
240.668081653315
238.831343100841
234.165694940117
226.705086274836
243.085974597843
242.527832903449
241.793272899175
241.094451518975
240.43712397427
239.819815228566
238.83134310084
236.804918951092
233.599995147642
226.936418801616
235.697095972996
234.551018548541
233.603505392085
233.013054167025
232.94647265993
233.465397261367
234.165694940117
233.599995147642
230.005536778122
227.129246154192
226.711166095657
226.580263369048
226.501834839137
226.467497558378
226.478179744308
226.547510644766
226.705086274836
226.936418801616
227.129246154192
232.20569173446
374.268381075421
365.627091663181
408.187796508693
272.41665802765
232.759861375987
227.404774828914
226.952603864325
226.78219385356
226.381933503386
226.20186650235
365.627091663181
404.331669352143
288.251728452568
236.937116965298
227.99783280465
227.029998338198
226.90721724758
226.740955375481
226.345092450812
226.200514116709
408.187796508692
288.251728452567
238.7523837129
228.487724537508
227.095884531757
226.950591372656
226.871544141908
226.694332688404
226.31843181606
226.199697876608
272.41665802765
236.937116965298
228.487724537508
227.128413974399
226.964799779422
226.909326853246
226.83071913557
226.654489357936
226.304117665698
226.1993591225
232.759861375987
227.99783280465
227.095884531757
226.964799779422
226.918283489899
226.865594586556
226.782366364126
226.620981480161
226.303695381108
226.199518158844
227.404774828914
227.029998338198
226.950591372656
226.909326853246
226.865594586556
226.812386334266
226.724442966615
226.592587678351
226.319935434885
226.20041714978
226.952603864325
226.90721724758
226.871544141908
226.83071913557
226.782366364126
226.724442966615
226.652133123728
226.548632326378
226.345178718775
226.202515541701
226.78219385356
226.74095537548
226.694332688404
226.654489357936
226.62098148016
226.592587678351
226.548632326379
226.459992707434
226.3355710301
226.20542567857
226.381933503386
226.345092450812
226.31843181606
226.304117665697
226.303695381108
226.319935434885
226.345178718774
226.3355710301
226.259390366196
226.209837943478
226.20186650235
226.200514116709
226.199697876609
226.1993591225
226.199518158844
226.20041714978
226.202515541701
226.20542567857
226.209837943478
227.582838824977
