550.265751745715
478.253299845104
437.042803027836
350.052229112011
338.638837326381
345.180662163152
344.575329491773
343.956805682637
378.269143708702
262.815605885671
478.253299845083
335.234164960915
412.836182281668
326.787913097403
371.067013736319
358.017074045379
344.139782319228
348.503753924736
384.656212422054
254.06243312811
437.042803027839
412.836182281665
329.272238727004
338.138616464122
371.960920205157
347.04567130983
347.702784075222
373.517500759641
392.794266276753
248.824623394464
350.052229112011
326.787913097403
338.138616464124
328.087795706436
344.438292311656
363.465021595447
377.730014978088
375.106656499918
390.460288821863
246.958360482025
338.638837326379
371.067013736319
371.960920205164
344.438292311657
350.977645361321
380.046043446759
360.215266830135
370.820576261529
390.947466145128
248.625577338841
345.180662163153
358.017074045383
347.04567130983
363.465021595448
380.04604344676
372.00735371063
360.203549802317
372.060390914184
388.392048882552
255.913543067335
344.57532949177
344.139782319233
347.702784075223
377.730014978093
360.215266830138
360.203549802319
382.085028589018
377.222677612524
378.195874303672
272.970699887712
343.956805682636
348.503753924736
373.517500759645
375.106656499918
370.820576261528
372.060390914183
377.222677612524
370.933216399334
384.690400293876
295.244389108312
378.269143708702
384.656212422054
392.794266276753
390.460288821863
390.947466145128
388.392048882552
378.195874303672
384.690400293876
381.84760925927
275.761946072809
262.815605885672
254.062433128111
248.824623394465
246.958360482025
248.625577338842
255.913543067335
272.970699887712
295.244389108312
275.761946072809
248.719721518437
463.778786481433
363.621174150648
407.547181610009
253.17445698512
243.499601934676
243.974519174267
244.296710535372
242.886349510582
235.619650106195
226.757233353058
363.621174150648
404.846843438709
258.957846719921
243.886202525688
243.820946388726
244.262869740303
244.130347282588
242.351298182794
234.514147010432
226.616533388539
407.547181610002
258.95784671992
244.012380231378
243.765536705208
244.051802143414
244.262797953261
243.809237795899
241.632981602384
233.6004857249
226.533355049275
253.17445698512
243.886202525688
243.765536705208
244.011611206301
244.207535059949
243.977145372199
243.258255241015
240.944509408627
233.093475952757
226.499283869121
243.499601934676
243.820946388726
244.051802143414
244.207535059949
243.998890452088
243.55247022478
242.656843898965
240.367047176197
233.166096400404
226.517544703124
243.974519174266
244.262869740303
244.262797953261
243.977145372199
243.552470224781
242.914746480288
241.718007544496
239.789534009678
233.751809006223
226.610007128252
244.296710535372
244.130347282588
243.809237795899
243.258255241015
242.656843898965
241.718007544496
240.607077184455
238.83099764146
234.615695353713
226.822746591154
242.886349510582
242.351298182794
241.632981602384
240.944509408627
240.367047176197
239.789534009678
238.83099764146
236.965854769688
234.263814209804
227.162728046719
235.619650106195
234.514147010432
233.6004857249
233.093475952757
233.166096400404
233.751809006223
234.615695353713
234.263814209804
230.802026746368
227.555650925943
226.757233353058
226.616533388539
226.533355049275
226.49928386912
226.517544703124
226.610007128252
226.822746591154
227.162728046718
227.555650925943
234.057819683364
370.507094380249
361.85262743016
410.720942103279
273.294757667509
232.880035270993
227.381719990966
226.927747278856
226.766505505034
226.378154104381
226.202192696443
361.85262743016
402.369092231429
288.279514662701
236.986332814608
227.983171315928
227.001503489647
226.886477637338
226.727579742701
226.343139285724
226.20078200402
410.720942103278
288.279514662701
238.746746703015
228.470440735425
227.065801401655
226.924662606949
226.854420625245
226.682857926285
226.31793899484
226.199946917399
273.294757667509
236.986332814609
228.470440735425
227.098510781372
226.937650277343
226.886926568431
226.813212976372
226.644115374416
226.305993310558
226.199641037994
232.880035270992
227.983171315929
227.065801401655
226.937650277343
226.895998537565
226.848364486492
226.772354042128
226.615933662489
226.309424871501
226.199917064323
227.381719990966
227.001503489647
226.924662606949
226.886926568431
226.848364486492
226.798709693038
226.714601596259
226.590223724816
226.328200607449
226.201085049454
226.927747278856
226.886477637338
226.854420625245
226.813212976372
226.772354042128
226.714601596259
226.647357377951
226.548571550368
226.360181125178
226.203911199462
226.766505505033
226.727579742701
226.682857926285
226.644115374416
226.615933662489
226.590223724816
226.548571550368
226.467618567527
226.358678185047
226.208426099373
226.378154104381
226.343139285725
226.31793899484
226.305993310558
226.309424871501
226.328200607449
226.360181125178
226.358678185047
226.280115549719
226.217813496449
226.202192696443
226.20078200402
226.199946917399
226.199641037994
226.199917064323
226.201085049454
226.203911199463
226.208426099373
226.217813496449
227.99732402631
