550.265751745715
478.253299845104
437.042803027836
350.052229112011
338.638837326381
345.180662163152
344.575329491773
343.956805682637
378.269143708702
263.591094733657
478.253299845083
335.234164960915
412.836182281668
326.787913097403
371.067013736319
358.017074045379
344.139782319228
348.503753924736
384.656212422054
254.733543401393
437.042803027839
412.836182281665
329.272238727004
338.138616464122
371.960920205157
347.04567130983
347.702784075222
373.517500759641
392.794266276753
249.404172629639
350.052229112011
326.787913097403
338.138616464124
328.087795706436
344.438292311656
363.465021595447
377.730014978088
375.106656499918
390.460288821863
247.50721577743
338.638837326379
371.067013736319
371.960920205164
344.438292311657
350.977645361321
380.046043446759
360.215266830135
370.820576261529
390.947466145128
249.322073785755
345.180662163153
358.017074045383
347.04567130983
363.465021595448
380.04604344676
372.00735371063
360.203549802317
372.060390914184
388.392048882552
257.120623691379
344.57532949177
344.139782319233
347.702784075223
377.730014978093
360.215266830138
360.203549802319
382.085028589018
377.222677612524
378.195874303672
275.404225702657
343.956805682636
348.503753924736
373.517500759645
375.106656499918
370.820576261528
372.060390914183
377.222677612524
370.933216399334
384.690400293876
300.38741681348
378.269143708702
384.656212422054
392.794266276753
390.460288821863
390.947466145128
388.392048882552
378.195874303672
384.690400293876
381.84760925927
281.772702048425
263.591094733657
254.733543401394
249.404172629639
247.50721577743
249.322073785756
257.12062369138
275.404225702658
300.38741681348
281.772702048425
251.260341463694
463.778786481433
363.621174150648
407.547181610009
253.363650764672
243.529493415872
243.992296342042
244.332911920828
242.955706128091
235.7317134202
226.770518338979
363.621174150648
404.846843438709
259.302599100135
243.927383422147
243.844609807568
244.285965902838
244.174494855684
242.428490819566
234.629065411548
226.627215102934
407.547181610002
259.302599100134
244.057781647314
243.796041787661
244.072551700158
244.293238526971
243.860843061449
241.718742036585
233.720646753063
226.542463997887
253.363650764671
243.927383422147
243.796041787661
244.032965665558
244.232358384634
244.016851780529
243.316865880076
241.039358079776
233.222707909453
226.508191832967
243.529493415872
243.844609807568
244.072551700158
244.232358384634
244.034847638899
243.601730286858
242.721867227467
240.467700538382
233.308914099354
226.528269046329
243.992296342041
244.285965902838
244.293238526971
244.016851780529
243.601730286858
242.973620007012
241.790255242624
239.896538443163
233.919909938877
226.626599044799
244.332911920829
244.174494855684
243.86084306145
243.316865880075
242.721867227467
241.790255242624
240.691236945526
238.946474446119
234.830646767301
226.85356087948
242.955706128091
242.428490819566
241.718742036585
241.039358079776
240.467700538382
239.896538443163
238.946474446119
237.081167058606
234.536683540805
227.223760880259
235.731713420201
234.629065411549
233.720646753063
233.222707909453
233.308914099353
233.919909938877
234.830646767301
234.536683540806
231.046392374416
227.701251343309
226.770518338979
226.627215102934
226.542463997886
226.508191832966
226.528269046329
226.626599044799
226.85356087948
227.223760880258
227.701251343308
234.927891219993
370.507094380249
361.85262743016
410.720942103279
273.82325764162
232.980343685988
227.392074993674
226.92991191467
226.770149293281
226.381802190595
226.202340923926
361.85262743016
402.369092231429
288.946547200354
237.142864541761
228.005518710843
227.003993896318
226.88873508199
226.731595523826
226.346493180679
226.200902150146
410.720942103278
288.946547200354
238.925811754878
228.502130306981
227.06969624538
226.926136896885
226.857088159158
226.687239622058
226.321118629586
226.200051112846
273.82325764162
237.142864541761
228.502130306981
227.103178355051
226.938873814823
226.888838673653
226.816288038345
226.648862645864
226.309240655072
226.199745501069
232.980343685988
228.005518710843
227.06969624538
226.938873814823
226.897666832937
226.850875028456
226.775773293571
226.620879052794
226.313130233855
226.200048078115
227.392074993674
227.003993896317
226.926136896885
226.888838673653
226.850875028456
226.801790461481
226.718356685123
226.595394774362
226.33303535065
226.201295271637
226.92991191467
226.88873508199
226.857088159158
226.816288038345
226.775773293571
226.718356685123
226.651595504691
226.553958111025
226.367260711444
226.204317741598
226.770149293281
226.731595523826
226.687239622058
226.648862645864
226.620879052794
226.595394774362
226.553958111025
226.472483758736
226.367760758919
226.209226086295
226.381802190595
226.346493180679
226.321118629586
226.309240655072
226.313130233855
226.33303535065
226.367260711444
226.367760758919
226.285575513351
226.220241426463
226.202340923926
226.200902150146
226.200051112846
226.199745501069
226.200048078114
226.201295271637
226.204317741598
226.209226086295
226.220241426462
228.197844874308
