550.265751745715
478.253299845104
437.042803027836
350.052229112011
338.638837326381
345.180662163152
344.575329491773
343.956805682637
378.269143708702
264.375542443929
478.253299845083
335.234164960915
412.836182281668
326.787913097403
371.067013736319
358.017074045379
344.139782319228
348.503753924736
384.656212422054
255.416747418558
437.042803027839
412.836182281665
329.272238727004
338.138616464122
371.960920205157
347.04567130983
347.702784075222
373.517500759641
392.794266276753
250.000709985585
350.052229112011
326.787913097403
338.138616464124
328.087795706436
344.438292311656
363.465021595447
377.730014978088
375.106656499918
390.460288821863
248.079980422892
338.638837326379
371.067013736319
371.960920205164
344.438292311657
350.977645361321
380.046043446759
360.215266830135
370.820576261529
390.947466145128
250.049015452974
345.180662163153
358.017074045383
347.04567130983
363.465021595448
380.04604344676
372.00735371063
360.203549802317
372.060390914184
388.392048882552
258.36606835046
344.57532949177
344.139782319233
347.702784075223
377.730014978093
360.215266830138
360.203549802319
382.085028589018
377.222677612524
378.195874303672
277.895248946273
343.956805682636
348.503753924736
373.517500759645
375.106656499918
370.820576261528
372.060390914183
377.222677612524
370.933216399334
384.690400293876
305.70616027479
378.269143708702
384.656212422054
392.794266276753
390.460288821863
390.947466145128
388.392048882552
378.195874303672
384.690400293876
381.84760925927
288.739377513718
264.375542443929
255.416747418558
250.000709985585
248.079980422892
250.049015452975
258.366068350461
277.895248946273
305.70616027479
288.739377513718
254.158544362018
463.778786481433
363.621174150648
407.547181610009
253.556351097711
243.560204304727
244.010480691227
244.36867135875
243.024353980304
235.843727354611
226.784050842647
363.621174150648
404.846843438709
259.655396214674
243.969099646598
243.869047447148
244.309023348232
244.218084134293
242.504828780972
234.743876935123
226.638130152785
407.547181610002
259.655396214673
244.103567000694
243.827344693984
244.093666233703
244.323289496419
243.911819048848
241.803410402355
233.840567419327
226.551791978571
253.556351097711
243.969099646598
243.827344693984
244.054836710508
244.256967995908
244.055984501376
243.374806515911
241.132834282315
233.351574794875
226.517335380357
243.560204304727
243.869047447148
244.093666233703
244.256967995908
244.070258090257
243.650380453756
242.786278662723
240.56862625003
233.451415078854
226.539315416273
244.010480691226
244.309023348233
244.323289496419
244.055984501376
243.650380453757
243.03187152427
241.861760796265
240.002821409007
234.087774124367
226.643736094695
244.36867135875
244.218084134294
243.911819048848
243.374806515911
242.786278662723
241.861760796265
240.774303885869
239.060975820149
235.045158583306
226.885206687241
243.024353980304
242.504828780972
241.803410402355
241.132834282316
240.56862625003
240.002821409007
239.060975820149
237.193203757286
234.796327701578
227.287684922113
235.843727354612
234.743876935123
233.840567419327
233.351574794875
233.451415078853
234.087774124367
235.045158583306
234.796327701578
231.280038716635
227.86417535961
226.784050842647
226.638130152785
226.551791978571
226.517335380357
226.539315416273
226.643736094695
226.885206687241
227.287684922113
227.86417535961
235.910646740415
370.507094380249
361.85262743016
410.720942103279
274.354347554622
233.081513780809
227.402614845392
226.932060585243
226.773758376463
226.385483543065
226.202492171782
361.85262743016
402.369092231429
289.615769511852
237.300537945984
228.028201482776
227.006519382877
226.890959725539
226.735572103764
226.349881880109
226.201024997443
410.720942103278
289.615769511851
239.106128093457
228.534242291884
227.07367970944
226.927591907894
226.859718263898
226.691574851484
226.324335041751
226.200157895126
274.354347554622
237.300537945984
228.534242291884
227.107956129235
226.940093173903
226.890714575486
226.819325634083
226.653555574065
226.31253223528
226.199852894945
233.081513780809
228.028201482776
227.07367970944
226.940093173903
226.899300259371
226.853348265838
226.77916121101
226.625862252467
226.316888001764
226.20018306233
227.402614845392
227.006519382877
226.927591907894
226.890714575486
226.853348265838
226.804836677991
226.722077305502
226.600555661139
226.337950672131
226.201512198949
226.932060585243
226.890959725539
226.859718263898
226.819325634083
226.77916121101
226.722077305502
226.655788669141
226.559333012527
226.374474797114
226.204736234197
226.773758376463
226.735572103764
226.691574851485
226.653555574065
226.625862252467
226.600555661139
226.559333012527
226.477253774017
226.376636163188
226.210055995382
226.385483543065
226.349881880109
226.324335041751
226.312532235279
226.316888001764
226.33795067213
226.374474797114
226.376636163188
226.291048626136
226.222901702169
226.202492171782
226.201024997443
226.200157895126
226.199852894945
226.20018306233
226.201512198949
226.204736234197
226.210055995382
226.222901702168
228.42395445523
