550.265751745715
478.253299845104
437.042803027836
350.052229112011
338.638837326381
345.180662163152
344.575329491773
343.956805682637
378.269143708702
265.168802393711
478.253299845083
335.234164960915
412.836182281668
326.787913097403
371.067013736319
358.017074045379
344.139782319228
348.503753924736
384.656212422054
256.111738113535
437.042803027839
412.836182281665
329.272238727004
338.138616464122
371.960920205157
347.04567130983
347.702784075222
373.517500759641
392.794266276753
250.613601392579
350.052229112011
326.787913097403
338.138616464124
328.087795706436
344.438292311656
363.465021595447
377.730014978088
375.106656499918
390.460288821863
248.675501446461
338.638837326379
371.067013736319
371.960920205164
344.438292311657
350.977645361321
380.046043446759
360.215266830135
370.820576261529
390.947466145128
250.805011469954
345.180662163153
358.017074045383
347.04567130983
363.465021595448
380.04604344676
372.00735371063
360.203549802317
372.060390914184
388.392048882552
259.646971805533
344.57532949177
344.139782319233
347.702784075223
377.730014978093
360.215266830138
360.203549802319
382.085028589018
377.222677612524
378.195874303672
280.433934203891
343.956805682636
348.503753924736
373.517500759645
375.106656499918
370.820576261528
372.060390914183
377.222677612524
370.933216399334
384.690400293876
311.197378186421
378.269143708702
384.656212422054
392.794266276753
390.460288821863
390.947466145128
388.392048882552
378.195874303672
384.690400293876
381.84760925927
296.519493737658
265.168802393711
256.111738113535
250.61360139258
248.675501446462
250.805011469954
259.646971805534
280.433934203892
311.197378186421
296.519493737658
257.456282015921
463.778786481433
363.621174150648
407.547181610009
253.753062644539
243.591767943802
244.029101862816
244.404019272691
243.092319057768
235.955705484337
226.79783500967
363.621174150648
404.846843438709
260.016325627362
244.01137655916
243.894264606299
244.332081431524
244.261146007493
242.580353221895
234.858611105871
226.649284205221
407.547181610002
260.016325627362
244.149738712992
243.859431374415
244.11517998907
244.352992539408
243.962204719942
241.887062655815
233.960327421634
226.561346484331
253.753062644538
244.01137655916
243.859431374415
244.07725275517
244.281410643802
244.094583495087
243.432125497469
241.225027159308
233.480309200827
226.526720735874
243.591767943802
243.894264606299
244.11517998907
244.281410643802
244.105162977998
243.698462762421
242.850089052656
240.669018114976
233.593821447029
226.550692970981
244.029101862816
244.332081431525
244.352992539409
244.094583495087
243.698462762422
243.089577277934
241.932666732626
240.109108202429
234.255511991245
226.661425930761
244.404019272691
244.261146007493
243.962204719942
243.432125497469
242.850089052656
241.932666732626
240.856528891413
239.174866277588
235.259392802482
226.917613083996
243.092319057767
242.580353221895
241.887062655815
241.225027159308
240.669018114976
240.109108202429
239.174866277588
237.302587771709
235.036769385917
227.355564567845
235.955705484337
234.858611105872
233.960327421635
233.480309200827
233.593821447029
234.255511991245
235.259392802483
235.036769385917
231.518497788357
228.043690772201
226.79783500967
226.649284205221
226.56134648433
226.526720735874
226.550692970981
226.661425930761
226.917613083996
227.355564567845
228.043690772201
237.024368702478
370.507094380249
361.85262743016
410.720942103279
274.888358216936
233.183535967016
227.413341414584
226.934195174685
226.77733365315
226.389198256996
226.202646487337
361.85262743016
402.369092231429
290.287363296001
237.459343488124
228.051219464272
227.00908260769
226.893153089024
226.739510807714
226.353305626052
226.201150585861
410.720942103278
290.287363296001
239.287690064519
228.566775442816
227.077754113266
226.929030049459
226.862312515813
226.695865944334
226.327588908832
226.200267283115
274.888358216936
237.459343488124
228.566775442816
227.112846037416
226.941311197838
226.892556150491
226.822327423502
226.658195876195
226.315869763224
226.199963199324
233.183535967016
228.051219464272
227.077754113267
226.941311197838
226.900900863445
226.855785724897
226.782517009022
226.630839653924
226.320703730003
226.200322014062
227.413341414584
227.00908260769
226.929030049459
226.892556150492
226.855785724898
226.807850906628
226.725768312897
226.605739294165
226.342946694729
226.201735670531
226.934195174685
226.893153089024
226.862312515813
226.822327423502
226.782517009022
226.725768312897
226.659944671001
226.564705195074
226.381819300747
226.20516533934
226.77733365315
226.739510807714
226.695865944334
226.658195876195
226.630839653924
226.605739294165
226.564705195074
226.481937087844
226.385029211348
226.210921258334
226.389198256996
226.353305626052
226.327588908833
226.315869763224
226.320703730003
226.342946694729
226.381819300747
226.385029211348
226.296820538111
226.225784056362
226.202646487338
226.201150585861
226.200267283115
226.199963199324
226.200322014061
226.201735670531
226.20516533934
226.210921258334
226.225784056362
228.679871196825
