550.265751745715
478.253299845104
437.042803027836
350.052229112011
338.638837326381
345.180662163152
344.575329491773
343.956805682637
378.269143708702
265.970746592696
478.253299845083
335.234164960915
412.836182281668
326.787913097403
371.067013736319
358.017074045379
344.139782319228
348.503753924736
384.656212422054
256.818227287249
437.042803027839
412.836182281665
329.272238727004
338.138616464122
371.960920205157
347.04567130983
347.702784075222
373.517500759641
392.794266276753
251.242257548492
350.052229112011
326.787913097403
338.138616464124
328.087795706436
344.438292311656
363.465021595447
377.730014978088
375.106656499918
390.460288821863
249.29274107593
338.638837326379
371.067013736319
371.960920205164
344.438292311657
350.977645361321
380.046043446759
360.215266830135
370.820576261529
390.947466145128
251.58882200092
345.180662163153
358.017074045383
347.04567130983
363.465021595448
380.04604344676
372.00735371063
360.203549802317
372.060390914184
388.392048882552
260.961716202062
344.57532949177
344.139782319233
347.702784075223
377.730014978093
360.215266830138
360.203549802319
382.085028589018
377.222677612524
378.195874303672
283.016365887187
343.956805682636
348.503753924736
373.517500759645
375.106656499918
370.820576261528
372.060390914183
377.222677612524
370.933216399334
384.690400293876
316.83513981328
378.269143708702
384.656212422054
392.794266276753
390.460288821863
390.947466145128
388.392048882552
378.195874303672
384.690400293876
381.84760925927
304.992401354921
265.970746592697
256.81822728725
251.242257548492
249.29274107593
251.58882200092
260.961716202063
283.016365887188
316.83513981328
304.992401354921
261.184609407561
463.778786481433
363.621174150648
407.547181610009
253.953720619871
243.624209471923
244.048215689103
244.439014687207
243.159652670382
236.067682515024
226.811879970407
363.621174150648
404.846843438709
260.385286900701
244.054219179263
243.92029044491
244.35520919079
244.303740434882
242.655126228769
234.973309433929
226.660686677617
407.547181610002
260.3852869007
244.196295824449
243.892311638823
244.137158144883
244.382424037862
244.012068294437
241.969782732496
234.079976196334
226.571138391758
253.953720619871
244.054219179263
243.892311638823
244.100273871374
244.305773057505
244.132731660882
243.488905009485
241.31600729845
233.608940740203
226.536361269167
243.624209471923
243.92029044491
244.137158144883
244.305773057505
244.139653135541
243.74607442881
242.913357806944
240.767890462901
233.736558307217
226.562423117271
244.048215689103
244.355209190791
244.382424037862
244.132731660882
243.74607442881
243.146869232722
242.003133181898
240.21543668181
234.423694122162
226.679702359971
244.439014687208
244.303740434882
244.012068294438
243.488905009484
242.913357806944
242.003133181898
240.938265879719
239.289147971795
235.473687598278
226.950762279371
243.159652670382
242.655126228769
241.969782732496
241.316007298451
240.767890462901
240.21543668181
239.289147971795
237.410176885318
235.261169900593
227.42634101407
236.067682515025
234.97330943393
234.079976196335
233.608940740203
233.736558307217
234.423694122162
235.473687598279
235.261169900593
231.761153462379
228.23818609004
226.811879970407
226.660686677617
226.571138391758
226.536361269167
226.562423117272
226.679702359971
226.950762279371
227.42634101407
228.238186090039
238.288659134452
370.507094380249
361.85262743016
410.720942103279
275.42513414479
233.286405563634
227.424257355051
226.93631869879
226.780876902901
226.392946775671
226.202803933398
361.85262743016
402.369092231429
290.961248139155
237.619274503428
228.074572704345
227.011687309116
226.895317844232
226.743413613772
226.356764775496
226.201278966454
410.720942103278
290.961248139155
239.470490467628
228.599728138206
227.081922735792
226.930455103371
226.864873587405
226.700115378688
226.330880264981
226.200379309827
275.42513414479
237.619274503429
228.599728138206
227.117850921363
226.942532275549
226.894366938957
226.825296254439
226.662784216857
226.319252062408
226.200076425468
233.286405563634
228.074572704345
227.081922735793
226.942532275549
226.902472627607
226.858190959643
226.785841041624
226.635754350084
226.324586529198
226.20046498344
227.424257355051
227.011687309115
226.930455103371
226.894366938958
226.858190959643
226.810837475371
226.729433846294
226.610942540494
226.348036229366
226.201965783563
226.93631869879
226.895317844232
226.864873587404
226.825296254439
226.785841041624
226.729433846294
226.664074263135
226.570112991644
226.389296483656
226.205604653471
226.780876902901
226.743413613772
226.700115378688
226.662784216857
226.635754350084
226.610942540494
226.570112991644
226.486553628866
226.39299016316
226.211812933455
226.392946775671
226.356764775496
226.330880264981
226.319252062407
226.324586529198
226.348036229366
226.389296483656
226.392990163161
226.302887170959
226.228867848621
226.202803933398
226.201278966454
226.200379309827
226.200076425468
226.20046498344
226.201965783563
226.205604653471
226.211812933455
226.228867848621
228.970507493112
