550.265751745715
478.253299845104
437.042803027836
350.052229112011
338.638837326381
345.180662163152
344.575329491773
343.956805682637
378.269143708702
266.781261141309
478.253299845083
335.234164960915
412.836182281668
326.787913097403
371.067013736319
358.017074045379
344.139782319228
348.503753924736
384.656212422054
257.535942315605
437.042803027839
412.836182281665
329.272238727004
338.138616464122
371.960920205157
347.04567130983
347.702784075222
373.517500759641
392.794266276753
251.886116125617
350.052229112011
326.787913097403
338.138616464124
328.087795706436
344.438292311656
363.465021595447
377.730014978088
375.106656499918
390.460288821863
249.930693348547
338.638837326379
371.067013736319
371.960920205164
344.438292311657
350.977645361321
380.046043446759
360.215266830135
370.820576261529
390.947466145128
252.398957106413
345.180662163153
358.017074045383
347.04567130983
363.465021595448
380.04604344676
372.00735371063
360.203549802317
372.060390914184
388.392048882552
262.308865070484
344.57532949177
344.139782319233
347.702784075223
377.730014978093
360.215266830138
360.203549802319
382.085028589018
377.222677612524
378.195874303672
285.64001460105
343.956805682636
348.503753924736
373.517500759645
375.106656499918
370.820576261528
372.060390914183
377.222677612524
370.933216399334
384.690400293876
322.600882613583
378.269143708702
384.656212422054
392.794266276753
390.460288821863
390.947466145128
388.392048882552
378.195874303672
384.690400293876
381.84760925927
314.057702416957
266.78126114131
257.535942315606
251.886116125617
249.930693348548
252.398957106414
262.308865070485
285.64001460105
322.600882613583
314.057702416958
265.366297216873
463.778786481433
363.621174150648
407.547181610009
254.158254815503
243.657567073064
244.067899081202
244.473739742757
243.226426731908
236.179710285616
226.826198889539
363.621174150648
404.846843438709
260.762185727657
244.097649835901
243.947174608319
244.37849863458
244.345950918918
242.729228824141
235.088028251118
226.672349748288
407.547181610002
260.762185727657
244.243260213872
243.926017679535
244.159688020758
244.411684912721
244.061502041459
242.051673025204
234.199574334203
226.581180346852
254.158254815503
244.097649835902
243.926017679535
244.123981867666
244.330164930133
244.170534680596
243.545254931377
241.405918557781
233.73751397421
226.546271140483
243.657567073064
243.947174608319
244.159688020758
244.330164930133
244.173838407875
243.79332436318
242.976210473587
240.865384662351
233.879560328698
226.574522335534
244.067899081202
244.378498634581
244.411684912721
244.170534680596
243.79332436318
243.203844853419
242.073183952793
240.320148926788
234.59297318402
226.698594188517
244.473739742758
244.345950918918
244.06150204146
243.545254931377
242.976210473587
242.073183952793
241.019717148613
239.405039526633
235.688195787135
226.984643747591
243.226426731908
242.729228824141
242.051673025204
241.405918557782
240.865384662351
240.320148926788
239.405039526633
237.516381177428
235.471677000902
227.499061539656
236.179710285616
235.088028251118
234.199574334203
233.73751397421
233.879560328698
234.59297318402
235.688195787136
235.471677000902
232.008007746937
228.445335326808
226.826198889539
226.672349748288
226.581180346852
226.546271140482
226.574522335534
226.698594188517
226.984643747591
227.499061539656
228.445335326808
239.724090336915
370.507094380249
361.85262743016
410.720942103279
275.964517783702
233.390115567425
227.435365644931
226.938435030701
226.784390593282
226.396729826738
226.202964585855
361.85262743016
402.369092231429
291.637339262446
237.780320103387
228.098260982112
227.01433796757
226.897457554848
226.747283084279
226.360259906104
226.20141019936
410.720942103278
291.637339262446
239.654517031929
228.633098060695
227.086189400595
226.931871783785
226.86740503979
226.704326141605
226.334209356253
226.200494016626
275.964517783702
237.780320103387
228.633098060695
227.122974081469
226.943761638775
226.896151367747
226.828235996556
226.667324544166
226.322678500808
226.200192593072
233.390115567425
228.098260982112
227.086189400595
226.943761638775
226.90402028761
226.860568006617
226.789137255398
226.640607695369
226.328532995423
226.200611977265
227.435365644931
227.01433796757
226.931871783785
226.896151367747
226.860568006617
226.813799391486
226.733072006954
226.616075742294
226.353237513386
226.202202670089
226.938435030701
226.897457554848
226.86740503979
226.828235996556
226.789137255398
226.733072006954
226.668183850907
226.575612915025
226.396907711895
226.206053977727
226.784390593282
226.747283084279
226.704326141606
226.667324544166
226.640607695369
226.616075742294
226.575612915025
226.491115668231
226.40055973306
226.212722471697
226.396729826738
226.360259906104
226.334209356253
226.322678500808
226.328532995423
226.353237513386
226.396907711895
226.40055973306
226.309251414928
226.232121864143
226.202964585855
226.20141019936
226.200494016626
226.200192593072
226.200611977265
226.202202670089
226.206053977728
226.212722471697
226.232121864143
229.301521126723
