622.159310244409
476.001380548667
433.419114468061
347.915099760553
336.30141956268
342.605380101153
342.135290258427
365.273968143116
376.768238472396
267.237747661655
476.001380548667
333.827366153912
409.162172373586
324.256584724206
367.976490199385
354.96398876709
341.405998722084
369.280396473883
389.738677840299
257.813050741091
433.41911446806
409.162172373585
327.241714947337
335.640620398314
368.26251929695
343.884169777512
344.153165400518
369.624840210936
390.4200703629
252.040604129595
347.915099760554
324.256584724206
335.640620398313
325.236389939381
340.979192443245
358.943903279099
371.992136835152
369.920182156432
391.076921950531
250.005622385486
336.301419562682
367.976490199387
368.262519296951
340.979192443246
346.690598221392
372.778573600154
353.68904908583
364.330647718942
391.048481071468
252.404581360956
342.605380101151
354.963988767098
343.884169777507
358.943903279098
372.778573600154
364.416234908577
352.174262559627
381.405346355098
387.650910912223
262.087003871545
342.135290258425
341.405998722086
344.153165400518
371.992136835149
353.689049085831
352.174262559626
369.40295162507
387.220417086703
383.592639326568
284.602690481907
365.273968143119
369.280396473885
369.624840210939
369.920182156433
364.330647718943
381.405346355098
387.220417086703
386.559283398527
378.532148716342
318.795814960306
376.768238472395
389.738677840298
390.4200703629
391.07692195053
391.048481071467
387.650910912222
383.592639326567
378.532148716342
386.903833953882
306.723785140691
267.237747661655
257.813050741091
252.040604129594
250.005622385485
252.404581360956
262.087003871544
284.602690481907
318.795814960306
306.72378514069
262.044521346615
466.55823404029
364.156224670263
409.057939026499
254.560726498104
243.892120040789
244.506732738342
244.862997335851
243.578191994101
236.507774630415
226.802376443333
364.156224670263
405.451734416275
261.935710838006
244.336261254475
244.30883777507
244.785549142421
244.701472719126
243.072330387363
235.385525447223
226.653532321956
409.05793902649
261.935710838005
244.546574925542
244.246958487204
244.568944624119
244.804170135059
244.384960113983
242.395350507662
234.479933725875
226.564142239309
254.560726498104
244.336261254475
244.246958487204
244.523397101737
244.721225978901
244.543492092488
243.899411080419
241.758168846714
233.949605413785
226.528356992507
243.892120040788
244.30883777507
244.568944624119
244.721225978902
244.538666160617
244.116286705983
243.235994067007
241.154114131411
233.992576537814
226.550686792042
244.506732738342
244.785549142421
244.804170135059
244.543492092488
244.116286705983
243.504196579494
242.366474533542
240.585227927955
234.687763697975
226.657838336885
244.862997335851
244.701472719126
244.384960113983
243.899411080419
243.235994067007
242.366474533542
241.262817228979
239.664971690271
235.710224432162
226.906712969965
243.5781919941
243.072330387362
242.395350507662
241.758168846714
241.154114131411
240.585227927955
239.664971690271
237.624383276327
235.426663739673
227.38239563713
236.507774630415
235.385525447223
234.479933725875
233.949605413785
233.992576537814
234.687763697975
235.710224432162
235.426663739673
231.694368371664
228.127981037684
226.802376443333
226.653532321956
226.564142239309
226.528356992507
226.550686792042
226.657838336885
226.906712969965
227.38239563713
228.127981037684
238.657051402439
374.268381075421
365.627091663181
408.187796508693
276.130620632565
233.463684851503
227.478202093151
226.969399603623
226.808703899808
226.409484254146
226.202918067949
365.627091663181
404.331669352143
293.000988798109
238.054892142536
228.157816426661
227.049061310668
226.924468312301
226.769962655859
226.37057376794
226.201369806543
408.187796508692
293.000988798109
240.038476488149
228.716459700496
227.124647800139
226.962543768867
226.891463558115
226.725846028125
226.342779106388
226.200441946142
276.130620632565
238.054892142535
228.716459700496
227.16258043926
226.974953595601
226.924200464421
226.85332250041
226.688579541688
226.328737239305
226.200102051714
233.463684851502
228.157816426661
227.124647800139
226.974953595601
226.931528484087
226.884439640085
226.807291634256
226.657110462066
226.331705631646
226.200433371188
227.478202093151
227.049061310668
226.962543768867
226.924200464421
226.884439640085
226.834974737657
226.751603350918
226.630488375241
226.356110381632
226.201863707142
226.969399603623
226.924468312301
226.891463558115
226.85332250041
226.807291634256
226.751603350918
226.682692903862
226.588504397343
226.397174777413
226.205254101139
226.808703899809
226.769962655859
226.725846028125
226.688579541688
226.657110462066
226.630488375241
226.588504397343
226.4953030745
226.39694269209
226.21101991027
226.409484254146
226.37057376794
226.342779106388
226.328737239304
226.331705631646
226.356110381632
226.397174777413
226.39694269209
226.297027615101
226.225276954161
226.202918067949
226.201369806543
226.200441946142
226.200102051715
226.200433371188
226.201863707142
226.205254101139
226.21101991027
226.225276954161
229.078471050972
