622.159310244409
476.001380548667
433.419114468061
347.915099760553
336.30141956268
342.605380101153
342.135290258427
365.273968143116
376.768238472396
268.063916413511
476.001380548667
333.827366153912
409.162172373586
324.256584724206
367.976490199385
354.96398876709
341.405998722084
369.280396473883
389.738677840299
258.547743041773
433.41911446806
409.162172373585
327.241714947337
335.640620398314
368.26251929695
343.884169777512
344.153165400518
369.624840210936
390.4200703629
252.704662813422
347.915099760554
324.256584724206
335.640620398313
325.236389939381
340.979192443245
358.943903279099
371.992136835152
369.920182156432
391.076921950531
250.668500748866
336.301419562682
367.976490199387
368.262519296951
340.979192443246
346.690598221392
372.778573600154
353.68904908583
364.330647718942
391.048481071468
253.24563026861
342.605380101151
354.963988767098
343.884169777507
358.943903279098
372.778573600154
364.416234908577
352.174262559627
381.405346355098
387.650910912223
263.470164876078
342.135290258425
341.405998722086
344.153165400518
371.992136835149
353.689049085831
352.174262559626
369.40295162507
387.220417086703
383.592639326568
287.256873481488
365.273968143119
369.280396473885
369.624840210939
369.920182156433
364.330647718943
381.405346355098
387.220417086703
386.559283398527
378.532148716342
324.575936961469
376.768238472395
389.738677840298
390.4200703629
391.07692195053
391.048481071467
387.650910912222
383.592639326567
378.532148716342
386.903833953882
315.893386679536
268.063916413512
258.547743041773
252.704662813422
250.668500748866
253.245630268609
263.470164876078
287.256873481488
324.575936961468
315.893386679535
266.278142795945
466.55823404029
364.156224670263
409.057939026499
254.781339219524
243.922867412851
244.526239290599
244.900314131317
243.646134876962
236.623544073328
226.816439043588
364.156224670263
405.451734416275
262.347583057926
244.380817160438
244.333631868361
244.810709631493
244.746099630591
243.147263252415
235.504485156808
226.664971304963
409.05793902649
262.347583057925
244.596349896791
244.278267187685
244.591871392256
244.836113114883
244.436466905921
242.477753506428
234.604422214048
226.573970579342
254.781339219524
244.380817160438
244.278267187686
244.546844613427
244.74800209771
244.583955614778
243.957403404163
241.848274315413
234.083789915284
226.537997448309
243.922867412851
244.333631868361
244.591871392257
244.74800209771
244.575673968811
244.165739962494
243.300187767699
241.251537602993
234.141765853612
226.562350638275
244.526239290599
244.810709631493
244.836113114883
244.583955614778
244.165739962494
243.562742498201
242.437396721717
240.689559111371
234.863960697362
226.675811641538
244.900314131317
244.746099630591
244.436466905921
243.957403404163
243.300187767699
242.437396721718
241.344690929868
239.78082476603
235.933043304081
226.939081796775
243.646134876961
243.147263252415
242.477753506428
241.848274315413
241.251537602993
240.689559111371
239.78082476603
237.740180303343
235.634238354135
227.465453050064
236.623544073327
235.504485156808
234.604422214048
234.083789915284
234.141765853612
234.863960697362
235.933043304081
235.634238354135
231.954714955836
228.327299792816
226.816439043588
226.664971304963
226.573970579342
226.537997448309
226.562350638275
226.675811641538
226.939081796774
227.465453050064
228.327299792815
240.110824392114
374.268381075421
365.627091663181
408.187796508693
276.670913762534
233.567568704707
227.489408001158
226.971742342097
226.812370046741
226.413562578867
226.203080637966
365.627091663181
404.331669352143
293.688022750541
238.219023420348
228.182020048851
227.051916107996
226.926820281628
226.773969619315
226.374362845514
226.201503071662
408.187796508692
293.68802275054
240.227091816456
228.750857212616
227.129098116898
226.964184466527
226.894184615665
226.730185159047
226.34641382932
226.200558775972
276.670913762533
238.219023420348
228.750857212616
227.167890428316
226.976389130846
226.926204223712
226.856428475906
226.693245055867
226.33247389047
226.200219626049
233.567568704706
228.182020048851
227.129098116898
226.976389130846
226.933303268303
226.887010707183
226.810734469395
226.662070652118
226.335959637708
226.200579614761
227.489408001158
227.051916107996
226.964184466527
226.926204223712
226.887010707183
226.838092736963
226.755362163974
226.63571483802
226.361683024704
226.202096423291
226.971742342097
226.926820281628
226.894184615665
226.856428475906
226.810734469395
226.755362163974
226.686907036862
226.594133142081
226.405259261234
226.205693159869
226.812370046741
226.773969619315
226.730185159047
226.693245055867
226.662070652117
226.63571483802
226.594133142081
226.500387933894
226.404509087177
226.211999256126
226.413562578867
226.374362845514
226.346413829319
226.33247389047
226.335959637708
226.361683024704
226.405259261234
226.404509087177
226.303722230634
226.228227187535
226.203080637966
226.201503071662
226.200558775972
226.200219626049
226.200579614761
226.202096423291
226.205693159869
226.211999256126
226.228227187536
229.415008870036
