622.159310244409
476.001380548667
433.419114468061
347.915099760553
336.30141956268
342.605380101153
342.135290258427
365.273968143116
376.768238472396
268.89829800609
476.001380548667
333.827366153912
409.162172373586
324.256584724206
367.976490199385
354.96398876709
341.405998722084
369.280396473883
389.738677840299
259.293057193475
433.41911446806
409.162172373585
327.241714947337
335.640620398314
368.26251929695
343.884169777512
344.153165400518
369.624840210936
390.4200703629
253.382858776791
347.915099760554
324.256584724206
335.640620398313
325.236389939381
340.979192443245
358.943903279099
371.992136835152
369.920182156432
391.076921950531
251.350291502663
336.301419562682
367.976490199387
368.262519296951
340.979192443246
346.690598221392
372.778573600154
353.68904908583
364.330647718942
391.048481071468
254.110113971662
342.605380101151
354.963988767098
343.884169777507
358.943903279098
372.778573600154
364.416234908577
352.174262559627
381.405346355098
387.650910912223
264.880961161959
342.135290258425
341.405998722086
344.153165400518
371.992136835149
353.689049085831
352.174262559626
369.40295162507
387.220417086703
383.592639326568
289.945485496687
365.273968143119
369.280396473885
369.624840210939
369.920182156433
364.330647718943
381.405346355098
387.220417086703
386.559283398527
378.532148716342
330.454347360345
376.768238472395
389.738677840298
390.4200703629
391.07692195053
391.048481071467
387.650910912222
383.592639326567
378.532148716342
386.903833953882
325.56342846924
268.89829800609
259.293057193475
253.382858776791
251.350291502662
254.110113971662
264.880961161959
289.945485496687
330.454347360344
325.563428469239
270.967160639693
466.55823404029
364.156224670263
409.057939026499
255.005811667784
243.954821720061
244.54631205538
244.937464863573
243.713673256217
236.739434371648
226.830796993433
364.156224670263
405.451734416275
262.767146443522
244.426262872837
244.359336979542
244.83606978313
244.790487957297
243.221692740378
235.623523644422
226.676686695265
409.05793902649
262.767146443521
244.646826127995
244.310507712184
244.615359058831
244.867998733942
244.487714142585
242.559510983031
234.7288924074
226.584064214416
255.005811667784
244.426262872837
244.310507712184
244.570988481796
244.774889540851
244.624243508678
244.01515239852
241.937527509499
234.217888070571
226.547922266635
243.954821720061
244.359336979543
244.615359058831
244.774889540851
244.612541148157
244.215025161942
243.364163954643
241.347854103824
234.291045349652
226.574390820002
244.54631205538
244.836069783131
244.867998733942
244.624243508678
244.215025161942
243.621166707514
242.508088715543
240.792482266761
235.04071520757
226.694384405601
244.937464863573
244.790487957297
244.487714142585
244.01515239852
243.364163954643
242.508088715543
241.42607923194
239.894705376889
236.157169458132
226.972340371235
243.713673256217
243.221692740378
242.559510983031
241.937527509499
241.347854103824
240.792482266761
239.894705376889
237.858548171711
235.830402871652
227.553224865647
236.739434371647
235.623523644422
234.728892407401
234.21788807057
234.291045349652
235.04071520757
236.157169458132
235.830402871652
232.218845383766
228.54070580119
226.830796993433
226.676686695265
226.584064214416
226.547922266635
226.574390820002
226.694384405601
226.972340371235
227.553224865647
228.54070580119
241.751110807586
374.268381075421
365.627091663181
408.187796508693
277.213261558857
233.672270592865
227.500802754419
226.974081166573
226.81601249687
226.417678251512
226.203246507816
365.627091663181
404.331669352143
294.377014013484
238.384226002553
228.206560791399
227.054816393039
226.92915319925
226.777949094601
226.378190449803
226.201639254691
408.187796508692
294.377014013484
240.416884320581
228.785677830414
227.133645432438
226.965820564922
226.896883254994
226.734491241477
226.350088178838
226.200678337668
277.213261558857
238.384226002552
228.785677830414
227.173318250363
226.977834712768
226.928188648756
226.859512746163
226.697868252877
226.336255349362
226.200340152372
233.672270592865
228.206560791399
227.133645432438
226.977834712768
226.935060599545
226.889561730704
226.814156846412
226.666976195217
226.340274981317
226.200729772256
227.500802754419
227.054816393039
226.965820564922
226.928188648756
226.889561730704
226.841193689942
226.759099304178
226.640871059285
226.367356338809
226.202335589515
226.974081166573
226.92915319925
226.896883254994
226.859512746163
226.814156846412
226.759099304178
226.691086241577
226.599667617653
226.413528575573
226.206143628842
226.81601249687
226.7779490946
226.734491241477
226.697868252877
226.666976195217
226.640871059285
226.599667617653
226.505599643975
226.411742621911
226.213022077062
226.417678251512
226.378190449803
226.350088178838
226.336255349362
226.340274981317
226.367356338809
226.413528575573
226.411742621911
226.310728619546
226.231376656352
226.203246507815
226.201639254691
226.200678337668
226.200340152372
226.200729772256
226.202335589515
226.206143628842
226.213022077062
226.231376656353
229.796830374468
