550.265751745715
478.253299845104
437.042803027836
350.052229112011
338.638837326381
345.180662163152
344.575329491773
343.956805682637
378.269143708702
270.106685605687
478.253299845083
335.234164960915
412.836182281668
326.787913097403
371.067013736319
358.017074045379
344.139782319228
348.503753924736
384.656212422054
260.513634968008
437.042803027839
412.836182281665
329.272238727004
338.138616464122
371.960920205157
347.04567130983
347.702784075222
373.517500759641
392.794266276753
254.602618873207
350.052229112011
326.787913097403
338.138616464124
328.087795706436
344.438292311656
363.465021595447
377.730014978088
375.106656499918
390.460288821863
252.670138155115
338.638837326379
371.067013736319
371.960920205164
344.438292311657
350.977645361321
380.046043446759
360.215266830135
370.820576261529
390.947466145128
255.872313580961
345.180662163153
358.017074045383
347.04567130983
363.465021595448
380.04604344676
372.00735371063
360.203549802317
372.060390914184
388.392048882552
267.974090426278
344.57532949177
344.139782319233
347.702784075223
377.730014978093
360.215266830138
360.203549802319
382.085028589018
377.222677612524
378.195874303672
296.526513188447
343.956805682636
348.503753924736
373.517500759645
375.106656499918
370.820576261528
372.060390914183
377.222677612524
370.933216399334
384.690400293876
346.707665167412
378.269143708702
384.656212422054
392.794266276753
390.460288821863
390.947466145128
388.392048882552
378.195874303672
384.690400293876
381.84760925927
354.753013731034
270.106685605688
260.513634968009
254.602618873207
252.670138155116
255.872313580962
267.974090426279
296.526513188447
346.707665167412
354.753013731034
286.883912193214
463.778786481433
363.621174150648
407.547181610009
255.014063986662
243.801165900764
244.154126461029
244.611837953463
243.489574587934
236.629517689711
226.886539974405
363.621174150648
404.846843438709
262.347382970897
244.27806003682
244.064556675223
244.475320287868
244.512789476945
243.020638858635
235.548286368185
226.721885336041
407.547181610002
262.347382970896
244.436037630888
244.070045289436
244.257216021418
244.529123797614
244.256729213816
242.372780469837
234.678543756463
226.624105590667
255.014063986662
244.27806003682
244.070045289436
244.227444377143
244.430248303336
244.320275343517
243.768131971623
241.75699898587
234.251917482741
226.588859689663
243.801165900763
244.064556675223
244.257216021418
244.430248303335
244.309586510593
243.980505767842
243.225209897474
241.244173754781
234.453579866702
226.62685233431
244.154126461029
244.475320287868
244.529123797614
244.320275343517
243.980505767843
243.430178111957
242.350632114224
240.724730669133
235.277004767275
226.780426648295
244.611837953463
244.512789476945
244.256729213816
243.768131971623
243.225209897474
242.350632114224
241.340195654622
239.851877240904
236.547354963839
227.128793325958
243.489574587934
243.020638858635
242.372780469837
241.75699898587
241.244173754781
240.724730669132
239.851877240904
237.966554052698
236.21625496902
227.790023345797
236.629517689712
235.548286368186
234.678543756464
234.251917482741
234.453579866702
235.277004767275
236.547354963839
236.21625496902
233.034402542583
229.326608147605
226.886539974405
226.721885336041
226.624105590667
226.588859689663
226.62685233431
226.780426648295
227.128793325958
227.790023345797
229.326608147604
247.608036418587
370.507094380249
361.85262743016
410.720942103279
278.145128448029
233.813159808162
227.481778758303
226.946915354017
226.798206914892
226.412224825757
226.203641035658
361.85262743016
402.369092231429
294.362120545231
238.435345068515
228.196346458772
227.025493923395
226.905844080547
226.762482210592
226.374613032569
226.201965015587
410.720942103278
294.362120545231
240.40254095639
228.770683236351
227.104311142467
226.937551884527
226.877304420738
226.720836266984
226.347907247537
226.200980577272
278.145128448029
238.435345068515
228.770683236351
227.144711619796
226.948866163487
226.903109668535
226.839766453335
226.685063569906
226.336814189586
226.200687152736
233.813159808162
228.196346458772
227.104311142467
226.948866163487
226.910059934257
226.86986210591
226.802099998414
226.659475776315
226.344908923048
226.20124010365
227.481778758303
227.025493923395
226.937551884527
226.903109668535
226.86986210591
226.825452871602
226.747386466074
226.635915033935
226.375024682622
226.203216691726
226.946915354017
226.905844080547
226.877304420738
226.839766453335
226.802099998413
226.747386466074
226.684265481824
226.596861102237
226.428618575046
226.207957554692
226.798206914892
226.762482210592
226.720836266985
226.685063569906
226.659475776315
226.635915033935
226.596861102237
226.510527327932
226.428002753281
226.216359615511
226.412224825757
226.374613032569
226.347907247537
226.336814189586
226.344908923048
226.375024682622
226.428618575046
226.428002753281
226.337656356116
226.245748185662
226.203641035658
226.201965015587
226.200980577272
226.200687152736
226.20124010365
226.203216691726
226.207957554692
226.216359615511
226.245748185662
231.171329783641
