550.265751745715
478.253299845104
437.042803027836
350.052229112011
338.638837326381
345.180662163152
344.575329491773
343.956805682637
378.269143708702
270.958247901817
478.253299845083
335.234164960915
412.836182281668
326.787913097403
371.067013736319
358.017074045379
344.139782319228
348.503753924736
384.656212422054
261.283405037044
437.042803027839
412.836182281665
329.272238727004
338.138616464122
371.960920205157
347.04567130983
347.702784075222
373.517500759641
392.794266276753
255.314344724483
350.052229112011
326.787913097403
338.138616464124
328.087795706436
344.438292311656
363.465021595447
377.730014978088
375.106656499918
390.460288821863
253.397156463213
338.638837326379
371.067013736319
371.960920205164
344.438292311657
350.977645361321
380.046043446759
360.215266830135
370.820576261529
390.947466145128
256.790946058255
345.180662163153
358.017074045383
347.04567130983
363.465021595448
380.04604344676
372.00735371063
360.203549802317
372.060390914184
388.392048882552
269.443571049398
344.57532949177
344.139782319233
347.702784075223
377.730014978093
360.215266830138
360.203549802319
382.085028589018
377.222677612524
378.195874303672
299.347747902822
343.956805682636
348.503753924736
373.517500759645
375.106656499918
370.820576261528
372.060390914183
377.222677612524
370.933216399334
384.690400293876
352.930675211653
378.269143708702
384.656212422054
392.794266276753
390.460288821863
390.947466145128
388.392048882552
378.195874303672
384.690400293876
381.84760925927
365.891408350588
270.958247901818
261.283405037045
255.314344724484
253.397156463213
256.790946058256
269.443571049399
299.347747902822
352.930675211653
365.891408350588
293.506975480611
463.778786481433
363.621174150648
407.547181610009
255.237178700957
243.839848444703
244.17799050372
244.646623705469
243.554768653027
236.742666778174
226.902474729103
363.621174150648
404.846843438709
262.762613676486
244.325048509443
244.096670047476
244.500929496985
244.55443135115
243.092634403668
235.663954448975
226.735058468069
407.547181610002
262.762613676486
244.485693305644
244.108589995635
244.283889363967
244.559068651026
244.30530393591
242.451842065113
234.798645476877
226.635585662541
255.237178700956
244.325048509443
244.108589995635
244.255872300245
244.456405554842
244.357775577843
243.823574244261
241.843049287446
234.380661169725
226.600297791546
243.839848444703
244.096670047476
244.283889363967
244.456405554842
244.343726933315
244.02721128986
243.287173970764
241.336545198711
234.597462760145
226.640956483217
244.17799050372
244.500929496985
244.559068651026
244.357775577843
244.02721128986
243.48667940833
242.419603473966
240.822845332654
235.449060661768
226.802404710129
244.646623705469
244.55443135115
244.30530393591
243.823574244261
243.287173970764
242.419603473966
241.41927126698
239.959143193935
236.749125001738
227.168535539922
243.554768653027
243.092634403668
242.451842065112
241.843049287447
241.336545198712
240.822845332654
239.959143193935
238.084776498402
236.390892462828
227.857671529524
236.742666778175
235.663954448976
234.798645476877
234.380661169726
234.597462760145
235.449060661768
236.749125001739
236.390892462829
233.268991004721
229.550241239085
226.902474729103
226.73505846807
226.635585662541
226.600297791546
226.640956483217
226.80240471013
227.168535539922
227.857671529524
229.550241239084
250.227455706999
370.507094380249
361.85262743016
410.720942103279
278.695362645197
233.920914995445
227.493888562953
226.94906028574
226.801615345623
226.416193382744
226.203819083167
361.85262743016
402.369092231429
295.048050769372
238.601729129669
228.221693312379
227.028443024033
226.907916324824
226.766225254644
226.378297332082
226.202111552005
410.720942103278
295.048050769372
240.592432823111
228.80608597603
227.109121516422
226.93899789396
226.879738410689
226.724892640947
226.351427766244
226.201109396665
278.695362645197
238.601729129669
228.80608597603
227.150470039699
226.950212876782
226.904823276504
226.842604680664
226.689404934668
226.340452769973
226.200818380974
233.920914995445
228.221693312379
227.109121516422
226.950212876782
226.911552384168
226.872146246025
226.805295537393
226.664070341579
226.349141415064
226.201407040709
227.493888562953
227.028443024033
226.93899789396
226.904823276504
226.872146246025
226.828328124
226.750914406803
226.640717563591
226.380692363829
226.203485621422
226.94906028574
226.907916324824
226.879738410689
226.842604680664
226.805295537393
226.750914406802
226.6882034782
226.601955028787
226.436316712468
226.208467030989
226.801615345623
226.766225254644
226.724892640947
226.689404934668
226.664070341579
226.640717563591
226.601955028787
226.515655339378
226.434588925834
226.217218780169
226.416193382744
226.378297332082
226.351427766244
226.340452769973
226.349141415064
226.380692363829
226.436316712469
226.434588925834
226.344597417263
226.249130116268
226.203819083167
226.202111552005
226.201109396665
226.200818380974
226.201407040709
226.203485621422
226.208467030989
226.217218780169
226.249130116268
231.819019645508
