550.265751745715
478.253299845104
437.042803027836
350.052229112011
338.638837326381
345.180662163152
344.575329491773
343.956805682637
378.269143708702
271.819163446377
478.253299845083
335.234164960915
412.836182281668
326.787913097403
371.067013736319
358.017074045379
344.139782319228
348.503753924736
384.656212422054
262.06268307752
437.042803027839
412.836182281665
329.272238727004
338.138616464122
371.960920205157
347.04567130983
347.702784075222
373.517500759641
392.794266276753
256.038256351549
350.052229112011
326.787913097403
338.138616464124
328.087795706436
344.438292311656
363.465021595447
377.730014978088
375.106656499918
390.460288821863
254.140185896575
338.638837326379
371.067013736319
371.960920205164
344.438292311657
350.977645361321
380.046043446759
360.215266830135
370.820576261529
390.947466145128
257.730121653423
345.180662163153
358.017074045383
347.04567130983
363.465021595448
380.04604344676
372.00735371063
360.203549802317
372.060390914184
388.392048882552
270.940859160175
344.57532949177
344.139782319233
347.702784075223
377.730014978093
360.215266830138
360.203549802319
382.085028589018
377.222677612524
378.195874303672
302.243751721124
343.956805682636
348.503753924736
373.517500759645
375.106656499918
370.820576261528
372.060390914183
377.222677612524
370.933216399334
384.690400293876
359.370461947778
378.269143708702
384.656212422054
392.794266276753
390.460288821863
390.947466145128
388.392048882552
378.195874303672
384.690400293876
381.84760925927
377.193499829408
271.819163446378
262.062683077521
256.038256351549
254.140185896576
257.730121653424
270.940859160176
302.243751721124
359.370461947778
377.193499829408
300.105658933113
463.778786481433
363.621174150648
407.547181610009
255.46370589052
243.879486783094
244.202652901625
244.681379236857
243.619564421453
236.855517371937
226.918803681328
363.621174150648
404.846843438709
263.185117496423
244.37263518223
244.129706169031
244.526928867731
244.595824518254
243.164065316708
235.779827096496
226.748521342198
407.547181610002
263.185117496422
244.535786285771
244.147928383508
244.311235903264
244.588933993463
244.353376253124
242.530020708174
234.918473258047
226.647314553019
255.463705890519
244.37263518223
244.147928383508
244.285047661238
244.482631883425
244.39473176664
243.878172656566
241.927692854928
234.50870282523
226.611949272172
243.879486783094
244.129706169031
244.311235903265
244.482631883425
244.377312145602
244.072930230846
243.347769590864
241.426689651254
234.740145601982
226.655218491968
244.202652901624
244.526928867731
244.588933993463
244.39473176664
244.072930230847
243.541685185819
242.486359771166
240.917419712833
235.619250310122
226.82419984135
244.681379236858
244.595824518254
244.353376253124
243.878172656566
243.347769590864
242.486359771166
241.494763472432
240.060583662329
236.940265462165
227.2069084949
243.619564421453
243.164065316708
242.530020708173
241.927692854928
241.426689651254
240.917419712833
240.060583662329
238.197890149096
236.553990093911
227.907010833369
236.855517371937
235.779827096497
234.918473258048
234.50870282523
234.740145601982
235.619250310122
236.940265462166
236.553990093912
233.468031546127
229.668409719249
226.918803681328
226.748521342198
226.647314553019
226.611949272171
226.655218491968
226.82419984135
227.2069084949
227.907010833369
229.668409719249
253.029265952
370.507094380249
361.85262743016
410.720942103279
279.247433684798
234.02945554326
227.506196530357
226.951211289724
226.805000018174
226.420181316269
226.204001244687
361.85262743016
402.369092231429
295.735816943781
238.76916207523
228.247363601477
227.03145121775
226.909971117173
226.769938470558
226.382022578024
226.202261253604
410.720942103278
295.735816943781
240.783482650241
228.841885277129
227.114036222786
226.940443508181
226.882141035998
226.728908674438
226.354980544303
226.20124106928
279.247433684798
238.76916207523
228.841885277129
227.156349215295
226.951574489094
226.9065053492
226.845398705165
226.693689205421
226.344123628914
226.200952588391
234.02945554326
228.247363601477
227.114036222786
226.951574489094
226.913014201662
226.874379149224
226.808429502931
226.668582704293
226.353414720864
226.201577845887
227.506196530357
227.03145121775
226.940443508181
226.9065053492
226.874379149224
226.83113560096
226.754355505853
226.645400492152
226.386429166419
226.203760322981
226.951211289725
226.909971117173
226.882141035998
226.845398705165
226.808429502931
226.754355505853
226.692015839798
226.606870721802
226.443812161489
226.208987710585
226.805000018174
226.769938470558
226.728908674438
226.693689205421
226.668582704293
226.645400492151
226.606870721802
226.520748323711
226.441032607024
226.217999082429
226.420181316269
226.382022578024
226.354980544303
226.344123628914
226.353414720864
226.386429166419
226.443812161489
226.441032607024
226.350973202826
226.251191711238
226.204001244687
226.202261253603
226.20124106928
226.200952588391
226.201577845887
226.203760322981
226.208987710585
226.217999082429
226.251191711238
232.532966260798
