622.159310244409
476.001380548667
433.419114468061
347.915099760553
336.30141956268
342.605380101153
342.135290258427
365.273968143116
376.768238472396
272.318376933856
476.001380548667
333.827366153912
409.162172373586
324.256584724206
367.976490199385
354.96398876709
341.405998722084
369.280396473883
389.738677840299
262.375071843086
433.41911446806
409.162172373585
327.241714947337
335.640620398314
368.26251929695
343.884169777512
344.153165400518
369.624840210936
390.4200703629
256.226298878786
347.915099760554
324.256584724206
335.640620398313
325.236389939381
340.979192443245
358.943903279099
371.992136835152
369.920182156432
391.076921950531
254.247458963425
336.301419562682
367.976490199387
368.262519296951
340.979192443246
346.690598221392
372.778573600154
353.68904908583
364.330647718942
391.048481071468
257.770401349235
342.605380101151
354.963988767098
343.884169777507
358.943903279098
372.778573600154
364.416234908577
352.174262559627
381.405346355098
387.650910912223
270.734619567739
342.135290258425
341.405998722086
344.153165400518
371.992136835149
353.689049085831
352.174262559626
369.40295162507
387.220417086703
383.592639326568
301.064477192661
365.273968143119
369.280396473885
369.624840210939
369.920182156433
364.330647718943
381.405346355098
387.220417086703
386.559283398527
378.532148716342
354.70778044028
376.768238472395
389.738677840298
390.4200703629
391.07692195053
391.048481071467
387.650910912222
383.592639326567
378.532148716342
386.903833953882
368.382186121427
272.318376933857
262.375071843085
256.226298878786
254.247458963425
257.770401349235
270.734619567739
301.064477192661
354.707780440279
368.382186121427
294.358714869486
466.55823404029
364.156224670263
409.057939026499
255.941202707039
244.095714020165
244.634219323202
245.086244206133
243.981355053497
237.204636211596
226.891663039344
364.156224670263
405.451734416275
264.520211287584
244.617785131481
244.472754919285
244.941520285059
244.967371875128
243.515971993549
236.101865511817
226.726601797788
409.05793902649
264.520211287584
244.856664843363
244.44994602474
244.716840929355
244.996878738605
244.69167200447
242.881687968675
235.227504151278
226.627338324128
255.941202707039
244.617785131481
244.44994602474
244.676351144405
244.885565773099
244.785305403693
244.245092753342
242.287673988843
234.753956113525
226.590690210279
244.095714020165
244.472754919286
244.716840929355
244.8855657731
244.760325317248
244.411853852008
243.619049071846
241.723819160734
234.888703336728
226.626494353164
244.634219323203
244.941520285059
244.996878738605
244.785305403693
244.411853852008
243.854724811541
242.78947635871
241.192057150239
235.750853250246
226.774617114774
245.086244206133
244.967371875128
244.69167200447
244.245092753342
243.619049071846
242.78947635871
241.74768068114
240.332586255792
237.004928066614
227.122491450711
243.981355053497
243.515971993549
242.881687968675
242.287673988843
241.723819160733
241.192057150239
240.332586255791
238.352726568316
236.560945317072
227.949168674821
237.204636211596
236.101865511817
235.227504151278
234.753956113525
234.888703336728
235.750853250246
237.004928066614
236.560945317072
233.253867455967
229.548814170357
226.891663039344
226.726601797788
226.627338324128
226.590690210278
226.626494353164
226.774617114774
227.122491450711
227.949168674821
229.548814170357
250.527966601426
374.268381075421
365.627091663181
408.187796508693
279.400733382115
234.09899594374
227.54833000898
226.983481127641
226.830401106054
226.434504852311
226.203945662934
365.627091663181
404.331669352143
297.151308810363
239.05536547659
228.308071254356
227.066964412757
226.93836753056
226.793645081124
226.393908696572
226.202214569083
408.187796508692
297.151308810362
241.187392338341
228.929107905522
227.152880108267
226.972407415105
226.907515188618
226.751434082087
226.365183797856
226.201184816552
279.400733382115
239.05536547659
228.929107905522
227.19627148907
226.98381232516
226.936004403729
226.871681925016
226.715986210963
226.351816785227
226.200852182954
234.09899594374
228.308071254356
227.152880108267
226.98381232516
226.941991291039
226.899617123628
226.82767844335
226.686104498967
226.358113533703
226.201369012305
227.54833000898
227.066964412757
226.972407415105
226.936004403729
226.899617123628
226.853461749251
226.77385703798
226.66085821847
226.390960706594
226.203352466845
226.983481127641
226.93836753056
226.907515188618
226.871681925016
226.82767844335
226.77385703798
226.707481357019
226.620922736248
226.445918266488
226.208096389184
226.830401106054
226.793645081124
226.751434082087
226.715986210963
226.686104498967
226.66085821847
226.620922736248
226.527489808462
226.439344674793
226.217538517141
226.434504852311
226.393908696572
226.365183797856
226.351816785226
226.358113533703
226.390960706594
226.445918266488
226.439344674793
226.340232911348
226.24632285667
226.203945662934
226.202214569083
226.201184816552
226.200852182954
226.201369012306
226.203352466845
226.208096389184
226.217538517141
226.24632285667
231.908200552799
