622.159310244409
476.001380548667
433.419114468061
347.915099760553
336.30141956268
342.605380101153
342.135290258427
365.273968143116
376.768238472396
273.198016760847
476.001380548667
333.827366153912
409.162172373586
324.256584724206
367.976490199385
354.96398876709
341.405998722084
369.280396473883
389.738677840299
263.169220554842
433.41911446806
409.162172373585
327.241714947337
335.640620398314
368.26251929695
343.884169777512
344.153165400518
369.624840210936
390.4200703629
256.967390378158
347.915099760554
324.256584724206
335.640620398313
325.236389939381
340.979192443245
358.943903279099
371.992136835152
369.920182156432
391.076921950531
255.010836263492
336.301419562682
367.976490199387
368.262519296951
340.979192443246
346.690598221392
372.778573600154
353.68904908583
364.330647718942
391.048481071468
258.732603185502
342.605380101151
354.963988767098
343.884169777507
358.943903279098
372.778573600154
364.416234908577
352.174262559627
381.405346355098
387.650910912223
272.250454923794
342.135290258425
341.405998722086
344.153165400518
371.992136835149
353.689049085831
352.174262559626
369.40295162507
387.220417086703
383.592639326568
303.964904901526
365.273968143119
369.280396473885
369.624840210939
369.920182156433
364.330647718943
381.405346355098
387.220417086703
386.559283398527
378.532148716342
361.068267817327
376.768238472395
389.738677840298
390.4200703629
391.07692195053
391.048481071467
387.650910912222
383.592639326567
378.532148716342
386.903833953882
379.870720188975
273.198016760847
263.169220554841
256.967390378157
255.010836263491
258.732603185502
272.250454923793
303.964904901525
361.068267817326
379.870720188975
300.872306929946
466.55823404029
364.156224670263
409.057939026499
256.183962770824
244.134118583849
244.658197680612
245.123536796155
244.047643404154
237.320121739125
226.90797812006
364.156224670263
405.451734416275
264.976508199172
244.667997623764
244.50372666521
244.968922552884
245.011359666117
243.58860579472
236.222392123131
226.739849399541
409.05793902649
264.976508199171
244.911030140065
244.487302015055
244.744038846189
245.029279153164
244.742094947547
242.96073321113
235.351948423567
226.638848404636
256.183962770824
244.667997623764
244.487302015055
244.70478119385
244.913788348215
244.825056639305
244.30159718831
242.372831635958
234.88706746203
226.602046597843
244.134118583849
244.50372666521
244.74403884619
244.913788348215
244.796783709687
244.460002323664
243.681151253443
241.814149323323
235.036648810671
226.640209543217
244.658197680613
244.968922552885
245.029279153164
244.825056639305
244.460002323664
243.911454992252
242.857128297875
241.286383795403
235.926303717624
226.795158393787
245.123536796155
245.011359666117
244.742094947547
244.30159718831
243.681151253443
242.857128297875
241.823421048286
240.433087849922
237.194617609186
227.161454841507
244.047643404154
243.58860579472
242.96073321113
242.372831635958
241.814149323322
241.286383795404
240.433087849922
238.472121916028
236.725599775486
228.043212568712
237.320121739124
236.222392123131
235.351948423567
234.88706746203
235.036648810671
235.926303717624
237.194617609186
236.725599775487
233.449586160336
229.636758135649
226.90797812006
226.739849399541
226.638848404635
226.602046597842
226.640209543217
226.795158393787
227.161454841507
228.043212568712
229.636758135649
253.307662053165
374.268381075421
365.627091663181
408.187796508693
279.951632315308
234.207604549307
227.560700962893
226.985847405421
226.833952478698
226.438754598676
226.204131049246
365.627091663181
404.331669352143
297.849286043336
239.22567832656
228.334273844603
227.070143261895
226.940640913502
226.797511377013
226.397955979229
226.202366269003
408.187796508692
297.849286043336
241.382801135075
228.965983378658
227.157950192521
226.974061863425
226.910121487036
226.755590942648
226.369049723496
226.201318580606
279.951632315307
239.225678326559
228.965983378658
227.202317459282
226.985350380679
226.937910334818
226.874656001206
226.720404024812
226.355802995533
226.20098765284
234.207604549307
228.334273844602
227.157950192521
226.985350380679
226.943679217689
226.902056890227
226.830968932651
226.690729625739
226.362696227459
226.201538289269
227.560700962893
227.070143261895
226.974061863425
226.937910334818
226.902056890227
226.856435577175
226.777421743397
226.665635437476
226.397057797962
226.203620771359
226.985847405421
226.940640913502
226.910121487036
226.874656001206
226.830968932651
226.777421743397
226.711391918385
226.625915297089
226.453526568478
226.208622487319
226.833952478698
226.797511377013
226.755590942649
226.720404024812
226.690729625739
226.665635437476
226.625915297089
226.533031307261
226.446011616081
226.218728441004
226.438754598676
226.397955979229
226.369049723496
226.355802995533
226.362696227459
226.397057797963
226.453526568477
226.446011616081
226.346646499625
226.247897259977
226.204131049246
226.202366269003
226.201318580606
226.20098765284
226.201538289269
226.203620771359
226.208622487319
226.218728441004
226.247897259977
232.613569354486
