550.265751745715
478.253299845104
437.042803027836
350.052229112011
338.638837326381
345.180662163152
344.575329491773
343.956805682637
378.269143708702
274.465899432867
478.253299845083
335.234164960915
412.836182281668
326.787913097403
371.067013736319
358.017074045379
344.139782319228
348.503753924736
384.656212422054
264.455830896555
437.042803027839
412.836182281665
329.272238727004
338.138616464122
371.960920205157
347.04567130983
347.702784075222
373.517500759641
392.794266276753
258.281054599275
350.052229112011
326.787913097403
338.138616464124
328.087795706436
344.438292311656
363.465021595447
377.730014978088
375.106656499918
390.460288821863
256.462146583185
338.638837326379
371.067013736319
371.960920205164
344.438292311657
350.977645361321
380.046043446759
360.215266830135
370.820576261529
390.947466145128
260.66304865562
345.180662163153
358.017074045383
347.04567130983
363.465021595448
380.04604344676
372.00735371063
360.203549802317
372.060390914184
388.392048882552
275.56626249533
344.57532949177
344.139782319233
347.702784075223
377.730014978093
360.215266830138
360.203549802319
382.085028589018
377.222677612524
378.195874303672
311.190022399643
343.956805682636
348.503753924736
373.517500759645
375.106656499918
370.820576261528
372.060390914183
377.222677612524
370.933216399334
384.690400293876
379.172746820084
378.269143708702
384.656212422054
392.794266276753
390.460288821863
390.947466145128
388.392048882552
378.195874303672
384.690400293876
381.84760925927
377.193499829408
274.465899432868
264.455830896556
258.281054599276
256.462146583186
260.663048655621
275.566262495331
311.190022399644
379.172746820084
377.193499829408
321.619368677349
463.778786481433
363.621174150648
407.547181610009
256.162543821953
244.00330560214
244.28101441315
244.785232767992
243.811295824057
237.189555522608
226.970553479788
363.621174150648
404.846843438709
264.494827589453
244.518201451956
244.233797649004
244.607207551956
244.718559656014
243.375096628909
236.129825022699
226.790666986391
407.547181610002
264.494827589452
244.687982016475
244.270149119354
244.397371361799
244.678616039201
244.495391762524
242.760364031166
235.277322197008
226.684156569122
256.162543821952
244.518201451956
244.270149119354
244.377155233754
244.562652190742
244.503991718406
244.039340191797
242.176367542235
234.891846831742
226.64866348355
244.003305602139
244.233797649004
244.397371361799
244.562652190741
244.476769128281
244.207743728149
243.526875189333
241.691051737954
235.168472244627
226.700328012475
244.281014413149
244.607207551956
244.678616039201
244.503991718406
244.207743728149
243.704403403576
242.684311027885
241.19508972006
236.133788620753
226.893227849157
244.785232767993
244.718559656014
244.495391762524
244.039340191797
243.526875189333
242.684311027885
241.719260787763
240.359525454957
237.485554695807
227.333391579319
243.811295824057
243.375096628909
242.760364031165
242.176367542236
241.691051737954
241.195089720059
240.359525454957
238.555174505881
237.045982072353
228.030137857669
237.189555522608
236.1298250227
235.277322197009
234.891846831743
235.168472244627
236.133788620753
237.485554695807
237.045982072354
234.022616236008
230.475519191251
226.970553479788
226.790666986391
226.684156569122
226.64866348355
226.700328012476
226.893227849157
227.333391579319
228.030137857669
230.475519191251
262.764049404968
370.507094380249
361.85262743016
410.720942103279
280.914079330977
234.359800792452
227.544303914373
226.957699406406
226.815003397539
226.432156064941
226.204576082933
361.85262743016
402.369092231429
297.810176737391
239.277834574314
228.326310872186
227.0408375161
226.916037729032
226.78090585652
226.393487070752
226.202729986358
410.720942103278
297.810176737391
241.363693713602
228.951671158553
227.129417837663
226.944807999088
226.889195431422
226.740753436385
226.36584752955
226.201654109231
280.914079330977
239.277834574315
228.951671158553
227.174724303401
226.955793846671
226.911432680075
226.853609082471
226.706301081257
226.355374286029
226.201374616612
234.359800792452
228.326310872186
227.129417837663
226.955793846671
226.917302108169
226.880910934099
226.817663339924
226.68184356302
226.366576044736
226.202116275213
227.544303914373
227.0408375161
226.944807999088
226.911432680075
226.880910934099
226.839399977922
226.764531194845
226.659157416458
226.404234237835
226.204625250968
226.957699406406
226.916037729032
226.889195431422
226.853609082471
226.817663339923
226.764531194845
226.703308619972
226.62131026939
226.465523692316
226.21063628638
226.815003397539
226.780905856521
226.740753436386
226.706301081257
226.68184356302
226.659157416458
226.62131026939
226.536774605215
226.460479542398
226.220035682228
226.432156064941
226.393487070752
226.36584752955
226.355374286029
226.366576044736
226.404234237834
226.465523692317
226.460479542398
226.368739750648
226.265002797004
226.204576082933
226.202729986358
226.201654109231
226.201374616612
226.202116275213
226.204625250969
226.21063628638
226.220035682228
226.265002797004
235.155162034838
