550.265751745715
478.253299845104
437.042803027836
350.052229112011
338.638837326381
345.180662163152
344.575329491773
343.956805682637
378.269143708702
275.368532903363
478.253299845083
335.234164960915
412.836182281668
326.787913097403
371.067013736319
358.017074045379
344.139782319228
348.503753924736
384.656212422054
265.271567970395
437.042803027839
412.836182281665
329.272238727004
338.138616464122
371.960920205157
347.04567130983
347.702784075222
373.517500759641
392.794266276753
259.051482899534
350.052229112011
326.787913097403
338.138616464124
328.087795706436
344.438292311656
363.465021595447
377.730014978088
375.106656499918
390.460288821863
257.2655202046
338.638837326379
371.067013736319
371.960920205164
344.438292311657
350.977645361321
380.046043446759
360.215266830135
370.820576261529
390.947466145128
261.676738007994
345.180662163153
358.017074045383
347.04567130983
363.465021595448
380.04604344676
372.00735371063
360.203549802317
372.060390914184
388.392048882552
277.149700931737
344.57532949177
344.139782319233
347.702784075223
377.730014978093
360.215266830138
360.203549802319
382.085028589018
377.222677612524
378.195874303672
314.253813570782
343.956805682636
348.503753924736
373.517500759645
375.106656499918
370.820576261528
372.060390914183
377.222677612524
370.933216399334
384.690400293876
385.965084235083
378.269143708702
384.656212422054
392.794266276753
390.460288821863
390.947466145128
388.392048882552
378.195874303672
384.690400293876
381.84760925927
377.193499829408
275.368532903363
265.271567970396
259.051482899535
257.265520204601
261.676738007995
277.149700931738
314.253813570782
385.965084235083
377.193499829408
331.101844140215
463.778786481433
363.621174150648
407.547181610009
256.40170131799
244.046183810969
244.308715123212
244.819908190675
243.874507761565
237.299647190717
226.988754387894
363.621174150648
404.846843438709
264.945110002584
244.567632159104
244.270202125233
244.634929644431
244.75921343709
243.444574211208
236.247397225789
226.805339439322
407.547181610002
264.945110002583
244.739343841101
244.312312533372
244.42763068266
244.70882731916
244.542282352976
242.836057351801
235.396978519222
226.697040016308
256.401701317989
244.567632159105
244.312312533372
244.409553898407
244.590093916715
244.540234825822
244.092546574535
242.257916042064
235.019546558474
226.661552682596
244.046183810968
244.270202125233
244.42763068266
244.590093916715
244.509877099917
244.252302247366
243.58607568141
241.77757881839
235.311523122866
226.716200571804
244.308715123212
244.634929644431
244.70882731916
244.540234825822
244.252302247366
243.758265190054
242.749810748183
241.285826738348
236.306202679758
226.917366511349
244.819908190676
244.75921343709
244.542282352976
244.092546574535
243.58607568141
242.749810748183
241.793372117524
240.456830758704
237.657473580734
227.377896355162
243.874507761565
243.444574211209
242.836057351801
242.257916042065
241.77757881839
241.285826738348
240.456830758704
238.677093328711
237.206176075468
228.048232347612
237.299647190718
236.24739722579
235.396978519223
235.019546558474
235.311523122866
236.306202679758
237.657473580734
237.206176075468
234.188613909484
230.814980689467
226.988754387894
226.805339439322
226.697040016308
226.661552682596
226.716200571804
226.917366511349
227.377896355162
228.048232347612
230.814980689466
266.563158270733
370.507094380249
361.85262743016
410.720942103279
281.472874511128
234.471479528109
227.557405453022
226.959883679244
226.818294755046
226.436155081439
226.204777491503
361.85262743016
402.369092231429
298.505273552414
239.449506491318
228.353270287805
227.044096780509
226.918037563514
226.784512152931
226.397407051627
226.202893071108
410.720942103278
298.505273552414
241.559440615313
228.989058018157
227.13476505439
226.946285667296
226.891507556543
226.744644187682
226.369542716315
226.201798074919
281.472874511128
239.449506491318
228.989058018157
227.181101365229
226.957260040193
226.913051101106
226.856302256919
226.710437461822
226.359207019877
226.20152204422
234.471479528109
228.353270287806
227.13476505439
226.957260040193
226.918715998271
226.883048449479
226.820699035961
226.686184488141
226.371076836256
226.202304700258
227.557405453022
227.044096780509
226.946285667296
226.913051101106
226.883048449479
226.842116022517
226.76788277407
226.663651455869
226.410355357383
226.204927169154
226.959883679244
226.918037563514
226.891507556543
226.856302256919
226.820699035961
226.76788277407
226.707021954547
226.626007933032
226.472490052009
226.211209787879
226.818294755046
226.784512152931
226.744644187682
226.710437461822
226.686184488141
226.663651455869
226.626007933032
226.542283888835
226.466920866234
226.220554552397
226.436155081439
226.397407051627
226.369542716315
226.359207019877
226.371076836256
226.410355357383
226.472490052009
226.466920866234
226.374236747115
226.271531049551
226.204777491503
226.202893071108
226.201798074919
226.20152204422
226.202304700258
226.204927169154
226.211209787879
226.220554552397
226.271531049551
236.202378444507
