622.159310244409
476.001380548667
433.419114468061
347.915099760553
336.30141956268
342.605380101153
342.135290258427
365.273968143116
376.768238472396
275.897613803188
476.001380548667
333.827366153912
409.162172373586
324.256584724206
367.976490199385
354.96398876709
341.405998722084
369.280396473883
389.738677840299
265.604982752573
433.41911446806
409.162172373585
327.241714947337
335.640620398314
368.26251929695
343.884169777512
344.153165400518
369.624840210936
390.4200703629
259.259549568236
347.915099760554
324.256584724206
335.640620398313
325.236389939381
340.979192443245
358.943903279099
371.992136835152
369.920182156432
391.076921950531
257.390922551447
336.301419562682
367.976490199387
368.262519296951
340.979192443246
346.690598221392
372.778573600154
353.68904908583
364.330647718942
391.048481071468
261.729311309017
342.605380101151
354.963988767098
343.884169777507
358.943903279098
372.778573600154
364.416234908577
352.174262559627
381.405346355098
387.650910912223
276.917416782681
342.135290258425
341.405998722086
344.153165400518
371.992136835149
353.689049085831
352.174262559626
369.40295162507
387.220417086703
383.592639326568
312.860197532397
365.273968143119
369.280396473885
369.624840210939
369.920182156433
364.330647718943
381.405346355098
387.220417086703
386.559283398527
378.532148716342
380.441963276103
376.768238472395
389.738677840298
390.4200703629
391.07692195053
391.048481071467
387.650910912222
383.592639326567
378.532148716342
386.903833953882
379.870720188975
275.897613803188
265.604982752572
259.259549568235
257.390922551446
261.729311309016
276.91741678268
312.860197532395
380.441963276102
379.870720188975
323.024637805584
466.55823404029
364.156224670263
409.057939026499
256.93132610022
244.255180835292
244.733794331212
245.23455373253
244.243881117887
237.662088527623
226.959640452429
364.156224670263
405.451734416275
266.386025216441
244.822487883152
244.601455358693
245.052587351913
245.141646230618
243.803277289083
236.58582643489
226.781283122612
409.05793902649
266.386025216441
245.077075679365
244.60374133536
244.828924916175
245.125994120836
244.891084891805
243.193753639958
235.724242342066
226.674980658995
256.93132610022
244.822487883152
244.603741335361
244.793946890174
244.999012524061
244.942474062922
244.468525047608
242.623241745983
235.285031195282
226.637832910706
244.255180835292
244.601455358694
244.828924916175
244.999012524061
244.904548458535
244.602146675791
243.864970716133
242.079513719443
235.480514660902
226.683645518683
244.733794331213
245.052587351913
245.125994120837
244.942474062922
244.602146675791
244.07959196806
243.058259813758
241.564291590399
236.456668581116
226.860647758733
245.23455373253
245.141646230618
244.891084891805
244.468525047608
243.864970716133
243.058259813758
242.049725583328
240.731251894302
237.738515882317
227.294132023127
244.243881117887
243.803277289082
243.193753639958
242.623241745983
242.079513719442
241.564291590399
240.731251894302
238.847220350846
237.228442922164
228.374240328507
237.662088527623
236.58582643489
235.724242342066
235.285031195281
235.480514660902
236.456668581116
237.738515882317
237.228442922164
234.005303767073
230.350940781848
226.959640452429
226.781283122612
226.674980658995
226.637832910706
226.683645518683
226.860647758733
227.294132023126
228.374240328507
230.350940781848
263.01017163558
374.268381075421
365.627091663181
408.187796508693
281.613230433898
234.538038430909
227.59896195143
226.992953138767
226.844459173373
226.451517087875
226.204715023352
365.627091663181
404.331669352143
299.954037721913
239.742809254239
228.414838783757
227.079996435526
226.947351513035
226.808942193249
226.410391507158
226.202840774854
408.187796508692
299.954037721912
241.975903477535
229.079053777061
227.173766437307
226.979019013824
226.917786288464
226.767863362671
226.38086241172
226.201737797589
281.613230433897
239.742809254238
229.079053777061
227.221172851462
226.990053182611
226.943497476806
226.883412615696
226.73342446616
226.368009194113
226.201413401106
234.538038430909
228.414838783757
227.173766437307
226.990053182611
226.948627823371
226.909215030388
226.840685926263
226.704345588186
226.37680096615
226.202071689713
227.59896195143
227.079996435526
226.979019013824
226.943497476806
226.909215030388
226.865215066607
226.78799197429
226.679708566761
226.415963159495
226.204466022809
226.992953138767
226.947351513035
226.917786288464
226.883412615696
226.840685926263
226.78799197429
226.723020888261
226.640646607338
226.475617023706
226.210310125999
226.844459173373
226.808942193249
226.767863362671
226.73342446616
226.704345588186
226.67970856676
226.640646607338
226.550309280306
226.466274556437
226.222620120629
226.451517087875
226.410391507158
226.38086241172
226.368009194112
226.37680096615
226.415963159495
226.475617023706
226.466274556437
226.364688187962
226.25996864749
226.204715023352
226.202840774855
226.201737797589
226.201413401106
226.202071689713
226.204466022809
226.210310125999
226.222620120629
226.25996864749
235.200963345532
