622.159310244409
476.001380548667
433.419114468061
347.915099760553
336.30141956268
342.605380101153
342.135290258427
365.273968143116
376.768238472396
276.817084079488
476.001380548667
333.827366153912
409.162172373586
324.256584724206
367.976490199385
354.96398876709
341.405998722084
369.280396473883
389.738677840299
266.434359090678
433.41911446806
409.162172373585
327.241714947337
335.640620398314
368.26251929695
343.884169777512
344.153165400518
369.624840210936
390.4200703629
260.045670375487
347.915099760554
324.256584724206
335.640620398313
325.236389939381
340.979192443245
358.943903279099
371.992136835152
369.920182156432
391.076921950531
258.212410095074
336.301419562682
367.976490199387
368.262519296951
340.979192443246
346.690598221392
372.778573600154
353.68904908583
364.330647718942
391.048481071468
262.761597667522
342.605380101151
354.963988767098
343.884169777507
358.943903279098
372.778573600154
364.416234908577
352.174262559627
381.405346355098
387.650910912223
278.507620173551
342.135290258425
341.405998722086
344.153165400518
371.992136835149
353.689049085831
352.174262559626
369.40295162507
387.220417086703
383.592639326568
315.880363717533
365.273968143119
369.280396473885
369.624840210939
369.920182156433
364.330647718943
381.405346355098
387.220417086703
386.559283398527
378.532148716342
387.026248717762
376.768238472395
389.738677840298
390.4200703629
391.07692195053
391.048481071467
387.650910912222
383.592639326567
378.532148716342
386.903833953882
379.870720188975
276.817084079488
266.434359090678
260.045670375486
258.212410095073
262.761597667522
278.50762017355
315.880363717531
387.02624871776
379.870720188975
332.891231774361
466.55823404029
364.156224670263
409.057939026499
257.186616936616
244.297482171086
244.76039618371
245.271502228558
244.308631999916
237.774835495596
226.977818076953
364.156224670263
405.451734416275
266.86904150345
244.875264763436
244.635744197596
245.081218198281
245.184785999184
243.874031401614
236.707773483721
226.795710669015
409.05793902649
266.869041503449
245.133422325991
244.644087474678
244.858571199609
245.158414138732
244.940337132208
243.270429850719
235.848311190541
226.687622227476
257.186616936615
244.875264763436
244.644087474679
244.825206057258
245.027991326384
244.981424893171
244.523738352965
242.705495499781
235.417586001303
226.650409835931
244.297482171086
244.635744197596
244.858571199609
245.027991326384
244.940386205954
244.6492314732
243.925865462388
242.166544945106
235.628624329296
226.698952118575
244.76039618371
245.081218198281
245.158414138733
244.981424893171
244.6492314732
244.135389681514
243.124972092148
241.65531643394
236.634100891859
226.883635668933
245.271502228558
245.184785999184
244.940337132208
244.523738352965
243.925865462388
243.124972092148
242.124604579797
240.828315379164
237.910172650705
227.341984345565
244.308631999916
243.874031401613
243.270429850718
242.705495499781
242.166544945106
241.655316433941
240.828315379163
238.96877190961
237.395789334027
228.490793398101
237.774835495596
236.707773483721
235.848311190541
235.417586001303
235.628624329296
236.634100891859
237.910172650705
237.395789334027
234.171929006181
230.641501212896
226.977818076953
226.795710669015
226.687622227476
226.65040983593
226.698952118575
226.883635668933
227.341984345565
228.490793398101
230.641501212896
266.813950532535
374.268381075421
365.627091663181
408.187796508693
282.169882207112
234.64970402638
227.612105537031
226.995335286497
226.847920452187
226.455779894832
226.204919389553
365.627091663181
404.331669352143
300.659228631127
239.917233490347
228.442345603069
227.08339879126
226.949563830197
226.812706266375
226.414637944632
226.203005743285
408.187796508692
300.659228631127
242.175877673784
229.117553783414
227.179251216051
226.980685171219
226.920304028999
226.771900553428
226.384875692898
226.201883792269
282.169882207111
239.917233490347
229.117553783413
227.227706604041
226.991667957051
226.945334332817
226.886292606478
226.73770146565
226.372163395392
226.201562006435
234.649704026379
228.442345603069
227.179251216051
226.991667957051
226.950258474635
226.911565759076
226.843889071214
226.708810511492
226.381618557037
226.202258152995
227.612105537031
227.08339879126
226.980685171219
226.945334332817
226.911565759076
226.868109742911
226.791482097082
226.684314337107
226.422448092163
226.204760882813
226.995335286497
226.949563830197
226.920304028999
226.886292606478
226.843889071214
226.791482097082
226.726852887355
226.645435963303
226.482703830843
226.210905445235
226.847920452188
226.812706266375
226.771900553429
226.73770146565
226.708810511492
226.684314337106
226.645435963303
226.555937870358
226.473141141901
226.223996236248
226.455779894833
226.414637944632
226.384875692898
226.372163395392
226.381618557037
226.422448092163
226.482703830843
226.473141141901
226.37030119265
226.265416136408
226.204919389552
226.203005743285
226.201883792269
226.201562006435
226.202258152995
226.204760882813
226.210905445235
226.223996236248
226.265416136408
236.231978793371
