622.159310244409
476.001380548667
433.419114468061
347.915099760553
336.30141956268
342.605380101153
342.135290258427
365.273968143116
376.768238472396
277.745618503736
476.001380548667
333.827366153912
409.162172373586
324.256584724206
367.976490199385
354.96398876709
341.405998722084
369.280396473883
389.738677840299
267.272235550482
433.41911446806
409.162172373585
327.241714947337
335.640620398314
368.26251929695
343.884169777512
344.153165400518
369.624840210936
390.4200703629
260.843274751408
347.915099760554
324.256584724206
335.640620398313
325.236389939381
340.979192443245
358.943903279099
371.992136835152
369.920182156432
391.076921950531
259.050815876321
336.301419562682
367.976490199387
368.262519296951
340.979192443246
346.690598221392
372.778573600154
353.68904908583
364.330647718942
391.048481071468
263.822268212847
342.605380101151
354.963988767098
343.884169777507
358.943903279098
372.778573600154
364.416234908577
352.174262559627
381.405346355098
387.650910912223
280.161282358401
342.135290258425
341.405998722086
344.153165400518
371.992136835149
353.689049085831
352.174262559626
369.40295162507
387.220417086703
383.592639326568
319.130602387283
365.273968143119
369.280396473885
369.624840210939
369.920182156433
364.330647718943
381.405346355098
387.220417086703
386.559283398527
378.532148716342
393.619527524443
376.768238472395
389.738677840298
390.4200703629
391.07692195053
391.048481071467
387.650910912222
383.592639326567
378.532148716342
386.903833953882
379.870720188975
277.745618503736
267.272235550482
260.843274751407
259.05081587632
263.822268212847
280.1612823584
319.130602387282
393.619527524442
379.870720188975
344.204617881994
466.55823404029
364.156224670263
409.057939026499
257.445428672975
244.340252709475
244.787184287508
245.307874555599
244.372509515944
237.886514660245
226.996364274149
364.156224670263
405.451734416275
267.360341702515
244.928165952358
244.670305247593
245.109572943197
245.227054752579
243.943671229682
236.829488686396
226.810326532456
409.05793902649
267.360341702514
245.189741599829
244.684565638987
244.888122299786
245.189975375616
244.988271717987
243.345498818917
235.971384190091
226.700388899866
257.445428672975
244.928165952358
244.684565638987
244.856410913122
245.056148082613
245.018816796246
244.576947642545
242.785289504195
235.54846099104
226.662999638101
244.340252709475
244.670305247593
244.888122299786
245.056148082613
244.974572295323
244.693930294469
243.983677022281
242.249682670076
235.774120563785
226.713962010612
244.787184287509
245.109572943197
245.189975375616
245.018816796247
244.693930294469
244.187761868319
243.186926664656
241.740046790032
236.80763461185
226.905049758206
245.307874555599
245.227054752579
244.988271717987
244.576947642545
243.983677022281
243.186926664656
242.192271969338
240.91502443829
238.068318468594
227.382990913808
244.372509515944
243.943671229681
243.345498818917
242.785289504196
242.249682670076
241.740046790032
240.91502443829
239.073876531628
237.545241800403
228.312973719175
237.886514660244
236.829488686397
235.971384190091
235.54846099104
235.774120563785
236.80763461185
238.068318468594
237.545241800403
234.312250614068
230.950847826204
226.996364274149
226.810326532456
226.700388899866
226.6629996381
226.713962010611
226.905049758206
227.382990913807
228.312973719175
230.950847826203
270.964248555211
374.268381075421
365.627091663181
408.187796508693
282.727880665312
234.762143782677
227.625429483038
226.997703790387
226.85134195529
226.46003763411
226.205128420256
365.627091663181
404.331669352143
301.366157843905
240.092742216258
228.470171176782
227.086837385948
226.951735924154
226.816423073973
226.418924920946
226.203173953656
408.187796508692
301.366157843904
242.377075451703
229.156461468304
227.184817750565
226.982321676451
226.922760593774
226.775875944625
226.388913605387
226.202032778798
282.727880665312
240.092742216258
229.156461468304
227.234339678547
226.993264170913
226.947101244811
226.889086560115
226.741892432798
226.376343163931
226.201713947619
234.762143782677
228.470171176782
227.184817750565
226.993264170912
226.951816701012
226.913812979149
226.846971226041
226.71315028965
226.386474801033
226.202449488432
227.625429483038
227.086837385948
226.982321676451
226.947101244811
226.913812979149
226.870866914651
226.794801472008
226.688730760832
226.429017051951
226.205064986802
226.997703790387
226.951735924154
226.922760593774
226.889086560115
226.846971226041
226.794801472008
226.730448836896
226.649930750584
226.489578410266
226.211520156729
226.851341955291
226.816423073972
226.775875944625
226.741892432798
226.71315028965
226.688730760832
226.649930750584
226.561165152737
226.479797452314
226.222872454489
226.460037634111
226.418924920946
226.388913605387
226.376343163931
226.386474801033
226.429017051951
226.489578410266
226.479797452314
226.375530249284
226.271840908555
226.205128420256
226.203173953656
226.202032778798
226.201713947619
226.202449488432
226.205064986802
226.211520156729
226.222872454489
226.271840908556
237.352387136189
