622.159310244409
476.001380548667
433.419114468061
347.915099760553
336.30141956268
342.605380101153
342.135290258427
365.273968143116
376.768238472396
278.683157058699
476.001380548667
333.827366153912
409.162172373586
324.256584724206
367.976490199385
354.96398876709
341.405998722084
369.280396473883
389.738677840299
268.118681593724
433.41911446806
409.162172373585
327.241714947337
335.640620398314
368.26251929695
343.884169777512
344.153165400518
369.624840210936
390.4200703629
261.652109061032
347.915099760554
324.256584724206
335.640620398313
325.236389939381
340.979192443245
358.943903279099
371.992136835152
369.920182156432
391.076921950531
259.904072738836
336.301419562682
367.976490199387
368.262519296951
340.979192443246
346.690598221392
372.778573600154
353.68904908583
364.330647718942
391.048481071468
264.900580649045
342.605380101151
354.963988767098
343.884169777507
358.943903279098
372.778573600154
364.416234908577
352.174262559627
381.405346355098
387.650910912223
281.825664753709
342.135290258425
341.405998722086
344.153165400518
371.992136835149
353.689049085831
352.174262559626
369.40295162507
387.220417086703
383.592639326568
322.331150071651
365.273968143119
369.280396473885
369.624840210939
369.920182156433
364.330647718943
381.405346355098
387.220417086703
386.559283398527
378.532148716342
393.619527524443
376.768238472395
389.738677840298
390.4200703629
391.07692195053
391.048481071467
387.650910912222
383.592639326567
378.532148716342
386.903833953882
379.870720188975
278.683157058699
268.118681593723
261.652109061032
259.904072738835
264.900580649044
281.825664753708
322.33115007165
393.619527524442
379.870720188975
356.820985726588
466.55823404029
364.156224670263
409.057939026499
257.710882417139
244.383433826901
244.81420710983
245.34377103847
244.435620064681
237.99722739918
227.01529343981
364.156224670263
405.451734416275
267.86312154496
244.981105518007
244.705198590965
245.137843994718
245.268724415579
244.012499382457
236.951235599255
226.825180600393
409.05793902649
267.863121544959
245.245938525126
244.725258698724
244.917872255743
245.221187320371
245.035584502906
243.419758750084
236.094228687794
226.713415171953
257.710882417138
244.981105518007
244.725258698724
244.887897614162
245.084164624466
245.055747448585
244.629701886536
242.86447005586
235.679488519236
226.675947200396
244.383433826901
244.705198590965
244.917872255743
245.084164624466
245.008376958387
244.738347534851
244.041541427149
242.332881528641
235.920927788312
226.729685657933
244.814207109831
245.137843994718
245.221187320371
245.055747448585
244.738347534851
244.240397286772
243.250011255421
241.82650774663
236.984971949833
226.928630106697
245.34377103847
245.268724415579
245.035584502906
244.629701886536
244.041541427149
243.250011255421
242.262894683819
241.006612447497
238.230814233075
227.435172793352
244.435620064681
244.012499382457
243.419758750084
242.86447005586
242.332881528641
241.82650774663
241.006612447497
239.187696522377
237.714165811046
228.374299828714
237.99722739918
236.951235599255
236.094228687794
235.679488519236
235.920927788311
236.984971949833
238.230814233075
237.714165811046
234.464025741997
231.309044396455
227.01529343981
226.825180600393
226.713415171953
226.675947200396
226.729685657932
226.928630106697
227.435172793352
228.374299828714
231.309044396455
275.527236565872
374.268381075421
365.627091663181
408.187796508693
283.287021694646
234.87537081962
227.638937680158
227.000063383447
226.854727706493
226.464292113765
226.205342244304
365.627091663181
404.331669352143
302.074530059769
240.26936292712
228.498320860488
227.090320831661
226.953879000193
226.820103296949
226.423257235248
226.203345584522
408.187796508692
302.074530059768
242.579531763916
229.195784043629
227.190478369261
226.983949624728
226.925183437658
226.779816008201
226.39298774767
226.202185041848
283.287021694645
240.269362927119
229.195784043629
227.241085852263
226.994869795044
226.948842384803
226.891853566902
226.746055123457
226.380572496533
226.201869634288
234.875370819619
228.498320860488
227.190478369261
226.994869795043
226.953353750458
226.91603905643
226.850047170375
226.717482368941
226.391413997258
226.202646093872
227.638937680158
227.090320831661
226.983949624728
226.948842384803
226.91603905643
226.873625455763
226.798154027651
226.693187002795
226.435739242493
226.205378031933
227.000063383447
226.953879000193
226.925183437658
226.891853566902
226.850047170375
226.798154027651
226.73413421224
226.654542003354
226.49647157657
226.212166685437
226.854727706493
226.820103296949
226.779816008201
226.746055123457
226.717482368941
226.693187002795
226.654542003354
226.566548730715
226.486908641731
226.223719710131
226.464292113765
226.423257235248
226.392987747669
226.380572496533
226.391413997258
226.435739242494
226.49647157657
226.486908641731
226.38089463565
226.279442474327
226.205342244303
226.203345584522
226.202185041848
226.201869634288
226.202646093872
226.205378031933
226.212166685437
226.223719710131
226.279442474327
238.574362638613
