550.265751745715
478.253299845104
437.042803027836
350.052229112011
338.638837326381
345.180662163152
344.575329491773
343.956805682637
378.269143708702
280.021048734357
478.253299845083
335.234164960915
412.836182281668
326.787913097403
371.067013736319
358.017074045379
344.139782319228
348.503753924736
384.656212422054
269.480197630973
437.042803027839
412.836182281665
329.272238727004
338.138616464122
371.960920205157
347.04567130983
347.702784075222
373.517500759641
392.794266276753
263.071873191351
350.052229112011
326.787913097403
338.138616464124
328.087795706436
344.438292311656
363.465021595447
377.730014978088
375.106656499918
390.460288821863
261.509029991334
338.638837326379
371.067013736319
371.960920205164
344.438292311657
350.977645361321
380.046043446759
360.215266830135
370.820576261529
390.947466145128
267.052849451888
345.180662163153
358.017074045383
347.04567130983
363.465021595448
380.04604344676
372.00735371063
360.203549802317
372.060390914184
388.392048882552
285.528729452406
344.57532949177
344.139782319233
347.702784075223
377.730014978093
360.215266830138
360.203549802319
382.085028589018
377.222677612524
378.195874303672
330.596535204721
343.956805682636
348.503753924736
373.517500759645
375.106656499918
370.820576261528
372.060390914183
377.222677612524
370.933216399334
384.690400293876
392.796989174528
378.269143708702
384.656212422054
392.794266276753
390.460288821863
390.947466145128
388.392048882552
378.195874303672
384.690400293876
381.84760925927
377.193499829408
280.021048734358
269.480197630974
263.071873191351
261.509029991334
267.052849451889
285.528729452407
330.596535204722
392.796989174528
377.193499829408
367.478162492728
463.778786481433
363.621174150648
407.547181610009
257.653804085302
244.265592530128
244.453039731009
244.988255280019
244.179913647806
237.836568332317
227.085796846093
363.621174150648
404.846843438709
267.313160163519
244.814708624955
244.457939568622
244.774620312463
244.954267532568
243.779562787247
236.83634853035
226.882446915852
407.547181610002
267.313160163518
244.994142127091
244.526285473028
244.583393132338
244.855147760047
244.765572720293
243.199418536947
235.989487568841
226.765033740466
257.653804085301
244.814708624955
244.526285473028
244.576700614524
244.725288965869
244.711047242855
244.344644572596
242.646932474266
235.650847024099
226.729694626495
244.265592530128
244.457939568622
244.583393132338
244.725288965869
244.665520239444
244.460531728471
243.865199926833
242.186883812797
236.020489488664
226.799797720124
244.453039731009
244.774620312463
244.855147760047
244.711047242855
244.460531728472
244.010152601228
243.056693259616
241.710176452734
237.159033524501
227.04221125827
244.98825528002
244.954267532568
244.765572720293
244.344644572596
243.865199926833
243.056693259616
242.137481366616
240.903194034553
238.442374340575
227.59855738099
244.179913647807
243.779562787247
243.199418536947
242.646932474266
242.186883812797
241.710176452734
240.903194034553
239.225254026018
237.988851593402
227.945681474449
237.836568332318
236.836348530351
235.989487568841
235.6508470241
236.020489488664
237.1590335245
238.442374340575
237.988851593402
234.891039388968
232.654230461239
227.085796846093
226.882446915852
226.765033740465
226.729694626495
226.799797720124
227.042211258271
227.59855738099
227.945681474449
232.654230461239
288.506730700096
370.507094380249
361.85262743016
410.720942103279
284.289162126085
235.041877696493
227.625764066156
226.970787948707
226.834243863027
226.456112509162
226.205858239429
361.85262743016
402.369092231429
302.007978215006
240.324633873305
228.492844303915
227.061185251289
226.9276466186
226.801980378189
226.417661333108
226.20376036835
410.720942103278
302.007978215006
242.556968054502
229.182017612126
227.162954081761
226.953600541484
226.902489914412
226.763460732422
226.388487997522
226.20256625806
284.289162126085
240.324633873305
229.182017612126
227.214679465724
226.964775484571
226.920633963839
226.869083422822
226.730385312858
226.378931069269
226.202312590275
235.041877696494
228.492844303915
227.162954081761
226.964775484571
226.925324309513
226.89300842255
226.835115376132
226.707028614704
226.394422771275
226.203320053317
227.625764066156
227.061185251289
226.953600541484
226.920633963839
226.893008422551
226.854891709051
226.78380962319
226.6850974577
226.442207726851
226.206554200848
226.970787948707
226.9276466186
226.902489914412
226.869083422823
226.835115376132
226.78380962319
226.72462628463
226.648144135971
226.505674372432
226.214216903258
226.834243863027
226.801980378189
226.763460732422
226.730385312858
226.707028614704
226.685097457699
226.648144135971
226.568056818032
226.500243369679
226.223506112954
226.456112509162
226.417661333108
226.388487997522
226.378931069269
226.394422771275
226.442207726851
226.505674372432
226.500243369679
226.399754247286
226.315371951922
226.205858239429
226.203760368349
226.20256625806
226.202312590275
226.203320053317
226.206554200848
226.214216903258
226.223506112954
226.315371951922
242.726721094374
