622.159310244409
476.001380548667
433.419114468061
347.915099760553
336.30141956268
342.605380101153
342.135290258427
365.273968143116
376.768238472396
280.585082728541
476.001380548667
333.827366153912
409.162172373586
324.256584724206
367.976490199385
354.96398876709
341.405998722084
369.280396473883
389.738677840299
269.837054699973
433.41911446806
409.162172373585
327.241714947337
335.640620398314
368.26251929695
343.884169777512
344.153165400518
369.624840210936
390.4200703629
263.302059049506
347.915099760554
324.256584724206
335.640620398313
325.236389939381
340.979192443245
358.943903279099
371.992136835152
369.920182156432
391.076921950531
261.651790834822
336.301419562682
367.976490199387
368.262519296951
340.979192443246
346.690598221392
372.778573600154
353.68904908583
364.330647718942
391.048481071468
267.105389323469
342.605380101151
354.963988767098
343.884169777507
358.943903279098
372.778573600154
364.416234908577
352.174262559627
381.405346355098
387.650910912223
285.221283262443
342.135290258425
341.405998722086
344.153165400518
371.992136835149
353.689049085831
352.174262559626
369.40295162507
387.220417086703
383.592639326568
328.824232746221
365.273968143119
369.280396473885
369.624840210939
369.920182156433
364.330647718943
381.405346355098
387.220417086703
386.559283398527
378.532148716342
393.619527524443
376.768238472395
389.738677840298
390.4200703629
391.07692195053
391.048481071467
387.650910912222
383.592639326567
378.532148716342
386.903833953882
379.870720188975
280.58508272854
269.837054699972
263.302059049506
261.651790834822
267.105389323468
285.221283262441
328.82423274622
393.619527524442
379.870720188975
370.318470580887
466.55823404029
364.156224670263
409.057939026499
258.261533203778
244.471184779215
244.869371159654
245.414659188682
244.560045317861
238.216275946414
227.054423115184
364.156224670263
405.451734416275
268.902629240444
245.087236417149
244.776282429881
245.194661969141
245.350831794994
244.148264379029
237.195257490015
226.855709823751
409.05793902649
268.902629240443
245.358116156853
244.807540789699
244.97846337575
245.283168605314
245.128890989338
243.566320828463
236.339570525671
226.740320597941
258.261533203778
245.087236417149
244.807540789699
244.952189437466
245.140382290279
245.128714215178
244.734036575225
243.020863631831
235.94147699836
226.702822940367
244.471184779215
244.776282429881
244.978463375751
245.140382290279
245.075293342909
244.826254058543
244.156383782505
242.497291886263
236.215029719688
226.762362709021
244.869371159655
245.194661969141
245.283168605315
245.128714215179
244.826254058543
244.34497219313
243.375498615167
241.997057275079
237.332658927166
226.977794052811
245.414659188682
245.350831794995
245.128890989338
244.734036575225
244.156383782505
243.375498615168
242.403054547861
241.185900307764
238.546700515536
227.539850216427
244.560045317861
244.148264379028
243.566320828463
243.020863631831
242.497291886263
241.99705727508
241.185900307764
239.405086969527
238.044278308199
228.464922774391
238.216275946414
237.195257490015
236.339570525671
235.94147699836
236.215029719688
237.332658927166
238.546700515536
238.044278308199
234.748162649164
232.109524309628
227.054423115184
226.855709823751
226.740320597941
226.702822940367
226.762362709021
226.977794052811
227.539850216427
228.464922774391
232.109524309627
284.136157652245
374.268381075421
365.627091663181
408.187796508693
284.408580889379
235.104176208007
227.666522635283
227.004779097633
226.861410601405
226.472800715007
226.205784982418
365.627091663181
404.331669352143
303.495564981679
240.625915253517
228.555596267286
227.097445184537
226.958101922678
226.82737279973
226.432065244572
226.203699572341
408.187796508692
303.495564981678
242.988185693327
229.275669118088
227.202100474391
226.98720625676
226.92994956274
226.787604484098
226.401247902277
226.202499632969
284.408580889379
240.625915253516
229.275669118088
227.254933584731
226.998135517246
226.952267795284
226.897312696233
226.754288707417
226.389167428816
226.202191985791
235.104176208006
228.555596267286
227.202100474391
226.998135517246
226.956383608783
226.920423451719
226.856138572485
226.726052233549
226.401483284042
226.203053303886
227.666522635283
227.097445184537
226.98720625676
226.952267795284
226.920423451719
226.879087022548
226.804810168506
226.701986780281
226.449167258204
226.206028387182
227.004779097633
226.958101922678
226.92994956274
226.897312696233
226.856138572485
226.804810168506
226.741441855476
226.663594888159
226.510096808502
226.213497890264
226.861410601406
226.82737279973
226.787604484098
226.754288707417
226.726052233548
226.701986780281
226.663594888159
226.576955224823
226.501225939139
226.22536491811
226.472800715007
226.432065244572
226.401247902277
226.389167428816
226.401483284042
226.449167258204
226.510096808502
226.501225939139
226.391393505678
226.29837225406
226.205784982418
226.203699572341
226.202499632969
226.202191985791
226.203053303886
226.206028387182
226.213497890264
226.22536491811
226.29837225406
241.212466999078
