622.159310244409
476.001380548667
433.419114468061
347.915099760553
336.30141956268
342.605380101153
342.135290258427
365.273968143116
376.768238472396
281.548403947714
476.001380548667
333.827366153912
409.162172373586
324.256584724206
367.976490199385
354.96398876709
341.405998722084
369.280396473883
389.738677840299
270.712476195111
433.41911446806
409.162172373585
327.241714947337
335.640620398314
368.26251929695
343.884169777512
344.153165400518
369.624840210936
390.4200703629
264.143131973509
347.915099760554
324.256584724206
335.640620398313
325.236389939381
340.979192443245
358.943903279099
371.992136835152
369.920182156432
391.076921950531
262.544999490289
336.301419562682
367.976490199387
368.262519296951
340.979192443246
346.690598221392
372.778573600154
353.68904908583
364.330647718942
391.048481071468
268.229144220291
342.605380101151
354.963988767098
343.884169777507
358.943903279098
372.778573600154
364.416234908577
352.174262559627
381.405346355098
387.650910912223
286.956729188811
342.135290258425
341.405998722086
344.153165400518
371.992136835149
353.689049085831
352.174262559626
369.40295162507
387.220417086703
383.592639326568
332.120459147403
365.273968143119
369.280396473885
369.624840210939
369.920182156433
364.330647718943
381.405346355098
387.220417086703
386.559283398527
378.532148716342
393.619527524443
376.768238472395
389.738677840298
390.4200703629
391.07692195053
391.048481071467
387.650910912222
383.592639326567
378.532148716342
386.903833953882
379.870720188975
281.548403947713
270.71247619511
264.143131973509
262.544999490289
268.22914422029
286.95672918881
332.120459147402
393.619527524442
379.870720188975
370.318470580887
466.55823404029
364.156224670263
409.057939026499
258.546660406652
244.515826422113
244.89766230024
245.449823905662
244.621507185359
238.324757895144
227.074657440074
364.156224670263
405.451734416275
269.439132012399
245.140506868744
244.812573971722
245.223377016332
245.391426778531
244.215312713579
237.316325267826
226.871567245867
409.05793902649
269.439132012399
245.414186124773
244.849205621979
245.009443078822
245.314099953884
245.17501514337
243.638747045071
236.462997888792
226.754233199189
258.546660406652
245.140506868744
244.84920562198
244.985116320669
245.168735588183
245.164867904506
244.785684314746
243.098131893878
236.072433779026
226.716756402843
244.515826422113
244.812573971722
245.009443078823
245.168735588183
245.108517813388
244.869787843723
244.213351567638
242.578505650459
236.362259315939
226.779303702553
244.897662300241
245.223377016332
245.314099953885
245.164867904506
244.869787843723
244.396886619936
243.43786288974
242.081206765784
237.499307706277
227.003975762442
245.449823905662
245.391426778531
245.17501514337
244.785684314746
244.213351567638
243.43786288974
242.472713806683
241.27431157173
238.704535583092
227.594847014624
244.621507185359
244.215312713579
243.638747045071
243.098131893878
242.578505650458
242.081206765785
241.27431157173
239.510913378677
238.205509212422
228.514065431969
238.324757895143
237.316325267826
236.462997888792
236.072433779026
236.362259315939
237.499307706277
238.704535583092
238.205509212422
234.894069711151
232.562475809864
227.074657440073
226.871567245866
226.754233199189
226.716756402843
226.779303702553
227.003975762442
227.594847014624
228.514065431969
232.562475809864
288.793437397606
374.268381075421
365.627091663181
408.187796508693
284.970908472342
235.219740967749
227.68060384986
227.007143141691
226.864713223364
226.477057163627
226.206014036309
365.627091663181
404.331669352143
304.208201633165
240.805824308525
228.584720126393
227.101093384221
226.960188609418
226.830965452642
226.436493087708
226.203883048125
408.187796508692
304.208201633164
243.194355507717
229.31622539242
227.208066572775
226.988842375691
226.932298085067
226.791456678668
226.405464306981
226.202662206132
284.970908472342
240.805824308525
229.31622539242
227.26203831959
226.99980258569
226.953957315168
226.900007065455
226.758360701735
226.393531744962
226.202358681478
235.219740967748
228.584720126393
227.208066572775
226.99980258569
226.957881654699
226.922583398412
226.859152897332
226.730289640758
226.406610925716
226.203263746199
227.68060384986
227.101093384221
226.988842375691
226.953957315168
226.922583398412
226.881788326576
226.808111307015
226.706330364883
226.455703759635
226.206368294937
227.007143141691
226.960188609418
226.932298085067
226.900007065455
226.859152897332
226.808111307015
226.745066836981
226.668057510879
226.516989084273
226.214191265929
226.864713223364
226.830965452642
226.791456678669
226.758360701735
226.730289640758
226.706330364883
226.668057510879
226.582029101491
226.508293043594
226.226234188352
226.477057163627
226.436493087708
226.405464306981
226.393531744962
226.406610925716
226.455703759635
226.516989084273
226.508293043594
226.396821968053
226.310083601146
226.206014036309
226.203883048125
226.202662206132
226.202358681478
226.203263746199
226.206368294937
226.214191265929
226.226234188352
226.310083601146
242.658595399219
