550.265751745715
478.253299845104
437.042803027836
350.052229112011
338.638837326381
345.180662163152
344.575329491773
343.956805682637
378.269143708702
282.914042248643
478.253299845083
335.234164960915
412.836182281668
326.787913097403
371.067013736319
358.017074045379
344.139782319228
348.503753924736
384.656212422054
272.126911472503
437.042803027839
412.836182281665
329.272238727004
338.138616464122
371.960920205157
347.04567130983
347.702784075222
373.517500759641
392.794266276753
265.613023916282
350.052229112011
326.787913097403
338.138616464124
328.087795706436
344.438292311656
363.465021595447
377.730014978088
375.106656499918
390.460288821863
264.213436626644
338.638837326379
371.067013736319
371.960920205164
344.438292311657
350.977645361321
380.046043446759
360.215266830135
370.820576261529
390.947466145128
270.463333255996
345.180662163153
358.017074045383
347.04567130983
363.465021595448
380.04604344676
372.00735371063
360.203549802317
372.060390914184
388.392048882552
290.848757249694
344.57532949177
344.139782319233
347.702784075223
377.730014978093
360.215266830138
360.203549802319
382.085028589018
377.222677612524
378.195874303672
340.819605345728
343.956805682636
348.503753924736
373.517500759645
375.106656499918
370.820576261528
372.060390914183
377.222677612524
370.933216399334
384.690400293876
392.796989174528
378.269143708702
384.656212422054
392.794266276753
390.460288821863
390.947466145128
388.392048882552
378.195874303672
384.690400293876
381.84760925927
377.193499829408
282.914042248645
272.126911472505
265.613023916282
264.213436626645
270.463333255997
290.848757249695
340.819605345728
392.796989174528
377.193499829408
367.478162492728
463.778786481433
363.621174150648
407.547181610009
258.478075415829
244.40135812579
244.54593515959
245.087824770693
244.356989217679
238.150398831966
227.149335435875
363.621174150648
404.846843438709
268.862583430938
244.962494154973
244.576067372655
244.861979832935
245.067854623899
243.973513227162
237.185174136236
226.933147242692
407.547181610002
268.862583430937
245.144736616134
244.657852636462
244.68292120563
244.943166208227
244.894865544347
243.409722760913
236.349067385518
226.809470922628
258.478075415828
244.962494154973
244.657852636462
244.683498666792
244.809246542528
244.810717939376
244.490739032963
242.871767481002
236.029085516539
226.774517178124
244.40135812579
244.576067372655
244.68292120563
244.809246542528
244.757010774204
244.581087982237
244.027666219667
242.42324070113
236.44735962796
226.854784490861
244.54593515959
244.861979832935
244.943166208227
244.810717939376
244.581087982237
244.156807264012
243.236243353899
241.954730532908
237.632311620545
227.127304100368
245.087824770693
245.067854623899
244.894865544347
244.490739032963
244.027666219667
243.236243353899
242.339044730046
241.159646102876
238.899589631414
227.734363204289
244.35698921768
243.973513227162
243.409722760913
242.871767481002
242.42324070113
241.954730532908
241.159646102876
239.529505296663
238.445066878663
228.074473832401
238.150398831967
237.185174136236
236.349067385519
236.02908551654
236.447359627959
237.632311620545
238.899589631415
238.445066878664
235.309814853479
233.96677665381
227.149335435875
226.933147242692
226.809470922628
226.774517178124
226.854784490861
227.127304100368
227.734363204289
228.074473832401
233.96677665381
308.971660271224
370.507094380249
361.85262743016
410.720942103279
285.993287693568
235.393672649372
227.669119540089
226.977439964689
226.843495546805
226.468095465229
226.206569301592
361.85262743016
402.369092231429
304.128732615077
240.863169583125
228.580407618359
227.072192280492
226.933237394215
226.812107920679
226.430088326082
226.204331605342
410.720942103278
304.128732615077
243.170627987188
229.302580292635
227.181122798354
226.958110006867
226.908788421015
226.774380224774
226.400452430193
226.203069642564
285.993287693568
240.863169583125
229.302580292635
227.23625970682
226.969626421778
226.925008225431
226.876427886396
226.741955970613
226.391265431446
226.202831745756
235.393672649372
228.580407618359
227.181122798354
226.969626421778
226.929176330247
226.898686383655
226.843453872418
226.719110946566
226.409140164073
226.203986035643
227.669119540089
227.072192280492
226.958110006867
226.925008225431
226.898686383655
226.862256143441
226.793088356358
226.69748892682
226.460652730224
226.207636928086
226.977439964689
226.933237394215
226.908788421015
226.876427886396
226.843453872418
226.793088356358
226.734904537871
226.660872927411
226.525623057735
226.216072196213
226.843495546805
226.812107920679
226.774380224774
226.741955970613
226.719110946566
226.69748892682
226.660872927411
226.582459339495
226.520276878331
226.225834174535
226.468095465229
226.430088326082
226.400452430193
226.391265431446
226.409140164073
226.460652730224
226.525623057735
226.520276878331
226.415661892587
226.354129381149
226.206569301592
226.204331605342
226.203069642564
226.202831745756
226.203986035642
226.207636928086
226.216072196213
226.225834174535
226.354129381148
247.974721967646
