622.159310244409
476.001380548667
433.419114468061
347.915099760553
336.30141956268
342.605380101153
342.135290258427
365.273968143116
376.768238472396
283.497386223256
476.001380548667
333.827366153912
409.162172373586
324.256584724206
367.976490199385
354.96398876709
341.405998722084
369.280396473883
389.738677840299
272.498033277087
433.41911446806
409.162172373585
327.241714947337
335.640620398314
368.26251929695
343.884169777512
344.153165400518
369.624840210936
390.4200703629
265.856766099706
347.915099760554
324.256584724206
335.640620398313
325.236389939381
340.979192443245
358.943903279099
371.992136835152
369.920182156432
391.076921950531
264.368107198141
336.301419562682
367.976490199387
368.262519296951
340.979192443246
346.690598221392
372.778573600154
353.68904908583
364.330647718942
391.048481071468
270.51726819503
342.605380101151
354.963988767098
343.884169777507
358.943903279098
372.778573600154
364.416234908577
352.174262559627
381.405346355098
387.650910912223
290.496132099258
342.135290258425
341.405998722086
344.153165400518
371.992136835149
353.689049085831
352.174262559626
369.40295162507
387.220417086703
383.592639326568
338.813295289525
365.273968143119
369.280396473885
369.624840210939
369.920182156433
364.330647718943
381.405346355098
387.220417086703
386.559283398527
378.532148716342
393.619527524443
376.768238472395
389.738677840298
390.4200703629
391.07692195053
391.048481071467
387.650910912222
383.592639326567
378.532148716342
386.903833953882
379.870720188975
283.497386223256
272.498033277087
265.856766099706
264.36810719814
270.51726819503
290.496132099257
338.813295289524
393.619527524442
379.870720188975
370.318470580887
466.55823404029
364.156224670263
409.057939026499
259.13621453863
244.606633273574
244.955799748668
245.519797496257
244.743109857745
238.539867045085
227.116490951431
364.156224670263
405.451734416275
270.544992862735
245.247491275881
244.886675661503
245.281570236987
245.471838282425
244.347862824996
237.555364963844
226.904657743817
409.05793902649
270.544992862735
245.526354110835
244.933546061233
245.072824220736
245.375927709569
245.266204395253
243.781858854045
236.712068230839
226.782984565428
259.136214538629
245.247491275881
244.933546061233
245.052539843557
245.225967077053
245.236448172078
244.887751473022
243.250619963102
236.333979559073
226.74558222271
244.606633273574
244.886675661503
245.072824220737
245.225967077053
245.174403474839
244.955729130633
244.325938673997
242.738543043538
236.65661184958
226.814285282059
244.955799748669
245.281570236987
245.375927709569
245.236448172078
244.955729130633
244.499424809282
243.561049904742
242.246514647078
237.818999749126
227.059142000344
245.519797496257
245.471838282425
245.266204395253
244.887751473022
244.325938673997
243.561049904742
242.609962049729
241.447213133703
239.017854377507
227.70883908142
244.743109857745
244.347862824996
243.781858854045
243.250619963102
242.738543043537
242.246514647078
241.447213133703
239.715021387472
238.514666251206
228.625635334514
238.539867045085
237.555364963844
236.712068230839
236.333979559073
236.65661184958
237.818999749126
239.017854377507
238.514666251206
235.187754739048
233.46282496144
227.116490951431
226.904657743817
226.782984565428
226.74558222271
226.814285282059
227.059142000344
227.708839081419
228.625635334514
233.46282496144
301.222110413666
374.268381075421
365.627091663181
408.187796508693
286.098484845429
235.453166576741
227.709347353595
227.01189466763
226.871247998667
226.485577392686
226.206487748962
365.627091663181
404.331669352143
305.637717205114
241.168876692258
228.643933484282
227.108570265601
226.96431995839
226.83807041774
226.445340797291
226.204264299647
408.187796508692
305.637717205113
243.610346185545
229.398553974593
227.220311263702
226.992136558624
226.936927096613
226.799075801944
226.414100062358
226.202998289297
286.098484845428
241.168876692257
229.398553974593
227.276609128532
227.003209611688
226.957289466371
226.905318396552
226.766408533857
226.402387072855
226.202703243439
235.453166576741
228.643933484282
227.220311263702
227.003209611688
226.960842763662
226.926828373441
226.865102167815
226.738656792745
226.41704299551
226.203698373118
227.709347353595
227.108570265601
226.992136558624
226.957289466371
226.926828373441
226.887111178337
226.814631811705
226.714884061406
226.46843143843
226.207076782439
227.01189466763
226.96431995839
226.936927096613
226.905318396553
226.865102167814
226.814631811705
226.752219508287
226.676817658174
226.530880558474
226.215632105336
226.871247998667
226.83807041774
226.799075801944
226.766408533857
226.738656792745
226.714884061406
226.676817658174
226.591886568067
226.52205023535
226.228145789598
226.485577392686
226.445340797291
226.414100062358
226.402387072855
226.41704299551
226.46843143843
226.530880558474
226.52205023535
226.408034990667
226.33561918991
226.206487748961
226.204264299647
226.202998289297
226.202703243439
226.203698373118
226.207076782439
226.215632105336
226.228145789598
226.33561918991
245.947937147985
