622.159310244409
476.001380548667
433.419114468061
347.915099760553
336.30141956268
342.605380101153
342.135290258427
365.273968143116
376.768238472396
285.47988724689
476.001380548667
333.827366153912
409.162172373586
324.256584724206
367.976490199385
354.96398876709
341.405998722084
369.280396473883
389.738677840299
274.33627326134
433.41911446806
409.162172373585
327.241714947337
335.640620398314
368.26251929695
343.884169777512
344.153165400518
369.624840210936
390.4200703629
267.619701553167
347.915099760554
324.256584724206
335.640620398313
325.236389939381
340.979192443245
358.943903279099
371.992136835152
369.920182156432
391.076921950531
266.2481500941
336.301419562682
367.976490199387
368.262519296951
340.979192443246
346.690598221392
372.778573600154
353.68904908583
364.330647718942
391.048481071468
272.867797743846
342.605380101151
354.963988767098
343.884169777507
358.943903279098
372.778573600154
364.416234908577
352.174262559627
381.405346355098
387.650910912223
294.129738523595
342.135290258425
341.405998722086
344.153165400518
371.992136835149
353.689049085831
352.174262559626
369.40295162507
387.220417086703
383.592639326568
345.616275938418
365.273968143119
369.280396473885
369.624840210939
369.920182156433
364.330647718943
381.405346355098
387.220417086703
386.559283398527
378.532148716342
393.619527524443
376.768238472395
389.738677840298
390.4200703629
391.07692195053
391.048481071467
387.650910912222
383.592639326567
378.532148716342
386.903833953882
379.870720188975
285.47988724689
274.33627326134
267.619701553167
266.2481500941
272.867797743845
294.129738523594
345.616275938417
393.619527524442
379.870720188975
370.318470580887
466.55823404029
364.156224670263
409.057939026499
259.757108843548
244.699658180046
245.01642264821
245.5892338352
244.862511503351
238.752015546999
227.160526508035
364.156224670263
405.451734416275
271.703652846858
245.355067034708
244.963009740677
245.341010799153
245.550942442702
244.477801935023
237.789584767531
226.939987747947
409.05793902649
271.703652846857
245.638528767135
245.019209371266
245.13839892031
245.437664716243
245.355505213857
243.9219612074
236.964443827021
226.813231983238
259.757108843547
245.355067034708
245.019209371267
245.122335761429
245.284000484135
245.306685935028
244.98753169239
243.399550194981
236.594796195143
226.775940459712
244.699658180046
244.963009740677
245.138398920311
245.284000484135
245.239221106948
245.039530906161
244.435962960282
242.894477641866
236.950655465422
226.850972794008
245.01642264821
245.341010799153
245.437664716243
245.306685935028
245.039530906161
244.599471140858
243.681373879015
242.406896016485
238.118239275602
227.118504301216
245.5892338352
245.550942442703
245.355505213857
244.98753169239
244.435962960282
243.681373879015
242.743677985995
241.614123307218
239.327483387133
227.827666190048
244.862511503351
244.477801935023
243.9219612074
243.399550194981
242.894477641866
242.406896016485
241.614123307218
239.908723812342
238.806459905273
228.815545994063
238.752015546999
237.789584767531
236.964443827021
236.594796195143
236.950655465422
238.118239275602
239.327483387133
238.806459905273
235.485808172376
234.282032799314
227.160526508035
226.939987747947
226.813231983238
226.775940459712
226.850972794007
227.118504301216
227.827666190048
228.815545994064
234.282032799313
322.650261975092
374.268381075421
365.627091663181
408.187796508693
287.229966775357
235.690380735588
227.739058776831
227.016693454087
226.877666743413
226.49411190349
226.206987922349
365.627091663181
404.331669352143
307.073295238177
241.537271076923
228.704752771097
227.116353099058
226.9683849227
226.84504128997
226.454179774429
226.204669891861
408.187796508692
307.073295238177
244.03235923192
229.482912085722
227.233075031525
226.995471771995
226.941440483313
226.806550580016
226.423073067869
226.203353163999
287.229966775357
241.537271076923
229.482912085722
227.291777624935
227.006741066159
226.960542727827
226.910493042723
226.774293744962
226.411454968384
226.203066853288
235.690380735588
228.704752771097
227.233075031525
227.006741066159
226.963745593742
226.930940657929
226.870908650162
226.746844778112
226.427772299124
226.2041562696
227.739058776831
227.116353099058
226.995471771995
226.960542727827
226.930940657929
226.89228943015
226.821007791117
226.723224636024
226.480626823966
226.207830820969
227.016693454087
226.9683849227
226.941440483312
226.910493042723
226.870908650162
226.821007791117
226.759212489406
226.685332036524
226.544947567612
226.217148830583
226.877666743413
226.84504128997
226.806550580017
226.774293744962
226.746844778112
226.723224636024
226.685332036524
226.601350538943
226.535344270756
226.230921323614
226.494111903491
226.454179774429
226.423073067868
226.411454968383
226.427772299124
226.480626823966
226.544947567612
226.535344270756
226.419857301324
226.361856238457
226.206987922349
226.204669891861
226.203353163999
226.203066853288
226.2041562696
226.207830820969
226.217148830583
226.230921323614
226.361856238457
250.467948054338
