0.164361782370641
0
0.835638217629359
0.164377804471619
0
0.835622195528381
0.164383917210432
0
0.835616082789568
0.16438673655052
0
0.83561326344948
0.164388207333337
0
0.835611792666663
0.164389038788615
0
0.835610961211385
0.164389522114109
0
0.835610477885891
0.16438978902705
0
0.83561021097295
0.164389906899356
0
0.835610093100644
0.164377804471619
0
0.835622195528381
0.164382240710499
0
0.835617759289501
0.164385409298077
0
0.835614590701923
0.164387351554832
0
0.835612648445168
0.164388535644086
0
0.835611464355914
0.164389271540799
0
0.8356107284592
0.164389721639647
0
0.835610278360353
0.164389971614115
0
0.835610028385885
0.164390080024355
0
0.835609919975645
0.164383917210432
0
0.835616082789568
0.164385409298077
0
0.835614590701923
0.164386959197932
0
0.835613040802068
0.164388178606298
0
0.835611821393702
0.164389073551114
0
0.835610926448886
0.164389710644269
0
0.835610289355731
0.164390127741464
0
0.835609872258536
0.164390349137306
0
0.835609650862694
0.164390435988609
0
0.835609564011391
0.16438673655052
0
0.83561326344948
0.164387351554832
0
0.835612648445168
0.164388178606298
0
0.835611821393702
0.164388995567666
0
0.835611004432334
0.16438972960679
0
0.83561027039321
0.164390343509511
0
0.835609656490489
0.164390769895423
0
0.835609230104577
0.164390946355008
0
0.835609053644992
0.164390986640639
0
0.835609013359361
0.164388207333337
0
0.835611792666663
0.164388535644086
0
0.835611464355914
0.164389073551114
0
0.835610926448886
0.16438972960679
0
0.83561027039321
0.164390454025825
0
0.835609545974175
0.164391175337665
0
0.835608824662335
0.164391706344782
0
0.835608293655218
0.164391783912971
0
0.83560821608703
0.164391719136367
0
0.835608280863633
0.164389038788615
0
0.835610961211385
0.164389271540799
0
0.8356107284592
0.164389710644269
0
0.835610289355731
0.164390343509511
0
0.835609656490489
0.164391175337665
0
0.835608824662335
0.164392158518345
0
0.835607841481655
0.164392967565664
0
0.835607032434336
0.1643928012817
0
0.8356071987183
0.164392531264407
0
0.835607468735593
0.164389522114109
0
0.835610477885891
0.164389721639647
0
0.835610278360353
0.164390127741464
0
0.835609872258536
0.164390769895423
0
0.835609230104577
0.164391706344782
0
0.835608293655218
0.164392967565664
0
0.835607032434336
0.164394206232335
0
0.835605793767665
0.164393633893795
0
0.835606366106205
0.164393136056012
0
0.835606863943988
0.16438978902705
0
0.83561021097295
0.164389971614115
0
0.835610028385885
0.164390349137306
0
0.835609650862694
0.164390946355008
0
0.835609053644992
0.164391783912971
0
0.83560821608703
0.1643928012817
0
0.8356071987183
0.164393633893795
0
0.835606366106205
0.164393461853523
0
0.835606538146477
0.16439317562689
0
0.83560682437311
0.164389906899356
0
0.835610093100644
0.164390080024355
0
0.835609919975645
0.164390435988609
0
0.835609564011391
0.164390986640639
0
0.835609013359361
0.164391719136367
0
0.835608280863633
0.164392531264407
0
0.835607468735593
0.164393136056012
0
0.835606863943988
0.16439317562689
0
0.83560682437311
0.164393051001824
0
0.835606948998176
0.18245297367785
0
0.81754702632215
0.182467146018875
0
0.817532853981125
0.182473421461471
0
0.817526578538529
0.182476661381455
0
0.817523338618545
0.182478333408446
0
0.817521666591554
0.18247926630048
0
0.81752073369952
0.182479804095983
0
0.817520195904017
0.18248009991469
0
0.81751990008531
0.182480230384124
0
0.817519769615876
0.182467146018875
0
0.817532853981125
0.18247166116989
0
0.81752833883011
0.182475137355859
0
0.817524862644141
0.182477363288803
0
0.817522636711197
0.182478700296279
0
0.817521299703721
0.1824795218473
0
0.8175204781527
0.182480020939472
0
0.817519979060528
0.182480297892129
0
0.817519702107871
0.182480418214745
0
0.817519581785255
0.182473421461471
0
0.817526578538529
0.182475137355859
0
0.817524862644141
0.182476916421743
0
0.817523083578257
0.182478296119232
0
0.817521703880768
0.182479295604747
0
0.817520704395253
0.182479999623328
0
0.817520000376672
0.18248045825308
0
0.81751954174692
0.182480704502541
0
0.817519295497459
0.182480802623822
0
0.817519197376178
0.182476661381455
0
0.817523338618545
0.182477363288803
0
0.817522636711197
0.182478296119232
0
0.817521703880768
0.182479205776423
0
0.817520794223577
0.182480011962492
0
0.817519988037508
0.182480676689029
0
0.817519323310971
0.182481135163913
0
0.817518864836087
0.182481338557843
0
0.817518661442157
0.182481391975976
0
0.817518608024024
0.182478333408446
0
0.817521666591554
0.182478700296279
0
0.817521299703721
0.182479295604747
0
0.817520704395253
0.182480011962492
0
0.817519988037508
0.182480787747622
0
0.817519212252378
0.18248153720211
0
0.81751846279789
0.182482067159028
0
0.817517932840973
0.182482199981237
0
0.817517800018763
0.182482163838674
0
0.817517836161326
0.18247926630048
0
0.81752073369952
0.1824795218473
0
0.8175204781527
0.182479999623328
0
0.817520000376672
0.182480676689029
0
0.817519323310971
0.18248153720211
0
0.81751846279789
0.182482476512634
0
0.817517523487366
0.182483413524114
0
0.817516586475886
0.182483172735899
0
0.817516827264101
0.18248299350068
0
0.81751700649932
0.182479804095983
0
0.817520195904017
0.182480020939472
0
0.817519979060528
0.18248045825308
0
0.81751954174692
0.182481135163913
0
0.817518864836087
0.182482067159028
0
0.817517932840973
0.182483413524114
0
0.817516586475886
0.182485209781039
0
0.817514790218961
0.182484152457844
0
0.817515847542156
0.182483588709079
0
0.817516411290921
0.18248009991469
0
0.81751990008531
0.182480297892129
0
0.817519702107871
0.182480704502541
0
0.817519295497459
0.182481338557843
0
0.817518661442157
0.182482199981237
0
0.817517800018763
0.182483172735899
0
0.817516827264101
0.182484152457844
0
0.817515847542156
0.182483887160993
0
0.817516112839007
0.182482813090644
0
0.817517186909356
0.182480230384124
0
0.817519769615876
0.182480418214745
0
0.817519581785255
0.182480802623822
0
0.817519197376178
0.182481391975976
0
0.817518608024024
0.182482163838674
0
0.817517836161326
0.18248299350068
0
0.81751700649932
0.182483588709079
0
0.817516411290921
0.182482813090644
0
0.817517186909356
0.182482737551926
0
0.817517262448074
0.21346571059859
0
0.78653428940141
0.213474433933033
0
0.786525566066967
0.213480327023264
0
0.786519672976736
0.213483749774639
0
0.786516250225362
0.213485476299674
0
0.786514523700326
0.213486417063985
0
0.786513582936015
0.213486950126958
0
0.786513049873042
0.213487240845867
0
0.786512759154132
0.213487368705901
0
0.786512631294099
0.213474433933033
0
0.786525566066967
0.213478212729809
0
0.786521787270191
0.213482153306084
0
0.786517846693916
0.213484477924883
0
0.786515522075117
0.213485842954586
0
0.786514157045414
0.213486662991463
0
0.786513337008537
0.213487154028803
0
0.786512845971197
0.213487425997734
0
0.786512574002265
0.213487544603584
0
0.786512455396416
0.213480327023264
0
0.786519672976736
0.213482153306084
0
0.786517846693916
0.213484014022698
0
0.786515985977302
0.213485427703101
0
0.786514572296899
0.213486426027884
0
0.786513573972116
0.213487113602471
0
0.786512886397529
0.213487556859557
0
0.786512443140443
0.213487800537778
0
0.786512199462222
0.213487900750058
0
0.786512099249942
0.213483749774639
0
0.786516250225362
0.213484477924883
0
0.786515522075117
0.213485427703101
0
0.786514572296899
0.213486330454772
0
0.786513669545228
0.213487107305856
0
0.786512892694144
0.213487729175654
0
0.786512270824346
0.213488154749411
0
0.786511845250589
0.213488367959501
0
0.786511632040499
0.213488436062808
0
0.786511563937192
0.213485476299674
0
0.786514523700326
0.213485842954586
0
0.786514157045414
0.213486426027884
0
0.786513573972116
0.213487107305856
0
0.786512892694144
0.213487815400491
0
0.786512184599509
0.213488474831919
0
0.786511525168081
0.213488970965599
0
0.786511029034401
0.213489131831797
0
0.786510868168203
0.213489119886066
0
0.786510880113934
0.213486417063985
0
0.786513582936015
0.213486662991463
0
0.786513337008537
0.213487113602471
0
0.786512886397529
0.213487729175654
0
0.786512270824346
0.213488474831919
0
0.786511525168081
0.21348935511403
0
0.78651064488597
0.213491397604873
0
0.786508602395127
0.213490197530625
0
0.786509802469375
0.213489917967803
0
0.786510082032197
0.213486950126958
0
0.786513049873042
0.213487154028803
0
0.786512845971197
0.213487556859557
0
0.786512443140443
0.213488154749411
0
0.786511845250589
0.213488970965599
0
0.786511029034401
0.213491397604873
0
0.786508602395127
0.213495785949384
0
0.786504214050617
0.213492281922002
0
0.786507718077998
0.213490474202831
0
0.786509525797169
0.213487240845867
0
0.786512759154132
0.213487425997734
0
0.786512574002265
0.213487800537778
0
0.786512199462222
0.213488367959501
0
0.786511632040499
0.213489131831797
0
0.786510868168203
0.213490197530625
0
0.786509802469375
0.213492281922002
0
0.786507718077998
0.213491074788372
0
0.786508925211628
0.213490616661181
0
0.786509383338819
0.213487368705901
0
0.786512631294099
0.213487544603584
0
0.786512455396416
0.213487900750058
0
0.786512099249942
0.213488436062808
0
0.786511563937192
0.213489119886066
0
0.786510880113934
0.213489917967803
0
0.786510082032197
0.213490474202831
0
0.786509525797169
0.213490616661181
0
0.786509383338819
0.213490533109555
0
0.786509466890445
0.302449093124497
0
0.697550906875503
0.302460913554403
0
0.697539086445597
0.302466782934347
0
0.697533217065653
0.302469334911355
0
0.697530665088645
0.302471025482369
0
0.697528974517631
0.302472145094291
0
0.697527854905709
0.302472855662718
0
0.697527144337282
0.302473263698644
0
0.697526736301356
0.302473446131633
0
0.697526553868367
0.302460913554403
0
0.697539086445597
0.302465325236083
0
0.697534674763917
0.302468008604415
0
0.697531991395585
0.302470004911605
0
0.697529995088395
0.302471487218814
0
0.697528512781186
0.30247253296719
0
0.69752746703281
0.302473217692157
0
0.697526782307843
0.302473601077887
0
0.697526398922114
0.302473764540439
0
0.697526235459561
0.302466782934347
0
0.697533217065653
0.302468008604415
0
0.697531991395585
0.302469564560822
0
0.697530435439178
0.302471054035597
0
0.697528945964403
0.302472320918755
0
0.697527679081245
0.302473322250391
0
0.697526677749609
0.302474007996405
0
0.697525992003595
0.302474334893743
0
0.697525665106257
0.302474443022077
0
0.697525556977923
0.302469334911355
0
0.697530665088645
0.302470004911605
0
0.697529995088395
0.302471054035597
0
0.697528945964403
0.302472246946133
0
0.697527753053867
0.302473466615429
0
0.697526533384571
0.302474612071285
0
0.697525387928715
0.302475447681101
0
0.697524552318899
0.302475615701262
0
0.697524384298738
0.302475562643518
0
0.697524437356482
0.302471025482369
0
0.697528974517631
0.302471487218814
0
0.697528512781186
0.302472320918755
0
0.697527679081245
0.302473466615429
0
0.697526533384571
0.302474932231318
0
0.697525067768682
0.302476666431173
0
0.697523333568827
0.302478049734188
0
0.697521950265812
0.302477694831043
0
0.697522305168958
0.302477208677618
0
0.697522791322382
0.302472145094291
0
0.697527854905709
0.30247253296719
0
0.69752746703281
0.302473322250391
0
0.697526677749609
0.302474612071285
0
0.697525387928715
0.302476666431173
0
0.697523333568827
0.302479639023927
0
0.697520360976073
0.302481450949264
0
0.697518549050736
0.302480617128463
0
0.697519382871537
0.302479160526186
0
0.697520839473814
0.302472855662718
0
0.697527144337282
0.302473217692157
0
0.697526782307843
0.302474007996405
0
0.697525992003595
0.302475447681101
0
0.697524552318899
0.302478049734188
0
0.697521950265812
0.302481450949264
0
0.697518549050736
0.302492920028725
0.000576252175177932
0.696930827796097
0.302482033909224
0
0.697517966090777
0.302480798669662
0
0.697519201330338
0.302473263698644
0
0.697526736301356
0.302473601077887
0
0.697526398922114
0.302474334893743
0
0.697525665106257
0.302475615701262
0
0.697524384298738
0.302477694831043
0
0.697522305168958
0.302480617128463
0
0.697519382871537
0.302482033909224
0
0.697517966090777
0.302480701132944
0
0.697519298867056
0.302480288300906
0
0.697519711699094
0.302473446131633
0
0.697526553868367
0.302473764540439
0
0.697526235459561
0.302474443022077
0
0.697525556977923
0.302475562643518
0
0.697524437356482
0.302477208677618
0
0.697522791322382
0.302479160526186
0
0.697520839473814
0.302480798669662
0
0.697519201330338
0.302480288300906
0
0.697519711699094
0.302479636576537
0
0.697520363423463
