0.1643485807842
0
0.8356514192158
0.164382276270028
0
0.835617723729972
0.16439055934592
0
0.83560944065408
0.164395484171377
0
0.835604515828623
0.164398752746876
0
0.835601247253124
0.164401087810587
0
0.835598912189413
0.164402729987709
0.000281421127080313
0.83531584888521
0.164403698186362
0.000360884766990825
0.835235417046647
0.164404177110115
0.000402009728824617
0.83519381316106
0.164382276270028
0
0.835617723729972
0.164388078805497
0
0.835611921194503
0.164393023614794
0
0.835606976385206
0.164396760618444
0
0.835603239381556
0.164399589857653
0
0.835600410142347
0.164401820045225
0.000200806306422471
0.835397373648353
0.164403280621004
0.000327265622039793
0.835269453756956
0.164404231855528
0.000409232114225117
0.835186536030247
0.164404691276263
0.000448722985572748
0.835146585738165
0.16439055934592
0
0.83560944065408
0.164393023614794
0
0.835606976385206
0.164395935340147
0
0.835604064659853
0.164398653985804
0
0.835601346014196
0.16440104236301
0
0.83559895763699
0.164403016623367
0.000314023560173663
0.835282959816459
0.164404390980931
0.000428330734460896
0.835167278284608
0.164405277178502
0.000504170620653915
0.835090552200844
0.164405696214327
0.000540232750800918
0.835054071034872
0.164395484171377
0
0.835604515828623
0.164396760618444
0
0.835603239381556
0.164398653985804
0
0.835601346014196
0.164400774814148
0
0.835599225185852
0.164402907876176
0.000312713933818018
0.835284378190006
0.164404632597948
0.000456414870346121
0.835138952531706
0.164405986871679
0.000573831898472882
0.835020181229848
0.164406787461342
0.000642526820275793
0.834950685718382
0.164407135147669
0.000671939688865467
0.834920925163466
0.164398752746876
0
0.835601247253124
0.164399589857653
0
0.835600410142347
0.16440104236301
0
0.83559895763699
0.164402907876176
0.00031271393381802
0.835284378190006
0.164404760275086
0.000471246322653735
0.83512399340226
0.16440658942498
0.000634492011140609
0.834958918563879
0.164408013901974
0.000760225198851748
0.834831760899174
0.16440867563116
0.000814474660063551
0.834776849708777
0.164408887900466
0.000831425587308523
0.834759686512225
0.164401087810587
0
0.835598912189413
0.164401820045225
0.000200806306422511
0.835397373648352
0.164403016623367
0.00031402356017367
0.835282959816459
0.164404632597948
0.000456414870346143
0.835138952531706
0.16440658942498
0.000634492011140572
0.834958918563879
0.164408658812062
0.000823841176211076
0.834767500011727
0.164410340292255
0.000973746960868473
0.834615912746876
0.164410726640951
0.000999086020799857
0.834590187338249
0.164410702381612
0.000994503302378909
0.834594794316009
0.164402729987709
0.000281421127080207
0.83531584888521
0.164403280621004
0.000327265622039829
0.835269453756956
0.164404390980931
0.000428330734460819
0.835167278284608
0.164405986871679
0.000573831898473111
0.835020181229848
0.164408013901974
0.000760225198851871
0.834831760899174
0.164410340292255
0.000973746960868542
0.834615912746876
0.164412415324153
0.0011611973190911
0.834426387356755
0.164412392574034
0.00114506711307697
0.834442540312889
0.164412124043895
0.00111882514696905
0.834469050809136
0.164403698186362
0.000360884766990823
0.835235417046647
0.164404231855528
0.000409232114225011
0.835186536030247
0.164405277178502
0.000504170620653969
0.835090552200844
0.164406787461342
0.000642526820275812
0.834950685718382
0.16440867563116
0.000814474660063622
0.834776849708777
0.164410726640951
0.00099908602079981
0.834590187338249
0.164412392574034
0.00114506711307694
0.834442540312889
0.164412740389447
0.00116989134283676
0.834417368267716
0.164412677572643
0.00116464287276502
0.834422679554592
0.164404177110115
0.000402009728824628
0.83519381316106
0.164404691276263
0.000448722985572828
0.835146585738164
0.164405696214327
0.000540232750800984
0.835054071034872
0.164407135147669
0.000671939688865503
0.834920925163466
0.164408887900466
0.000831425587308467
0.834759686512225
0.164410702381612
0.000994503302378943
0.834594794316009
0.164412124043895
0.00111882514696909
0.834469050809136
0.164412677572643
0.0011646428727651
0.834422679554592
0.164412786444017
0.00117372620421062
0.834413487351773
0.182430718298742
0
0.817569281701258
0.182468814857489
0
0.817531185142511
0.182481498005493
0
0.817518501994507
0.182488326661857
0
0.817511673338143
0.182492945340975
0
0.817507054659025
0.182496290321009
0.00022911506718196
0.817274594611809
0.182498535499963
0.000366483627685834
0.817134980872352
0.182499740962273
0.000452205985350577
0.817048053052377
0.182500314468668
0.000493500842488875
0.817006184688843
0.182468814857489
0
0.817531185142511
0.182477961746144
0
0.817522038253856
0.18248502960041
0
0.81751497039959
0.182489967284293
0
0.817510032715707
0.182494171259776
0
0.817505828740224
0.182497168406281
0.000288805148342077
0.817214026445377
0.182499041908702
0.000416786879842698
0.817084171211456
0.182500211652012
0.000499066824510857
0.817000721523477
0.182500775663514
0.000538970927626689
0.816960253408859
0.182481498005493
0
0.817518501994507
0.18248502960041
0
0.81751497039959
0.182488912036457
0
0.817511087963543
0.182492562621111
0
0.817507437378889
0.182495845097677
0.000228292304224452
0.817275862598098
0.182498325226596
0.000393575437176602
0.817108099336227
0.182499895509552
0.000514785320359123
0.816985319170089
0.182501009027713
0.000591816326386777
0.816907174645901
0.182501589340678
0.000628078576865211
0.816870332082457
0.182488326661857
0
0.817511673338143
0.182489967284293
0
0.817510032715707
0.182492562621111
0
0.817507437378889
0.182495639062724
0.000204648933533027
0.817299712003743
0.182497803020575
0.000383790492403113
0.817118406487021
0.182499355715541
0.000538519692139166
0.81696212459232
0.182500434871023
0.000657064581582693
0.816842500547395
0.182501714245974
0.000726073909031166
0.816772211844995
0.182502486474761
0.000755823002720118
0.816741690522519
0.182492945340975
0
0.817507054659025
0.182494171259776
0
0.817505828740224
0.182495845097677
0.000228292304224441
0.817275862598098
0.182497803020575
0.000383790492403148
0.817118406487021
0.182499032302461
0.000551094655564063
0.816949873041975
0.182500719426278
0.000713433222933943
0.816785847350788
0.182501912726866
0.000839361168748993
0.816658726104385
0.182502990796315
0.000894558889548273
0.816602450314137
0.182503492639385
0.000911612773296725
0.816584894587319
0.182496290321009
0.000229115067181951
0.817274594611809
0.182497168406281
0.000288805148342037
0.817214026445377
0.182498325226596
0.000393575437176526
0.817108099336228
0.182499355715541
0.000538519692139269
0.81696212459232
0.182500719426278
0.000713433222933929
0.816785847350788
0.182501990058942
0.000900560508002472
0.816597449433056
0.182502521026431
0.00105546287687058
0.816442016096698
0.182504203002093
0.00107919471183412
0.816416602286072
0.182505027248968
0.0010729614456662
0.816422011305365
0.182498535499963
0.000366483627685837
0.817134980872351
0.182499041908702
0.00041678687984271
0.817084171211456
0.182499895509552
0.000514785320358997
0.816985319170089
0.182500434871023
0.000657064581582545
0.816842500547395
0.182501912726866
0.000839361168749028
0.816658726104385
0.182502521026431
0.00105546287687057
0.816442016096698
0.182500541594893
0.00126794480289576
0.816231513602212
0.182504709603256
0.00123199117633855
0.816263299220406
0.182506116570777
0.00119871066321992
0.816295172766003
0.182499740962273
0.000452205985350609
0.817048053052377
0.182500211652012
0.000499066824510838
0.817000721523477
0.182501009027713
0.000591816326386719
0.816907174645901
0.182501714245974
0.000726073909031212
0.816772211844995
0.182502990796315
0.000894558889548368
0.816602450314137
0.182504203002093
0.00107919471183409
0.816416602286073
0.182504709603256
0.00123199117633854
0.816263299220406
0.182506339765433
0.0012533999654125
0.816240260269155
0.182506259106264
0.00124475436935687
0.816248986524379
0.182500314468668
0.000493500842488833
0.817006184688843
0.182500775663514
0.000538970927626776
0.816960253408859
0.182501589340678
0.000628078576865264
0.816870332082457
0.182502486474761
0.000755823002720142
0.816741690522519
0.182503492639385
0.000911612773296739
0.816584894587319
0.182505027248968
0.00107296144566621
0.816422011305365
0.182506116570777
0.00119871066321989
0.816295172766003
0.182506259106264
0.00124475436935682
0.816248986524379
0.182506733645973
0.00125289131360655
0.81624037504042
0.213426322810921
0
0.786573677189079
0.213469621503102
0
0.786530378496898
0.213489330580202
0
0.786510669419798
0.213505731566897
0
0.786494268433103
0.21351887086258
0
0.78648112913742
0.213526068770848
0.000177893075408582
0.786296038153744
0.213528967386672
0.00030748951982247
0.786163543093505
0.21353032532501
0.000389665390757956
0.786080009284232
0.213530912567532
0.00042955431179335
0.786039533120674
0.213469621503102
0
0.786530378496898
0.213483599836585
0
0.786516400163415
0.213494568422787
0
0.786505431577213
0.213511712381028
0
0.786488287618972
0.213520833456589
0
0.786479166543411
0.213526905044473
0.00023377244316717
0.78623932251236
0.213529147989958
0.000356844948585399
0.786114007061456
0.213530416678447
0.000435868508045523
0.786033714813508
0.213531022999744
0.00047374106958582
0.78599523593067
0.213489330580202
0
0.786510669419798
0.213494568422787
0
0.786505431577213
0.21350805122886
0
0.78649194877114
0.213517800995575
0
0.786482199004425
0.213524650846829
0.000178757931142416
0.786296591222028
0.213527458523303
0.000336639357025497
0.786135902119671
0.213528914151716
0.00045380756695992
0.786017278281324
0.213530172837405
0.000527243182990535
0.785942583979604
0.213530942789453
0.000561510745517326
0.78590754646503
0.213505731566897
0
0.786494268433103
0.213511712381028
0
0.786488287618972
0.213517800995575
0
0.786482199004425
0.21352151317388
0
0.78647848682612
0.213526256220744
0.000330555937296735
0.786143187841959
0.213526436835629
0.000481981274644361
0.785991581889727
0.213526260122245
0.00059967874548176
0.785874061132274
0.213528325511079
0.000663509587475479
0.785808164901445
0.213529936842071
0.000689409883636739
0.785780653274292
0.21351887086258
0
0.78648112913742
0.213520833456589
0
0.786479166543411
0.213524650846829
0.000178757931142407
0.786296591222028
0.213526256220744
0.000330555937296731
0.786143187841959
0.213525072027235
0.000497087459229359
0.785977840513535
0.213519809044456
0.000667275903404455
0.785812915052139
0.213512977162444
0.000804828679431993
0.785682194158124
0.213520855354959
0.000844281024325496
0.785634863620716
0.213526399517148
0.000850164982233172
0.785623435500619
0.213526068770848
0.000177893075408585
0.786296038153744
0.213526905044473
0.000233772443167169
0.78623932251236
0.213527458523303
0.000336639357025503
0.786135902119671
0.213526436835629
0.000481981274644288
0.785991581889727
0.213519809044456
0.000667275903404454
0.785812915052139
0.213512071807805
0.00089018478657236
0.785597743405622
0.213510319623216
0.00111152286145808
0.785378157515325
0.213514418572732
0.00106652480685833
0.78541905662041
0.213518498479753
0.00102495221904319
0.785456549301204
0.213528967386672
0.000307489519822475
0.786163543093505
0.213529147989958
0.000356844948585496
0.786114007061456
0.213528914151716
0.000453807566959925
0.786017278281324
0.213526260122245
0.000599678745481791
0.785874061132274
0.213512977162444
0.000804828679431986
0.785682194158124
0.213510319623216
0.00111152286145807
0.785378157515325
0.213496300388062
0.00163122732531978
0.784872472286618
0.213512586093876
0.00128669940268433
0.78520071450344
0.213517041442983
0.00116657542614955
0.785316383130867
0.21353032532501
0.000389665390757963
0.786080009284232
0.213530416678447
0.000435868508045479
0.786033714813508
0.213530172837405
0.00052724318299047
0.785942583979604
0.213528325511079
0.000663509587475446
0.785808164901445
0.213520855354959
0.000844281024325489
0.785634863620716
0.213514418572732
0.00106652480685833
0.78541905662041
0.213512586093876
0.00128669940268433
0.78520071450344
0.21351666573364
0.00123922891771145
0.785244105348649
0.213518643517603
0.00119452984190509
0.785286826640491
0.213530912567532
0.000429554311793348
0.786039533120674
0.213531022999744
0.000473741069585828
0.78599523593067
0.213530942789453
0.000561510745517247
0.78590754646503
0.213529936842071
0.000689409883636731
0.785780653274292
0.213526399517148
0.000850164982233155
0.785623435500619
0.213518498479753
0.00102495221904318
0.785456549301204
0.213517041442983
0.00116657542614954
0.785316383130867
0.213518643517603
0.00119452984190507
0.785286826640492
0.213525468870236
0.00118881067872498
0.785285720451039
0.302151919463633
0
0.697848080536367
0.302338601061833
0
0.697661398938167
0.302427110702926
0
0.697572889297074
0.302456378144952
0
0.697543621855048
0.302463678655571
0
0.697536321344429
0.302476793953143
0.000187713303429588
0.697335492743427
0.302474217372686
0.000295851396112429
0.697229931231201
0.302475733726154
0.000366190500707291
0.697158075773139
0.302476473760189
0.000399985405226428
0.697123540834585
0.302338601061833
0
0.697661398938167
0.302404539056972
0
0.697595460943028
0.302447449573081
0
0.69755255042692
0.302459378791776
0
0.697540621208224
0.302465323612843
0
0.697534676387157
0.302477482571909
0.00023961569590364
0.697282901732188
0.302474982946575
0.000340871233441096
0.697184145819984
0.302476441333697
0.00040804193675653
0.697115516729547
0.302477147500841
0.000440894001379587
0.697081958497779
0.302427110702926
0
0.697572889297074
0.302447449573081
0
0.69755255042692
0.302457493318773
0
0.697542506681227
0.302463408929844
0
0.697536591070156
0.302479994504873
0.000197529565545494
0.697322475929582
0.30247430940854
0.000329604562688869
0.697196086028771
0.302476321376562
0.000430863947089012
0.697092814676349
0.302477708859927
0.000493694835142847
0.69702859630493
0.302478407379327
0.000522369703121969
0.696999222917551
0.302456378144952
0
0.697543621855048
0.302459378791776
0
0.697540621208224
0.302463408929844
0
0.697536591070156
0.302480561311724
0.000180389452463667
0.697339049235812
0.302473902829818
0.000329103992216326
0.697196993177966
0.302476095169514
0.000466433457060426
0.697057471373426
0.302477757169876
0.000572506231628757
0.696949736598496
0.302479224201359
0.00062354371666604
0.696897232081975
0.302480016843953
0.000642868381729808
0.696877114774317
0.302463678655571
0
0.697536321344429
0.302465323612843
0
0.697534676387157
0.302479994504873
0.000197529565545538
0.697322475929582
0.302473902829818
0.00032910399221627
0.697196993177966
0.302475961375077
0.000485867246202203
0.697038171378721
0.302477205160201
0.000652818779972356
0.696869976059826
0.302477327342871
0.000789393039835894
0.696733279617293
0.302480041842666
0.000803575625364635
0.696716382531969
0.302481530375994
0.000797793067755567
0.69672067655625
0.302476793953143
0.000187713303429593
0.697335492743427
0.302477482571909
0.000239615695903618
0.697282901732188
0.30247430940854
0.000329604562688856
0.697196086028771
0.302476095169514
0.000466433457060343
0.697057471373426
0.302477205160201
0.000652818779972381
0.696869976059826
0.302463596842712
0.000902153421872686
0.696634249735415
0.302418496234862
0.00120185716734445
0.696379646597794
0.30246413109036
0.00104606304286153
0.696489805866779
0.302482069560611
0.000970614160808691
0.69654731627858
0.302474217372686
0.00029585139611238
0.697229931231201
0.302474982946575
0.000340871233441082
0.697184145819984
0.302476321376562
0.000430863947088982
0.697092814676349
0.302477757169876
0.00057250623162876
0.696949736598496
0.302477327342871
0.000789393039835909
0.696733279617293
0.302418496234862
0.00120185716734446
0.696379646597794
0.302136281287296
0.00301534546122355
0.694848373251481
0.302417843126473
0.00133030473672963
0.696251852136798
0.30247441832065
0.00110998265251472
0.696415599026836
0.302475733726154
0.0003661905007073
0.697158075773139
0.302476441333697
0.000408041936756508
0.697115516729547
0.302477708859927
0.000493694835142834
0.69702859630493
0.302479224201359
0.000623543716665978
0.696897232081975
0.302480041842666
0.000803575625364639
0.696716382531969
0.30246413109036
0.00104606304286151
0.696489805866779
0.302417843126473
0.00133030473672968
0.696251852136798
0.302463330080543
0.00118704758694603
0.696349622332511
0.302484568097292
0.00111514442321972
0.696400287479488
0.302476473760189
0.000399985405226596
0.697123540834585
0.302477147500841
0.000440894001379522
0.697081958497779
0.302478407379327
0.000522369703122021
0.696999222917551
0.302480016843953
0.0006428683817298
0.696877114774318
0.302481530375994
0.000797793067755576
0.69672067655625
0.302482069560611
0.000970614160808722
0.69654731627858
0.30247441832065
0.00110998265251473
0.696415599026836
0.302484568097292
0.00111514442321975
0.696400287479488
0.302486287053158
0.00109961145722052
0.696414101489621
