0.164306495671626
0
0.835693504328374
0.164397013489417
0
0.835602986510583
0.164407455619399
0
0.8355925443806
0.164413533474246
0
0.835586466525754
0.16441695109091
0
0.83558304890909
0.16441942766739
0.0020953796965621
0.833485192636048
0.164420917982508
0.00222798840435648
0.833351093613136
0.16442187027165
0.00229532478274908
0.833282804945601
0.164422345079536
0.00233028971488641
0.833247365205577
0.164397013489417
0
0.835602986510583
0.164404760515399
0
0.835595239484601
0.164411071244084
0
0.835588928755916
0.164414855283679
0
0.835585144716321
0.164418044407699
0.00155627067324075
0.83402568491906
0.164420062910326
0.00217119721559095
0.833408739874083
0.164421487106911
0.00227753276248904
0.8333009801306
0.164422427517752
0.00234815078546421
0.833229421696783
0.164422886020199
0.00238198905912472
0.833195124920676
0.164407455619399
0
0.8355925443806
0.164411071244084
0
0.835588928755916
0.164413985998131
0
0.835586014001869
0.164417163095985
0.00102187526490111
0.834560961639114
0.164419386400872
0.00211906863069412
0.833461544968434
0.164421265671939
0.00228950063351045
0.83328923369455
0.164422627457684
0.00238933361746424
0.833188038924852
0.164423516484509
0.0024549806270166
0.833121502888475
0.164423940882186
0.00248569164520134
0.833090367472613
0.164413533474246
0
0.835586466525754
0.164414855283679
0
0.835585144716321
0.164417163095985
0.00102187526490109
0.834560961639114
0.16441914812066
0.00210772829333667
0.833473123586004
0.164421185726356
0.00230939939774017
0.833269414875904
0.164422900231186
0.00244489977033282
0.833132199998482
0.1644242620109
0.00255269136510304
0.833023046623997
0.164425081041873
0.00261085146066276
0.832964067497464
0.164425444801853
0.0026349770759332
0.832939578122214
0.16441695109091
0
0.83558304890909
0.164418044407699
0.00155627067324073
0.83402568491906
0.164419386400872
0.00211906863069408
0.833461544968434
0.164421185726356
0.00230939939774013
0.833269414875904
0.164423041641389
0.00247364755984956
0.833103310798761
0.164424892424416
0.00264176153855944
0.832933346037025
0.164426343947632
0.00276313655572129
0.832810519496647
0.164427040727118
0.00280170684659979
0.832771252426282
0.164427274182392
0.00281236237619374
0.832760363441414
0.16441942766739
0.00209537969656206
0.833485192636048
0.164420062910326
0.00217119721559095
0.833408739874083
0.164421265671939
0.00228950063351055
0.83328923369455
0.164422900231186
0.00244489977033288
0.833132199998482
0.164424892424416
0.00264176153855941
0.832933346037025
0.164426997653065
0.00285059324815515
0.83272240909878
0.164428705598363
0.00300366102253235
0.832567633379104
0.164429156632378
0.00299818306970717
0.832572660297914
0.164429168618544
0.0029860341638176
0.832584797217639
0.164420917982508
0.00222798840435634
0.833351093613136
0.164421487106911
0.00227753276248908
0.8333009801306
0.164422627457684
0.00238933361746406
0.833188038924852
0.1644242620109
0.00255269136510315
0.833023046623996
0.164426343947632
0.00276313655572139
0.832810519496647
0.164428705598363
0.00300366102253234
0.832567633379104
0.164430764692794
0.00320114188898564
0.83236809341822
0.164430870505867
0.0031372864098875
0.832431843084246
0.16443065960577
0.00310616373856281
0.832463176655667
0.16442187027165
0.00229532478274908
0.833282804945601
0.164422427517752
0.00234815078546411
0.833229421696783
0.164423516484509
0.0024549806270167
0.833121502888475
0.164425081041873
0.00261085146066276
0.832964067497464
0.164427040727118
0.00280170684659985
0.832771252426282
0.164429156632378
0.00299818306970722
0.832572660297914
0.164430870505867
0.00313728640988752
0.832431843084246
0.164431296585247
0.00314331090880829
0.832425392505945
0.164431273973229
0.00314123980283861
0.832427486223932
0.164422345079536
0.00233028971488643
0.833247365205577
0.164422886020199
0.0023819890591248
0.833195124920676
0.164423940882186
0.00248569164520137
0.833090367472613
0.164425444801853
0.00263497707593326
0.832939578122214
0.164427274182392
0.00281236237619372
0.832760363441414
0.164429168618544
0.00298603416381761
0.832584797217639
0.16443065960577
0.00310616373856269
0.832463176655667
0.164431273973229
0.00314123980283871
0.832427486223932
0.164431418554401
0.00315021196452026
0.832418369481079
0.182365666058903
0
0.817634333941097
0.182478551905697
0
0.817521448094303
0.182503639493567
0
0.817496360506433
0.182514679956807
0.000829844669735978
0.816655475373457
0.182520744151314
0.00193945653925511
0.815539799309431
0.18252814868346
0.00213417653011979
0.81533767478642
0.182531459110353
0.00226099425895984
0.815207546630687
0.182533042210286
0.00234223503832704
0.815124722751387
0.182533746232106
0.0023815886098585
0.815084665158036
0.182478551905697
0
0.817521448094303
0.182497638285891
0
0.817502361714109
0.182509326659114
0
0.817490673340886
0.182516959998524
0.00169029719575899
0.815792742805717
0.182523491124987
0.00201183924844107
0.815464669626572
0.182528932744443
0.00219208672071811
0.815278980534838
0.182531588059124
0.00231353619629693
0.815154875744579
0.182533098612732
0.00239247106151471
0.815074430325753
0.182533831587872
0.00243075078250103
0.815035417629627
0.182503639493567
0
0.817496360506433
0.182509326659114
0
0.817490673340886
0.182515500362419
0.00155919069806481
0.815925308939516
0.182520460095198
0.00193865371643899
0.815540886188363
0.182526197322178
0.002142891489204
0.815330911188618
0.182529429429338
0.00229914188912122
0.81517142868154
0.182531070100462
0.00241612534435181
0.815052804555187
0.182532614697023
0.00249122933887114
0.814976155964105
0.18253359068141
0.00252684560852985
0.81493956371006
0.182514679956807
0.000829844669735977
0.816655475373457
0.182516959998524
0.00169029719575902
0.815792742805717
0.182520460095198
0.00193865371643895
0.815540886188363
0.182525092001359
0.00212456955059842
0.815350338448043
0.182527572279403
0.00229636824127323
0.815176059479324
0.182527681272476
0.00244774562214872
0.815024573105376
0.182528169938663
0.00256328287621753
0.814908547185119
0.182529898268239
0.00263201568360943
0.814838086048152
0.182532027451835
0.00266256696705935
0.814805405581105
0.182520744151314
0.00193945653925518
0.81553979930943
0.182523491124987
0.00201183924844101
0.815464669626572
0.182526197322178
0.00214289148920406
0.815330911188618
0.182527572279403
0.00229636824127323
0.815176059479324
0.18252674180213
0.00246393279701762
0.815009325400852
0.1825273313265
0.00262378747533975
0.81484888119816
0.182527337345123
0.00274380375668816
0.814728858898189
0.182529537618148
0.00280265999577871
0.814667802386074
0.182530936449829
0.00282438276111808
0.814644680789053
0.18252814868346
0.00213417653011978
0.81533767478642
0.182528932744443
0.00219208672071823
0.815278980534838
0.182529429429338
0.00229914188912116
0.81517142868154
0.182527681272476
0.00244774562214866
0.815024573105376
0.1825273313265
0.0026237874753397
0.81484888119816
0.182525469117435
0.00280207559004656
0.814672455292519
0.18252118274029
0.00293398576265683
0.814544831497053
0.182527533612213
0.00297620106644961
0.814496265321338
0.182530996077265
0.0029856592319208
0.814483344690814
0.182531459110353
0.00226099425895991
0.815207546630687
0.182531588059124
0.00231353619629686
0.815154875744579
0.182531070100462
0.00241612534435171
0.815052804555187
0.182528169938663
0.00256328287621743
0.81490854718512
0.182527337345123
0.00274380375668816
0.814728858898189
0.18252118274029
0.00293398576265689
0.814544831497053
0.182502827496519
0.00308126366300531
0.814415908840475
0.182523158868244
0.00310269349956427
0.814374147632191
0.182530677555802
0.00310575383743813
0.81436356860676
0.182533042210286
0.00234223503832707
0.815124722751387
0.182533098612732
0.00239247106151485
0.815074430325753
0.182532614697023
0.00249122933887108
0.814976155964105
0.182529898268239
0.00263201568360943
0.814838086048152
0.182529537618148
0.00280265999577882
0.814667802386073
0.182527533612213
0.00297620106644933
0.814496265321338
0.182523158868244
0.00310269349956423
0.814374147632191
0.182529505936804
0.00314827001111991
0.814322224052077
0.182532127504127
0.00316001279269276
0.814307859703181
0.182533746232106
0.00238158860985844
0.815084665158036
0.182533831587872
0.00243075078250106
0.815035417629627
0.18253359068141
0.00252684560852954
0.814939563710061
0.182532027451835
0.00266256696705938
0.814805405581105
0.182530936449829
0.0028243827611181
0.814644680789053
0.182530996077265
0.00298565923192078
0.814483344690814
0.182530677555802
0.00310575383743796
0.81436356860676
0.182532127504127
0.00316001279269273
0.814307859703181
0.182533717871076
0.00317703462167907
0.814289247507245
0.21330393193815
0
0.78669606806185
0.213451820529
0
0.786548179471
0.21350915555543
0.000598216039231164
0.785892628405338
0.213550361235275
0.00159059458988854
0.784859044174837
0.21359517257773
0.00182645847215936
0.78457836895011
0.213612153587879
0.00200612201124994
0.784381724400871
0.213618334410552
0.00213061791612825
0.78425104767332
0.213620789363339
0.00221088581516534
0.784168324821495
0.213621733457898
0.00225008211710854
0.784128184424994
0.213451820529
0
0.786548179471
0.213492979075831
0
0.786507020924169
0.213522188433671
0.00140148885469102
0.785076322711638
0.213570729803982
0.00167953336115056
0.784749736834868
0.213601164189082
0.00189267787863277
0.784506157932285
0.213612866052905
0.00206205325059591
0.7843250806965
0.213617243764884
0.0021818287872727
0.784200927447844
0.213619466834844
0.00225961703052136
0.784120916134635
0.213620542869885
0.00229711985313174
0.784082337276983
0.21350915555543
0.000598216039231137
0.785892628405338
0.213522188433671
0.00140148885469102
0.785076322711638
0.213558294048491
0.00161883167469018
0.784822874276818
0.213591730951841
0.00182452133721738
0.784583747710942
0.21360629573477
0.00201373782946996
0.78437996643576
0.21361103526202
0.00216712013540125
0.784221844602579
0.213612527022006
0.00228249585455041
0.784104977123444
0.213615008513807
0.00235575443475883
0.784029237051434
0.213616938476437
0.00239032630390919
0.783992735219654
0.213550361235275
0.00159059458988857
0.784859044174837
0.213570729803982
0.00167953336115057
0.784749736834868
0.213591730951841
0.00182452133721738
0.784583747710942
0.213602570737934
0.00199072910793633
0.784406700154129
0.213605715730328
0.00216513847750887
0.784229145792163
0.213601066413847
0.0023151798834133
0.78408375370274
0.213595398295764
0.00243188897883803
0.783972712725398
0.213602161016686
0.00249713287071693
0.783900706112597
0.213607945229694
0.0025247389804688
0.783867315789837
0.21359517257773
0.00182645847215936
0.78457836895011
0.213601164189082
0.00189267787863278
0.784506157932285
0.21360629573477
0.00201373782946995
0.78437996643576
0.213605715730328
0.00216513847750879
0.784229145792163
0.213594168328647
0.00233223728485052
0.784073594386502
0.213565596012553
0.00250101825726556
0.783933385730181
0.213541565324392
0.00263521001488542
0.783823224660723
0.213563175551978
0.00267939509207442
0.783757429355947
0.213586340488915
0.00269054636853085
0.783723113142554
0.213612153587879
0.00200612201124995
0.784381724400871
0.213612866052905
0.0020620532505959
0.7843250806965
0.21361103526202
0.00216712013540117
0.784221844602579
0.213601066413847
0.0023151798834133
0.78408375370274
0.213565596012553
0.00250101825726553
0.783933385730181
0.213534079119057
0.00271844693800181
0.783747473942941
0.213514987519697
0.00293040466643049
0.783554607813872
0.213535548731932
0.00289458955034842
0.78356986171772
0.213548337853455
0.00286610249398558
0.783585559652559
0.213618334410552
0.00213061791612823
0.78425104767332
0.213617243764884
0.00218182878727289
0.784200927447843
0.213612527022006
0.00228249585455038
0.784104977123444
0.213595398295764
0.00243188897883802
0.783972712725398
0.213541565324392
0.00263521001488514
0.783823224660723
0.213514987519697
0.00293040466643052
0.783554607813872
0.213433198957107
0.0035409394219243
0.783025861620969
0.213516154826882
0.00310155058146632
0.783382294591652
0.213541923891215
0.00300481063784475
0.78345326547094
0.213620789363339
0.00221088581516534
0.784168324821495
0.213619466834844
0.00225961703052107
0.784120916134635
0.213615008513807
0.00235575443475881
0.784029237051434
0.213602161016686
0.00249713287071675
0.783900706112597
0.213563175551978
0.00267939509207435
0.783757429355947
0.213535548731932
0.00289458955034833
0.78356986171772
0.213516154826882
0.00310155058146633
0.783382294591652
0.213536798708622
0.0030694831352997
0.783393718156079
0.213547696015656
0.003041657724345
0.783410646259999
0.213621733457898
0.00225008211710838
0.784128184424994
0.213620542869885
0.00229711985313172
0.784082337276983
0.213616938476437
0.00239032630390907
0.783992735219654
0.213607945229694
0.00252473898046913
0.783867315789837
0.213586340488915
0.00269054636853071
0.783723113142554
0.213548337853455
0.00286610249398551
0.783585559652559
0.213541923891216
0.00300481063784471
0.78345326547094
0.213547696015656
0.00304165772434465
0.783410646259999
0.213569260213828
0.00304470859851204
0.78338603118766
0.301255612856913
0
0.698744387143088
0.30190523501784
0
0.69809476498216
0.302286261060672
0.000882078507168111
0.69683166043216
0.302390497083745
0.00149995086325096
0.696109552053004
0.302411847110638
0.00168471768429421
0.695903435205068
0.302425620816618
0.00183561823263036
0.695738760950752
0.302425620228116
0.00192974755047856
0.695644632221405
0.302428032082306
0.00199103379126261
0.695580934126432
0.302429192534186
0.00201993584677607
0.695550871619038
0.30190523501784
0
0.69809476498216
0.302204058406373
0.000661819126252594
0.697134122467374
0.30235169809353
0.00135493137161234
0.696293370534857
0.302400511890856
0.00156836902832826
0.696031119080816
0.30241554840192
0.00174008738876392
0.695844364209316
0.302426615046733
0.00188863615502774
0.695684748798239
0.302426302194771
0.00197781088611257
0.695595886919116
0.302428596034165
0.00203658803204145
0.695534815933794
0.302429758319175
0.00206494191567865
0.695505299765146
0.302286261060672
0.000882078507168117
0.69683166043216
0.30235169809353
0.0013549313716125
0.696293370534857
0.302394978782571
0.0015187958223694
0.69608622539506
0.302410960073851
0.00168979442253804
0.695899245503611
0.302426716203337
0.00186443545622095
0.695708848340442
0.30242403016491
0.00198594286789736
0.695590026967192
0.302426654495208
0.0020768525033236
0.695496493001468
0.302429045414736
0.00213141882201521
0.695439535763248
0.302430440925943
0.0021561066549904
0.695413452419066
0.302390497083745
0.00149995086325097
0.696109552053004
0.302400511890856
0.00156836902832828
0.696031119080815
0.302410960073851
0.00168979442253802
0.695899245503611
0.302426533202063
0.00185624519756116
0.695717221600376
0.302422192946938
0.0020025839256803
0.695575223127382
0.30242332152946
0.00213622149247212
0.695440456978067
0.302423744658053
0.0022339909811609
0.695342264360786
0.302427521327143
0.00227396166542191
0.695298517007435
0.302430126233523
0.00228976493853544
0.695280108827942
0.302411847110638
0.00168471768429421
0.695903435205068
0.30241554840192
0.00174008738876387
0.695844364209316
0.302426716203337
0.00186443545622104
0.695708848340442
0.302422192946938
0.00200258392568032
0.695575223127382
0.302421414889344
0.0021688483695174
0.695409736741139
0.302414766405215
0.00234598016361574
0.69523925343117
0.302394826131951
0.00248155223488466
0.695123621633164
0.302417677008822
0.00246693991164318
0.695115383079534
0.302426627458489
0.00245753493756556
0.695115837603946
0.302425620816618
0.00183561823263037
0.695738760950751
0.302426615046733
0.0018886361550277
0.695684748798239
0.30242403016491
0.00198594286789739
0.695590026967192
0.302423321529461
0.00213622149247195
0.695440456978068
0.302414766405215
0.00234598016361578
0.69523925343117
0.302329299900525
0.0026450623311617
0.695025637768313
0.302121178414892
0.00305154689670066
0.694827274688407
0.302323823114194
0.00272915686307211
0.694947020022733
0.302413743991665
0.0026349155752873
0.694951340433048
0.302425620228116
0.0019297475504785
0.695644632221406
0.302426302194771
0.00197781088611251
0.695595886919116
0.302426654495208
0.00207685250332355
0.695496493001468
0.302423744658053
0.00223399098116091
0.695342264360786
0.302394826131951
0.00248155223488476
0.695123621633164
0.302121178414892
0.00305154689670062
0.694827274688407
0.300953111362498
0.00797957069489137
0.691067317942611
0.302111004848984
0.00305877617291252
0.694830218978104
0.302365856617884
0.00275663673175994
0.694877506650356
0.302428032082306
0.00199103379126258
0.695580934126432
0.302428596034165
0.00203658803204134
0.695534815933794
0.302429045414736
0.00213141882201518
0.695439535763249
0.302427521327144
0.00227396166542167
0.695298517007434
0.302417677008822
0.0024669399116431
0.695115383079535
0.302323823114194
0.00272915686307217
0.694947020022733
0.302111004848984
0.00305877617291265
0.694830218978103
0.30231547320635
0.00280896511109531
0.694875561682554
0.302410231242381
0.00274744935708042
0.694842319400539
0.302429192534186
0.00201993584677621
0.695550871619038
0.302429758319175
0.00206494191567851
0.695505299765146
0.302430440925943
0.00215610665499047
0.695413452419066
0.302430126233523
0.00228976493853534
0.695280108827942
0.302426627458489
0.00245753493756565
0.695115837603946
0.302413743991665
0.00263491557528733
0.694951340433048
0.302365856617884
0.00275663673175996
0.694877506650356
0.302410231242381
0.0027474493570804
0.694842319400539
0.302428577543807
0.00274178329559156
0.694829639160602
