0.164249175063848
0
0.835750824936152
0.164411979549669
0
0.835588020450331
0.164425540041449
0
0.835574459958551
0.164433731083661
0
0.835566268916339
0.164438295476128
0
0.835561704523872
0.164441127870965
0.00340271855338625
0.832156153575649
0.164442738264445
0.00461677427195863
0.830940487463596
0.164443709896441
0.0046699582114487
0.83088633189211
0.164444188771233
0.00469738541810876
0.830858425810658
0.164411979549669
0
0.835588020450331
0.164422374994902
0
0.835577625005098
0.164430620827209
0
0.835569379172791
0.164435872951567
0
0.835564127048433
0.164439610734368
0.000359352584236359
0.835201036681395
0.164441829394643
0.00458378272572523
0.830974387879632
0.164443308578116
0.00466846620661551
0.830888225215269
0.164444256461908
0.00472513574853224
0.83083060778956
0.164444718483751
0.00475169604929234
0.830803585466957
0.164425540041449
0
0.835574459958551
0.164430620827209
0
0.835569379172791
0.164434810753697
0
0.835565189246304
0.16443874419553
0
0.83556125580447
0.164441070348995
0.00413689380997634
0.831422035841029
0.164443056317626
0.0047073595505179
0.830849584131856
0.164444424662255
0.00478910648074789
0.830766468856998
0.164445318776299
0.00484086748482082
0.830713813738881
0.164445747729561
0.00486395544605656
0.830690296824382
0.164433731083661
0
0.835566268916339
0.164435872951567
0
0.835564127048433
0.16443874419553
0
0.83556125580447
0.164440783771451
0.00380560662066259
0.831753609607887
0.164442949709504
0.00475066396648009
0.830806386324016
0.164444660953995
0.00487483358064214
0.830680505465363
0.164446011370888
0.00496770151363828
0.830586287115473
0.16444683356546
0.00500976518856836
0.830543401245972
0.164447206054965
0.00502561426922133
0.830527179675814
0.164438295476128
0
0.835561704523872
0.164439610734368
0.000359352584236392
0.835201036681395
0.164441070348995
0.00413689380997634
0.831422035841029
0.164442949709504
0.00475066396648018
0.830806386324015
0.164444790324606
0.00491941947998671
0.830635790195407
0.164446612751491
0.00508887298776698
0.830464514260742
0.164448038313186
0.00519928132862952
0.830352680358184
0.164448746045958
0.00521348422254744
0.830337769731495
0.164448991243903
0.00521392907960875
0.830337079676489
0.164441127870965
0.00340271855338627
0.832156153575649
0.164441829394643
0.00458378272572537
0.830974387879632
0.164443056317626
0.00470735955051805
0.830849584131856
0.164444660953995
0.00487483358064218
0.830680505465363
0.164446612751491
0.00508887298776704
0.830464514260742
0.164448655305295
0.00531459305520294
0.830236751639502
0.164450287137921
0.00546400421321365
0.830085708648866
0.164450793200874
0.00541328002377351
0.830135926775352
0.164450840676831
0.00538885277676078
0.830160306546408
0.164442738264445
0.00461677427195844
0.830940487463597
0.164443308578116
0.00466846620661559
0.830888225215269
0.164444424662255
0.00478910648074783
0.830766468856998
0.164446011370888
0.00496770151363841
0.830586287115473
0.164448038313186
0.00519928132862963
0.830352680358184
0.164450287137921
0.00546400421321365
0.830085708648866
0.16445213000019
0.005664919923784
0.829882950076026
0.164452426546163
0.005533009947031
0.830014563506806
0.164452294410384
0.00549286857378572
0.83005483701583
0.164443709896441
0.00466995821144866
0.83088633189211
0.164444256461908
0.00472513574853222
0.83083060778956
0.164445318776299
0.00484086748482091
0.830713813738881
0.16444683356546
0.0050097651885683
0.830543401245972
0.164448746045958
0.00521348422254761
0.830337769731495
0.164450793200874
0.00541328002377376
0.830135926775352
0.164452426546163
0.00553300994703097
0.830014563506806
0.164452905383386
0.00550788873167601
0.830039205884938
0.164452914511504
0.00550674132846281
0.830040344160033
0.164444188771233
0.00469738541810878
0.830858425810658
0.164444718483751
0.0047516960492924
0.830803585466957
0.164445747729561
0.00486395544605656
0.830690296824382
0.164447206054965
0.00502561426922136
0.830527179675814
0.164448991243903
0.00521392907960872
0.830337079676489
0.164450840676831
0.00538885277676074
0.830160306546408
0.164452294410384
0.00549286857378557
0.83005483701583
0.164452914511504
0.00550674132846285
0.830040344160033
0.164453072482215
0.00551203570045165
0.830034891817333
0.182280811209506
0
0.817719188790494
0.182490277546081
0
0.817509722453919
0.18253120178092
0
0.81746879821908
0.182546364765549
0
0.817453635234451
0.182554554084911
0.00417040059394648
0.813275045321143
0.182564107612535
0.00445905346784567
0.812976838919619
0.18256973094457
0.0045840537873229
0.812846215268107
0.182572110756571
0.0046624300742702
0.812765459169159
0.182573073699318
0.00469981931205507
0.812727106988626
0.182490277546081
0
0.817509722453919
0.182521726075108
0
0.817478273924892
0.182538968682929
0
0.817461031317071
0.182549532762098
0.00320769054075955
0.814242776697143
0.182557295323582
0.00433891145439036
0.813103793222027
0.182565242724723
0.00451844508876294
0.812916312186514
0.18256945125772
0.00463715935062459
0.812793389391655
0.182571605795764
0.00471354304537131
0.812714851158864
0.182572622448473
0.00474987789129505
0.812677499660232
0.18253120178092
0
0.81746879821908
0.182538968682929
0
0.817461031317071
0.182547373507327
0.00263936124925503
0.814813265243418
0.182553537658061
0.00417767770302113
0.813268784638917
0.182560539632531
0.00447353431350043
0.812965926053969
0.182565142134706
0.00462760064835448
0.812807257216939
0.182567161114614
0.00474077643621049
0.812692062449175
0.182569375793626
0.00481310962322212
0.812617514583152
0.182570903408095
0.00484738161484814
0.812581714977057
0.182546364765549
0
0.817453635234451
0.182549532762098
0.00320769054075952
0.814242776697143
0.182553537658061
0.00417767770302116
0.813268784638918
0.182559216227145
0.00445714283423244
0.812983640938623
0.182561956966416
0.00462915599423466
0.81280888703935
0.18256182723084
0.00477670447304685
0.812661468296114
0.18256199349221
0.004886460358816
0.812551546148974
0.182564068672892
0.0049527108419377
0.81248322048517
0.182566517182281
0.00498302418470112
0.812450458633018
0.182554554084911
0.00417040059394662
0.813275045321143
0.182557295323582
0.00433891145439019
0.813103793222028
0.182560539632531
0.00447353431350045
0.812965926053969
0.182561956966416
0.00462915599423465
0.81280888703935
0.18256049150275
0.00479515761754229
0.812644350879708
0.182559531875422
0.00494734190615042
0.812493126218427
0.182557944954455
0.00505480323751433
0.812387251808031
0.182561557289422
0.00511460095016607
0.812323841760412
0.182564160553547
0.00514042641770308
0.81229541302875
0.182564107612535
0.0044590534678457
0.812976838919619
0.182565242724723
0.00451844508876297
0.812916312186514
0.182565142134706
0.00462760064835444
0.812807257216939
0.18256182723084
0.00477670447304714
0.812661468296113
0.182559531875422
0.00494734190615034
0.812493126218427
0.182553509404969
0.00510616919430715
0.812340321400724
0.182542894716175
0.00520105560027134
0.812256049683554
0.182555230490523
0.00526195067429696
0.81218281883518
0.182562088102624
0.00528927008171362
0.812148641815662
0.18256973094457
0.00458405378732264
0.812846215268107
0.18256945125772
0.00463715935062452
0.812793389391655
0.182567161114614
0.00474077643621044
0.812692062449176
0.18256199349221
0.00488646035881579
0.812551546148974
0.182557944954455
0.00505480323751431
0.812387251808031
0.182542894716175
0.00520105560027159
0.812256049683554
0.182503319806127
0.00525532193650923
0.812241358257364
0.182544403030741
0.00534436159273816
0.812111235376521
0.182559808138017
0.00539154815539676
0.812048643706586
0.182572110756571
0.00466243007427018
0.812765459169159
0.182571605795764
0.00471354304537141
0.812714851158864
0.182569375793626
0.00481310962322238
0.812617514583152
0.182564068672892
0.00495271084193766
0.81248322048517
0.182561557289422
0.00511460095016659
0.812323841760412
0.182555230490523
0.00526195067429667
0.81218281883518
0.182544403030741
0.00534436159273814
0.812111235376521
0.182556775214028
0.00541434627588534
0.812028878510087
0.182562864982939
0.00544926271562131
0.81198787230144
0.182573073699318
0.00469981931205491
0.812727106988627
0.182572622448473
0.00474987789129495
0.812677499660232
0.182570903408095
0.00484738161484787
0.812581714977057
0.182566517182281
0.00498302418470118
0.812450458633018
0.182564160553547
0.00514042641770298
0.81229541302875
0.182562088102624
0.00528927008171364
0.812148641815662
0.182559808138017
0.00539154815539668
0.812048643706586
0.182562864982939
0.00544926271562124
0.81198787230144
0.182565858547004
0.00547429351082484
0.811959847942171
0.213143812404307
0
0.786856187595693
0.213425140602673
0
0.786574859397328
0.213529568181318
0.000409494250659635
0.786060937568023
0.213585540936516
0.0038187853243551
0.782595673739129
0.213665986593495
0.00406168652115024
0.782272326885355
0.213698204784166
0.00424244025386078
0.782059354961973
0.213710000102386
0.00436755413548716
0.781922445762127
0.213714529790337
0.00444757867351209
0.781837891536151
0.213716156018389
0.00448637978422574
0.781797464197386
0.213425140602673
0
0.786574859397328
0.213501944749764
0
0.786498055250236
0.213551127344774
0.00333156964569748
0.783117303009528
0.213620022027379
0.00391300884046223
0.782466969132159
0.213676382877734
0.00412733738924247
0.782196279733023
0.213699350635457
0.00429898794585803
0.782001661418685
0.21370762309718
0.00441883650073879
0.781873540402081
0.213711548305002
0.00449616379065258
0.781792287904345
0.213713382284921
0.00453328236600072
0.781753335349078
0.213529568181318
0.00040949425065952
0.786060937568023
0.213551127344774
0.00333156964569747
0.783117303009528
0.213596577817318
0.0038506838332333
0.782552738349449
0.213657477067837
0.00405885797722204
0.782283664954941
0.213686432054986
0.00425120252026263
0.782062365424751
0.213695371787601
0.00440491698220661
0.781899711230192
0.21369769564615
0.00451915530586676
0.781783149047983
0.213702002031527
0.0045917289596502
0.781706269008823
0.213705463860047
0.00462613532567952
0.781668400814274
0.213585540936516
0.00381878532435513
0.782595673739129
0.213620022027379
0.00391300884046227
0.782466969132159
0.213657477067837
0.00405885797722203
0.782283664954941
0.213679419850524
0.00422795092215486
0.782092629227321
0.213684274783023
0.00440379971883534
0.781911925498142
0.213673924965447
0.0045518263353144
0.781774248699238
0.213661811794246
0.00466518218276198
0.781673006022992
0.21367461171229
0.0047300990575877
0.781595289230123
0.213686374885935
0.0047586564772502
0.781554968636815
0.213665986593495
0.00406168652115021
0.782272326885355
0.213676382877734
0.00412733738924254
0.782196279733023
0.213686432054986
0.00425120252026265
0.782062365424751
0.213684274783023
0.00440379971883533
0.781911925498142
0.213659897806354
0.00456899953547145
0.781771102658175
0.21360348601126
0.00473128234686061
0.78166523164188
0.213573545967445
0.00485613948964532
0.78157031454291
0.213599317708306
0.00490276622275388
0.78149791606894
0.213641715894485
0.0049188828640227
0.781439401241493
0.213698204784166
0.00424244025386076
0.782059354961973
0.213699350635457
0.00429898794585824
0.782001661418685
0.213695371787601
0.00440491698220683
0.781899711230192
0.213673924965447
0.00455182633531445
0.781774248699238
0.21360348601126
0.00473128234686053
0.78166523164188
0.213557296704478
0.00493332924347629
0.781509374052045
0.213515287422187
0.00512557948171608
0.781359133096097
0.213557445098772
0.00509687242168343
0.781345682479545
0.213581719467309
0.00508318709072058
0.78133509344197
0.213710000102386
0.00436755413548706
0.781922445762127
0.21370762309718
0.00441883650073911
0.781873540402081
0.21369769564615
0.0045191553058668
0.781783149047983
0.213661811794246
0.00466518218276178
0.781673006022992
0.213573545967445
0.0048561394896451
0.78157031454291
0.213515287422187
0.00512557948171615
0.781359133096097
0.213344910521742
0.00584375239587874
0.780811337082379
0.213514770225994
0.00527649494714768
0.781208734826858
0.213568579551401
0.0052076822921252
0.781223738156474
0.213714529790337
0.00444757867351207
0.781837891536151
0.213711548305003
0.00449616379065218
0.781792287904345
0.213702002031527
0.00459172895965009
0.781706269008823
0.213674611712289
0.00473009905758763
0.781595289230123
0.213599317708306
0.00490276622275385
0.78149791606894
0.213557445098772
0.00509687242168342
0.781345682479545
0.213514770225994
0.00527649494714772
0.781208734826858
0.213557134119625
0.00525800691310152
0.781184858967274
0.213579747893696
0.00524915068400814
0.781171101422296
0.213716156018389
0.00448637978422561
0.781797464197386
0.213713382284921
0.0045332823660008
0.781753335349078
0.213705463860047
0.00462613532567923
0.781668400814274
0.213686374885935
0.00475865647725059
0.781554968636814
0.213641715894485
0.00491888286402266
0.781439401241493
0.213581719467309
0.00508318709072056
0.78133509344197
0.213568579551401
0.0052076822921251
0.781223738156474
0.213579747893696
0.00524915068400768
0.781171101422296
0.213605369714919
0.00526024669104745
0.781134383594034
0.300223637244543
0
0.699776362755458
0.301410822888878
0
0.698589177111122
0.302063934652075
0.00087742301967102
0.697058642328254
0.302305891870481
0.00354135831877838
0.69415274981074
0.302357583853017
0.00371627777958626
0.693926138367396
0.302379547795043
0.00385352686144264
0.693766925343514
0.30238382851254
0.00393504943537408
0.693681122052086
0.302387815550365
0.00398658176848884
0.693625602681147
0.302389643511979
0.00400960793810885
0.693600748549913
0.301410822888878
0
0.698589177111122
0.301903032502107
6.44136888835547e-05
0.69803255380901
0.302211043120147
0.00338207160875926
0.694406885271094
0.302333511068582
0.00360498626528842
0.694061502666129
0.302364273388402
0.00377036877127201
0.693865357840326
0.302381224605423
0.00390803705255511
0.693710738342022
0.30238436069763
0.00398515566051204
0.693630483641858
0.302388054814029
0.0040341203722904
0.693577824813681
0.302389911967046
0.00405675073619849
0.693553337296755
0.302063934652075
0.000877423019671092
0.697058642328254
0.302211043120147
0.00338207160875934
0.694406885271094
0.302321243615479
0.00355411671271187
0.694124639671809
0.30235508340956
0.00372862243529604
0.693916294155144
0.302377419367271
0.00390027555783307
0.693722305074896
0.302379294573554
0.00401294904653677
0.693607756379909
0.302383099300357
0.00409170388670639
0.693525196812937
0.302387016127815
0.00413528650934232
0.693477697362843
0.302389448467121
0.00415435398701365
0.693456197545865
0.302305891870481
0.00354135831877846
0.69415274981074
0.302333511068582
0.00360498626528857
0.694061502666129
0.30235508340956
0.00372862243529598
0.693916294155144
0.302375486410622
0.00389969866922689
0.693724814920151
0.302374959645654
0.00404764794869114
0.693577392405655
0.302374672605573
0.00417696043350595
0.693448366960921
0.302372537426688
0.00426249407456244
0.69336496849875
0.302380279630428
0.00428633130472982
0.693333389064842
0.302385781210045
0.00429650221781662
0.693317716572138
0.302357583853017
0.00371627777958621
0.693926138367396
0.302364273388402
0.00377036877127193
0.693865357840326
0.302377419367271
0.00390027555783314
0.693722305074896
0.302374959645654
0.00404764794869109
0.693577392405655
0.302369863889088
0.00422462888582739
0.693405507225085
0.302349091401338
0.00441145512430445
0.693239453474357
0.302287382405858
0.00454173399358086
0.693170883600561
0.30234955701047
0.00448649120377181
0.693163951785758
0.302373446149269
0.00447081007941826
0.693155743771313
0.302379547795043
0.00385352686144277
0.693766925343514
0.302381224605423
0.00390803705255505
0.693710738342022
0.302379294573554
0.0040129490465368
0.693607756379909
0.302374672605573
0.00417696043350587
0.693448366960921
0.302349091401338
0.0044114551243045
0.693239453474357
0.302155261952803
0.00476854984120188
0.693076188205995
0.301741284993456
0.00530718620976866
0.692951528796775
0.302141279516448
0.00476442279355332
0.693094297689998
0.302324635827393
0.00464385374504922
0.693031510427558
0.30238382851254
0.00393504943537415
0.693681122052086
0.30238436069763
0.00398515566051198
0.693630483641858
0.302383099300357
0.00409170388670629
0.693525196812937
0.302372537426688
0.00426249407456252
0.69336496849875
0.302287382405858
0.00454173399358102
0.693170883600561
0.301741284993456
0.0053071862097686
0.692951528796775
0.299585633044271
0.0142493365654623
0.686165030390267
0.301717198714643
0.00514427023786002
0.693138531047497
0.302223902528261
0.0047340251627368
0.693042072309002
0.302387815550365
0.00398658176848886
0.693625602681146
0.302388054814029
0.00403412037229035
0.693577824813681
0.302387016127815
0.00413528650934226
0.693477697362843
0.302380279630429
0.00428633130472966
0.693333389064842
0.30234955701047
0.00448649120377174
0.693163951785759
0.302141279516448
0.00476442279355321
0.693094297689998
0.301717198714643
0.00514427023785984
0.693138531047497
0.30212194091355
0.00475072113238396
0.693127337954066
0.302313042448927
0.00470011707900661
0.692986840472066
0.302389643511978
0.00400960793810902
0.693600748549913
0.302389911967047
0.00405675073619835
0.693553337296755
0.302389448467121
0.00415435398701361
0.693456197545865
0.302385781210045
0.00429650221781645
0.693317716572139
0.302373446149269
0.0044708100794182
0.693155743771313
0.302324635827393
0.00464385374504924
0.693031510427558
0.302223902528261
0.00473402516273674
0.693042072309002
0.302313042448927
0.00470011707900652
0.692986840472066
0.302368488352041
0.00470437953734928
0.69292713211061
