0.164192594830557
0
0.835807405169443
0.164425671041749
0
0.835574328958251
0.164442619284653
0
0.835557380715347
0.16445299516094
0
0.83554700483906
0.164458989325725
0
0.835541010674275
0.164462556887985
0.00270644579205622
0.832830997319959
0.164464297452526
0.00700269355612531
0.828533008991348
0.164465292535156
0.00703958470353448
0.82849512276131
0.164465768010285
0.00705869312891742
0.828475538860798
0.164425671041749
0
0.835574328958251
0.164438946200156
0
0.835561053799844
0.164449105571808
0
0.835550894428193
0.164456000359701
0
0.835543999640299
0.164460778192587
0
0.835539221807413
0.164463275668789
0.00601877828991517
0.829517946041296
0.164464872294084
0.00705574938295652
0.828479378322959
0.16446582091532
0.00709678208069771
0.828437397003982
0.16446627971255
0.00711521083625802
0.828418509451192
0.164442619284653
0
0.835557380715347
0.164449105571808
0
0.835550894428193
0.164454739961091
0
0.835545260038909
0.16445965245372
0
0.83554034754628
0.164462418647415
0.00368393825400822
0.831853643098577
0.16446457472128
0.00712257733064956
0.82841284794807
0.16446595677068
0.00718403810865589
0.828350005120664
0.164466842734215
0.00722052771519162
0.828312629550593
0.164467269628114
0.00723534284352255
0.828297387528364
0.16445299516094
0
0.83554700483906
0.164456000359701
0
0.835543999640299
0.16445965245372
0
0.83554034754628
0.164462106684522
0.00227759410367606
0.833260299211802
0.16446441889224
0.00718983671076907
0.82834574439699
0.16446615710147
0.00730035609497508
0.828233486803555
0.164467477969934
0.00737648681762867
0.828156035212438
0.164468293049095
0.0074013471060555
0.82813035984485
0.164468669620734
0.00740838454873393
0.828122945830532
0.164458989325725
0
0.835541010674275
0.164460778192587
0
0.835539221807413
0.164462418647415
0.00368393825400826
0.831853643098577
0.16446441889224
0.00718983671076923
0.82834574439699
0.164466273887669
0.00736095184345717
0.828172774268874
0.16446804379511
0.00752974687025325
0.828002209334637
0.164469422219716
0.00762776279965824
0.827902814980626
0.164470136896252
0.00761675438560739
0.827913108718141
0.164470393799109
0.00760656324214708
0.827923042958744
0.164462556887985
0.00270644579205609
0.832830997319959
0.164463275668789
0.00601877828991529
0.829517946041296
0.16446457472128
0.00712257733064961
0.82841284794807
0.16446615710147
0.00730035609497505
0.828233486803555
0.16446804379511
0.00752974687025321
0.828002209334637
0.164469990838233
0.0077707476475506
0.827759261514217
0.164471507324374
0.00791531739888624
0.82761317527674
0.16447208542051
0.00781880612368781
0.827709108455802
0.164472178467171
0.00778176785346883
0.827746053679361
0.164464297452527
0.00700269355612508
0.828533008991348
0.164464872294084
0.00705574938295643
0.828479378322959
0.16446595677068
0.00718403810865572
0.828350005120665
0.164467477969934
0.00737648681762857
0.828156035212438
0.164469422219716
0.00762776279965822
0.827902814980626
0.164471507324374
0.00791531739888624
0.82761317527674
0.164473034103891
0.0081186337172647
0.827408332178844
0.164473601054695
0.00791840322205046
0.827607995723254
0.164473577509024
0.00786895565954123
0.827657466831435
0.164465292535156
0.00703958470353448
0.82849512276131
0.16446582091532
0.0070967820806977
0.828437397003982
0.164466842734215
0.00722052771519177
0.828312629550593
0.164468293049095
0.00740134710605528
0.82813035984485
0.164470136896252
0.00761675438560749
0.827913108718141
0.16447208542051
0.00781880612368807
0.827709108455802
0.164473601054695
0.00791840322205042
0.827607995723255
0.164474151420333
0.00786172058744189
0.827664127992225
0.164474203663708
0.00786117276060477
0.827664623575687
0.164465768010285
0.00705869312891743
0.828475538860798
0.16446627971255
0.00711521083625801
0.828418509451192
0.164467269628114
0.00723534284352257
0.828297387528364
0.164468669620734
0.0074083845487339
0.828122945830532
0.164470393799109
0.00760656324214698
0.827923042958744
0.164472178467171
0.00778176785346852
0.827746053679361
0.164473577509024
0.007868955659541
0.827657466831435
0.164474203663708
0.00786117276060486
0.827664623575687
0.164474377604127
0.00786250735929239
0.827663115036581
0.182195756042375
0
0.817804243957625
0.182502200291463
0
0.817497799708537
0.182559507331593
0
0.817440492668407
0.182578592887208
0
0.817421407112793
0.182588136843277
0.00592340801106348
0.811488455145659
0.182598249344473
0.0067815741450836
0.810620176510443
0.182604984166191
0.00690327945511878
0.810491736378691
0.182608408811528
0.00697771650522801
0.810413874683244
0.182609703093678
0.00701234147216808
0.810377955434154
0.182502200291463
0
0.817497799708537
0.182546498602
0
0.817453501398
0.182569309331297
0
0.817430690668703
0.182581983384523
0.00348419817216829
0.813933818443309
0.182590842432493
0.00657786589284621
0.810831291674661
0.182599522843107
0.00684125746389331
0.810559219693
0.182604357468655
0.00695641373594475
0.8104392287954
0.182607352025727
0.00702906826094331
0.81036357971333
0.182608712796445
0.00706289866084601
0.810328388542709
0.182559507331593
0
0.817440492668407
0.182569309331297
0
0.817430690668703
0.182579261039798
0.00208265264275959
0.815338086317443
0.182586685580756
0.00626661147073455
0.811146702948509
0.182594225751511
0.00680044300994334
0.810605331238546
0.18259945714821
0.0069520550681984
0.810448487783592
0.182601643770198
0.00706022960544363
0.810338126624359
0.182604001371013
0.00712869774081262
0.810267300888174
0.182605633841177
0.00716104841520379
0.810233317743619
0.182578592887208
0
0.817421407112792
0.182581983384523
0.00348419817216832
0.813933818443309
0.182586685580756
0.00626661147073452
0.811146702948509
0.182592629150815
0.00678603644160759
0.810621334407578
0.182595863987441
0.00695798520138985
0.810446150811169
0.182595578478752
0.00710073125642709
0.810303690264821
0.182595421233089
0.00720341408695563
0.810201164679956
0.182597862292455
0.0072662000501979
0.810135937657347
0.182600646835001
0.00729575610900752
0.810103597055991
0.182588136843277
0.00592340801106351
0.811488455145659
0.182590842432493
0.00657786589284589
0.810831291674661
0.182594225751511
0.00680044300994353
0.810605331238546
0.182595863987441
0.00695798520138969
0.810446150811169
0.182593817962654
0.00712154824572313
0.810284633791622
0.182591303915983
0.00726477728101213
0.810143918803005
0.182588128452578
0.00735861239537795
0.810053259152044
0.182593144137906
0.00741842913434203
0.809988426727752
0.182596944626699
0.00744784797294292
0.809955207400358
0.182598249344473
0.00678157414508368
0.810620176510443
0.182599522843107
0.00684125746389331
0.810559219693
0.18259945714821
0.00695205506819821
0.810448487783592
0.182595578478752
0.00710073125642723
0.810303690264821
0.182591303915983
0.00726477728101194
0.810143918803005
0.182581126798807
0.00740316856806143
0.810015704633131
0.182564197240269
0.00746044857070918
0.809975354189022
0.182582490011243
0.00753891877567676
0.80987859121308
0.1825927347411
0.00758347701151439
0.809823788247386
0.182604984166191
0.00690327945511856
0.810491736378691
0.182604357468655
0.00695641373594483
0.8104392287954
0.182601643770198
0.00706022960544337
0.810338126624359
0.182595421233089
0.00720341408695546
0.810201164679956
0.182588128452578
0.00735861239537788
0.810053259152044
0.182564197240269
0.00746044857070947
0.809975354189021
0.182503565685699
0.00742215851879081
0.81007427579551
0.182565218546383
0.00757692409641345
0.809857857357204
0.182588485153612
0.00766733027032976
0.809744184576058
0.182608408811528
0.00697771650522807
0.810413874683244
0.182607352025727
0.00702906826094342
0.81036357971333
0.182604001371013
0.00712869774081277
0.810267300888174
0.182597862292455
0.00726620005019793
0.810135937657347
0.182593144137906
0.00741842913434244
0.809988426727752
0.182582490011243
0.00753891877567614
0.80987859121308
0.182565218546383
0.00757692409641344
0.809857857357204
0.182583589052953
0.00767034082379879
0.809746070123248
0.182593139870141
0.00772785053468361
0.809679009595175
0.182609703093678
0.00701234147216788
0.810377955434154
0.182608712796445
0.00706289866084584
0.81032838854271
0.182605633841177
0.00716104841520345
0.81023331774362
0.182600646835001
0.00729575610900774
0.810103597055991
0.182596944626699
0.00744784797294293
0.809955207400358
0.1825927347411
0.00758347701151435
0.809823788247386
0.182588485153612
0.00766733027032964
0.809744184576059
0.182593139870141
0.00772785053468356
0.809679009595175
0.182597530228344
0.00776049278314248
0.809641976988514
0.212982438405194
0
0.787017561594806
0.213394299525536
0
0.786605700474464
0.213547857629055
0
0.786452142370945
0.213618162581244
0.00587780796956978
0.780504029449187
0.213714697385268
0.00629870200737725
0.779986600607355
0.213761782414944
0.00647690457002267
0.779761313015034
0.21378092819128
0.0066006210817346
0.779618450726986
0.213788057942713
0.00667910454201339
0.779532837515274
0.213790557568618
0.00671684324530186
0.77949259918608
0.213394299525536
0
0.786605700474464
0.213509614579703
0
0.786490385420297
0.21357757323815
0.00474236467126363
0.781680062090586
0.21365445989591
0.00614988007323631
0.780195660030853
0.213729032423933
0.00636362038369389
0.779907347192373
0.213763647357054
0.00653327991807041
0.779703072724876
0.213777501993613
0.00665146633008272
0.779571031676304
0.21378358478599
0.00672713874353885
0.779489276470471
0.213786329330078
0.00676325339668051
0.779450417273241
0.213547857629055
0
0.786452142370945
0.21357757323815
0.00474236467126372
0.781680062090586
0.213629505723606
0.00608658675284531
0.780283907523548
0.213701420462527
0.00629623263838535
0.780002346899087
0.213743073785881
0.00648691356486951
0.77977001264925
0.213757935651618
0.0066389603774633
0.779603103970919
0.213762227015169
0.00675061754621362
0.779487155438618
0.21376901502137
0.0068214353231481
0.779409549655482
0.213774336641442
0.00685511420623626
0.779370549152322
0.213618162581244
0.00587780796956971
0.780504029449187
0.21365445989591
0.00614988007323634
0.780195660030853
0.213701420462527
0.00629623263838507
0.780002346899088
0.213732703662737
0.00646437352053826
0.779802922816725
0.213740355646644
0.00663907855642767
0.779620565796928
0.213725855738524
0.00678359841021035
0.779490545851265
0.213708329357874
0.00689234180278506
0.779399328839341
0.213727066668704
0.00695596025293911
0.779316973078357
0.213744540217346
0.00698494670839315
0.779270513074261
0.213714697385268
0.00629870200737703
0.779986600607355
0.213729032423933
0.00636362038369391
0.779907347192373
0.213743073785881
0.00648691356486956
0.77977001264925
0.213740355646644
0.00663907855642778
0.779620565796928
0.213705006275689
0.00680101872625644
0.779493974998054
0.213637362046054
0.00695559976969364
0.779407038184252
0.213602598718992
0.00707009549785812
0.77932730578315
0.213632626398106
0.00711825608517372
0.77924911751672
0.2136782979859
0.00713879215695785
0.779182909857142
0.213761782414944
0.00647690457002263
0.779761313015034
0.213763647357054
0.00653327991807087
0.779703072724876
0.213757935651618
0.00663896037746371
0.779603103970919
0.213725855738524
0.00678359841021039
0.779490545851265
0.213637362046054
0.00695559976969347
0.779407038184252
0.213577470014331
0.00714133789866877
0.779281192087
0.213512310226361
0.00731326425399431
0.779174425519644
0.213576285261161
0.00729062926065898
0.77913308547818
0.213612193280764
0.0072911377621081
0.779096668957128
0.21378092819128
0.00660062108173465
0.779618450726985
0.213777501993613
0.00665146633008255
0.779571031676305
0.213762227015169
0.00675061754621366
0.779487155438617
0.213708329357874
0.00689234180278484
0.779399328839341
0.213602598718992
0.00707009549785822
0.77932730578315
0.213512310226361
0.00731326425399441
0.779174425519644
0.213253437443414
0.0081383036490398
0.778608258907546
0.213510051975787
0.00744255125647344
0.77904739676774
0.21359222832474
0.00740082405312685
0.779006947622134
0.213788057942713
0.00667910454201339
0.779532837515274
0.21378358478599
0.00672713874353843
0.779489276470471
0.21376901502137
0.00682143532314787
0.779409549655482
0.213727066668704
0.00695596025293942
0.779316973078356
0.213632626398106
0.00711825608517373
0.77924911751672
0.213576285261161
0.00729062926065892
0.77913308547818
0.213510051975787
0.00744255125647358
0.77904739676774
0.213574372321234
0.0074367153234294
0.778988912355337
0.213608861748378
0.007446266003518
0.778944872248104
0.213790557568618
0.00671684324530183
0.77949259918608
0.213786329330078
0.0067632533966806
0.779450417273241
0.213774336641442
0.00685511420623563
0.779370549152323
0.213744540217346
0.00698494670839357
0.77927051307426
0.2136782979859
0.00713879215695767
0.779182909857142
0.213612193280764
0.00729113776210796
0.779096668957128
0.21359222832474
0.00740082405312656
0.779006947622134
0.213608861748378
0.00744626600351765
0.778944872248104
0.213638615596983
0.00746500986216426
0.778896374540853
0.299298840025243
0
0.700701159974757
0.300947235529513
0
0.699052764470487
0.301843673568748
0
0.698156326431252
0.30221939710912
0.00522050699575393
0.692560095895127
0.302321634715165
0.00574715172536448
0.691931213559471
0.302354213071031
0.00586894120275075
0.691776845726218
0.302363514455856
0.00593688502231939
0.691699600521824
0.302369436764956
0.00597785996369398
0.69165270327135
0.30237204180722
0.00599454054245701
0.691633417650323
0.300947235529513
0
0.699052764470487
0.301611332823238
0
0.698388667176762
0.302066193651624
0.0045601822152907
0.693373624133086
0.302275903824238
0.0056415830645393
0.692082513111222
0.302332622163802
0.00579962943151881
0.691867748404679
0.30235669257138
0.00592455278308221
0.691718754645538
0.302363853836937
0.00598867495642978
0.691647471206634
0.302369254308334
0.00602704125716862
0.691603704434498
0.30237190924575
0.00604349706549719
0.691584593688753
0.301843673568748
0
0.698156326431252
0.302066193651624
0.00456018221529069
0.693373624133086
0.302247433435917
0.00558968663979532
0.692162879924288
0.302317699347514
0.00576687710717132
0.691915423545315
0.302348347396737
0.00593345233355599
0.691718200269707
0.302355268435512
0.0060362833691463
0.691608448195342
0.302360654070344
0.00610203706466578
0.69153730886499
0.302366372432442
0.00613390653660907
0.691499721030948
0.302370007326784
0.00614693555525297
0.691483057117963
0.30221939710912
0.00522050699575391
0.692560095895127
0.302275903824238
0.00564158306453934
0.692082513111222
0.302317699347514
0.00576687710717131
0.691915423545315
0.302344389803023
0.00594058814273597
0.691715022054241
0.302347818305758
0.00608897244728004
0.691563209246962
0.302345781774479
0.00621309181077679
0.691441126414744
0.302340348806263
0.00628558588781413
0.691374065305923
0.302352920351527
0.00629265041475675
0.691354429233716
0.302362187932236
0.0062968021963488
0.691341009871415
0.302321634715165
0.00574715172536439
0.691931213559471
0.302332622163802
0.00579962943151874
0.691867748404679
0.302348347396737
0.0059334523335561
0.691718200269707
0.302347818305758
0.00608897244728007
0.691563209246962
0.302337198952741
0.00627569656556082
0.691387104481699
0.302286283230206
0.00647127015809912
0.691242446611695
0.302182344802017
0.00659559868095928
0.691222056517024
0.302283576613544
0.00649920448916416
0.691217218897292
0.302338326589479
0.0064768506217869
0.691184822788734
0.302354213071031
0.00586894120275067
0.691776845726218
0.30235669257138
0.00592455278308213
0.691718754645538
0.302355268435512
0.00603628336914635
0.691608448195342
0.302345781774479
0.0062130918107767
0.691441126414744
0.302286283230206
0.00647127015809908
0.691242446611695
0.301983926093267
0.006885436441075
0.691130637465658
0.301371916790428
0.00755528695615872
0.691072796253413
0.301960928590138
0.0067923807022688
0.691246690707593
0.302237801262585
0.00664495961724848
0.691117239120167
0.302363514455856
0.00593688502231956
0.691699600521825
0.302363853836937
0.00598867495642966
0.691647471206634
0.302360654070344
0.00610203706466562
0.69153730886499
0.302340348806262
0.00628558588781406
0.691374065305923
0.302182344802017
0.00659559868095936
0.691222056517024
0.301371916790428
0.00755528695615873
0.691072796253413
0.298351659734952
0.0204855859454924
0.681162754319556
0.301332744233458
0.00722228860064541
0.691444967165896
0.302083469531298
0.00670334590719639
0.691213184561506
0.302369436764956
0.00597785996369413
0.69165270327135
0.302369254308334
0.00602704125716849
0.691603704434498
0.302366372432442
0.00613390653660894
0.691499721030949
0.302352920351527
0.00629265041475668
0.691354429233716
0.302283576613544
0.00649920448916418
0.691217218897292
0.301960928590138
0.00679238070226863
0.691246690707593
0.301332744233458
0.00722228860064531
0.691444967165897
0.301929676316285
0.00668463450338003
0.691385689180335
0.302217522016775
0.00664420813371561
0.691138269849509
0.302372041807219
0.00599454054245711
0.691633417650323
0.30237190924575
0.00604349706549694
0.691584593688753
0.302370007326784
0.00614693555525315
0.691483057117963
0.302362187932236
0.0062968021963485
0.691341009871415
0.302338326589479
0.0064768506217869
0.691184822788734
0.302237801262585
0.00664495961724842
0.691117239120167
0.302083469531298
0.00670334590719639
0.691213184561506
0.302217522016775
0.00664420813371553
0.691138269849509
0.302310478479467
0.00665792949369608
0.691031592026837
