0.164137172614471
0
0.835862827385529
0.164438544968147
0
0.835561455031853
0.164459069908868
0
0.835540930091132
0.164471572305097
0
0.835528427694903
0.164479155241104
0
0.835520844758896
0.164483854323881
0
0.835516145676119
0.164485732054556
0.00933034087544997
0.826183927069994
0.16448678752378
0.00942004490008911
0.826093167576131
0.164487259265861
0.00943079786276715
0.826081942871372
0.164438544968147
0
0.835561455031853
0.164454882885969
0
0.835545117114031
0.164466852676973
0
0.835533147323028
0.164475530207834
0
0.835524469792166
0.164481459139836
0
0.835518540860164
0.164484591638413
0.00577797278620766
0.82973743557538
0.16448633382418
0.00945426158579884
0.826059404590021
0.164487297457513
0.00947934894098262
0.826033353601505
0.164487752099573
0.00948946865087093
0.826022779249556
0.164459069908868
0
0.835540930091132
0.164466852676973
0
0.835533147323028
0.164474047175945
0
0.835525952824055
0.164479977832344
0
0.835520022167656
0.164483656824423
0
0.835516343175577
0.164485941107372
0.00949375291465948
0.826020305977969
0.164487399349369
0.00958995457311341
0.825922646077518
0.164488276354829
0.00961091055610414
0.825900813089067
0.164488700688653
0.00961737824172993
0.825893921069617
0.164471572305097
0
0.835528427694903
0.164475530207834
0
0.835524469792166
0.164479977832344
0
0.835520022167656
0.164483211651336
0
0.835516788348664
0.164485680368398
0.00897902179698149
0.82653529783462
0.164487555053991
0.00973689586834172
0.825775549077668
0.164488848868463
0.00979586676113264
0.825715284370405
0.164489656992829
0.00980339107616989
0.825706951931002
0.164490038349526
0.00980158158629052
0.825708380064184
0.164479155241104
0
0.835520844758896
0.164481459139836
0
0.835518540860164
0.164483656824423
0
0.835516343175577
0.164485680368398
0.00897902179698163
0.82653529783462
0.164487651454548
0.00981349976661511
0.825698848778837
0.164489371555396
0.00998108734227079
0.825529541102333
0.164490694619122
0.0100664424280622
0.825442862952816
0.164491421170601
0.010030222237705
0.825478356591694
0.164491694285695
0.0100093998824322
0.825498905831873
0.164483854323881
0
0.835516145676119
0.164484591638413
0.00577797278620775
0.82973743557538
0.164485941107372
0.00949375291465944
0.826020305977969
0.164487555053991
0.00973689586834186
0.825775549077668
0.164489371555396
0.0099810873422707
0.825529541102333
0.164491203508638
0.0102369184182029
0.825271878073159
0.164492576312368
0.0103764416896564
0.825130981997975
0.164493251034081
0.0102343484792009
0.825272400486718
0.164493403711406
0.0101847406798946
0.825321855608699
0.164485732054556
0.00933034087544993
0.826183927069994
0.16448633382418
0.009454261585799
0.826059404590021
0.164487399349369
0.00958995457311328
0.825922646077518
0.164488848868463
0.00979586676113249
0.825715284370405
0.164490694619122
0.0100664424280622
0.825442862952816
0.164492576312368
0.0103764416896565
0.825130981997975
0.164493697399872
0.0105819629565248
0.824924339643603
0.164494620162735
0.0103138271412198
0.825191552696046
0.164494738501124
0.0102551056268102
0.825250155872066
0.16448678752378
0.00942004490008887
0.826093167576131
0.164487297457513
0.00947934894098275
0.826033353601504
0.164488276354829
0.00961091055610411
0.825900813089067
0.164489656992829
0.00980339107616973
0.825706951931002
0.164491421170601
0.0100302222377051
0.825478356591694
0.164493251034081
0.0102343484792012
0.825272400486718
0.164494620162735
0.0103138271412198
0.825191552696046
0.164495266827319
0.0102257378591579
0.825278995313523
0.164495376773858
0.0102257513427173
0.825278871883425
0.164487259265861
0.00943079786276715
0.826081942871372
0.164487752099573
0.00948946865087096
0.826022779249556
0.164488700688653
0.00961737824172992
0.825893921069617
0.164490038349526
0.00980158158629043
0.825708380064184
0.164491694285695
0.0100093998824322
0.825498905831873
0.164493403711406
0.0101847406798943
0.8253218556087
0.164494738501124
0.01025510562681
0.825250155872066
0.164495376773858
0.0102257513427173
0.825278871883425
0.164495572293986
0.0102231210141182
0.825281306691895
0.182110261242708
0
0.817889738757292
0.182513555667409
0
0.817486444332592
0.182588076196358
0
0.817411923803642
0.182611324366068
0
0.817388675633932
0.182621887611784
0.00709869837093093
0.810279414017285
0.182632036645249
0.00910857256951691
0.808259390785234
0.182639536843558
0.00923263330473647
0.808127829851705
0.182643245839276
0.00930368207403926
0.808053072086685
0.18264461485132
0.00933544574585504
0.808019939402825
0.182513555667409
0
0.817486444332592
0.18257148771988
0
0.81742851228012
0.182600148264783
0
0.817399851735217
0.182614780574815
0.00242969046619641
0.814955528958988
0.18262439983637
0.00866954815862753
0.808706052005002
0.182633428689733
0.00917379492097166
0.808192776389295
0.182638897454693
0.00928602835121937
0.808075074194088
0.182642097892029
0.00935508012899686
0.808002821978974
0.182643531184495
0.00938645025930433
0.807970018556201
0.182588076196358
0
0.817411923803642
0.182600148264783
0
0.817399851735217
0.182611573967584
0
0.817388426032416
0.182619934108216
0.00808782402683652
0.809292241864947
0.182627461972767
0.00913142964640252
0.808241108380831
0.182633441186138
0.00928632625325274
0.808080232560609
0.18263591022477
0.00939011708082862
0.807973972694402
0.182638443021513
0.00945470774109487
0.807906849237393
0.182640193179798
0.00948510356924778
0.807874703250954
0.182611324366068
0
0.817388675633932
0.182614780574815
0.00242969046619642
0.814955528958988
0.182619934108216
0.00808782402683637
0.809292241864947
0.182625783006199
0.00906365277423703
0.808310564219564
0.182629326538404
0.00929574451312134
0.808074928948475
0.182629056609363
0.00943500345922453
0.807935939931412
0.182628620475011
0.0095307575279951
0.807840621996994
0.182631437677917
0.00959003108135207
0.807778531240731
0.182634573974504
0.00961878299439565
0.8077466430311
0.182621887611784
0.00709869837093102
0.810279414017285
0.18262439983637
0.00866954815862729
0.808706052005002
0.182627461972767
0.00913142964640285
0.808241108380831
0.182629326538404
0.00929574451312114
0.808074928948475
0.182626855967796
0.00945803126757221
0.807915112764631
0.182622847853231
0.00959259053107487
0.807784561615694
0.182618104939609
0.0096728796158951
0.807709015444496
0.182624525665368
0.00973259529489646
0.807642879039736
0.18262951966606
0.00976550554667341
0.807604974787267
0.182632036645249
0.00910857256951702
0.808259390785234
0.182633428689733
0.00917379492097162
0.808192776389295
0.182633441186138
0.00928632625325255
0.80808023256061
0.182629056609363
0.00943500345922477
0.807935939931412
0.182622847853231
0.00959259053107487
0.807784561615694
0.182608538705903
0.00971073686031726
0.80768072443378
0.182585321107864
0.00973078277519088
0.807683896116945
0.182609551113236
0.00982642062221361
0.807564028264551
0.182623179106839
0.00988794794738007
0.807488872945781
0.182639536843558
0.00923263330473641
0.808127829851706
0.182638897454693
0.0092860283512194
0.808075074194087
0.18263591022477
0.00939011708082824
0.807973972694402
0.182628620475011
0.00953075752799498
0.807840621996994
0.182618104939609
0.00967287961589498
0.807709015444496
0.182585321107864
0.00973078277519162
0.807683896116944
0.182503809620769
0.00960119980281931
0.807894990576411
0.182585854340437
0.00982043453883354
0.80759371112073
0.182616960713418
0.0099534637084174
0.807429575578165
0.182643245839276
0.00930368207403933
0.808053072086684
0.182642097892029
0.00935508012899712
0.808002821978974
0.182638443021513
0.00945470774109478
0.807906849237393
0.182631437677917
0.0095900310813521
0.807778531240731
0.182624525665368
0.00973259529489675
0.807642879039735
0.182609551113236
0.00982642062221279
0.807564028264551
0.182585854340437
0.00982043453883356
0.80759371112073
0.1826102026053
0.00993685062387961
0.80745294677082
0.182623210585358
0.0100166502472285
0.807360139167414
0.18264461485132
0.00933544574585481
0.808019939402825
0.182643531184495
0.00938645025930439
0.807970018556201
0.182640193179798
0.00948510356924734
0.807874703250955
0.182634573974504
0.00961878299439597
0.8077466430311
0.18262951966606
0.00976550554667344
0.807604974787267
0.182623179106839
0.00988794794737998
0.807488872945781
0.182616960713418
0.00995346370841711
0.807429575578165
0.182623210585358
0.0100166502472284
0.807360139167414
0.182628994704114
0.0100567740057824
0.807314231290104
0.212818709865024
0
0.787181290134976
0.213358428891878
0
0.786641571108122
0.213563471613759
0
0.786436528386241
0.213648612827354
0.00766676241157749
0.778684624761069
0.213749440309276
0.00854644221709214
0.777704117473632
0.213804898850826
0.0087213750178378
0.777473726131337
0.213831802358955
0.0088435603276113
0.777324637313433
0.21384255096047
0.00892059623992667
0.777236852799603
0.213846293177135
0.00895727341115441
0.77719643341171
0.213358428891878
0
0.786641571108122
0.213513370501459
0
0.786486629498541
0.213602221244564
0.00552924234524584
0.780868536410191
0.213686239261021
0.00839746474163437
0.777916295997345
0.213764268054364
0.00861042653268587
0.77762530541295
0.213807361041514
0.00877745330052413
0.777415185657962
0.213827401923197
0.00889401865377362
0.77727857942303
0.213836497209101
0.00896806948821743
0.777195433302682
0.213840482987009
0.00900316480596307
0.777156352207028
0.213563471613759
0
0.786436528386241
0.213602221244564
0.00552924234524581
0.780868536410191
0.213659722893421
0.00832677472624286
0.778013502380336
0.213735425786565
0.00854416260194131
0.777720411611494
0.213779205570679
0.00873255756895157
0.777488236860369
0.213800221799047
0.00888277754054203
0.777317000660411
0.213807285575551
0.00899200779252946
0.77720070663192
0.213816852547125
0.00906106103694893
0.777122086415927
0.213824088870455
0.00909398089903372
0.777081930230512
0.213648612827354
0.00766676241157729
0.778684624761069
0.213686239261021
0.00839746474163435
0.777916295997345
0.213735425786565
0.00854416260194089
0.777720411611494
0.213767892255691
0.00871114616562877
0.77752096157868
0.213776041993884
0.00888392118012283
0.777340036825993
0.213761290595307
0.00902522379960366
0.77721348560509
0.213743246477338
0.00912945898561663
0.777127294537045
0.213762750364018
0.00919172505941635
0.777045524576566
0.213784293934507
0.00922107904551174
0.776994627019982
0.213749440309276
0.00854644221709201
0.777704117473632
0.213764268054364
0.00861042653268574
0.77762530541295
0.213779205570679
0.00873255756895163
0.777488236860369
0.213776041993884
0.00888392118012315
0.777340036825993
0.213739476583805
0.0090428327404128
0.777217690675782
0.21366858661465
0.0091899125155623
0.777141500869788
0.213628984032861
0.00929413886480838
0.77707687710233
0.213663356663316
0.00934371052866211
0.776992932808022
0.213711869871106
0.00936855307469267
0.776919577054202
0.213804898850826
0.00872137501783744
0.777473726131337
0.213807361041514
0.00877745330052445
0.777415185657961
0.213800221799047
0.0088827775405425
0.777317000660411
0.213761290595307
0.00902522379960359
0.77721348560509
0.21366858661465
0.00918991251556205
0.777141500869788
0.213594889518372
0.00935954739033609
0.777045563091292
0.213506414459795
0.00951145671375242
0.776982128826452
0.21359238506728
0.0094945396366969
0.776913075296023
0.213640068888976
0.00950897673449945
0.776850954376525
0.213831802358956
0.00884356032761137
0.777324637313433
0.213827401923197
0.00889401865377347
0.77727857942303
0.213807285575551
0.0089920077925299
0.77720070663192
0.213743246477338
0.00912945898561656
0.777127294537046
0.213628984032861
0.00929413886480831
0.77707687710233
0.213506414459795
0.00951145671375236
0.776982128826452
0.213159562635738
0.0104433222247848
0.776397115139477
0.213502378245324
0.00961910548308253
0.776878516271594
0.213613194539953
0.00960392935937035
0.776782876100677
0.21384255096047
0.00892059623992651
0.777236852799603
0.213836497209101
0.00896806948821717
0.777195433302682
0.213816852547125
0.00906106103694848
0.777122086415927
0.213762750364018
0.00919172505941655
0.777045524576566
0.213663356663316
0.0093437105286622
0.776992932808022
0.21359238506728
0.00949453963669722
0.776913075296023
0.213502378245324
0.00961910548308254
0.776878516271594
0.21358884600999
0.00962552497634238
0.776785629013668
0.213635364775316
0.00965319033882132
0.776711444885863
0.213846293177136
0.00895727341115425
0.77719643341171
0.213840482987009
0.009003164805963
0.777156352207028
0.213824088870455
0.0090939808990331
0.777081930230512
0.213784293934507
0.00922107904551196
0.776994627019981
0.213711869871106
0.00936855307469235
0.776919577054202
0.213640068888976
0.00950897673449902
0.776850954376525
0.213613194539953
0.00960392935936991
0.776782876100677
0.213635364775316
0.00965319033882096
0.776711444885863
0.213669326975331
0.00967944678707672
0.776651226237592
0.298454977163244
0
0.701545022836756
0.300516256086274
0
0.699483743913726
0.301643979171451
0
0.698356020828549
0.302123115668195
0.00580233091180715
0.692074553419998
0.302296660059127
0.00778549844843555
0.689917841492438
0.302348073506044
0.00789220287370826
0.689759723620248
0.302363219088508
0.00794721290608107
0.689689568005411
0.302371497202879
0.00797805666821559
0.689650446128905
0.302375022244863
0.0079885367761889
0.689636440978948
0.300516256086274
0
0.699483743913726
0.301341872606195
0
0.698658127393805
0.301913788297755
0.0041728869197107
0.693913324782534
0.302215739360787
0.00768495302348913
0.690099307615724
0.30231703950223
0.0078363393237844
0.689846621173986
0.302351543997854
0.00794893075603431
0.689699525246112
0.302363326791316
0.00800074273122906
0.689635930477455
0.302370794003448
0.0080288673123323
0.68960033868422
0.302374380910886
0.00803926718641521
0.689586351902698
0.301643979171451
0
0.698356020828549
0.301913788297755
0.00417288691971074
0.693913324782534
0.30217002338909
0.00763201441964821
0.690197962191262
0.302288770743014
0.00781225789569297
0.689898971361294
0.30233783477177
0.00797387021094755
0.689688295017282
0.302350420027123
0.00806753660220115
0.689582043370676
0.302357724901468
0.00812092686358671
0.689521348234945
0.302365663275512
0.00814136428779883
0.689492972436689
0.302370722149582
0.00814844119234361
0.689480836658075
0.302123115668195
0.00580233091180715
0.692074553419998
0.302215739360787
0.00768495302348921
0.690099307615724
0.302288770743014
0.00781225789569296
0.689898971361294
0.302329743036789
0.00798863877125263
0.689681618191958
0.302338982205045
0.00813762722731891
0.689523390567636
0.3023324423341
0.00825725722022702
0.689410300445673
0.30231966225313
0.00831719017945697
0.689363147567413
0.302342401227848
0.00830771887652322
0.689349879895628
0.302357617871413
0.00830590029645197
0.689336481832135
0.302296660059127
0.00778549844843549
0.689917841492438
0.30231703950223
0.00783633932378428
0.689846621173986
0.30233783477177
0.00797387021094762
0.689688295017282
0.302338982205045
0.00813762722731897
0.689523390567636
0.302314033955005
0.00833449681205651
0.689351469232938
0.302226078702891
0.00853921315383544
0.689234708143273
0.302080441583251
0.00865798470493063
0.689261573711819
0.30222047646004
0.00852069648836707
0.689258827051593
0.302306506170328
0.00849160061878112
0.68920189321089
0.302348073506044
0.00789220287370799
0.689759723620248
0.302351543997854
0.0079489307560344
0.689699525246112
0.302350420027123
0.00806753660220109
0.689582043370676
0.3023324423341
0.00825725722022687
0.689410300445673
0.302226078702891
0.00853921315383523
0.689234708143274
0.301815906083944
0.00901049653899855
0.689173597377057
0.301014807077989
0.00981140210143191
0.689173790820579
0.301783477321563
0.00882938209623877
0.689387140582199
0.302153508381333
0.00865490857125153
0.689191583047416
0.302363219088508
0.00794721290608135
0.689689568005411
0.302363326791315
0.00800074273122926
0.689635930477456
0.302357724901468
0.00812092686358642
0.689521348234946
0.30231966225313
0.00831719017945705
0.689363147567413
0.302080441583251
0.00865798470493062
0.689261573711819
0.301014807077989
0.00981140210143172
0.689173790820579
0.297231450652239
0.0267034137598685
0.676065135587892
0.300959553823773
0.00930980782920386
0.689730638347024
0.301945082666957
0.00868188704754264
0.689373030285501
0.302371497202879
0.00797805666821562
0.689650446128905
0.302370794003448
0.0080288673123321
0.68960033868422
0.302365663275512
0.00814136428779885
0.689492972436689
0.302342401227849
0.00830771887652326
0.689349879895628
0.30222047646004
0.00852069648836705
0.689258827051593
0.301783477321563
0.00882938209623869
0.689387140582199
0.300959553823773
0.00930980782920374
0.689730638347024
0.301739448907045
0.0086282410365782
0.689632310056377
0.302123959396735
0.0085974797317752
0.68927856087149
0.302375022244863
0.00798853677618891
0.689636440978948
0.302374380910887
0.00803926718641495
0.689586351902698
0.302370722149582
0.0081484411923437
0.689480836658075
0.302357617871412
0.00830590029645172
0.689336481832136
0.302306506170328
0.00849160061878114
0.689201893210891
0.302153508381333
0.00865490857125154
0.689191583047416
0.301945082666957
0.00868188704754258
0.689373030285501
0.302123959396735
0.00859747973177514
0.68927856087149
0.302254797438396
0.00862041154844049
0.689124791013163
