0.163929729606707
0
0.836070270393293
0.164478157771005
0
0.835521842228995
0.164516272790107
0
0.835483727209893
0.16453482428467
0
0.83546517571533
0.164550429374363
0
0.835449570625637
0.164559661684256
0
0.835440338315744
0.164564940921136
0.00378559618659981
0.831649462892264
0.164566343306382
0.0180518004242904
0.817381856269328
0.164567031841421
0.0180269537841424
0.817406014374437
0.164478157771005
0
0.835521842228995
0.164510337738133
0
0.835489662261867
0.164527610592314
0
0.835472389407686
0.16454212174293
0
0.83545787825707
0.164554741690775
0
0.835445258309225
0.164561574239591
0
0.835438425760409
0.16456544333743
0.0100431665899919
0.825391390072578
0.164566872333817
0.0181091957244379
0.817323931941746
0.164567445059764
0.0180839601793677
0.817348594760868
0.164516272790107
0
0.835483727209893
0.164527610592314
0
0.835472389407686
0.164538626982823
0
0.835461373017177
0.164551864841684
0
0.835448135158316
0.164558686665011
0
0.835441313334989
0.164564132063296
0
0.835435867936705
0.16456636542415
0.0158445818025057
0.819589052773344
0.164567748500333
0.018247747254334
0.817184504245333
0.164568215068283
0.0182199806210522
0.817211804310665
0.16453482428467
0
0.83546517571533
0.16454212174293
0
0.83545787825707
0.164551864841684
0
0.835448135158316
0.164557691825275
0
0.835442308174725
0.164562514810365
0
0.835437485189635
0.164566033232621
0.00719899884265975
0.82823496792472
0.16456769683387
0.0185140989315884
0.816918204234542
0.164568834636473
0.0184516463449557
0.816979519018571
0.16456926631456
0.018415167349986
0.817015566335454
0.164550429374363
0
0.835449570625637
0.164554741690775
0
0.835445258309225
0.164558686665011
0
0.835441313334989
0.164562514810365
0
0.835437485189635
0.16456614698424
0.000474692057036914
0.834959160958723
0.164567344631293
0.0187924690862246
0.816640186282482
0.164569251511493
0.0188133880535125
0.816617360434994
0.164570142483349
0.0186830721422554
0.816746785374395
0.16457056566296
0.0186241061968031
0.816805328140236
0.164559661684256
0
0.835440338315744
0.164561574239591
0
0.835438425760409
0.164564132063296
0
0.835435867936704
0.164566033232621
0.00719899884265977
0.82823496792472
0.164567344631293
0.0187924690862245
0.816640186282482
0.16456933702612
0.0190634330971592
0.816367229876721
0.164569747644149
0.0191559825854581
0.816274269770393
0.164571213830249
0.0188594751546215
0.816569311015129
0.164571838563612
0.0187693525944596
0.816658808841928
0.164564940921136
0.00378559618659955
0.831649462892265
0.16456544333743
0.0100431665899921
0.825391390072578
0.16456636542415
0.0158445818025055
0.819589052773345
0.16456769683387
0.0185140989315883
0.816918204234542
0.164569251511493
0.0188133880535125
0.816617360434994
0.164569747644149
0.0191559825854581
0.816274269770393
0.16456793126128
0.0193334827466872
0.816098585992032
0.164571574684695
0.0188465111408847
0.816581914174421
0.164572789382623
0.0187618675069103
0.816665343110467
0.164566343306382
0.0180518004242901
0.817381856269328
0.164566872333817
0.018109195724438
0.817323931941745
0.164567748500333
0.018247747254334
0.817184504245333
0.164568834636473
0.0184516463449554
0.816979519018572
0.164570142483349
0.0186830721422554
0.816746785374395
0.164571213830249
0.0188594751546218
0.816569311015129
0.164571574684695
0.0188465111408845
0.816581914174421
0.164573008721805
0.0186513251903714
0.816775666087824
0.164573588433312
0.0186535944987109
0.816772817067978
0.164567031841421
0.0180269537841425
0.817406014374437
0.164567445059764
0.0180839601793679
0.817348594760868
0.164568215068283
0.0182199806210523
0.817211804310665
0.16456926631456
0.0184151673499859
0.817015566335454
0.16457056566296
0.0186241061968033
0.816805328140236
0.164571838563613
0.0187693525944593
0.816658808841928
0.164572789382623
0.0187618675069102
0.816665343110467
0.164573588433312
0.0186535944987111
0.816772817067977
0.164573966707128
0.0186360290981072
0.816790004194765
0.181764774787747
0
0.818235225212253
0.182539997595129
0
0.817460002404871
0.182687476293499
0
0.817312523706501
0.18273605191287
0
0.81726394808713
0.18275254748547
0.00374676579932879
0.813500686715201
0.182762802252571
0.017074515737403
0.800162682010026
0.182767364664185
0.0177618231252679
0.799470812210547
0.182772981979127
0.0178124749021661
0.799414543118707
0.182775050979558
0.0178303979149932
0.799394551105449
0.182539997595129
0
0.817460002404871
0.182653812719936
0
0.817346187280064
0.18271677806794
0
0.81728322193206
0.182740642776456
0
0.817259357223544
0.182754974668223
0.0121204389639949
0.805124586367782
0.182762182919382
0.0171963678841067
0.800041449196512
0.182766629555824
0.0178061319378319
0.799427238506344
0.182771581115847
0.0178550755385041
0.799373343345649
0.18277361709172
0.0178736905304868
0.799352692377794
0.182687476293499
0
0.817312523706501
0.18271677806794
0
0.81728322193206
0.182734970015801
0
0.817265029984199
0.182749028257013
0.00602755632222307
0.811223415420764
0.182756991385797
0.0164826285128348
0.800760380101368
0.182759595267829
0.017587717996875
0.799652686735296
0.182762711166906
0.0178935750649165
0.799343713768177
0.182766855119743
0.0179378120456409
0.799295332834616
0.182769283812727
0.0179563282188028
0.79927438796847
0.18273605191287
0
0.81726394808713
0.182740642776456
0
0.817259357223544
0.182749028257013
0.00602755632222283
0.811223415420764
0.18275528292855
0.0160962397902236
0.801148477281226
0.182755396419225
0.0170828379568117
0.800161765623964
0.182751936260105
0.0179412654852816
0.799306798254613
0.182751631152853
0.018002481841829
0.799245887005319
0.182756554090764
0.018041503838317
0.799201942070919
0.182761210067404
0.0180626873263963
0.7991761026062
0.18275254748547
0.00374676579932903
0.813500686715201
0.182754974668223
0.0121204389639947
0.805124586367782
0.182756991385797
0.016482628512835
0.800760380101368
0.182755396419225
0.0170828379568116
0.800161765623964
0.182747784710615
0.0179670178797719
0.799285197409613
0.182738591410746
0.018050013134396
0.799211395454858
0.182728840904008
0.0180727037389857
0.799198455357007
0.182741095239406
0.0181223350848503
0.799136569675744
0.182750872912236
0.0181631906533221
0.799085936434442
0.182762802252571
0.0170745157374029
0.800162682010026
0.182762182919382
0.0171963678841068
0.800041449196511
0.182759595267829
0.0175877179968749
0.799652686735296
0.182751936260105
0.0179412654852816
0.799306798254613
0.182738591410746
0.0180500131343958
0.799211395454858
0.182708951756934
0.0180784541816743
0.799212594061392
0.182661196384202
0.0179534361938795
0.799385367421918
0.182708967169101
0.0180974352356309
0.799193597595269
0.182736127042734
0.0182135213510164
0.79905035160625
0.182767364664185
0.017761823125268
0.799470812210547
0.182766629555824
0.0178061319378319
0.799427238506344
0.182762711166906
0.0178935750649161
0.799343713768178
0.182751631152853
0.0180024818418286
0.799245887005319
0.182728840904008
0.0180727037389856
0.799198455357007
0.182661196384202
0.0179534361938805
0.799385367421917
0.182499063773538
0.0174984629244997
0.800002473301963
0.182659881416386
0.0179233370193202
0.799416781564294
0.18272206163957
0.0181968263943104
0.799081111966119
0.182772981979127
0.0178124749021663
0.799414543118706
0.182771581115847
0.0178550755385044
0.799373343345648
0.182766855119743
0.0179378120456411
0.799295332834616
0.182756554090764
0.0180415038383173
0.799201942070919
0.182741095239406
0.0181223350848506
0.799136569675744
0.182708967169101
0.01809743523563
0.799193597595269
0.182659881416386
0.0179233370193202
0.799416781564294
0.182707868707362
0.0181072116431952
0.799184919649443
0.182734687633061
0.0182589850473982
0.799006327319541
0.182775050979558
0.0178303979149932
0.799394551105449
0.18277361709172
0.0178736905304866
0.799352692377794
0.182769283812727
0.0179563282188022
0.799274387968471
0.182761210067404
0.0180626873263966
0.7991761026062
0.182750872912236
0.0181631906533224
0.799085936434442
0.182736127042734
0.0182135213510166
0.79905035160625
0.18272206163957
0.0181968263943103
0.799081111966119
0.182734687633061
0.0182589850473981
0.799006327319541
0.182746029681823
0.0183209249896352
0.798933045328542
0.212141860036388
0
0.787858139963612
0.213131860606804
0
0.786868139393196
0.213561360538201
0
0.786438639461799
0.213725352310929
0.00982928912503198
0.776445358564039
0.21384560160218
0.016931802296758
0.769222596101062
0.213911126173571
0.0170714928300597
0.769017380996369
0.213939920983705
0.0171586140153064
0.768901465000988
0.213953770672976
0.0172172164895071
0.768829012837517
0.213958980153511
0.0172443257498955
0.768796694096594
0.213131860606804
0
0.786868139393196
0.213462444944606
0
0.786537555055394
0.213651060803882
0
0.786348939196118
0.213772143470483
0.0157914188321802
0.770436437697337
0.213864229902821
0.0169844741031723
0.769151295994006
0.213912723756389
0.0171134463129959
0.768973829930616
0.213934818086681
0.0171978987552323
0.768867283158086
0.213946908078767
0.0172542075319603
0.768798884389273
0.213952293962909
0.0172800668534588
0.768767639183632
0.213561360538201
0
0.786438639461799
0.213651060803882
0
0.786348939196118
0.213740686918444
0.0149039119854755
0.77135540109608
0.213828674004062
0.0169290945465376
0.7692422314494
0.213881466963009
0.0170853115841705
0.769033221452821
0.213903121497442
0.0171942870502967
0.768902591452262
0.21391192072842
0.0172736502435333
0.768814429028047
0.213924459041974
0.0173258992581103
0.768749641699916
0.213933382385131
0.01735090124543
0.768715716369439
0.213725352310929
0.00982928912503205
0.776445358564039
0.213772143470483
0.0157914188321802
0.770436437697337
0.213828674004062
0.0169290945465371
0.7692422314494
0.21386847581345
0.0170700867468082
0.769061437439742
0.213875911047944
0.0172018643204693
0.768922224631587
0.213857785272244
0.0173001716032145
0.768842043124541
0.213838735242679
0.0173711044502144
0.768790160307107
0.213862798477535
0.0174190902096994
0.768718111312766
0.213887895424274
0.0174452675854283
0.768666836990298
0.21384560160218
0.0169318022967579
0.769222596101062
0.213864229902821
0.016984474103172
0.769151295994007
0.213881466963009
0.0170853115841704
0.769033221452821
0.213875911047944
0.0172018643204695
0.768922224631587
0.213831624119003
0.0173150302446224
0.768853345636374
0.213747116101464
0.01740836844242
0.768844515456116
0.213689019312152
0.01745818047682
0.768852800211028
0.213742232054486
0.0175051882902309
0.768752579655283
0.21380335401889
0.017542512461686
0.768654133519424
0.213911126173571
0.0170714928300594
0.769017380996369
0.213912723756389
0.0171134463129962
0.768973829930615
0.213903121497442
0.0171942870502971
0.768902591452261
0.213857785272244
0.0173001716032144
0.768842043124541
0.213747116101464
0.0174083684424197
0.768844515456117
0.213617916420696
0.0174900570866762
0.768892026492628
0.213436592393832
0.0175413356453409
0.769022071960827
0.213610928310483
0.0175474968712502
0.768841574818267
0.213707378277484
0.0176126408808637
0.768679980841652
0.213939920983705
0.0171586140153064
0.768901465000988
0.213934818086681
0.0171978987552321
0.768867283158087
0.21391192072842
0.0172736502435336
0.768814429028047
0.213838735242679
0.0173711044502146
0.768790160307106
0.213689019312152
0.0174581804768198
0.768852800211028
0.213436592393832
0.0175413356453408
0.769022071960828
0.21275814874724
0.0187381475290928
0.768503703723668
0.213425104788274
0.0175463949884089
0.769028500223318
0.213651819450896
0.0176343328201781
0.768713847728926
0.213953770672976
0.0172172164895068
0.768829012837517
0.213946908078767
0.0172542075319603
0.768798884389273
0.213924459041974
0.01732589925811
0.768749641699916
0.213862798477535
0.0174190902096993
0.768718111312766
0.213742232054486
0.017505188290231
0.768752579655283
0.213610928310483
0.0175474968712508
0.768841574818267
0.213425104788274
0.017546394988409
0.769028500223317
0.213600551325634
0.0175971225791185
0.768802326095247
0.213696997170426
0.0176893634607556
0.768613639368819
0.213958980153511
0.0172443257498952
0.768796694096594
0.213952293962909
0.0172800668534589
0.768767639183632
0.213933382385131
0.0173509012454294
0.768715716369439
0.213887895424274
0.0174452675854285
0.768666836990297
0.21380335401889
0.017542512461686
0.768654133519424
0.213707378277485
0.0176126408808634
0.768679980841652
0.213651819450896
0.0176343328201778
0.768713847728926
0.213696997170426
0.0176893634607551
0.768613639368819
0.213748923565144
0.0177398855531881
0.768511190881668
0.295586487232031
0
0.704413512767969
0.299090419096438
0
0.700909580903562
0.301071932599665
0
0.698928067400335
0.301834276944534
0
0.698165723055466
0.302178981609157
0.0102389059106926
0.68758211248015
0.302373083153016
0.0155043489485131
0.682122567898471
0.302447903999341
0.0154958583220762
0.682056237678583
0.302481948263055
0.0154841104724881
0.682033941264457
0.302497300612333
0.0154703345683075
0.682032364819359
0.299090419096438
0
0.700909580903562
0.300539302353798
0
0.699460697646202
0.301433905417191
0
0.69856609458281
0.301969515360843
0.00419048176422415
0.693840002874933
0.302240899368443
0.0155032628836269
0.68225583774793
0.302395066524756
0.0155535366991734
0.68205139677607
0.302442585396464
0.0155460581601759
0.68201135644336
0.302473357965609
0.0155322816302093
0.681994360404182
0.302488872994264
0.0155190250629593
0.681992101942776
0.301071932599665
0
0.698928067400335
0.301433905417191
0
0.69856609458281
0.301868802504897
0.00123964172892631
0.696891555766177
0.302125415508238
0.0155113449467572
0.682363239545005
0.302333659008126
0.0156368215241969
0.682029519467677
0.302384615222553
0.0156737276349268
0.68194165714252
0.302407732248979
0.0156711855133364
0.681921082237684
0.302440254508963
0.0156471184451864
0.681912627045851
0.302461796755044
0.0156312691946184
0.681906934050338
0.301834276944534
0
0.698165723055466
0.301969515360843
0.00419048176422416
0.693840002874933
0.302125415508238
0.0155113449467572
0.682363239545005
0.302303732043658
0.0156775949661651
0.682018672990177
0.302336059349157
0.0157987382574491
0.681865202393393
0.302302929185289
0.0158782171082763
0.681818853706435
0.302266256653408
0.0158834255574396
0.681850317789153
0.302334075748501
0.0158144664147241
0.681851457836775
0.302390012279564
0.0157907711361658
0.68181921658427
0.302178981609157
0.0102389059106925
0.68758211248015
0.302240899368443
0.015503262883627
0.68225583774793
0.302333659008126
0.0156368215241968
0.682029519467677
0.302336059349157
0.015798738257449
0.681865202393394
0.302243353651479
0.0159973296720459
0.681759316676475
0.30201224470138
0.0162052772665746
0.681782478032045
0.301716900654919
0.0162876698623997
0.681995429482681
0.302002750175484
0.0160169168863542
0.681980332938161
0.302212595640743
0.0159666737400638
0.681820730619193
0.302373083153016
0.0155043489485129
0.682122567898471
0.302395066524756
0.0155535366991738
0.68205139677607
0.302384615222553
0.0156737276349269
0.68194165714252
0.302302929185289
0.015878217108276
0.681818853706435
0.30201224470138
0.0162052772665744
0.681782478032046
0.30119950713002
0.0168230988407476
0.681977394029232
0.299784799654383
0.0180040753438763
0.682211125001741
0.301128136885739
0.0163359024946564
0.682535960619604
0.301846766255419
0.016084124586429
0.682069109158152
0.30244790399934
0.0154958583220766
0.682056237678583
0.302442585396464
0.0155460581601761
0.68201135644336
0.30240773224898
0.015671185513336
0.681921082237684
0.302266256653408
0.0158834255574397
0.681850317789153
0.301716900654919
0.0162876698623999
0.681995429482681
0.299784799654383
0.018004075343876
0.682211125001741
0.293852212114634
0.0474572272552741
0.658690560630092
0.299656489881105
0.0169368212246755
0.68340668889422
0.301425187761172
0.0159855535096356
0.682589258729192
0.302481948263055
0.0154841104724883
0.682033941264456
0.302473357965609
0.0155322816302091
0.681994360404182
0.302440254508963
0.0156471184451866
0.681912627045851
0.302334075748501
0.0158144664147244
0.681851457836774
0.302002750175484
0.0160169168863544
0.681980332938161
0.301128136885739
0.0163359024946565
0.682535960619604
0.299656489881105
0.0169368212246754
0.68340668889422
0.301022447161398
0.0158069267010616
0.68317062613754
0.301772021051393
0.01581644391345
0.682411535035157
0.302497300612333
0.0154703345683075
0.68203236481936
0.302488872994264
0.0155190250629592
0.681992101942776
0.302461796755044
0.0156312691946183
0.681906934050338
0.302390012279564
0.0157907711361656
0.68181921658427
0.302212595640743
0.0159666737400636
0.681820730619193
0.301846766255419
0.0160841245864291
0.682069109158152
0.301425187761172
0.0159855535096355
0.682589258729192
0.301772021051393
0.0158164439134499
0.682411535035157
0.302056338219355
0.0158704031282839
0.682073258652362
