0.163733092375455
0
0.836266907624545
0.164505655287714
0
0.835494344712286
0.164565224808036
0
0.835434775191964
0.164589343040407
0
0.835410656959593
0.164611196160382
0
0.835388803839618
0.164624320045188
0
0.835375679954812
0.164633968670139
0
0.835366031329861
0.16463702291142
0.0213883836454143
0.813974593443165
0.164638168753226
0.0253280971721123
0.810033734074661
0.164505655287714
0
0.835494344712286
0.164557750446302
0
0.835442249553698
0.164579441060776
0
0.835420558939224
0.164599179457388
0
0.835400820542612
0.164616914039364
0
0.835383085960636
0.164627243229226
0
0.835372756770774
0.164638533324383
0
0.835361466675617
0.164637054959081
0.0244257861656078
0.810937158875312
0.164638523066299
0.025393249397966
0.809968227535735
0.164565224808036
0
0.835434775191964
0.164579441060776
0
0.835420558939224
0.164594513820909
0
0.835405486179091
0.164612477960832
0
0.835387522039168
0.164622340507392
0
0.835377659492608
0.164630905141059
0
0.835369094858941
0.164635942181633
0.00873553288270784
0.826628524935659
0.164638348983402
0.0256086991987422
0.809752951817856
0.164639114020172
0.0255540120443287
0.809806873935499
0.164589343040407
0
0.835410656959593
0.164599179457388
0
0.835400820542612
0.164612477960832
0
0.835387522039168
0.164620692596394
0
0.835379307403606
0.164627788131226
0
0.835372211868774
0.164634083886836
0
0.835365916113164
0.164637202008148
0.0195300765526512
0.8158327214392
0.164639237074114
0.0258492525354165
0.809511510390469
0.164639846232982
0.0257840321268046
0.809576121640214
0.164611196160382
0
0.835388803839618
0.164616914039364
0
0.835383085960636
0.164622340507392
0
0.835377659492608
0.164627788131226
0
0.835372211868774
0.164633047226218
0
0.835366952773782
0.164636433983171
0.00289900566479288
0.832464560352036
0.164638096925619
0.0263289823677333
0.809032920706648
0.164640041556662
0.0261167997429411
0.809243158700397
0.164640709205507
0.0260235114736882
0.809335779320804
0.164624320045188
0
0.835375679954812
0.164627243229226
0
0.835372756770774
0.164630905141059
0
0.835369094858941
0.164634083886836
0
0.835365916113164
0.164636433983171
0.00289900566479273
0.832464560352036
0.164636763436532
0.0266683759623757
0.808694860601092
0.164637398574222
0.02674544211477
0.808617159311008
0.164640078768243
0.026300162683636
0.809059758548121
0.164641412952756
0.0261699240976228
0.809188662949621
0.164633968670139
0
0.835366031329861
0.164638533324383
0
0.835361466675617
0.164635942181633
0.00873553288270767
0.826628524935659
0.164637202008148
0.0195300765526511
0.8158327214392
0.164638096925619
0.0263289823677333
0.809032920706648
0.164637398574222
0.0267454421147701
0.808617159311008
0.16463143351159
0.0269275806489338
0.808440985839476
0.164639019120485
0.0262243560344659
0.80913662484505
0.164641854053041
0.0261104401074304
0.809247705839529
0.164637022911421
0.0213883836454141
0.813974593443165
0.164637054959081
0.024425786165608
0.810937158875311
0.164638348983402
0.0256086991987422
0.809752951817856
0.164639237074114
0.0258492525354162
0.80951151039047
0.164640041556662
0.0261167997429412
0.809243158700397
0.164640078768243
0.0263001626836362
0.809059758548121
0.164639019120485
0.0262243560344657
0.80913662484505
0.164641636450664
0.0259307686733442
0.809427594875992
0.164642927467053
0.0259347985041045
0.809422274028843
0.164638168753226
0.0253280971721125
0.810033734074661
0.164638523066299
0.0253932493979661
0.809968227535735
0.164639114020172
0.0255540120443288
0.809806873935499
0.164639846232982
0.0257840321268043
0.809576121640214
0.164640709205507
0.0260235114736884
0.809335779320804
0.164641412952756
0.0261699240976225
0.809188662949621
0.164641854053041
0.0261104401074304
0.809247705839529
0.164642927467053
0.0259347985041047
0.809422274028842
0.164643586487064
0.0259048988248809
0.809451514688055
0.181416634161554
0
0.818583365838446
0.182546679162042
0
0.817453320837958
0.182773169885516
0
0.817226830114484
0.182848926839712
0
0.817151073160288
0.182872486998202
0
0.817127513001799
0.182884265534139
0.0225811040241093
0.794534630441751
0.182885353528486
0.0246744217766488
0.792440224694865
0.182890116476528
0.0249641061115223
0.79214577741195
0.182893448055498
0.0249810696029287
0.792125482341573
0.182546679162042
0
0.817453320837958
0.182723784133694
0
0.817276215866306
0.182818112839429
0
0.817181887160571
0.182856829762801
0
0.817143170237199
0.182874774444804
0.00938872507323512
0.807736500481961
0.182882676683622
0.0236293486336078
0.79348797468277
0.182880302499323
0.0247073064059748
0.792412391094702
0.182888533293258
0.025007802894248
0.792103663812495
0.182891703059663
0.0250245080905672
0.79208378884977
0.182773169885516
0
0.817226830114484
0.182818112839429
0
0.817181887160571
0.182848949708184
0
0.817151050291816
0.182867080301871
0
0.817132919698129
0.182877048785935
0.0212283167266572
0.795894634487408
0.182878064587324
0.0238941888511155
0.793227746561561
0.182876421463132
0.0250484723652326
0.792075106171635
0.182882913881212
0.0250924407681967
0.792024645350591
0.182886418952003
0.0251084500365637
0.792005131011433
0.182848926839712
0
0.817151073160288
0.182856829762801
0
0.817143170237199
0.182867080301871
0
0.817132919698129
0.182874696334498
0.0196847828472354
0.797440520818266
0.182873826802002
0.0226504591409716
0.794475714057026
0.182865016584477
0.0242271121632178
0.792907871252305
0.18286145613434
0.0251520938225283
0.791986450043132
0.182869511805144
0.025191585105626
0.79193890308923
0.182875952169093
0.0252124160004602
0.791911631830447
0.182872486998202
0
0.817127513001798
0.182874774444804
0.0093887250732351
0.807736500481961
0.182877048785935
0.0212283167266575
0.795894634487408
0.182873826802002
0.0226504591409715
0.794475714057026
0.182860977844097
0.0235733901500613
0.793565632005842
0.182840853114854
0.0251935004129944
0.791965646472152
0.1828266956111
0.0251890197000253
0.791984284688875
0.182845747469984
0.0252453494821879
0.791908903047828
0.182860438454139
0.0252977128865418
0.791841848659319
0.182884265534139
0.0225811040241094
0.794534630441751
0.182882676683622
0.0236293486336077
0.79348797468277
0.182878064587324
0.0238941888511155
0.793227746561561
0.182865016584477
0.0242271121632179
0.792907871252305
0.182840853114854
0.0251935004129942
0.791965646472152
0.182795610758648
0.0251691984064056
0.792035190834946
0.182725273059016
0.024948405705131
0.792326321235853
0.182796613136614
0.0251421682550059
0.79206121860838
0.182837386510915
0.0253092946621506
0.791853318826935
0.182885353528486
0.0246744217766488
0.792440224694865
0.182880302499323
0.0247073064059749
0.792412391094702
0.182876421463132
0.0250484723652321
0.792075106171635
0.18286145613434
0.0251520938225281
0.791986450043132
0.1828266956111
0.0251890197000254
0.791984284688875
0.182725273059016
0.0249484057051318
0.792326321235852
0.182485609418772
0.0242291886055914
0.793285201975637
0.18272247301523
0.0248370706517746
0.792440456332996
0.182815498768982
0.0252376780380149
0.791946823193003
0.182890116476528
0.0249641061115226
0.79214577741195
0.182888533293258
0.0250078028942481
0.792103663812494
0.182882913881212
0.0250924407681969
0.792024645350591
0.182869511805144
0.0251915851056262
0.79193890308923
0.182845747469984
0.025245349482188
0.791908903047828
0.182796613136614
0.025142168255005
0.792061218608381
0.18272247301523
0.0248370706517746
0.792440456332996
0.182793867838105
0.0250883385637777
0.792117793598117
0.182834523194812
0.025307317650749
0.791858159154439
0.182893448055498
0.0249810696029286
0.792125482341573
0.182891703059663
0.0250245080905671
0.79208378884977
0.182886418952003
0.0251084500365633
0.792005131011434
0.182875952169092
0.0252124160004603
0.791911631830447
0.182860438454139
0.0252977128865419
0.791841848659319
0.182837386510915
0.0253092946621508
0.791853318826935
0.182815498768982
0.0252376780380148
0.791946823193004
0.182834523194812
0.0253073176507488
0.791858159154439
0.182851434702712
0.0253917830067651
0.791756782290523
0.211461255523071
0
0.788538744476929
0.212868234005887
0
0.787131765994113
0.213497333643984
0
0.786502666356017
0.213751526175563
0.00787697719729127
0.778371496627145
0.213901000142826
0.0236126384471503
0.762486361410024
0.213977261789196
0.0239828657772649
0.762039872433539
0.214008725698407
0.0240598161485116
0.761931458153081
0.214024307363548
0.0241120362238576
0.761863656412595
0.214031620774431
0.0241380578041783
0.761830321421391
0.212868234005887
0
0.787131765994113
0.213345757548813
0
0.786654242451187
0.213642167820284
0
0.786357832179716
0.213812188902688
0.0197185981350181
0.766469212962294
0.213921276097697
0.02389638446567
0.762182339436633
0.213978995995871
0.0240228706406635
0.761998133363466
0.214001614392997
0.0240948543374455
0.761903531269558
0.214016539912396
0.0241474464668596
0.761836013620744
0.214024054001524
0.0241723862424166
0.761803559756059
0.213497333643984
0
0.786502666356016
0.213642167820284
0
0.786357832179716
0.213772451839167
0.0172177467410361
0.769009801419797
0.213879562477719
0.0236164193511096
0.762504018171172
0.213942854228073
0.0239990670984554
0.762058078673471
0.21396734436296
0.024100020352898
0.761932635284142
0.213974925129311
0.0241654421415197
0.761859632729169
0.213991146712097
0.0242157486011326
0.76179310468677
0.214002531550473
0.0242404201664982
0.761757048283029
0.213751526175563
0.00787697719729146
0.778371496627145
0.213812188902688
0.0197185981350185
0.766469212962294
0.213879562477719
0.0236164193511092
0.762504018171172
0.213927213423852
0.0239851067687281
0.76208767980742
0.213936772810057
0.0241124799629752
0.761950747226968
0.21391380737847
0.0241947018816732
0.761891490739857
0.21389137046256
0.024250436662456
0.761858192874984
0.213921433166809
0.0242983786367854
0.761780188196405
0.213950997006815
0.0243271947141127
0.761721808279072
0.213901000142826
0.0236126384471502
0.762486361410024
0.213921276097697
0.0238963844656698
0.762182339436633
0.213942854228073
0.0239990670984551
0.762058078673472
0.213936772810057
0.0241124799629753
0.761950747226968
0.213884003732153
0.0242118865999697
0.761904109667877
0.213781546113191
0.0242776015723328
0.761940852314476
0.213704626793205
0.0243012242197827
0.761994148987013
0.213778460545853
0.0243550813691508
0.761866458084996
0.213853497196554
0.0244061962204491
0.761740306582997
0.213977261789196
0.0239828657772647
0.76203987243354
0.213978995995871
0.0240228706406639
0.761998133363465
0.21396734436296
0.0241000203528984
0.761932635284141
0.21391380737847
0.0241947018816731
0.761891490739857
0.213781546113191
0.0242776015723325
0.761940852314476
0.213595048877834
0.024315489837086
0.76208946128508
0.213324209770537
0.0243168411716514
0.762358949057812
0.213585840750712
0.0243356210948882
0.7620785381544
0.213732138188021
0.0244416563324253
0.761826205479554
0.214008725698408
0.0240598161485114
0.761931458153081
0.214001614392997
0.0240948543374452
0.761903531269558
0.213974925129311
0.0241654421415202
0.761859632729169
0.21389137046256
0.0242504366624561
0.761858192874984
0.213704626793205
0.0243012242197824
0.761994148987013
0.213324209770537
0.0243168411716514
0.762358949057812
0.212338265311277
0.025875183771343
0.76178655091738
0.213305521747688
0.0242568773202679
0.762437600932044
0.213647188907173
0.0244199123943783
0.761932898698448
0.214024307363548
0.0241120362238574
0.761863656412595
0.214016539912396
0.0241474464668597
0.761836013620744
0.213991146712097
0.0242157486011325
0.76179310468677
0.213921433166809
0.0242983786367853
0.761780188196406
0.213778460545853
0.0243550813691509
0.761866458084996
0.213585840750712
0.0243356210948888
0.7620785381544
0.213305521747688
0.0242568773202679
0.762437600932044
0.213568430672339
0.0243399781668156
0.762091591160845
0.213715904892913
0.0244857453516401
0.761798349755447
0.214031620774431
0.0241380578041781
0.761830321421391
0.214024054001524
0.0241723862424167
0.761803559756059
0.214002531550473
0.0242404201664977
0.761757048283029
0.213950997006815
0.0243271947141131
0.761721808279072
0.213853497196554
0.0244061962204489
0.761740306582997
0.213732138188021
0.0244416563324251
0.761826205479554
0.213647188907173
0.024419912394378
0.761932898698449
0.213715904892913
0.0244857453516395
0.761798349755447
0.21378679345637
0.0245587062482294
0.761654500295401
0.293200533900513
0
0.706799466099487
0.297800380879502
0
0.702199619120498
0.300571859013915
0
0.699428140986085
0.301665675461734
0
0.698334324538266
0.302111682599883
8.9080159252868e-05
0.697799237240865
0.302379634172
0.0217264812390758
0.675893884588924
0.302563200446651
0.0216767651219315
0.675760034431418
0.30262277061674
0.0216346787204573
0.675742550662803
0.302651905161484
0.0216048126672872
0.675743282171229
0.297800380879502
0
0.702199619120498
0.299802037279522
0
0.700197962720478
0.301118571827722
0
0.698881428172278
0.30182086859864
0
0.69817913140136
0.302153312717675
0.0150191096857197
0.682827577596606
0.302443519314541
0.0217781171099555
0.675778363575503
0.302550480237396
0.0217300587606432
0.675719461001961
0.30260496354313
0.0216880774372095
0.67570695901966
0.302635154451208
0.0216592341040423
0.67570561144475
0.300571859013915
0
0.699428140986085
0.301118571827722
0
0.698881428172278
0.301672476564178
0
0.698327523435822
0.301990300900377
0.00852477387958702
0.689484925220036
0.302290724168553
0.0219078700447681
0.675801405786679
0.302446970437021
0.0219174814697538
0.675635548093226
0.302483486895453
0.021875323744486
0.675641189360061
0.302541617990473
0.0218212293258007
0.675637152683726
0.302583178767484
0.0217898475602446
0.675626973672271
0.301665675461734
0
0.698334324538266
0.30182086859864
0
0.69817913140136
0.301990300900377
0.00852477387958709
0.689484925220036
0.302215909441229
0.0219693711346773
0.675814719424093
0.302354329575701
0.0220957186060747
0.675549951818224
0.302302868522364
0.0221588836522401
0.675538247825396
0.302235903972853
0.0221289548646075
0.67563514116254
0.302349958523536
0.0220146033520125
0.675635438124451
0.302449840117035
0.0219743963371543
0.675575763545811
0.302111682599883
8.90801592528448e-05
0.697799237240865
0.302153312717675
0.0150191096857198
0.682827577596606
0.302290724168553
0.0219078700447682
0.675801405786679
0.302354329575701
0.0220957186060744
0.675549951818224
0.302204046397328
0.0223229982570236
0.675472955345648
0.301825066543891
0.022561011992783
0.675613921463326
0.301391055601655
0.0226372561217903
0.675971688276555
0.301811920518335
0.0222428122932934
0.675945267188371
0.302143111136207
0.0221711232010654
0.675685765662728
0.302379634172
0.0217264812390754
0.675893884588925
0.302443519314541
0.0217781171099559
0.675778363575503
0.302446970437021
0.0219174814697537
0.675635548093226
0.302302868522364
0.0221588836522398
0.675538247825396
0.301825066543891
0.0225610119927828
0.675613921463327
0.300635177633365
0.0233694403708141
0.675995381995821
0.298717818217268
0.024983793305053
0.676298388477679
0.300528242174306
0.0226218677457697
0.676849890079924
0.301564746658856
0.0222789778075552
0.676156275533589
0.30256320044665
0.0216767651219318
0.675760034431418
0.302550480237397
0.0217300587606434
0.675719461001959
0.302483486895453
0.0218753237444857
0.675641189360061
0.302235903972853
0.0221289548646076
0.67563514116254
0.301391055601655
0.0226372561217905
0.675971688276555
0.298717818217268
0.0249837933050527
0.676298388477679
0.291031501805791
0.0669145683030193
0.64205392989119
0.298513808475772
0.0233997887858025
0.678086402738426
0.300938991090803
0.0220877552707601
0.676973253638437
0.30262277061674
0.0216346787204574
0.675742550662802
0.30260496354313
0.0216880774372092
0.675706959019661
0.302541617990473
0.0218212293258008
0.675637152683726
0.302349958523537
0.0220146033520128
0.675635438124451
0.301811920518335
0.0222428122932935
0.675945267188371
0.300528242174306
0.0226218677457699
0.676849890079924
0.298513808475772
0.0233997887858024
0.678086402738426
0.300353996381154
0.0218045691477591
0.677841434471086
0.301438300012451
0.0218365924210515
0.676725107566497
0.302651905161483
0.0216048126672873
0.67574328217123
0.302635154451208
0.0216592341040421
0.67570561144475
0.302583178767484
0.0217898475602446
0.675626973672271
0.302449840117035
0.0219743963371541
0.675575763545811
0.302143111136207
0.0221711232010653
0.675685765662728
0.301564746658855
0.0222789778075553
0.676156275533589
0.300938991090804
0.0220877552707602
0.676973253638436
0.301438300012451
0.0218365924210515
0.676725107566498
0.301874252625318
0.0219165407150329
0.676209206659649
