0.163545269241792
0
0.836454730758208
0.164520874377015
0
0.835479125622985
0.164605894456128
0
0.835394105543872
0.164634647779004
0
0.835365352220996
0.164661926971173
0
0.835338073028827
0.164678640795037
0
0.835321359204963
0.164691526091766
0
0.835308473908234
0.164698079533614
0.0181393800573946
0.817162540408992
0.164699729239609
0.0314026056155119
0.803897665144879
0.164520874377015
0
0.835479125622985
0.164596828565249
0
0.835403171434751
0.164622582139378
0
0.835377417860622
0.164646466432238
0
0.835353533567762
0.164669819438016
0
0.835330180561984
0.164682071083278
0
0.835317928916722
0.164696569325618
0
0.835303430674382
0.164698005756737
0.0237249774719465
0.811577016771317
0.164700039601901
0.0314675164939311
0.803832443904168
0.164605894456128
0
0.835394105543872
0.164622582139378
0
0.835377417860622
0.164640698515545
0
0.835359301484455
0.164662795781682
0
0.835337204218318
0.164675833108524
0
0.835324166891476
0.164686332465062
0
0.835313667534938
0.164695360062588
0
0.835304639937412
0.164699062497858
0.0287663414100859
0.806534596092057
0.164700466842472
0.0316348087602992
0.803664724397228
0.164634647779004
0
0.835365352220996
0.164646466432238
0
0.835353533567762
0.164662795781682
0
0.835337204218318
0.164673796869011
0
0.835326203130989
0.164682043800931
0
0.835317956199069
0.164690206798858
0
0.835309793201142
0.16469713479898
0.00442386908391778
0.830878996117102
0.164699681686277
0.0319667222664455
0.803333596047278
0.164700863346299
0.0318738517665241
0.803425284887177
0.164661926971173
0
0.835338073028827
0.164669819438016
0
0.835330180561984
0.164675833108524
0
0.835324166891476
0.164682043800931
0
0.835317956199069
0.164688239375386
0
0.835311760624614
0.164693327660607
0
0.835306672339393
0.164696453379886
0.022222975745814
0.8130805708743
0.164700072740682
0.032239333756925
0.803060593502393
0.164701205450314
0.0321151304142847
0.803183664135402
0.164678640795037
0
0.835321359204963
0.164682071083278
0
0.835317928916722
0.164686332465062
0
0.835313667534938
0.164690206798858
0
0.835309793201142
0.164693327660607
0
0.835306672339393
0.164694635408482
0.00327806287691478
0.832027301714603
0.164693391774068
0.0329736764809303
0.802332931745002
0.164698913389727
0.0324024214647519
0.802898665145522
0.164701201403983
0.0322394607561545
0.803059337839863
0.164691526091766
0
0.835308473908234
0.164696569325618
0
0.835303430674382
0.164695360062588
0
0.835304639937412
0.16469713479898
0.00442386908391769
0.830878996117102
0.164696453379886
0.0222229757458139
0.8130805708743
0.164693391774068
0.0329736764809303
0.802332931745002
0.164683358762023
0.0331367904499477
0.80217985078803
0.164696036390063
0.0322555347186477
0.80304842889129
0.164701002511716
0.0321207672516274
0.803178230236656
0.164698079533614
0.0181393800573943
0.817162540408992
0.164698005756737
0.0237249774719465
0.811577016771317
0.164699062497858
0.0287663414100857
0.806534596092057
0.164699681686277
0.031966722266445
0.803333596047278
0.164700072740682
0.032239333756925
0.803060593502393
0.164698913389727
0.0324024214647521
0.802898665145521
0.164696036390063
0.0322555347186475
0.80304842889129
0.164700219004442
0.0318783421969656
0.803421438798592
0.164702460192626
0.0318839528749205
0.803413586932453
0.164699729239609
0.0314026056155122
0.803897665144879
0.164700039601901
0.0314675164939312
0.803832443904168
0.164700466842472
0.0316348087602992
0.803664724397228
0.164700863346299
0.0318738517665238
0.803425284887177
0.164701205450314
0.0321151304142848
0.803183664135402
0.164701201403983
0.0322394607561542
0.803059337839863
0.164701002511716
0.0321207672516273
0.803178230236656
0.164702460192626
0.0318839528749212
0.803413586932452
0.164703496277128
0.0318424593555808
0.803454044367291
0.181066861247549
0
0.818933138752451
0.182535178926107
0
0.817464821073893
0.18284182815513
0
0.81715817184487
0.182947337838291
0
0.817052662161709
0.182979913252755
0
0.817020086747245
0.182993752842154
0.0252974932546097
0.791708753903236
0.182993196373733
0.0304011254232496
0.786605678203018
0.182993695284498
0.0309707978212291
0.786035506894272
0.182998641010997
0.0309833870398595
0.786017971949144
0.182535178926107
0
0.817464821073893
0.182776172120213
0
0.817223827879788
0.182903585648089
0
0.817096414351911
0.182959168429916
0
0.817040831570084
0.182981832779395
0.00212226557824333
0.814895901642361
0.182991869325064
0.0291887944876613
0.787819336187275
0.182986809966824
0.0303104883308892
0.786702701702287
0.182991770500818
0.0310079013245501
0.786000328174632
0.182996591041209
0.0310204279015319
0.785982981057259
0.18284182815513
0
0.81715817184487
0.182903585648089
0
0.817096414351911
0.182948549348775
0
0.817051450651225
0.182972701952596
0
0.817027298047404
0.182984903535383
0.022693500431202
0.794321596033415
0.182986161132044
0.028984715712256
0.7880291231557
0.182978895523421
0.030652420165149
0.78636868431143
0.182985226041967
0.0310809195064994
0.785933854451534
0.182990383739779
0.0310927591854202
0.785916857074801
0.182947337838291
0
0.817052662161709
0.182959168429916
0
0.817040831570084
0.182972701952596
0
0.817027298047404
0.182981550538875
0.0178691278282987
0.799149321632826
0.182981281339544
0.0269719138529402
0.790046804807516
0.182968897631986
0.0285448299754865
0.788486272392528
0.182957335163706
0.031126115904873
0.785916548931421
0.182968878304893
0.0311583814519901
0.785872740243117
0.182977569499694
0.0311767687310051
0.785845661769301
0.182979913252755
0
0.817020086747245
0.182981832779396
0.00212226557824329
0.814895901642361
0.182984903535383
0.0226935004312022
0.794321596033415
0.182981281339544
0.02697191385294
0.790046804807516
0.182964091771025
0.0270200844216128
0.790015823807362
0.182934413023575
0.0285766710328922
0.788488915943533
0.182909938841578
0.0311080159539619
0.78598204520446
0.182937058205355
0.0311681519959712
0.785894789798674
0.182956944557863
0.0312280484685045
0.785815006973632
0.182993752842154
0.0252974932546097
0.791708753903236
0.182991869325064
0.0291887944876613
0.787819336187275
0.182986161132044
0.0289847157122562
0.7880291231557
0.182968897631986
0.0285448299754867
0.788486272392528
0.182934413023575
0.0285766710328923
0.788488915943533
0.182867329232935
0.0310594424220523
0.786073228345013
0.182775125736318
0.0307435188115978
0.786481355452084
0.182871044739095
0.0309778590880611
0.786151096172844
0.182925638962441
0.0311862819980471
0.785888079039512
0.182993196373732
0.0304011254232497
0.786605678203018
0.182986809966824
0.0303104883308893
0.786702701702287
0.182978895523421
0.0306524201651485
0.786368684311431
0.182957335163706
0.0311261159048729
0.785916548931421
0.182909938841578
0.031108015953962
0.78598204520446
0.182775125736318
0.0307435188115985
0.786481355452084
0.18246196350886
0.0297969008217933
0.787741135669347
0.182772269702667
0.0305487598809876
0.786678970416345
0.182895946705539
0.0310534643181973
0.786050588976264
0.182993695284498
0.0309707978212296
0.786035506894272
0.182991770500818
0.0310079013245502
0.786000328174632
0.182985226041967
0.0310809195064993
0.785933854451534
0.182968878304893
0.03115838145199
0.785872740243117
0.182937058205355
0.0311681519959712
0.785894789798674
0.182871044739095
0.0309778590880603
0.786151096172845
0.182772269702667
0.0305487598809876
0.786678970416346
0.18286686240097
0.0308489383549658
0.786284199244064
0.182921409363775
0.0311218461791721
0.785956744457053
0.182998641010997
0.0309833870398595
0.786017971949144
0.182996591041209
0.031020427901532
0.785982981057259
0.182990383739779
0.0310927591854198
0.785916857074801
0.182977569499694
0.0311767687310053
0.785845661769301
0.182956944557863
0.0312280484685047
0.785815006973632
0.182925638962441
0.0311862819980473
0.785888079039512
0.182895946705539
0.0310534643181972
0.786050588976264
0.182921409363775
0.0311218461791717
0.785956744457054
0.182943925203639
0.031222608225842
0.785833466570519
0.210788450236601
0
0.789211549763399
0.212573237352873
0
0.787426762647127
0.213387238846117
0
0.786612761153883
0.213732037488688
0.00350081698679185
0.782767145524521
0.213910399133984
0.0291246348833134
0.756964965982703
0.214005625211035
0.02988693767205
0.756107437116916
0.214041859914387
0.0299417159360716
0.756016424149541
0.214057429498519
0.0299752721725595
0.755967298328922
0.214067088124728
0.0299953592419891
0.755937552633283
0.212573237352873
0
0.787426762647127
0.213186489854616
0
0.786813510145384
0.213583129578232
0
0.786416870421769
0.213805124011909
0.021330751905739
0.764864124082352
0.213938778142732
0.0298126081588518
0.756248613698416
0.214008183703616
0.0299188070336899
0.756073009262694
0.214033204471623
0.0299675394189732
0.755999256109404
0.214048525549406
0.030002700411847
0.755948774038747
0.214058556139687
0.0300221727934247
0.755919271066889
0.213387238846117
0
0.786612761153883
0.213583129578232
0
0.786416870421769
0.213756883989729
0.016415035991668
0.769828080018603
0.213890188501716
0.0288988189615552
0.757210992536729
0.21396556652877
0.0299031500078092
0.756131283463421
0.213995554527376
0.0299801920829757
0.756024253389648
0.214001460331207
0.0300190479070666
0.755979491761726
0.214019756946005
0.0300551241678093
0.755925118886186
0.214034230329963
0.0300754505676297
0.755890319102407
0.213732037488688
0.0035008169867919
0.782767145524521
0.213805124011909
0.0213307519057396
0.764864124082352
0.213890188501716
0.0288988189615549
0.757210992536729
0.213946527960393
0.0298916651498208
0.756161806889786
0.213960742227838
0.0299961854975045
0.756043072274657
0.213934017003479
0.0300476171413947
0.756018365855126
0.213905014377173
0.0300713214953546
0.756023664127472
0.213941245830997
0.0301101724311135
0.755948581737889
0.213976199904794
0.0301380804313255
0.75588571966388
0.213910399133984
0.0291246348833133
0.756964965982703
0.213938778142732
0.0298126081588515
0.756248613698416
0.21396556652877
0.029903150007809
0.756131283463421
0.213960742227838
0.0299961854975048
0.756043072274657
0.213899927540878
0.0300635440543381
0.756036528404784
0.213778671976175
0.0300855627303627
0.756135765293462
0.213679096276632
0.030064363189308
0.75625654053406
0.213774672587042
0.0301187486507773
0.756106578762181
0.213864862008008
0.0301800810575769
0.755955056934416
0.214005625211035
0.0298869376720498
0.756107437116916
0.214008183703616
0.0299188070336904
0.756073009262694
0.213995554527376
0.0299801920829763
0.756024253389647
0.213934017003479
0.0300476171413944
0.756018365855126
0.213778671976175
0.0300855627303624
0.756135765293462
0.213531140966242
0.0300542247267847
0.756414634306974
0.213173174608929
0.0299880980568985
0.756838727334173
0.21352032993863
0.0300207760204272
0.756458894040943
0.213717041460787
0.0301639056348484
0.756119052904365
0.214041859914387
0.0299417159360713
0.756016424149542
0.214033204471623
0.0299675394189731
0.755999256109404
0.214001460331207
0.0300190479070669
0.755979491761726
0.213905014377173
0.0300713214953547
0.756023664127472
0.213679096276632
0.0300643631893078
0.75625654053406
0.213173174608929
0.0299880980568985
0.756838727334173
0.211906419652022
0.0317824220251832
0.756311158322795
0.213148437393874
0.0298527235704188
0.756998839035707
0.21360234435232
0.0300882622369958
0.756309393410684
0.214057429498519
0.0299752721725591
0.755967298328922
0.214048525549406
0.030002700411847
0.755948774038747
0.214019756946005
0.0300551241678092
0.755925118886186
0.213941245830997
0.0301101724311135
0.755948581737889
0.213774672587042
0.0301187486507775
0.75610657876218
0.21352032993863
0.0300207760204277
0.756458894040942
0.213148437393874
0.0298527235704187
0.756998839035707
0.213495909708069
0.0299646825148985
0.756539407777032
0.213694789980722
0.03015768162056
0.756147528398718
0.214067088124728
0.029995359241989
0.755937552633283
0.214058556139687
0.0300221727934248
0.755919271066888
0.214034230329963
0.0300754505676293
0.755890319102407
0.213976199904795
0.0301380804313259
0.75588571966388
0.213864862008008
0.0301800810575767
0.755955056934416
0.213717041460787
0.0301639056348483
0.756119052904365
0.213602344352321
0.0300882622369955
0.756309393410684
0.213694789980722
0.0301576816205594
0.756147528398719
0.213785451050384
0.0302485532105151
0.755965995739101
0.291064862898678
0
0.708935137101322
0.296631500956378
0
0.703368499043622
0.30014343742141
0
0.69985656257859
0.301541339593342
0
0.698458660406658
0.302131035535565
0
0.697868964464434
0.30240829287089
0.0195336893566194
0.67805801777249
0.30268898704815
0.0270183373369669
0.670292675614884
0.302788924693906
0.0269406037048019
0.670270471601292
0.302832766174236
0.0268936247399394
0.670273609085824
0.296631500956378
0
0.703368499043622
0.299149181811913
0
0.700850818188087
0.300873120640372
0
0.699126879359628
0.301753270950366
0
0.698246729049634
0.302136466555715
0.00237623304055626
0.695487300403729
0.302461468326539
0.0271608768125111
0.67037765486095
0.302685149582478
0.0270684809977838
0.670246369419738
0.302761734771322
0.026992064445987
0.670246200782691
0.302806742411701
0.0269468268537809
0.670246430734518
0.30014343742141
0
0.69985656257859
0.300873120640372
0
0.699126879359628
0.30155550522406
0
0.69844449477594
0.301961426968245
0
0.698038573031755
0.302217808885429
0.0228704829904236
0.674911708124148
0.302512676174904
0.0273045328771304
0.670182790947966
0.302586514388191
0.0272160450093
0.670197440602509
0.302665015600215
0.0271277596534258
0.670207224746359
0.302727594071728
0.0270806740453046
0.670191731882968
0.301541339593342
0
0.698458660406658
0.301753270950366
0
0.698246729049634
0.301961426968244
0
0.698038573031756
0.302118038036492
0.0192714967564011
0.678610465207107
0.302346273557205
0.0275245205870038
0.670129205855791
0.3023279402419
0.0275576921292572
0.670114367628843
0.302228939290706
0.0274820443706288
0.670289016338666
0.302384012095031
0.0273243902999037
0.670291597605066
0.302529182066524
0.0272687919399402
0.670202025993536
0.302131035535565
0
0.697868964464435
0.302136466555715
0.00237623304055632
0.695487300403729
0.302217808885429
0.0228704829904237
0.674911708124147
0.302346273557205
0.0275245205870038
0.670129205855792
0.30218604676005
0.027755456844204
0.670058496395746
0.301673834842398
0.0279952775148445
0.670330887642758
0.301101873460253
0.0280461715108412
0.670851955028906
0.301642356177299
0.027550785218949
0.670806858603752
0.302090291824238
0.0274619548542156
0.670447753321546
0.30240829287089
0.0195336893566189
0.678058017772491
0.302461468326539
0.0271608768125114
0.670377654860949
0.302512676174902
0.0273045328771305
0.670182790947968
0.302327940241902
0.0275576921292569
0.670114367628842
0.301673834842397
0.0279952775148443
0.670330887642758
0.3001287690376
0.0289233198647529
0.670947911097647
0.29778695373092
0.0308551350349863
0.671357911234093
0.29998012991629
0.027950645833672
0.672069224250038
0.30130188675863
0.0275406846957581
0.671157428545612
0.302688987048149
0.0270183373369673
0.670292675614884
0.302685149582477
0.027068480997784
0.670246369419739
0.302586514388191
0.0272160450092997
0.670197440602509
0.302228939290705
0.0274820443706288
0.670289016338666
0.301101873460253
0.0280461715108415
0.670851955028906
0.29778695373092
0.0308551350349862
0.671357911234093
0.288680313446498
0.0821538828000362
0.629165803753466
0.297508364913955
0.0288424372793857
0.673649197806659
0.30048376404834
0.0272583299672155
0.672257905984445
0.302788924693906
0.0269406037048019
0.670270471601292
0.302761734771322
0.0269920644459867
0.670246200782691
0.302665015600215
0.0271277596534258
0.670207224746359
0.302384012095031
0.0273243902999038
0.670291597605065
0.301642356177299
0.0275507852189492
0.670806858603752
0.299980129916289
0.0279506458336721
0.672069224250039
0.297508364913955
0.0288424372793855
0.67364919780666
0.299733502102736
0.0268829691740861
0.673383528723178
0.301118547624139
0.0269380558407838
0.671943396535077
0.302832766174237
0.0268936247399396
0.670273609085823
0.3028067424117
0.0269468268537807
0.670246430734519
0.302727594071728
0.0270806740453044
0.670191731882968
0.302529182066524
0.0272687919399399
0.670202025993537
0.302090291824238
0.0274619548542155
0.670447753321546
0.301301886758629
0.0275406846957581
0.671157428545613
0.300483764048341
0.0272583299672154
0.672257905984444
0.301118547624139
0.0269380558407838
0.671943396535078
0.301700989941933
0.02703897035524
0.671260039702827
