0.163366324693911
0
0.836633675306089
0.164525468245011
0
0.835474531754989
0.164639648266263
0
0.835360351733738
0.164672675808858
0
0.835327324191142
0.164704353241184
0
0.835295646758816
0.164724773571257
0
0.835275226428744
0.164739787499738
0
0.835260212500262
0.164750818236956
0.0106340904171099
0.824615091345934
0.164752856974141
0.0366974133359561
0.798549729689903
0.164525468245011
0
0.835474531754989
0.164628763262596
0
0.835371236737404
0.164658818897689
0
0.835341181102311
0.164685926533703
0
0.835314073466297
0.164714135359579
0
0.835285864640421
0.164728431734146
0
0.835271568265854
0.164744993888717
0
0.835255006111283
0.164750573665743
0.0182180708327121
0.817031355501545
0.164753135107596
0.0367685858171452
0.798478279075259
0.164639648266263
0
0.835360351733738
0.164658818897689
0
0.835341181102311
0.164679252611877
0
0.835320747388123
0.164704646768099
0
0.835295353231901
0.164721347661498
0
0.835278652338502
0.1647329242795
0
0.8352670757205
0.164744448586667
0
0.835255551413333
0.164751268357926
0.0261047901618612
0.809143941480213
0.164753410534121
0.0369548588358915
0.798291730629987
0.164672675808858
0
0.835327324191142
0.164685926533703
0
0.835314073466297
0.164704646768099
0
0.835295353231901
0.164719069969287
0
0.835280930030713
0.164727855947057
0
0.835272144052943
0.16473695463628
0
0.83526304536372
0.164746761129037
0
0.835253238870963
0.16475141105025
0.032810143210057
0.802438445739693
0.164753468003777
0.0372207571741006
0.798025774822123
0.164704353241184
0
0.835295646758816
0.164714135359579
0
0.835285864640421
0.164721347661498
0
0.835278652338502
0.164727855947057
0
0.835272144052943
0.164734322155841
0
0.835265677844159
0.164740047532739
0
0.835259952467261
0.164747315905038
0
0.835252684094962
0.164751006196748
0.0374257209804445
0.797823272822808
0.164753239490461
0.0374857881948885
0.797760972314651
0.164724773571257
0
0.835275226428744
0.164728431734146
0
0.835271568265854
0.1647329242795
0
0.8352670757205
0.16473695463628
0
0.83526304536372
0.164740047532739
0
0.835259952467261
0.164741297934034
0
0.835258702065966
0.164739323678178
0.0251578666246586
0.810102809697164
0.164748793233621
0.0378068698284361
0.797444336937942
0.164752399811318
0.0376113256057829
0.797636274582899
0.164739787499738
0
0.835260212500262
0.164744993888717
0
0.835255006111283
0.164744448586667
0
0.835255551413333
0.164746761129037
0
0.835253238870963
0.164747315905038
0
0.835252684094962
0.164739323678178
0.0251578666246583
0.810102809697164
0.164724079046287
0.0386717633002761
0.796604157653437
0.164743836304705
0.0376109517784816
0.797645211916813
0.164751435217617
0.0374528492174854
0.797795715564898
0.164750818236956
0.0106340904171093
0.824615091345935
0.164750573665743
0.0182180708327122
0.817031355501545
0.164751268357926
0.0261047901618609
0.809143941480213
0.16475141105025
0.0328101432100565
0.802438445739693
0.164751006196748
0.0374257209804444
0.797823272822808
0.164748793233621
0.0378068698284364
0.797444336937942
0.164743836304705
0.0376109517784814
0.797645211916813
0.164749958163767
0.0371568570279458
0.798093184808287
0.164753386987964
0.0371634924404151
0.798083120571621
0.164752856974141
0.0366974133359563
0.798549729689903
0.164753135107596
0.0367685858171452
0.798478279075259
0.164753410534121
0.0369548588358918
0.798291730629987
0.164753468003777
0.0372207571741003
0.798025774822123
0.164753239490461
0.0374857881948883
0.797760972314651
0.164752399811318
0.0376113256057826
0.797636274582899
0.164751435217617
0.0374528492174854
0.797795715564898
0.164753386987964
0.0371634924404158
0.798083120571621
0.164754896874184
0.0371122851250944
0.798132818000721
0.180717705433087
0
0.819282294566913
0.182508860469524
0
0.817491139530476
0.182895338014846
0
0.817104661985154
0.18303130931307
0
0.81696869068693
0.183074496041127
0
0.816925503958874
0.183091078378568
0.0256848789761019
0.791224042645331
0.183091235460144
0.0356082333521465
0.78130053118771
0.183085434847165
0.0361516457180073
0.780762919434828
0.183091946673206
0.0361659783439917
0.780742074982802
0.182508860469524
0
0.817491139530476
0.182813808309218
0
0.817186191690782
0.182973789716809
0
0.817026210283191
0.18304808360437
0
0.81695191639563
0.183076781274901
0
0.816923218725099
0.183089378125538
0.0328343459820154
0.784076275892447
0.183084014780619
0.0352319663011447
0.781684018918236
0.183083009271101
0.036188185622986
0.780728805105913
0.183089583946424
0.03620315431415
0.780707261739426
0.182895338014846
0
0.817104661985154
0.182973789716809
0
0.817026210283191
0.183034579362136
0
0.816965420637864
0.183065908142519
0
0.816934091857481
0.183080192691575
0.0204929155468944
0.79642689176153
0.183083501464949
0.0335020394012183
0.783414459133833
0.183073166186743
0.035169443265046
0.781757390548211
0.183075248685182
0.0362615180261636
0.780663233288655
0.183082438754292
0.0362765977163011
0.780640963529407
0.18303130931307
0
0.81696869068693
0.18304808360437
0
0.81695191639563
0.183065908142519
0
0.816934091857481
0.18307578914602
0.0116379756428182
0.805286235211162
0.183077354438365
0.0309227730953751
0.78599987246626
0.183063046757688
0.0318859661071957
0.785050987135116
0.183045156726944
0.0351821039218173
0.781772739351239
0.183055743294379
0.0363357933770347
0.780608463328586
0.183067280614897
0.036359089567376
0.780573629817727
0.183074496041127
0
0.816925503958874
0.183076781274901
0
0.816923218725099
0.183080192691575
0.0204929155468946
0.79642689176153
0.183077354438365
0.0309227730953748
0.78599987246626
0.183057126377759
0.0294437525468857
0.787499121075355
0.183019474397903
0.0296861807209688
0.787294344881128
0.182980536967858
0.0358399871244353
0.781179475907707
0.183016009032049
0.0363274784402085
0.780656512527742
0.183041591417987
0.0363993451010892
0.780559063480924
0.183091078378568
0.0256848789761019
0.791224042645331
0.183089378125538
0.0328343459820153
0.784076275892447
0.183083501464949
0.0335020394012182
0.783414459133833
0.183063046757688
0.0318859661071957
0.785050987135116
0.183019474397903
0.0296861807209688
0.787294344881128
0.182932156439191
0.030077050521258
0.786990793039551
0.182811012520002
0.0357952315144318
0.781393755965567
0.182933352020664
0.0360808175774171
0.780985830401919
0.183002057865727
0.036328868262076
0.780669073872197
0.183091235460144
0.0356082333521467
0.78130053118771
0.18308401478062
0.0352319663011449
0.781684018918236
0.183073166186743
0.0351694432650454
0.781757390548212
0.183045156726944
0.0351821039218174
0.781772739351239
0.182980536967858
0.0358399871244354
0.781179475907707
0.182811012520002
0.0357952315144323
0.781393755965566
0.182428544402986
0.0346720432597416
0.782899412337272
0.18281037465389
0.0355552002991681
0.781634425046942
0.182964562835007
0.0361550600560119
0.780880377108981
0.183085434847165
0.0361516457180077
0.780762919434828
0.183083009271101
0.0361881856229861
0.780728805105913
0.183075248685182
0.0362615180261635
0.780663233288655
0.183055743294379
0.0363357933770347
0.780608463328586
0.183016009032049
0.0363274784402084
0.780656512527742
0.182933352020664
0.0360808175774164
0.78098583040192
0.18281037465389
0.0355552002991677
0.781634425046943
0.18292799496083
0.0359050541782089
0.781166950860961
0.182996516423947
0.0362287067560152
0.780774776820038
0.183091946673206
0.0361659783439916
0.780742074982802
0.183089583946424
0.0362031543141501
0.780707261739426
0.183082438754292
0.0362765977163009
0.780640963529407
0.183067280614897
0.0363590895673762
0.780573629817726
0.183041591417987
0.0363993451010894
0.780559063480923
0.183002057865727
0.0363288682620763
0.780669073872197
0.182964562835007
0.0361550600560118
0.780880377108981
0.182996516423947
0.0362287067560147
0.780774776820039
0.18302469271458
0.0363464228899388
0.780628884395481
0.21013065235162
0
0.78986934764838
0.212256555438259
0
0.787743444561741
0.213243836108844
0
0.786756163891156
0.213675055158307
0
0.786324944841693
0.213881385576387
0.0333900588556164
0.752728555567997
0.214000627649816
0.0348977798435825
0.751101592506602
0.214044133779707
0.0349493165515036
0.75100654966879
0.214058982982865
0.0349735303533264
0.750967486663808
0.214070811587194
0.0349928860067303
0.750936302406075
0.212256555438259
0
0.787743444561741
0.212996503682597
0
0.787003496317403
0.213486186725315
0
0.786513813274685
0.213759952446389
0.0208882704606071
0.765351777093004
0.213915438418221
0.0345995917003307
0.751484969881449
0.214004228093065
0.0349297635103903
0.751066008396544
0.214034442154161
0.0349731979674147
0.750992359878424
0.214048719642825
0.0349993936519737
0.750951886705202
0.214061197649819
0.0350185916798709
0.75092021067031
0.213243836108844
0
0.786756163891156
0.213486186725315
0
0.786513813274685
0.213703661635578
0.0130485731243197
0.773247765240102
0.213859673936859
0.0332193636964229
0.752920962366718
0.213953873995152
0.0349147223275305
0.751131403677318
0.213991742050538
0.0349903693232565
0.751017888626205
0.213998177196965
0.0350205486316297
0.750981274171406
0.214016041848751
0.0350488008056051
0.750935157345644
0.21403378768098
0.0350697559674185
0.750896456351602
0.213675055158307
0
0.786324944841693
0.213759952446389
0.0208882704606076
0.765351777093004
0.21385967393686
0.0332193636964225
0.752920962366718
0.213931322870771
0.0349030844109532
0.751165592718276
0.213951395399839
0.0350087862759544
0.751039818324206
0.213923336294187
0.0350518426900833
0.75102482101573
0.213888101287683
0.0350612443485809
0.751050654363736
0.213927787967675
0.0350957446378103
0.750976467394515
0.213968717794589
0.0351268042681065
0.750904477937305
0.213881385576387
0.0333900588556166
0.752728555567997
0.213915438418221
0.0345995917003305
0.751484969881449
0.213953873995151
0.0349147223275302
0.751131403677318
0.213951395399839
0.0350087862759546
0.751039818324206
0.213884522470338
0.0350686639491642
0.751046813580497
0.213744382305915
0.0350715262600413
0.751184091434044
0.213619783328901
0.0350230912291191
0.75135712544198
0.213736319204927
0.0350828109782186
0.751180869816855
0.213842652857608
0.0351554614201234
0.751001885722269
0.214000627649816
0.0348977798435823
0.751101592506602
0.214004228093065
0.034929763510391
0.751066008396544
0.213991742050538
0.034990369323257
0.751017888626205
0.213923336294187
0.0350518426900827
0.751024821015731
0.213744382305915
0.0350715262600409
0.751184091434044
0.213435294381881
0.035003643131254
0.751561062486865
0.212990659711475
0.0349007896342668
0.752108550654258
0.213420374671373
0.0349407158507764
0.75163890947785
0.213667463047985
0.0351140024635033
0.751218534488512
0.214044133779707
0.0349493165515032
0.75100654966879
0.214034442154161
0.0349731979674146
0.750992359878424
0.213998177196965
0.03502054863163
0.750981274171405
0.213888101287683
0.0350612443485811
0.751050654363736
0.213619783328901
0.035023091229119
0.75135712544198
0.212990659711475
0.0349007896342667
0.752108550654258
0.211470300359054
0.0370074017048034
0.751522297936143
0.212960801006027
0.0347190436894708
0.752320155304502
0.213522943443996
0.0350065453039122
0.751470511252091
0.214058982982865
0.034973530353326
0.750967486663809
0.214048719642825
0.0349993936519738
0.750951886705201
0.214016041848751
0.0350488008056049
0.750935157345644
0.213927787967675
0.0350957446378102
0.750976467394515
0.213736319204927
0.0350828109782187
0.751180869816854
0.213420374671373
0.0349407158507769
0.75163890947785
0.212960801006027
0.0347190436894708
0.752320155304502
0.21338897261604
0.0348511562375119
0.751759871146448
0.213639003578512
0.0350833980377304
0.751277598383758
0.214070811587194
0.0349928860067301
0.750936302406075
0.214061197649819
0.035018591679871
0.75092021067031
0.21403378768098
0.035069755967418
0.750896456351602
0.213968717794589
0.0351268042681069
0.750904477937304
0.213842652857608
0.0351554614201234
0.751001885722269
0.213667463047985
0.0351140024635031
0.751218534488512
0.213522943443997
0.0350065453039117
0.751470511252092
0.213639003578512
0.0350833980377297
0.751277598383759
0.213750047316107
0.0351909142513286
0.751059038432565
0.289134598707282
0
0.710865401292718
0.295511197414292
0
0.704488802585707
0.299739169527346
0
0.700260830472654
0.301470276538678
0
0.698529723461322
0.302212718880929
0
0.697787281119071
0.302489029733831
0.0111531250331145
0.686357845233054
0.302815893483052
0.0315031379853902
0.665680968531558
0.302979493880284
0.0313983149640736
0.665622191155642
0.303039271587637
0.0313388391404089
0.665621889271954
0.295511197414292
0
0.704488802585708
0.298523220821589
0
0.701476779178411
0.300681806911666
0
0.699318193088334
0.301743388460795
0
0.698256611539205
0.302210934364742
0
0.697789065635258
0.302496520866229
0.0249717628208889
0.672531716312882
0.302827557735688
0.0315568584285716
0.665615583835741
0.30294317200148
0.031453545409643
0.665603282588877
0.303002979003667
0.031396498109477
0.665600522886856
0.299739169527346
0
0.700260830472654
0.300681806911666
0
0.699318193088334
0.301497008911766
0
0.698502991088234
0.302011432593222
0
0.697988567406778
0.302222980125143
0.0102589384304123
0.687518081444445
0.302539694507682
0.03183857708474
0.665621728407578
0.302714367865493
0.0317200109495929
0.665565621184914
0.302811914393618
0.031603279089188
0.665584806517194
0.302894202821521
0.0315447865193871
0.665561010659092
0.301470276538678
0
0.698529723461322
0.301743388460795
0
0.698256611539205
0.302011432593222
0
0.697988567406778
0.302136714729907
0.00123290961158096
0.696630375658513
0.30225632435384
0.0320983032443167
0.665645372401843
0.302364595511665
0.0321245089784846
0.66551089550985
0.302254884037114
0.0320170376117333
0.665728078351152
0.302438889434583
0.0318210435506299
0.665740067014787
0.3026270543007
0.0317533144411917
0.665619631258108
0.302212718880929
0
0.697787281119071
0.302210934364742
0
0.697789065635258
0.302222980125143
0.0102589384304124
0.687518081444444
0.30225632435384
0.0320983032443167
0.665645372401843
0.302173297985216
0.0323585761476934
0.665468125867091
0.301557955487957
0.0326212212970287
0.665820823215014
0.300857860944043
0.0326631285868273
0.666479010469129
0.30149657858422
0.0320713603412019
0.666432061074578
0.302053552140963
0.0319652594323846
0.665981188426652
0.302489029733831
0.0111531250331139
0.686357845233055
0.30249652086623
0.0249717628208895
0.672531716312881
0.30253969450768
0.0318385770847403
0.66562172840758
0.302364595511667
0.0321245089784843
0.665510895509849
0.301557955487956
0.0326212212970286
0.665820823215015
0.299692211975207
0.033699055983633
0.66660873204116
0.296984250733839
0.0359805060368144
0.667035243229346
0.299485394859952
0.0325276929941945
0.667986912145853
0.301059320151663
0.0320412347817648
0.666899445066573
0.302815893483052
0.0315031379853906
0.665680968531558
0.302827557735687
0.0315568584285718
0.665615583835741
0.302714367865493
0.0317200109495926
0.665565621184914
0.302254884037114
0.0320170376117331
0.665728078351153
0.300857860944043
0.0326631285868275
0.666479010469129
0.296984250733839
0.0359805060368142
0.667035243229347
0.286792541687889
0.0937714123887316
0.619436045923379
0.296628304454062
0.0335748703196379
0.6697968252263
0.300061402330682
0.031691549416602
0.668247048252716
0.302979493880284
0.0313983149640736
0.665622191155642
0.30294317200148
0.0314535454096428
0.665603282588877
0.302811914393618
0.0316032790891879
0.665584806517194
0.302438889434584
0.0318210435506299
0.665740067014786
0.30149657858422
0.0320713603412019
0.666432061074579
0.299485394859952
0.0325276929941947
0.667986912145853
0.296628304454062
0.0335748703196379
0.6697968252263
0.299162864235228
0.0312386018733552
0.669598533891417
0.300814404434842
0.0313045527981206
0.667881042767037
0.303039271587638
0.0313388391404091
0.665621889271953
0.303002979003666
0.0313964981094768
0.665600522886857
0.302894202821521
0.0315447865193869
0.665561010659092
0.302627054300699
0.0317533144411914
0.665619631258109
0.302053552140964
0.0319652594323848
0.665981188426652
0.301059320151662
0.0320412347817648
0.666899445066573
0.300061402330683
0.0316915494166019
0.668247048252715
0.300814404434842
0.0313045527981204
0.667881042767037
0.301535830796581
0.0314231464172287
0.667041022786191
