0.163197149438038
0
0.836802850561962
0.164521622057515
0
0.835478377942485
0.164668115229595
0
0.835331884770405
0.164705444508488
0
0.835294555491512
0.164740570755338
0
0.835259429244663
0.164764796231771
0
0.835235203768229
0.164781130924084
0
0.835218869075916
0.164796872148164
0.00101259806307714
0.834190529788758
0.16479910368705
0.0412782839220779
0.793922612390872
0.164521622057515
0
0.835478377942485
0.164655108649498
0
0.835344891350502
0.164690030435473
0
0.835309969564527
0.164719707117632
0
0.835280292882368
0.164751713650963
0
0.835248286349037
0.164768510405954
0
0.835231489594046
0.164786220841003
0
0.835213779158997
0.164796404345177
0.00995128731134563
0.825252308343478
0.164799352256033
0.0413421869603462
0.79385846078362
0.164668115229595
0
0.835331884770405
0.164690030435473
0
0.835309969564527
0.164712331950139
0
0.835287668049861
0.164740226785554
0
0.835259773214447
0.164760916013755
0
0.835239083986245
0.164772992694643
0
0.835227007305357
0.164785927555005
0
0.835214072444995
0.164796650642616
0.0198507703951062
0.815352578962278
0.164799476133771
0.0415180950672305
0.793682428798999
0.164705444508488
0
0.835294555491512
0.164719707117632
0
0.835280292882368
0.164740226785554
0
0.835259773214447
0.164758480770695
0
0.835241519229305
0.16476745124371
0
0.83523254875629
0.164776812096157
0
0.835223187903843
0.164788074336313
0
0.835211925663687
0.164796171109857
0.0289768016199714
0.806227027270171
0.164799179311307
0.0417689647595092
0.793431855929184
0.164740570755338
0
0.835259429244663
0.164751713650963
0
0.835248286349037
0.164760916013755
0
0.835239083986245
0.16476745124371
0
0.83523254875629
0.164773717349205
0
0.835226282650795
0.164779331100927
0
0.835220668899073
0.164787892364764
0
0.835212107635236
0.164794791223129
0.0365904726571719
0.798614736119699
0.164798326008195
0.0420105768113677
0.793191097180438
0.164764796231771
0
0.835235203768229
0.164768510405954
0
0.835231489594046
0.164772992694643
0
0.835227007305357
0.164776812096157
0
0.835223187903843
0.164779331100927
0
0.835220668899073
0.164779525200255
0
0.835220474799745
0.164787439804631
0
0.835212560195369
0.164791014661696
0.041636278250338
0.793572707087966
0.164796540031809
0.0420984040087013
0.79310505595949
0.164781130924084
0
0.835218869075916
0.164786220841003
0
0.835213779158997
0.164785927555005
0
0.835214072444995
0.164788074336313
0
0.835211925663687
0.164787892364764
0
0.835212107635236
0.164787439804631
0
0.835212560195369
0.164751222641261
0.0373243269065849
0.797924450452154
0.164783914617238
0.0420538810370742
0.793162204345688
0.16479468312046
0.0418867471660005
0.79331856971354
0.164796872148164
0.00101259806307657
0.834190529788759
0.164796404345177
0.00995128731134564
0.825252308343478
0.164796650642616
0.0198507703951059
0.815352578962278
0.164796171109857
0.028976801619971
0.806227027270172
0.164794791223129
0.0365904726571719
0.798614736119699
0.164791014661696
0.0416362782503382
0.793572707087965
0.164783914617238
0.042053881037074
0.793162204345688
0.164792385904498
0.041547217371925
0.793660396723577
0.164797234815182
0.0415546312762176
0.7936481339086
0.16479910368705
0.041278283922078
0.793922612390872
0.164799352256033
0.0413421869603462
0.79385846078362
0.164799476133771
0.0415180950672306
0.793682428798999
0.164799179311307
0.0417689647595087
0.793431855929184
0.164798326008195
0.0420105768113676
0.793191097180438
0.164796540031809
0.0420984040087009
0.79310505595949
0.16479468312046
0.0418867471660005
0.79331856971354
0.164797234815182
0.0415546312762183
0.7936481339086
0.16479931321561
0.0414948521850924
0.793705834599297
0.180371692317258
0
0.819628307682742
0.182470764967329
0
0.817529235032671
0.182936620144476
0
0.817063379855524
0.183102004977815
0
0.816897995022185
0.183157404892084
0
0.816842595107916
0.183177210994853
0.0244014996531451
0.792421289352002
0.18317990224317
0.0402198422084888
0.776600255548342
0.18316729571112
0.0407309268897696
0.77610177739911
0.183175064416078
0.0407364410555303
0.776088494528392
0.182470764967329
0
0.817529235032671
0.182839708638055
0
0.817160291361945
0.183031233355528
0
0.816968766644472
0.183125014159727
0
0.816874985840273
0.183160729959366
0
0.816839270040634
0.183175918005158
0.0345195568537473
0.782304525141094
0.183172393049685
0.0398344065395625
0.776993200410753
0.183164238257261
0.0407559033903056
0.776079858352433
0.183172373092629
0.0407629969324841
0.776064629974887
0.182936620144476
0
0.817063379855524
0.183031233355528
0
0.816968766644472
0.183108568042777
0
0.816891431957223
0.183147828150718
0
0.816852171849282
0.183164300714558
0.0155964547918047
0.801239244493637
0.183170456837257
0.0376805555371737
0.779148987625569
0.183159340125998
0.0392130358456452
0.777627624028356
0.183155032436384
0.0408074624949869
0.776037505068629
0.18316426163421
0.0408161543465454
0.776019584019244
0.183102004977815
0
0.816897995022185
0.183125014159727
0
0.816874985840273
0.183147828150718
0
0.816852171849282
0.183159374144336
0.00314039171279864
0.813700234142866
0.183162299821082
0.0346451860026406
0.782192514176278
0.183147713284723
0.0346702997270999
0.782181986988177
0.183125779398549
0.0380255923771211
0.77884862822433
0.183132049033829
0.0408479879976705
0.776019962968501
0.183146726282681
0.0408677264799442
0.775985547237375
0.183157404892084
0
0.816842595107916
0.183160729959366
0
0.816839270040634
0.183164300714558
0.0155964547918048
0.801239244493637
0.183162299821082
0.0346451860026402
0.782192514176278
0.183140492953685
0.0313725225989603
0.785486984447355
0.183095725577768
0.0294926381737311
0.787411636248501
0.183046464480654
0.0364505163665469
0.780503019152799
0.183084029738039
0.0407890704121863
0.776126899849774
0.183115956172977
0.0408648852216132
0.776019158605409
0.183177210994853
0.0244014996531451
0.792421289352002
0.183175918005158
0.0345195568537468
0.782304525141095
0.183170456837257
0.0376805555371736
0.779148987625569
0.183147713284723
0.0346702997270998
0.782181986988177
0.183095725577768
0.0294926381737309
0.787411636248501
0.182990514213487
0.0250259940722167
0.791983491714296
0.182829353866437
0.0377045362828075
0.779466109850756
0.182984873919668
0.0404670616348489
0.776548064445483
0.18306818680358
0.0407395692253707
0.77619224397105
0.18317990224317
0.0402198422084891
0.776600255548341
0.183172393049685
0.0398344065395625
0.776993200410753
0.183159340125999
0.0392130358456445
0.777627624028357
0.183125779398549
0.038025592377121
0.77884862822433
0.183046464480654
0.0364505163665469
0.780503019152799
0.182829353866437
0.037704536282808
0.779466109850755
0.182385006913898
0.0388789698393845
0.778736023246717
0.182838327712996
0.0398494478005593
0.777312224486445
0.183022870918136
0.0405117334444832
0.776465395637381
0.18316729571112
0.0407309268897701
0.77610177739911
0.183164238257261
0.0407559033903059
0.776079858352433
0.183155032436384
0.0408074624949867
0.776037505068629
0.183132049033828
0.0408479879976707
0.776019962968501
0.183084029738039
0.0407890704121865
0.776126899849774
0.182984873919668
0.0404670616348482
0.776548064445483
0.182838327712996
0.0398494478005591
0.777312224486445
0.182978786240455
0.0402221211833943
0.776799092576151
0.183061356661119
0.0405767531493265
0.776361890189555
0.183175064416078
0.0407364410555302
0.776088494528392
0.183172373092629
0.0407629969324841
0.776064629974887
0.18316426163421
0.0408161543465452
0.776019584019245
0.183146726282681
0.0408677264799443
0.775985547237375
0.183115956172977
0.0408648852216133
0.776019158605409
0.18306818680358
0.040739569225371
0.776192243971049
0.183022870918136
0.0405117334444831
0.776465395637381
0.183061356661119
0.0405767531493259
0.776361890189555
0.183095254597776
0.0407018820771739
0.776202863325051
0.209492898850475
0
0.790507101149525
0.211926811271517
0
0.788073188728483
0.213077253738059
0
0.786922746261941
0.213587721000536
0
0.786412278999464
0.213823191446587
0.0365423968639538
0.749634411689459
0.213967376758968
0.0394732305582109
0.746559392682821
0.214019829193748
0.0394986926272127
0.74648147817904
0.214034346386594
0.0395005590751045
0.746465094538301
0.214047983012833
0.0395105402086383
0.746441476778529
0.211926811271517
0
0.788073188728483
0.212786048255517
0
0.787213951744482
0.213362545380866
0
0.786637454619134
0.213686268125663
0.0191895042921003
0.767124227582237
0.213861117115715
0.0388939617583671
0.747244921125918
0.213971926239909
0.039494167656198
0.746533906103893
0.214009610976462
0.0395106295469338
0.746479759476604
0.214022552427611
0.0395147128932041
0.746462734679185
0.214037155497112
0.0395251275121153
0.746437716990773
0.213077253738059
0
0.786922746261941
0.213362545380866
0
0.786637454619134
0.213622632001824
0.00840006251162328
0.777977305486553
0.213798770107991
0.0371996083502255
0.749001621541783
0.213908205376594
0.0394886397532113
0.746603154870195
0.213959739633132
0.0395325405012885
0.74650771986558
0.213969367623665
0.0395339909170158
0.74649664145932
0.213985508370971
0.0395409779353722
0.746473513693657
0.214006344138248
0.0395544326807254
0.746439223181027
0.213587721000536
0
0.786412278999464
0.213686268125663
0.0191895042921007
0.767124227582236
0.213798770107991
0.0371996083502249
0.749001621541784
0.213875970767676
0.0394804538268269
0.746643575405497
0.213912662208621
0.039552924192333
0.746534413599046
0.213885531287287
0.0395588769932018
0.746555591719511
0.213845690105347
0.03953551368754
0.746618796207113
0.213886567302385
0.0395514887659974
0.746561943931618
0.213933616736439
0.0395782286020084
0.746488154661553
0.213823191446587
0.0365423968639543
0.749634411689459
0.213861117115715
0.0388939617583668
0.747244921125918
0.213908205376593
0.0394886397532108
0.746603154870196
0.213912662208621
0.0395529241923333
0.746534413599046
0.213841329161722
0.0395723411840293
0.746586329654249
0.213683320772517
0.0395271964644575
0.746789482763025
0.213535074349097
0.039433945669538
0.747030979981365
0.213668941003846
0.0394842880886864
0.746846770907467
0.213791882542192
0.03956154540267
0.746646572055138
0.213967376758968
0.0394732305582107
0.746559392682821
0.213971926239909
0.0394941676561986
0.746533906103892
0.213959739633132
0.0395325405012892
0.746507719865579
0.213885531287287
0.0395588769932013
0.746555591719512
0.213683320772517
0.0395271964644573
0.746789482763025
0.213313240327042
0.0393885570713546
0.747298202601603
0.212784417071459
0.039214699937933
0.748000882990609
0.213291831004654
0.0392658428843631
0.747442326110983
0.213588524289373
0.0394646749676494
0.746946800742978
0.214019829193748
0.0394986926272124
0.74648147817904
0.214009610976462
0.0395106295469334
0.746479759476605
0.213969367623665
0.0395339909170162
0.746496641459319
0.213845690105347
0.03953551368754
0.746618796207113
0.213535074349098
0.039433945669538
0.747030979981365
0.212784417071459
0.039214699937933
0.748000882990609
0.211038288127484
0.0414010262788052
0.74756068559371
0.212749128124698
0.0389635990779074
0.748287272797394
0.213414302594755
0.0393055240215224
0.747280173383723
0.214034346386594
0.0395005590751041
0.746465094538302
0.214022552427611
0.0395147128932041
0.746462734679185
0.213985508370971
0.0395409779353721
0.746473513693657
0.213886567302385
0.0395514887659973
0.746561943931618
0.213668941003846
0.0394842880886866
0.746846770907467
0.213291831004654
0.0392658428843636
0.747442326110983
0.212749128124698
0.0389635990779071
0.748287272797395
0.213253233634498
0.0391149662404521
0.74763180012505
0.213553523191095
0.0393787928189975
0.747067683989907
0.214047983012833
0.0395105402086382
0.746441476778529
0.214037155497112
0.0395251275121154
0.746437716990773
0.214006344138248
0.0395544326807249
0.746439223181028
0.213933616736439
0.0395782286020087
0.746488154661552
0.213791882542192
0.03956154540267
0.746646572055138
0.213588524289373
0.0394646749676492
0.746946800742978
0.213414302594755
0.039305524021522
0.747280173383723
0.213553523191095
0.0393787928189965
0.747067683989908
0.213685307545936
0.0394964032822456
0.746818289171818
0.287381445555403
0
0.712618554444597
0.294439060364968
0
0.705560939635032
0.299339634111804
0
0.700660365888196
0.301446156261911
0
0.698553843738089
0.302341576625331
0
0.69765842337467
0.302632691964647
0
0.697367308035353
0.302946139829448
0.0356449176353956
0.661408942535156
0.303194610541865
0.0355523714655302
0.661253017992605
0.303272606743187
0.035477700091296
0.661249693165517
0.294439060364968
0
0.705560939635032
0.297907666394763
0
0.702092333605237
0.300509415350997
0
0.699490584649003
0.301774551311798
0
0.698225448688202
0.302352253869537
0
0.697647746130463
0.302586356924774
0.0178142237432726
0.679599419331953
0.302972541585946
0.0357344226886378
0.661293035725416
0.303149317070102
0.0356000058859075
0.661250677043991
0.303225042371888
0.0355284925457601
0.661246465082352
0.299339634111804
0
0.700660365888196
0.300509415350997
0
0.699490584649003
0.301478442025936
0
0.698521557974064
0.302113815527683
0
0.697886184472317
0.302332476111327
0
0.697667523888672
0.30255754809262
0.0327818202435164
0.664660631663864
0.302853944559272
0.0358871024181428
0.661258953022585
0.302983200341956
0.0357384769986969
0.661278322659347
0.303084187845344
0.0356664771058062
0.66124933504885
0.301446156261912
0
0.698553843738088
0.301774551311797
0
0.698225448688203
0.302113815527682
0
0.697886184472318
0.302243405470908
0
0.697756594529092
0.302214003272446
0.0248594711956922
0.672926525531862
0.302370588321831
0.0363207973226775
0.661308614355491
0.302308170736071
0.0361722115632725
0.661519617700657
0.302517332211963
0.0359396352305516
0.661543032557485
0.30274461145953
0.0358596361288815
0.661395752411589
0.302341576625331
0
0.697658423374669
0.302352253869537
0
0.697647746130463
0.302332476111328
0
0.697667523888672
0.302214003272446
0.0248594711956925
0.672926525531861
0.302098119227799
0.0365720751423411
0.66132980562986
0.301465284755634
0.0368145600216816
0.661720155222685
0.300668500814995
0.0368219455167277
0.662509553668277
0.301379604891313
0.0361653535284287
0.662455041580258
0.302034268853655
0.0360483093681183
0.661917421778227
0.302632691964648
0
0.697367308035352
0.302586356924773
0.017814223743273
0.679599419331954
0.302557548092619
0.0327818202435165
0.664660631663865
0.302370588321832
0.0363207973226771
0.66130861435549
0.301465284755633
0.0368145600216816
0.661720155222685
0.299324174596471
0.0379298642284042
0.662745961175125
0.296320035134764
0.0403590318584762
0.66332093300676
0.299048058248827
0.0366056096557364
0.664346332095437
0.300839130478335
0.0360854144426352
0.66307545507903
0.302946139829448
0.0356449176353956
0.661408942535156
0.302972541585946
0.0357344226886383
0.661293035725416
0.302853944559273
0.0358871024181427
0.661258953022585
0.302308170736071
0.0361722115632723
0.661519617700657
0.300668500814995
0.0368219455167279
0.662509553668277
0.296320035134764
0.0403590318584761
0.66332093300676
0.285509084754679
0.0989889819187041
0.615501933326617
0.295876950732639
0.0376902984968364
0.666432750770524
0.299674204100261
0.035666151704123
0.664659644195616
0.303194610541865
0.0355523714655303
0.661253017992605
0.303149317070102
0.0356000058859073
0.661250677043991
0.302983200341956
0.0357384769986968
0.661278322659347
0.302517332211964
0.0359396352305516
0.661543032557485
0.301379604891313
0.0361653535284289
0.662455041580258
0.299048058248827
0.0366056096557366
0.664346332095437
0.29587695073264
0.0376902984968363
0.666432750770524
0.298644701276624
0.0351522972562566
0.66620300146712
0.300527764784662
0.0352352873447225
0.664236947870615
0.303272606743188
0.0354777000912962
0.661249693165516
0.303225042371887
0.0355284925457599
0.661246465082353
0.303084187845344
0.035666477105806
0.66124933504885
0.30274461145953
0.0358596361288813
0.661395752411589
0.302034268853654
0.0360483093681186
0.661917421778227
0.300839130478335
0.036085414442635
0.66307545507903
0.299674204100262
0.0356661517041229
0.664659644195615
0.300527764784662
0.0352352873447223
0.664236947870615
0.301378570009657
0.0353652291908399
0.663256200799503
