0.163027369467431
0
0.836972630532569
0.164500004055689
0
0.835499995944311
0.16468152489855
0
0.83531847510145
0.164723498808144
0
0.835276501191856
0.164761312026011
0
0.835238687973989
0.164789637578862
0
0.835210362421138
0.164806726645608
0
0.835193273354392
0.164825497296948
0
0.835174502703052
0.164829438558576
0.0418601461199046
0.793310415321519
0.164500004055689
0
0.835499995944311
0.164666036041253
0
0.835333963958747
0.164706600450715
0
0.835293399549284
0.164738519334279
0
0.835261480665721
0.164773426810281
0
0.835226573189719
0.164793324521984
0
0.835206675478016
0.164811593015237
0
0.835188406984763
0.16482613827081
0
0.83517386172919
0.164829627880435
0.0434061670260022
0.791764205093563
0.16468152489855
0
0.83531847510145
0.164706600450715
0
0.835293399549284
0.164730609501648
0
0.835269390498352
0.16476033053867
0
0.83523966946133
0.164785386434195
0
0.835214613565805
0.164797694374737
0
0.835202305625263
0.164811278953964
0
0.835188721046036
0.164826254180433
0.00833000209963883
0.826843743719928
0.16482962496637
0.0441666141084871
0.791003760925143
0.164723498808144
0
0.835276501191856
0.164738519334279
0
0.835261480665721
0.16476033053867
0
0.83523966946133
0.164781683839858
0
0.835218316160143
0.164791857343084
0
0.835208142656916
0.164801095571896
0
0.835198904428104
0.164812903078883
0
0.835187096921117
0.164825028431806
0.0206584106103278
0.814516560957866
0.164828995688801
0.0444336114289536
0.790737392882246
0.164761312026011
0
0.835238687973989
0.164773426810281
0
0.835226573189719
0.164785386434195
0
0.835214613565805
0.164791857343084
0
0.835208142656916
0.164797694240976
0
0.835202305759024
0.164802668473555
0
0.835197331526445
0.164811374136741
0
0.835188625863259
0.164822507133881
0.0306994345610025
0.804478058305116
0.164827491787579
0.0446896430159603
0.790482865196461
0.164789637578862
0
0.835210362421138
0.164793324521984
0
0.835206675478016
0.164797694374737
0
0.835202305625263
0.164801095571896
0
0.835198904428104
0.164802668473556
0
0.835197331526444
0.164801140001499
0
0.835198859998502
0.164806784671171
0
0.835193215328829
0.164816769964268
0.0396917548225238
0.795491475213208
0.164824688066895
0.0447787638488126
0.790396548084292
0.164806726645608
0
0.835193273354392
0.164811593015237
0
0.835188406984763
0.164811278953964
0
0.835188721046036
0.164812903078883
0
0.835187096921117
0.164811374136741
0
0.835188625863259
0.164806784671171
0
0.835193215328829
0.164765973479249
0.000968342922136982
0.834265683598614
0.164807240499743
0.0447258623850073
0.790466897115249
0.164821840770137
0.0445446359638924
0.790633523265971
0.164825497296948
0
0.835174502703052
0.16482613827081
0
0.83517386172919
0.164826254180433
0.00833000209963851
0.826843743719928
0.164825028431806
0.0206584106103273
0.814516560957866
0.164822507133881
0.0306994345610025
0.804478058305116
0.164816769964268
0.0396917548225239
0.795491475213208
0.164807240499743
0.0447258623850071
0.79046689711525
0.164818607138061
0.0441747006591806
0.791006692202758
0.164825102587159
0.0441822862898147
0.790992611123026
0.164829438558576
0.0418601461199045
0.793310415321519
0.164829627880435
0.0434061670260021
0.791764205093563
0.16482962496637
0.0441666141084873
0.791003760925143
0.164828995688801
0.0444336114289531
0.790737392882246
0.164827491787579
0.0446896430159601
0.790482865196461
0.164824688066895
0.0447787638488125
0.790396548084292
0.164821840770137
0.0445446359638923
0.790633523265971
0.164825102587159
0.0441822862898156
0.790992611123025
0.164827844333054
0.0441168147971644
0.791055340869781
0.18001710760365
0
0.81998289239635
0.18241063897998
0
0.81758936102002
0.182955814771497
0
0.817044185228503
0.183149367601225
0
0.816850632398775
0.1832185011168
0
0.8167814988832
0.183242383745694
0.0202241970704725
0.796533419183833
0.183248044001987
0.0428098764027267
0.773942079595286
0.183231797917122
0.0431831578110947
0.773585044271783
0.183237514983615
0.0433120661095215
0.773450418906863
0.18241063897998
0
0.81758936102002
0.182843888758287
0
0.817156111241713
0.183066037104779
0
0.816933962895221
0.183179798511837
0
0.816820201488163
0.183223355698539
0
0.816776644301461
0.183240950112483
0.0325727799421797
0.784186269945338
0.183240791122131
0.0424254977165759
0.774333711161293
0.183225995296413
0.0432344741469594
0.773539530556628
0.183234651847958
0.0433394025402974
0.773425945611744
0.182955814771497
0
0.817044185228503
0.183066037104779
0
0.816933962895221
0.183160373910937
0
0.816839626089063
0.183208041075539
0
0.816791958924461
0.183227191421501
0.0065215432989301
0.810251265279569
0.183236219113979
0.0400245788037376
0.776739202082284
0.183226318832409
0.0415178736255616
0.775255807542029
0.183214522815154
0.0433829668202485
0.773402510364597
0.183225673455469
0.0433939352414235
0.773380391303108
0.183149367601225
0
0.816850632398775
0.183179798511837
0
0.816820201488163
0.183208041075539
0
0.816791958924461
0.183221851873279
0
0.816778148126721
0.183225243514153
0.0346502257953531
0.782124530690494
0.183212102745488
0.0356131425187514
0.78117475473576
0.18318785514847
0.0387964866598142
0.778015658191716
0.18318788864
0.0434213952632637
0.773390716096736
0.183205786288634
0.043445379246631
0.773348834464735
0.1832185011168
0
0.8167814988832
0.183223355698539
0
0.816776644301461
0.183227191421501
0.00652154329893038
0.810251265279568
0.183225243514153
0.0346502257953527
0.782124530690495
0.183203395471248
0.0315503677963694
0.785246236732382
0.183152274589376
0.0270411759799409
0.789806549430683
0.183094743120352
0.0332830717323206
0.783622185147327
0.183131269660494
0.0433518560295027
0.773516874310004
0.183169927719211
0.0434370889055839
0.773392983375205
0.183242383745694
0.0202241970704726
0.796533419183833
0.183240950112483
0.032572779942179
0.784186269945338
0.183236219113979
0.0400245788037375
0.776739202082284
0.183212102745488
0.0356131425187513
0.781174754735761
0.183152274589376
0.0270411759799406
0.789806549430683
0.183030008850726
0.0158459962771084
0.801123994872166
0.182842078751447
0.0259766424275526
0.791181278821001
0.183015144090431
0.0429992017673936
0.773985654142175
0.183113865975204
0.0432963213495067
0.773589812675289
0.183248044001987
0.0428098764027269
0.773942079595286
0.183240791122131
0.0424254977165759
0.774333711161293
0.183226318832409
0.0415178736255611
0.77525580754203
0.18318785514847
0.038796486659814
0.778015658191716
0.183094743120352
0.0332830717323204
0.783622185147328
0.182842078751447
0.0259766424275532
0.791181278821
0.182316883830218
0.0412699623376669
0.776413153832115
0.182845953811806
0.0423304292770935
0.7748236169111
0.183060690487889
0.0430458783949059
0.773893431117205
0.183231797917122
0.0431831578110952
0.773585044271782
0.183225995296413
0.0432344741469594
0.773539530556628
0.183214522815155
0.0433829668202483
0.773402510364597
0.18318788864
0.0434213952632638
0.773390716096736
0.183131269660494
0.0433518560295028
0.773516874310004
0.183015144090431
0.0429992017673931
0.773985654142176
0.182845953811806
0.0423304292770932
0.7748236169111
0.183009032413176
0.0427306140225947
0.77426035356423
0.18310577357154
0.0431138104342228
0.773780415994237
0.183237514983615
0.0433120661095212
0.773450418906863
0.183234651847958
0.0433394025402973
0.773425945611744
0.183225673455469
0.0433939352414232
0.773380391303108
0.183205786288634
0.043445379246631
0.773348834464735
0.183169927719211
0.0434370889055839
0.773392983375205
0.183113865975204
0.0432963213495071
0.773589812675289
0.183060690487889
0.0430458783949057
0.773893431117205
0.18310577357154
0.0431138104342221
0.773780415994238
0.183145489238851
0.0432484991522415
0.773606011608908
0.20886217195246
0
0.79113782804754
0.211574708531607
0
0.788425291468393
0.212879966326804
0
0.787120033673197
0.21346482860724
0
0.786535171392761
0.213730371146066
0.0367147879471728
0.749554840906761
0.213888258581753
0.041965169721245
0.744146571697002
0.213961146759252
0.0419910063632267
0.744047846877521
0.213977833936251
0.0419886987750836
0.744033467288665
0.213991591011724
0.0419962896593409
0.744012119328935
0.211574708531607
0
0.788425291468393
0.212547038186053
0
0.787452961813947
0.213205862717886
0
0.786794137282114
0.213578243068595
0.014174968512934
0.772246788418471
0.21377168312198
0.0410919445248008
0.74513637235322
0.213904366655724
0.0419862414834055
0.74410939186087
0.213950766394727
0.0420023769826559
0.744046856622617
0.213963572428481
0.0420010725296
0.744035355041919
0.213979544904635
0.0420104612241618
0.744009993871203
0.212879966326804
0
0.787120033673197
0.213205862717886
0
0.786794137282114
0.21350786894774
0.000358778968248199
0.786133352084012
0.213702396981372
0.0390965099748856
0.747201093043743
0.213817329190669
0.0419813796198381
0.744201291189493
0.213892129710985
0.042026038403698
0.744081831885318
0.213907360784313
0.0420245187105872
0.7440681205051
0.213921531201129
0.0420253894543999
0.744053079344471
0.213945175297064
0.0420389714851515
0.744015853217784
0.213464828607239
0
0.786535171392761
0.213578243068595
0.0141749685129344
0.772246788418471
0.213702396981372
0.0390965099748851
0.747201093043743
0.213783812391122
0.0417446938839355
0.744471493724943
0.213837776826059
0.0420472549203605
0.74411496825358
0.21381249922071
0.0420504906726786
0.744137010106611
0.213770479970232
0.0420208148186773
0.744208705211091
0.213811212122153
0.04203159855597
0.744157189321877
0.213864308661024
0.0420601696107272
0.744075521728249
0.213730371146066
0.0367147879471735
0.74955484090676
0.21377168312198
0.0410919445248005
0.74513637235322
0.213817329190669
0.0419813796198375
0.744201291189494
0.213837776826059
0.0420472549203608
0.74411496825358
0.213761877004621
0.0420644247607266
0.744173698234652
0.213588284464809
0.0420100141431741
0.744401701392017
0.213417676699734
0.0419033877960749
0.744678935504191
0.213566419072346
0.0419529205557419
0.744480660371912
0.213706063131179
0.0420366695777346
0.744257267291087
0.213888258581753
0.0419651697212446
0.744146571697002
0.213904366655724
0.0419862414834061
0.74410939186087
0.213892129710985
0.0420260384036987
0.744081831885317
0.21381249922071
0.042050490672678
0.744137010106612
0.213588284464809
0.042010014143174
0.744401701392017
0.213157901231888
0.0418513027941482
0.744990795973964
0.212548302837798
0.0416573725376971
0.745794324624505
0.213128733730664
0.0417112683488942
0.745159997920441
0.213473826341606
0.0419264331233403
0.744599740535054
0.213961146759252
0.0419910063632264
0.744047846877521
0.213950766394727
0.0420023769826557
0.744046856622617
0.213907360784313
0.0420245187105877
0.7440681205051
0.213770479970232
0.0420208148186773
0.744208705211091
0.213417676699734
0.0419033877960748
0.744678935504191
0.212548302837798
0.041657372537697
0.745794324624505
0.210601330343578
0.0440457524555889
0.745352917200834
0.212507424440758
0.0413817891700373
0.746110786389204
0.213270111192991
0.0417501325204
0.744979756286609
0.213977833936251
0.0419886987750834
0.744033467288666
0.213963572428481
0.0420010725296
0.744035355041919
0.213921531201129
0.0420253894543998
0.744053079344471
0.213811212122153
0.0420315985559698
0.744157189321877
0.213566419072346
0.041952920555742
0.744480660371912
0.213128733730664
0.0417112683488945
0.745159997920441
0.212507424440759
0.0413817891700367
0.746110786389205
0.213082514107982
0.0415420446297305
0.745375441262288
0.213431882221955
0.041827303592528
0.744740814185517
0.213991591011724
0.0419962896593407
0.744012119328935
0.213979544904635
0.0420104612241617
0.744009993871203
0.213945175297064
0.0420389714851511
0.744015853217785
0.213864308661024
0.0420601696107275
0.744075521728249
0.213706063131179
0.0420366695777346
0.744257267291086
0.213473826341606
0.0419264331233403
0.744599740535054
0.213270111192991
0.0417501325203996
0.744979756286609
0.213431882221954
0.0418273035925273
0.744740814185518
0.213584635886005
0.0419541647492694
0.744461199364726
0.285754426569096
0
0.714245573430904
0.29339480833343
0
0.70660519166657
0.298919567951845
0
0.701080432048155
0.301429886741078
0
0.698570113258922
0.302479585062542
0
0.697520414937458
0.302816166369377
0
0.697183833630623
0.303079045596637
0.0321762489248601
0.664744705478503
0.303403056616128
0.0377713482982599
0.658825595085612
0.303505045402146
0.0376878763553663
0.658807078242488
0.29339480833343
0
0.70660519166657
0.297277638327955
0
0.702722361672045
0.300319219736794
0
0.699680780263206
0.301804600955782
0
0.698195399044218
0.302515477396652
0
0.697484522603347
0.302723889454227
0.00253799129388006
0.694738119251893
0.303080807325266
0.037971111490899
0.658948081183835
0.303351980604379
0.0378207799643533
0.658827239431268
0.303445898379595
0.0377414123202119
0.658812689300193
0.298919567951845
0
0.701080432048155
0.300319219736795
0
0.699680780263205
0.301455359656523
0
0.698544640343477
0.30222679261743
0
0.69777320738257
0.302488434328721
0
0.697511565671279
0.302588103188457
0.024792897969644
0.672618998841899
0.302963907593887
0.038134657988031
0.658901434418082
0.303150976854503
0.0379674348278129
0.658881588317684
0.30327161299712
0.0378882233689353
0.658840163633945
0.301429886741079
0
0.698570113258921
0.301804600955781
0
0.698195399044219
0.30222679261743
0
0.69777320738257
0.302396414304008
0
0.697603585695992
0.30228165410935
0.00263470320076429
0.695083642689886
0.30228892378316
0.038605016223647
0.659106059993193
0.302352680235494
0.0384403637069114
0.659206956057594
0.302594246629356
0.0381817266946517
0.659224026675993
0.302857508615457
0.0380941588401022
0.65904833254444
0.302479585062542
0
0.697520414937458
0.302515477396653
0
0.697484522603347
0.302488434328722
0
0.697511565671278
0.30228165410935
0.00263470320076465
0.695083642689886
0.301896878126082
0.0388771481034658
0.659225973770452
0.301354797185434
0.0391393152130647
0.659505887601501
0.300500794914532
0.0391409157461349
0.660358289339333
0.301268831338104
0.0384234246752957
0.6603077439866
0.302009689510249
0.0382953962249656
0.659694914264786
0.302816166369378
0
0.697183833630622
0.302723889454226
0.00253799129388047
0.694738119251893
0.302588103188456
0.0247928979696443
0.672618998841899
0.302288923783161
0.0386050162236467
0.659106059993192
0.301354797185434
0.0391393152130649
0.659505887601502
0.298991527146663
0.040343812675567
0.66066466017777
0.295756112628508
0.0429816687258863
0.661262218645606
0.298644854816793
0.0389008483931454
0.662454296790062
0.30061951740952
0.0383332764271291
0.661047206163351
0.303079045596637
0.0321762489248601
0.664744705478503
0.303080807325266
0.0379711114908993
0.658948081183835
0.302963907593887
0.0381346579880308
0.658901434418082
0.302352680235494
0.0384403637069113
0.659206956057594
0.300500794914532
0.0391409157461351
0.660358289339333
0.295756112628508
0.0429816687258862
0.661262218645606
0.284581011108484
0.101916991185311
0.613501997706205
0.295216467396056
0.0400845995788905
0.664698933025053
0.299299126826696
0.0378769716730173
0.662823901500287
0.303403056616128
0.0377713482982601
0.658825595085612
0.303351980604379
0.0378207799643531
0.658827239431268
0.303150976854503
0.0379674348278129
0.658881588317684
0.302594246629356
0.0381817266946518
0.659224026675992
0.301268831338104
0.0384234246752958
0.6603077439866
0.298644854816793
0.0389008483931457
0.662454296790062
0.295216467396057
0.0400845995788906
0.664698933025053
0.298154175946918
0.0373196897825168
0.664526134270565
0.300236143977034
0.0374062049777527
0.662357651045214
0.303505045402146
0.0376878763553665
0.658807078242487
0.303445898379595
0.0377414123202118
0.658812689300193
0.30327161299712
0.0378882233689351
0.658840163633945
0.302857508615457
0.0380941588401019
0.659048332544441
0.302009689510248
0.0382953962249659
0.659694914264786
0.30061951740952
0.0383332764271289
0.661047206163351
0.299299126826696
0.0378769716730168
0.662823901500287
0.300236143977034
0.0374062049777526
0.662357651045214
0.301206065592656
0.0375454419183403
0.661248492489004
