0.162868107235342
0
0.837131892764658
0.164473036439444
0
0.835526963560556
0.164691724212624
0
0.835308275787376
0.16473882717671
0
0.83526117282329
0.164778772261102
0
0.835221227738898
0.164811242621957
0
0.835188757378043
0.164828737087796
0
0.835171262912204
0.164849191846637
0
0.835150808153363
0.164855691223604
0.0408836279478605
0.794260680828535
0.164473036439444
0
0.835526963560556
0.164673394614822
0
0.835326605385178
0.164720426193067
0
0.835279573806933
0.164754487730264
0
0.835245512269736
0.164791539648555
0
0.835208460351445
0.164814858551794
0
0.835185141448206
0.1648333110445
0
0.8351666889555
0.164850240498059
0
0.835149759501941
0.164855781672975
0.0433658762179403
0.791778342109084
0.164691724212624
0
0.835308275787376
0.164720426193067
0
0.835279573806933
0.164746136108963
0
0.835253863891037
0.164777179351864
0
0.835222820648136
0.164806227964513
0
0.835193772035487
0.164819061096855
0
0.835180938903145
0.16483282295653
0
0.83516717704347
0.164851267352516
0
0.835148732647484
0.16485557400339
0.0457681431710352
0.789376282825575
0.16473882717671
0
0.83526117282329
0.164754487730264
0
0.835245512269736
0.164777179351864
0
0.835222820648136
0.164800587390169
0
0.835199412609831
0.164812991487893
0
0.835187008512107
0.164821939156924
0
0.835178060843076
0.164833687359039
0
0.835166312640962
0.164849848948037
0.00782318657633132
0.827326964475632
0.164854604507056
0.0470446756137895
0.788100719879154
0.164778772261102
0
0.835221227738898
0.164791539648555
0
0.835208460351445
0.164806227964513
0
0.835193772035487
0.164812991487893
0
0.835187008512107
0.164818309352653
0
0.835181690647347
0.164822312781022
0
0.835177687218978
0.164830399172968
0
0.835169600827032
0.164845869015926
0.0235715590551005
0.811582571928974
0.164852444667963
0.0473149613200894
0.787832594011947
0.164811242621957
0
0.835188757378043
0.164814858551794
0
0.835185141448206
0.164819061096855
0
0.835180938903145
0.164821939156924
0
0.835178060843076
0.164822312781022
0
0.835177687218978
0.164818571300521
0
0.835181428699479
0.164820885168327
0
0.835179114831674
0.164837896122408
0.0362460998448432
0.798916004032748
0.164848537287263
0.0474054647961477
0.787745997916589
0.164828737087796
0
0.835171262912204
0.1648333110445
0
0.8351666889555
0.16483282295653
0
0.83516717704347
0.164833687359039
0
0.835166312640962
0.164830399172968
0
0.835169600827032
0.164820885168327
0
0.835179114831674
0.164772862280668
0
0.835227137719332
0.164825568880487
0.0462487876015614
0.788925643517952
0.164844588915494
0.0471491112752348
0.788006299809271
0.164849191846638
0
0.835150808153363
0.164850240498059
0
0.835149759501941
0.164851267352516
0
0.835148732647484
0.164849848948037
0.00782318657633079
0.827326964475632
0.164845869015926
0.0235715590551007
0.811582571928974
0.164837896122408
0.0362460998448432
0.798916004032748
0.164825568880487
0.0462487876015613
0.788925643517952
0.164840283838402
0.046749193958813
0.788410522202785
0.164848657103719
0.0467567862839722
0.788394556612309
0.164855691223604
0.0408836279478604
0.794260680828536
0.164855781672975
0.0433658762179401
0.791778342109085
0.16485557400339
0.0457681431710354
0.789376282825575
0.164854604507056
0.0470446756137891
0.788100719879155
0.164852444667963
0.0473149613200893
0.787832594011947
0.164848537287263
0.0474054647961478
0.787745997916589
0.164844588915494
0.0471491112752347
0.788006299809272
0.164848657103719
0.046756786283973
0.788394556612308
0.164852151000538
0.0466856230823003
0.788462225917162
0.17966732810809
0
0.82033267189191
0.182342397055003
0
0.817657602944997
0.182966868823909
0
0.817033131176091
0.183187346328528
0
0.816812653671472
0.183270966478924
0
0.816729033521076
0.183299277971612
0.015512550522426
0.801188171505962
0.183308146694835
0.0453478842924262
0.771343969012739
0.183290964701926
0.0456851553941815
0.771023879903893
0.183292591064378
0.0458351029335251
0.770872306002097
0.182342397055003
0
0.817657602944997
0.18284018587742
0
0.81715981412258
0.183092218423683
0
0.816907781576317
0.183225742243805
0
0.816774257756195
0.183277558910849
0
0.816722441089151
0.183297950297318
0.0298375328933778
0.786864516809304
0.183301349220519
0.0449643299983406
0.77173432078114
0.183283706964624
0.0455946270881967
0.771121665947179
0.183289425285481
0.0458628361514574
0.770847738563062
0.182966868823909
0
0.817033131176091
0.183092218423683
0
0.816907781576317
0.183202030342677
0
0.816797969657323
0.183259500846439
0
0.816740499153561
0.183281991763458
0
0.816718008236542
0.183293232034421
0.0416458046280172
0.775060963337562
0.183286074423543
0.0439115088503914
0.772802416726065
0.183268534557911
0.0456856525943772
0.771045812847712
0.183279629965353
0.0459188841217363
0.770801485912911
0.183187346328528
0
0.816812653671472
0.183225742243805
0
0.816774257756195
0.183259500846439
0
0.816740499153561
0.183276302299518
0
0.816723697700482
0.183279763565371
0.0325383648708099
0.784181871563819
0.183268574675049
0.0366785999791556
0.780052825345795
0.183243300226015
0.0396377008073429
0.777118998966642
0.183236521837664
0.0459425744676671
0.770820903694669
0.183257505587541
0.0459706253492423
0.770771869063217
0.183270966478924
0
0.816729033521076
0.183277558910849
0
0.816722441089151
0.183281991763458
0
0.816718008236542
0.183279763565371
0.0325383648708094
0.78418187156382
0.183258018564308
0.0318613496727757
0.784880631762916
0.183201732903085
0.0247706912470963
0.792027575849819
0.183137140816996
0.0294992148690215
0.787363644313982
0.183171081949262
0.0458627014085472
0.770966216642191
0.183216608261224
0.0459573874461015
0.770826004292674
0.183299277971612
0.0155125505224258
0.801188171505962
0.183297950297318
0.0298375328933773
0.786864516809305
0.183293232034421
0.0416458046280172
0.775060963337562
0.183268574675049
0.0366785999791556
0.780052825345795
0.183201732903085
0.024770691247096
0.792027575849819
0.183063342416367
0.00612380573977917
0.810812851843854
0.182851787048658
0.00943517849440931
0.807713034456932
0.183037817819237
0.045480638229289
0.771481543951474
0.183152247169608
0.0458019133589765
0.771045839471416
0.183308146694835
0.0453478842924263
0.771343969012738
0.183301349220519
0.0449643299983405
0.77173432078114
0.183286074423543
0.0439115088503907
0.772802416726066
0.183243300226015
0.0396377008073426
0.777118998966642
0.183137140816996
0.0294992148690212
0.787363644313983
0.182851787048658
0.00943517849441019
0.807713034456932
0.182258532448873
0.00922204483017997
0.808519422720947
0.182846297329204
0.0447628541657806
0.772390848505016
0.183091166830153
0.0455295235942203
0.771379309575627
0.183290964701926
0.0456851553941821
0.771023879903892
0.183283706964624
0.0455946270881968
0.771121665947179
0.183268534557911
0.045685652594377
0.771045812847712
0.183236521837664
0.0459425744676671
0.770820903694669
0.183171081949262
0.0458627014085471
0.770966216642191
0.183037817819237
0.0454806382292882
0.771481543951475
0.182846297329204
0.0447628541657801
0.772390848505016
0.183031910373611
0.0451892839048815
0.771778805721507
0.18314283015484
0.0455998871038055
0.771257282741355
0.183292591064378
0.0458351029335248
0.770872306002097
0.183289425285481
0.0458628361514572
0.770847738563062
0.183279629965353
0.0459188841217363
0.770801485912911
0.183257505587541
0.0459706253492425
0.770771869063217
0.183216608261224
0.0459573874461017
0.770826004292674
0.183152247169608
0.0458019133589768
0.771045839471415
0.183091166830153
0.0455295235942202
0.771379309575627
0.18314283015484
0.0455998871038048
0.771257282741355
0.183188407528289
0.0457436709174939
0.771067921554217
0.208253855452941
0
0.791746144547059
0.211218438146574
0
0.788781561853426
0.212670846355367
0
0.787329153644633
0.213326485544368
0
0.786673514455632
0.21362223620459
0.0362183979085818
0.750159365886828
0.213787351470736
0.0444081009983852
0.741804547530879
0.213884860663538
0.0444332860007705
0.741681853335691
0.213905939851901
0.0444278866037311
0.741666173544367
0.213918854684221
0.0444321101889183
0.741649035126861
0.211218438146574
0
0.788781561853426
0.212297860462279
0
0.787702139537721
0.213035483079768
0
0.786964516920232
0.213455256625248
0.00848169148645534
0.778063051888297
0.213666742698092
0.0432771636897618
0.743056093612146
0.213810111454059
0.0444281087620439
0.741761779783897
0.213874256139227
0.0444443603595063
0.741681383501267
0.213889883627099
0.0444391929285816
0.741670923444319
0.213905458340769
0.0444458056053892
0.741648736053842
0.212670846355367
0
0.787329153644633
0.213035483079768
0
0.786964516920232
0.213374955253509
0
0.786625044746491
0.213589348629392
0.0399710101481261
0.746439641222482
0.213708042355377
0.0443216638067724
0.74197029383785
0.213805932947005
0.0444690860352555
0.741724981017739
0.21382808974835
0.044465475942118
0.741706434309532
0.213842167667216
0.044461018892969
0.741696813439815
0.213867314425844
0.0444734898329389
0.741659195741217
0.213326485544368
0
0.786673514455632
0.213455256625248
0.00848169148645574
0.778063051888297
0.213589348629392
0.0399710101481258
0.746439641222482
0.213677735814886
0.0438735179451977
0.742448746239916
0.213733169484097
0.0444907736588089
0.741776056857094
0.213720492380361
0.0444925974852082
0.741786910134431
0.213678678271436
0.0444570183871975
0.741864303341367
0.213719123658976
0.044462124406763
0.741818751934261
0.213777886606706
0.0444921676204298
0.741729945772864
0.21362223620459
0.0362183979085824
0.750159365886828
0.213666742698093
0.0432771636897616
0.743056093612146
0.213708042355377
0.044321663806772
0.741970293837851
0.213733169484097
0.0444907736588092
0.741776056857094
0.213662822869195
0.0445072862640869
0.741829890866718
0.213475492665811
0.0444439312167672
0.742080576117422
0.213284750836052
0.0443245393152628
0.742390709848685
0.213446560774912
0.044372330050787
0.742181109174301
0.213602523865721
0.044462182026905
0.741935294107374
0.213787351470736
0.0444081009983849
0.741804547530879
0.213810111454059
0.0444281087620446
0.741761779783896
0.213805932947005
0.0444690860352562
0.741724981017739
0.213720492380361
0.0444925974852077
0.741786910134432
0.213475492665811
0.044443931216767
0.742080576117422
0.212987585227741
0.0442660045906351
0.742746410181624
0.212300442718577
0.0440511726467529
0.74364838463467
0.212949854657975
0.0441088401840626
0.742941305157962
0.213341092181201
0.0443392188453083
0.742319688973491
0.213884860663538
0.0444332860007702
0.741681853335692
0.213874256139227
0.0444443603595059
0.741681383501267
0.21382808974835
0.0444654759421187
0.741706434309531
0.213678678271436
0.0444570183871976
0.741864303341367
0.213284750836052
0.0443245393152626
0.742390709848686
0.212300442718577
0.0440511726467528
0.74364838463467
0.210157848665271
0.0466239607272111
0.743218190607518
0.212255461591545
0.0437540670093825
0.743990471399072
0.213108376442424
0.0441464282064907
0.742745195351086
0.213905939851902
0.0444278866037307
0.741666173544368
0.213889883627099
0.0444391929285815
0.741670923444319
0.213842167667216
0.0444610188929689
0.741696813439815
0.213719123658976
0.0444621244067628
0.741818751934261
0.213446560774912
0.0443723300507868
0.742181109174301
0.212949854657975
0.0441088401840628
0.742941305157962
0.212255461591545
0.0437540670093821
0.743990471399073
0.212895185403623
0.0439214636277421
0.743183350968635
0.213291610706099
0.0442269899181677
0.742481399375734
0.213918854684221
0.044432110188918
0.741649035126861
0.213905458340769
0.0444458056053892
0.741648736053842
0.213867314425844
0.0444734898329386
0.741659195741217
0.213777886606706
0.0444921676204301
0.741729945772863
0.213602523865721
0.0444621820269051
0.741935294107374
0.213341092181201
0.0443392188453083
0.742319688973491
0.213108376442424
0.0441464282064903
0.742745195351086
0.213291610706099
0.0442269899181668
0.742481399375735
0.213465180899333
0.0443626307518547
0.742172188348813
0.284256106271701
0
0.715743893728299
0.292401902202495
0
0.707598097797505
0.298499946484831
0
0.701500053515169
0.301425134821908
0
0.698574865178092
0.302636437125635
0
0.697363562874365
0.303046593050525
0
0.696953406949475
0.303250389520115
0.0256649407735993
0.671084669706286
0.303622801114546
0.0399458398372086
0.656431359048245
0.303757101933749
0.0398528001452058
0.656390097921045
0.292401902202495
0
0.707598097797505
0.296656743989559
0
0.703343256010441
0.300122482624492
0
0.699877517375508
0.301844875826202
0
0.698155124173798
0.302700730192751
0
0.697299269807249
0.302937604598116
0
0.697062395401884
0.30320715011535
0.0353151224439847
0.661477727440665
0.303568231607728
0.0399974307265887
0.656434337665683
0.303686226118119
0.0399090243661544
0.656404749515727
0.298499946484831
0
0.701500053515169
0.300122482624493
0
0.699877517375508
0.301469722601413
0
0.698530277398587
0.302355443258442
0
0.697644556741558
0.302687102567727
0
0.697312897432274
0.30270195277483
0.00917305229485927
0.688124994930311
0.303049597971767
0.0403368862437932
0.65661351578444
0.303336209210105
0.0401519106280577
0.656511880161837
0.303477432144404
0.0400645105438189
0.656458057311777
0.301425134821908
0
0.698574865178092
0.301844875826201
0
0.698155124173799
0.302355443258442
0
0.697644556741558
0.302585273064418
0
0.697414726935582
0.302444563892544
0
0.697555436107456
0.302225317600127
0.0326156271409358
0.665159055258937
0.302386934551378
0.0406640942873684
0.656948971161253
0.302689643146021
0.0403788039305431
0.656931552923436
0.30298724383536
0.0402832163817391
0.656729539782901
0.302636437125635
0
0.697363562874365
0.302700730192751
0
0.697299269807249
0.302687102567727
0
0.697312897432273
0.302444563892544
0
0.697555436107456
0.301812163009263
0.0222507346230965
0.67593710236764
0.301165498562497
0.041419355886407
0.657415145551096
0.300362377420153
0.0414167999748229
0.658220822605024
0.301187160723339
0.0406369857827848
0.658175853493876
0.302003272488342
0.0404974978422397
0.657499229669418
0.303046593050526
0
0.696953406949474
0.302937604598116
0
0.697062395401884
0.302701952774829
0.0091730522948596
0.688124994930311
0.302225317600128
0.0326156271409356
0.665159055258936
0.301165498562497
0.0414193558864073
0.657415145551096
0.298696277661851
0.0427160531622291
0.65858766917592
0.295291636582489
0.0455600441182605
0.659148319299251
0.29829941773869
0.0411529928586396
0.66054758940267
0.300426119929891
0.0405372760345979
0.659036604035511
0.303250389520114
0.0256649407735993
0.671084669706286
0.30320715011535
0.0353151224439854
0.661477727440665
0.303049597971767
0.0403368862437929
0.65661351578444
0.302386934551378
0.0406640942873681
0.656948971161254
0.300362377420153
0.0414167999748229
0.658220822605024
0.295291636582489
0.0455600441182605
0.659148319299251
0.28388948124119
0.104118696956944
0.611991821801865
0.294657168087517
0.0424377317213327
0.66290510019115
0.298961456285599
0.040045381585917
0.660993162128484
0.303622801114546
0.0399458398372088
0.656431359048245
0.303568231607728
0.0399974307265885
0.656434337665683
0.303336209210105
0.0401519106280576
0.656511880161837
0.302689643146022
0.0403788039305432
0.656931552923435
0.301187160723339
0.040636985782785
0.658175853493876
0.29829941773869
0.0411529928586397
0.66054758940267
0.294657168087517
0.0424377317213324
0.66290510019115
0.29771555858462
0.0394459601736075
0.662838481241772
0.299964808508106
0.039534504413001
0.660500687078893
0.30375710193375
0.039852800145206
0.656390097921044
0.303686226118119
0.0399090243661542
0.656404749515727
0.303477432144404
0.0400645105438186
0.656458057311777
0.30298724383536
0.0402832163817387
0.656729539782902
0.302003272488341
0.0404974978422401
0.657499229669419
0.300426119929891
0.0405372760345977
0.659036604035511
0.2989614562856
0.0400453815859166
0.660993162128483
0.299964808508107
0.039534504413001
0.660500687078893
0.301041829384873
0.0396822411563067
0.659275929458821
