0.162718872189254
0
0.837281127810746
0.16444131146646
0
0.83555868853354
0.164698801075183
0
0.835301198924817
0.164751593305338
0
0.835248406694662
0.164793323754344
0
0.835206676245656
0.164829771279242
0
0.835170228720758
0.164847484535967
0
0.835152515464033
0.16486873955668
0
0.83513126044332
0.164878035419111
0.0391066812198195
0.79601528336107
0.16444131146646
0
0.83555868853354
0.164677283002514
0
0.835322716997486
0.164731615489157
0
0.835268384510843
0.164767883239589
0
0.835232116760411
0.16480647989099
0
0.83519352010901
0.164833302290172
0
0.835166697709828
0.164851740107185
0
0.835148259892815
0.164869870397601
0
0.835130129602399
0.164878002571544
0.0421651307015538
0.792956866726903
0.164698801075183
0
0.835301198924817
0.164731615489157
0
0.835268384510843
0.164759126551335
0
0.835240873448665
0.164791168363216
0
0.835208831636784
0.164822793370301
0
0.835177206629699
0.164837304657524
0
0.835162695342476
0.164850999317031
0
0.835149000682969
0.1648710209451
0
0.8351289790549
0.164877536952982
0.0455858270246934
0.789536636022324
0.164751593305338
0
0.835248406694662
0.164767883239589
0
0.835232116760411
0.164791168363216
0
0.835208831636784
0.164815893981589
0
0.835184106018411
0.164831022364295
0
0.835168977635705
0.164839626510374
0
0.835160373489626
0.164850971484017
0
0.835149028515983
0.164868637240112
0
0.835131362759888
0.164876118387365
0.04857963573962
0.786544245873015
0.164793323754344
0
0.835206676245656
0.16480647989099
0
0.83519352010901
0.164822793370301
0
0.835177206629699
0.164831022364295
0
0.835168977635705
0.164835795507849
0
0.835164204492151
0.164838650473793
0
0.835161349526207
0.164845636026514
0
0.835154363973486
0.164865151302645
0.0110650873693447
0.82406976132801
0.164873279615821
0.0498910002323382
0.785235720151841
0.164829771279242
0
0.835170228720758
0.164833302290173
0
0.835166697709828
0.164837304657524
0
0.835162695342476
0.164839626510374
0
0.835160373489626
0.164838650473793
0
0.835161349526207
0.164832143034355
0
0.835167856965645
0.164830026295628
0
0.835169973704372
0.164854422496688
0.0325873647493668
0.802558212753945
0.164868233331154
0.0499829451489288
0.785148821519917
0.164847484535967
0
0.835152515464033
0.164851740107185
0
0.835148259892815
0.164850999317031
0
0.835149000682969
0.164850971484017
0
0.835149028515983
0.164845636026514
0
0.835154363973487
0.164830026295628
0
0.835169973704372
0.164772349597433
0
0.835227650402567
0.16483911236919
0.0474484453280317
0.787712442302779
0.1648630813746
0.0497047733453854
0.785432145280014
0.16486873955668
0
0.83513126044332
0.164869870397601
0
0.835130129602399
0.1648710209451
0
0.8351289790549
0.164868637240112
0
0.835131362759888
0.164865151302645
0.0110650873693446
0.82406976132801
0.164854422496688
0.0325873647493669
0.802558212753945
0.16483911236919
0.0474484453280318
0.787712442302779
0.164857571609983
0.0492751644502496
0.785867263939767
0.164868049934905
0.0492827315081841
0.785849218556911
0.164878035419111
0.0391066812198193
0.79601528336107
0.164878002571544
0.0421651307015536
0.792956866726903
0.164877536952982
0.0455858270246938
0.789536636022324
0.164876118387365
0.0485796357396194
0.786544245873016
0.164873279615821
0.0498910002323382
0.785235720151841
0.164868233331154
0.0499829451489288
0.785148821519917
0.1648630813746
0.0497047733453852
0.785432145280015
0.164868049934905
0.049282731508185
0.78584921855691
0.164872382956222
0.0492059280662933
0.785921688977485
0.179322766538015
0
0.820677233461986
0.182266786215224
0
0.817733213784776
0.182970525350357
0
0.817029474649643
0.183216856079674
0
0.816783143920326
0.183315126334426
0
0.816684873665574
0.183348017716055
0.010671237312838
0.805980744971107
0.183360173477497
0.047838178394588
0.768801648127915
0.183343990277223
0.048168009878526
0.768487999844251
0.183340712833392
0.0483105257900556
0.768348761376553
0.182266786215224
0
0.817733213784776
0.182829245738168
0
0.817170754261832
0.183110656620537
0
0.816889343379463
0.183263278840206
0
0.816736721159794
0.183323429275569
0
0.816676570724431
0.183346890298548
0.0266832860422097
0.789969823659242
0.183353902353272
0.0474553852303394
0.769190712416389
0.183335935532579
0.0480455477290116
0.76861851673841
0.183337141800984
0.0483384096683259
0.768324448530691
0.182970525350357
0
0.817029474649643
0.183110656620537
0
0.816889343379463
0.183234443875558
0
0.816765556124442
0.183302403430032
0
0.816697596569969
0.18332890315382
0
0.816671096846181
0.183341847381456
0.0415827202702277
0.775075432348317
0.183338030141723
0.0462553007453145
0.770406669112962
0.183318476522263
0.0478550588883732
0.768826464589364
0.183326346092982
0.0483955364157327
0.768278117491285
0.183216856079674
0
0.816783143920326
0.183263278840206
0
0.816736721159794
0.183302403430031
0
0.816697596569969
0.183322724865378
0
0.816677275134622
0.183325804773261
0.0277277756421352
0.788946419584604
0.183316759271192
0.0378251511099929
0.778858089618815
0.183291459769933
0.0405607641837816
0.776147776046285
0.183280200678362
0.0479252878875226
0.768794511434116
0.183301961173189
0.0484476843131485
0.768250354513663
0.183315126334426
0
0.816684873665574
0.183323429275569
0
0.816676570724431
0.18332890315382
0
0.816671096846181
0.183325804773261
0.0277277756421348
0.788946419584604
0.183303970219863
0.032261524622353
0.784434505157784
0.183243866004023
0.0228984542696821
0.793857679726295
0.183172874427134
0.0257101689996977
0.791116956573168
0.183203733997733
0.0483260509505547
0.768470215051712
0.183256157118309
0.0484301706695811
0.76831367221211
0.183348017716055
0.0106712373128379
0.805980744971107
0.183346890298548
0.0266832860422092
0.789969823659243
0.183341847381456
0.0415827202702278
0.775075432348317
0.183316759271192
0.0378251511099928
0.778858089618815
0.183243866004023
0.0228984542696817
0.793857679726295
0.183089859576448
0
0.816910140423552
0.182856943746762
0
0.817143056253238
0.183053104660263
0.0478105003650048
0.769136394974732
0.183183534537133
0.0482608016468508
0.768555663816016
0.183360173477497
0.0478381783945881
0.768801648127915
0.183353902353272
0.0474553852303393
0.769190712416389
0.183338030141723
0.0462553007453137
0.770406669112963
0.183291459769933
0.0405607641837814
0.776147776046285
0.183172874427134
0.0257101689996972
0.791116956573168
0.182856943746762
0
0.817143056253238
0.182202390411568
0
0.817797609588432
0.182839589482542
0.047150833090252
0.770009577427206
0.183114544439457
0.0479672293254715
0.768918226235072
0.183343990277223
0.0481680098785267
0.768487999844251
0.183335935532579
0.0480455477290118
0.768618516738409
0.183318476522263
0.0478550588883728
0.768826464589364
0.183280200678362
0.0479252878875226
0.768794511434116
0.183203733997733
0.0483260509505544
0.768470215051712
0.183053104660263
0.047810500365004
0.769136394974733
0.182839589482542
0.0471508330902514
0.770009577427207
0.183047688722299
0.0476026441446224
0.769349667133079
0.183172754152963
0.048039613951819
0.768787631895218
0.183340712833392
0.0483105257900554
0.768348761376553
0.183337141800984
0.0483384096683256
0.768324448530691
0.183326346092982
0.0483955364157326
0.768278117491285
0.183301961173189
0.0484476843131487
0.768250354513663
0.183256157118309
0.0484301706695812
0.76831367221211
0.183183534537133
0.0482608016468512
0.768555663816015
0.183114544439457
0.0479672293254713
0.768918226235072
0.183172754152964
0.0480396139518183
0.768787631895218
0.18322421381399
0.0481920552560314
0.768583730929979
0.207667912049876
0
0.792332087950124
0.210860258239245
0
0.789139741760755
0.21245244436029
0
0.78754755563971
0.213176102800768
0
0.786823897199232
0.213501871965539
0.0352961081002685
0.751202019934192
0.213671001706183
0.0468057185507326
0.739523279743084
0.213793043257823
0.0468295248421285
0.739377431900048
0.213819889662344
0.0468219170303137
0.739358193307343
0.213831792298263
0.0468224246365372
0.7393457830652
0.210860258239245
0
0.789139741760755
0.212040912431096
0
0.787959087568904
0.212854396662407
0
0.787145603337593
0.213320352484714
0.00259586222818691
0.7840837852871
0.213549136907023
0.0454283610104358
0.741022502082541
0.213696107104981
0.0468249059468443
0.739478986948175
0.213781837393378
0.0468405649768563
0.739377597629766
0.213802429034769
0.0468324726662079
0.739365098299023
0.213816908684583
0.0468356103750846
0.739347480940333
0.21245244436029
0
0.78754755563971
0.212854396662407
0
0.787145603337593
0.21322853480359
0
0.78677146519641
0.213462883611617
0.0400608475680382
0.746476268820344
0.213589471775896
0.0464823741196893
0.739928154104414
0.213698752832668
0.0468657623794301
0.739435484787902
0.213732605210602
0.0468609511315068
0.739406443657891
0.213749730147937
0.0468526421137056
0.739397627738358
0.213774686734278
0.0468624432691586
0.739362869996563
0.213176102800768
0
0.786823897199232
0.213320352484714
0.00259586222818727
0.784083785287099
0.213462883611617
0.0400608475680377
0.746476268820345
0.21356023155409
0.045954604001832
0.740485164444079
0.213608627306585
0.0468888856428243
0.739502487050591
0.213611442832524
0.0468891149358282
0.739499442231648
0.213571243621136
0.0468482973183116
0.739580459060552
0.213613427226372
0.0468486240223261
0.739537948751301
0.213676248785427
0.0468786921878771
0.739445059026696
0.213501871965539
0.0352961081002694
0.751202019934192
0.213549136907023
0.0454283610104356
0.741022502082541
0.213589471775896
0.0464823741196887
0.739928154104415
0.213608627306585
0.0468888856428246
0.739502487050591
0.21354627161669
0.0469042978742301
0.73954943050908
0.213345646396885
0.0468332466305115
0.739821106972604
0.213137754963374
0.0467016794116078
0.740160565625019
0.213311694377928
0.0467470426692726
0.739941262952799
0.213483247816699
0.0468425026014606
0.739674249581841
0.213671001706183
0.0468057185507323
0.739523279743084
0.213696107104981
0.0468249059468449
0.739478986948174
0.213698752832668
0.0468657623794307
0.739435484787901
0.213611442832524
0.0468891149358277
0.739499442231648
0.213345646396885
0.0468332466305112
0.739821106972604
0.212804924319585
0.046105404622247
0.741089671058168
0.212046707551472
0.043972624263307
0.743980668185221
0.212757684231943
0.0464629458580787
0.740779369909979
0.213192587326392
0.046707470121685
0.740099942551923
0.213793043257823
0.0468295248421282
0.739377431900048
0.213781837393378
0.046840564976856
0.739377597629766
0.213732605210602
0.0468609511315074
0.739406443657891
0.213571243621136
0.0468482973183118
0.739580459060552
0.213137754963374
0.0467016794116075
0.740160565625019
0.212046707551472
0.0439726242633071
0.743980668185221
0.209752806674377
0.0304660799459413
0.759781113379682
0.211995698578662
0.0460852757764617
0.741919025644876
0.21293163292971
0.0464989315611326
0.740569435509158
0.213819889662344
0.0468219170303133
0.739358193307343
0.213802429034769
0.0468324726662077
0.739365098299023
0.213749730147937
0.0468526421137053
0.739397627738358
0.213613427226372
0.046848624022326
0.739537948751302
0.213311694377928
0.0467470426692726
0.739941262952799
0.212757684231942
0.0464629458580789
0.740779369909979
0.211995698578662
0.046085275776461
0.741919025644877
0.212694003092963
0.0462577721861514
0.741048224720886
0.213135025968642
0.0465823936381085
0.740282580393249
0.213831792298263
0.046822424636537
0.7393457830652
0.213816908684583
0.0468356103750848
0.739347480940333
0.213774686734278
0.0468624432691585
0.739362869996564
0.213676248785427
0.0468786921878775
0.739445059026696
0.213483247816699
0.0468425026014607
0.739674249581841
0.213192587326392
0.0467074701216849
0.740099942551923
0.21293163292971
0.0464989315611322
0.740569435509158
0.213135025968642
0.0465823936381078
0.74028258039325
0.213328975746509
0.0467263445004686
0.739944679753023
0.282871279099026
0
0.717128720900974
0.291460687933882
0
0.708539312066118
0.298083604779893
0
0.701916395220107
0.301420552713358
0
0.698579447286642
0.302804792181829
0
0.697195207818171
0.303302753739585
0
0.696697246260415
0.303464819879462
0.0178379635004517
0.678697216620086
0.303853664127467
0.0420792422541554
0.654067093618378
0.304028194005919
0.0419763030431484
0.653995502950932
0.291460687933882
0
0.708539312066118
0.296049410158893
0
0.703950589841106
0.2999170031748
0
0.7000829968252
0.301890445183601
0
0.698109554816399
0.302898095580542
0
0.697101904419458
0.303197668416945
0
0.696802331583055
0.303375089745708
0.0296322268806707
0.666992683373621
0.3037940043633
0.0421332396948942
0.654072755941806
0.303945193417452
0.0420351803193882
0.65401962626316
0.298083604779893
0
0.701916395220107
0.2999170031748
0
0.7000829968252
0.301501861289103
0
0.698498138710897
0.30249483480874
0
0.69750516519126
0.302913532651303
0
0.697086467348697
0.3029163812074
0
0.6970836187926
0.303135019215638
0.0396337680571247
0.657231212727237
0.303534625534254
0.0422960541365117
0.654169320329234
0.303701275545461
0.0421992629646939
0.654099461489845
0.301420552713357
0
0.698579447286643
0.3018904451836
0
0.698109554816399
0.30249483480874
0
0.69750516519126
0.302790991217744
0
0.697209008782256
0.302655447652889
0
0.697344552347111
0.30224416729776
0.018768676245615
0.678987156456625
0.302396667167888
0.0428466993573877
0.654756633474724
0.302804194125771
0.0425354960177146
0.654660309856514
0.303134288431583
0.0424307356841234
0.654434975884293
0.302804792181829
0
0.697195207818171
0.302898095580542
0
0.697101904419458
0.302913532651304
0
0.697086467348696
0.302655447652889
0
0.697344552347111
0.301920949214281
0
0.698079050785719
0.300902332790976
0.042220916055869
0.656876751153156
0.300238592047138
0.0436536042957516
0.656107803657111
0.301134252692316
0.0428098955987985
0.656055851708885
0.30201601499811
0.0426583933948168
0.655325591607074
0.303302753739585
0
0.696697246260415
0.303197668416945
0
0.696802331583055
0.302916381207399
0
0.697083618792601
0.302244167297761
0.018768676245615
0.678987156456624
0.300902332790975
0.0422209160558694
0.656876751153156
0.298412525618035
0.0450514919157665
0.656535982466198
0.294914590509868
0.0480981931386069
0.656987216351525
0.298011615371919
0.0433658121065985
0.658622572521482
0.300261207051667
0.042701215364493
0.65703757758384
0.303464819879462
0.0178379635004518
0.678697216620086
0.303375089745708
0.0296322268806714
0.666992683373621
0.303135019215637
0.0396337680571246
0.657231212727239
0.302396667167889
0.0428466993573874
0.654756633474724
0.300238592047138
0.0436536042957518
0.65610780365711
0.294914590509868
0.0480981931386068
0.656987216351525
0.283328994922972
0.10569318278611
0.610977822290918
0.29419302080357
0.0447532146694908
0.661053764526939
0.298663860028226
0.0421753316726984
0.659160808299076
0.303853664127467
0.0420792422541556
0.654067093618377
0.3037940043633
0.042133239694894
0.654072755941806
0.303534625534255
0.0422960541365117
0.654169320329234
0.302804194125772
0.0425354960177146
0.654660309856514
0.301134252692316
0.0428098955987988
0.656055851708885
0.298011615371919
0.0433658121065987
0.658622572521482
0.29419302080357
0.0447532146694905
0.66105376452694
0.297330824805984
0.0415350919453104
0.661134083248705
0.299716962195101
0.0416241792693645
0.658658858535535
0.304028194005919
0.0419763030431484
0.653995502950933
0.303945193417452
0.0420351803193883
0.654019626263159
0.303701275545462
0.0421992629646934
0.654099461489845
0.303134288431583
0.0424307356841231
0.654434975884294
0.302016014998109
0.0426583933948171
0.655325591607074
0.300261207051668
0.0427012153644928
0.65703757758384
0.298663860028226
0.042175331672698
0.659160808299076
0.299716962195101
0.0416241792693645
0.658658858535535
0.300888129966287
0.0417796233045967
0.657332246729117
