0.162578779762214
0
0.837421220237786
0.164404933089962
0
0.835595066910038
0.164702395589659
0
0.835297604410341
0.164761459213116
0
0.835238540786884
0.164804796089147
0
0.835195203910853
0.164844887824699
0
0.835155112175301
0.164862732347627
0
0.835137267652373
0.16488422072119
0
0.83511577927881
0.164896183405348
0.0370788632741256
0.798024953320526
0.164404933089962
0
0.835595066910038
0.164677360168745
0
0.835322639831255
0.164739797194986
0
0.835260202805013
0.16477842097973
0
0.83522157902027
0.16481814462981
0
0.83518185537019
0.164848330408109
0
0.835151669591891
0.164866665188793
0
0.835133334811207
0.164885266122009
0
0.835114733877991
0.164896012236252
0.0404986501823574
0.794605337581391
0.164702395589659
0
0.835297604410341
0.164739797194986
0
0.835260202805013
0.164769257450734
0
0.835230742549266
0.16480213556918
0
0.83519786443082
0.164835378529117
0
0.835164621470883
0.164852121965742
0
0.835147878034258
0.164865637841748
0
0.835134362158252
0.164886198667004
0
0.835113801332996
0.164895253570347
0.0445727518163907
0.790531994613262
0.164761459213116
0
0.835238540786884
0.16477842097973
0
0.83522157902027
0.16480213556918
0
0.83519786443082
0.16482764671835
0
0.835172353281649
0.164845604077185
0
0.835154395922815
0.164853872834951
0
0.835146127165049
0.16486462939443
0
0.83513537060557
0.164883593712757
0
0.835116406287243
0.164893305941268
0.0486891279147398
0.786417566143992
0.164804796089147
0
0.835195203910853
0.16481814462981
0
0.835181855370191
0.164835378529117
0
0.835164621470883
0.164845604077185
0
0.835154395922815
0.164849843536206
0
0.835150156463794
0.164851448951792
0
0.835148551048208
0.164857046037637
0
0.835142953962363
0.164880038373887
0
0.835119961626113
0.164889655551506
0.0519192129330384
0.783191131515456
0.164844887824699
0
0.835155112175301
0.164848330408109
0
0.835151669591891
0.164852121965742
0
0.835147878034258
0.164853872834951
0
0.835146127165049
0.164851448951792
0
0.835148551048208
0.164841239141675
0
0.835158760858325
0.164833881374618
0
0.835166118625382
0.164866046309849
0.0252183292659893
0.809915624424162
0.164883455742414
0.0525009844089568
0.782615559848629
0.164862732347627
0
0.835137267652373
0.164866665188793
0
0.835133334811207
0.164865637841748
0
0.835134362158252
0.16486462939443
0
0.83513537060557
0.164857046037637
0
0.835142953962363
0.164833881374618
0
0.835166118625382
0.164765802864435
0
0.835234197135565
0.164847525551291
0.0488321900974293
0.78632028435128
0.164877022086249
0.0522014801968394
0.782921497716911
0.16488422072119
0
0.83511577927881
0.164885266122009
0
0.835114733877991
0.164886198667004
0
0.835113801332996
0.164883593712757
0
0.835116406287243
0.164880038373887
0
0.835119961626113
0.164866046309849
0.0252183292659891
0.809915624424162
0.164847525551291
0.0488321900974293
0.78632028435128
0.16487018383419
0.0517424474260397
0.783387368739771
0.164882980280941
0.0517500030735815
0.783367016645478
0.164896183405348
0.0370788632741255
0.798024953320526
0.164896012236252
0.0404986501823573
0.794605337581391
0.164895253570347
0.0445727518163912
0.790531994613262
0.164893305941268
0.0486891279147393
0.786417566143993
0.164889655551506
0.0519192129330384
0.783191131515456
0.164883455742414
0.0525009844089567
0.782615559848629
0.164877022086249
0.0522014801968392
0.782921497716912
0.164882980280941
0.0517500030735824
0.783367016645477
0.164888235851174
0.0516676316994141
0.783444132449412
0.178983240989162
0
0.821016759010838
0.18218395803507
0
0.81781604196493
0.182966853106237
0
0.817033146893763
0.183238198874413
0
0.816761801125587
0.183350869851572
0
0.816649130148428
0.18338840361787
0.0060295799371076
0.810582016445022
0.183403776498454
0.050270730586568
0.766325492914978
0.183389896911122
0.0505930299332165
0.766017073155662
0.183381722739529
0.0507286694435225
0.765889607816948
0.18218395803507
0
0.81781604196493
0.182811073338437
0
0.817188926661563
0.183121559410536
0
0.816878440589464
0.183291947124303
0
0.816708052875697
0.183360884758574
0
0.816639115241427
0.183387446052711
0.0234221394864347
0.793190414460855
0.183398033093466
0.0498886688382489
0.766713298068285
0.18338137233846
0.0504715031301857
0.766147124531354
0.183377685604954
0.0507565914058567
0.765865722989189
0.182966853106237
0
0.817033146893763
0.183121559410536
0
0.816878440589464
0.183258123662689
0
0.816741876337311
0.183336748134189
0
0.816663251865811
0.183367768169302
0
0.816632231830698
0.183382123994314
0.0406935321530599
0.775924343852627
0.183381651908883
0.048527432059634
0.768090916031483
0.183362296369078
0.0500709369835306
0.766566766647392
0.18336576238303
0.0508145667453036
0.765819670871667
0.183238198874413
0
0.816761801125587
0.183291947124303
0
0.816708052875697
0.183336748134189
0
0.816663251865811
0.183360800087963
0
0.816639199912037
0.183363334788208
0.021424009184844
0.795212656026948
0.183355961323944
0.0389424273577524
0.777701611318304
0.183331515373878
0.041518458078485
0.775150026547637
0.183319449951455
0.0495692783368173
0.767111271711728
0.183338915084021
0.0508668083788406
0.765794276537138
0.183350869851572
0
0.816649130148428
0.183360884758574
0
0.816639115241427
0.183367768169302
0
0.816632231830698
0.183363334788208
0.0214240091848435
0.795212656026948
0.183341573895664
0.0332051957057189
0.783453230398617
0.183277818529532
0.0213429895925314
0.795379191877937
0.183200988326306
0.0221784050328374
0.794620606640856
0.183230598991027
0.0499920356860531
0.76677736532292
0.183288219781533
0.0508454739252954
0.765866306293172
0.18338840361787
0.00602957993710745
0.810582016445023
0.183387446052711
0.0234221394864342
0.793190414460855
0.183382123994314
0.0406935321530599
0.775924343852627
0.183355961323944
0.0389424273577523
0.777701611318304
0.183277818529532
0.0213429895925309
0.795379191877937
0.183109230771568
0
0.816890769228432
0.182855112337785
0
0.817144887662215
0.183060579007828
0.0499746529847859
0.766964768007387
0.18320742060368
0.0506630107424883
0.766129568653832
0.183403776498454
0.0502707305865681
0.766325492914978
0.183398033093466
0.0498886688382487
0.766713298068285
0.183381651908883
0.0485274320596333
0.768090916031483
0.183331515373879
0.0415184580784848
0.775150026547637
0.183200988326306
0.0221784050328369
0.794620606640857
0.182855112337785
0
0.817144887662215
0.182141757396422
0
0.817858242603578
0.182825697569012
0.0494843370659521
0.767689965365036
0.183130561649115
0.0503490610585754
0.766520377292309
0.183389896911122
0.0505930299332171
0.766017073155661
0.18338137233846
0.0504715031301861
0.766147124531354
0.183362296369078
0.0500709369835303
0.766566766647392
0.183319449951455
0.0495692783368173
0.767111271711728
0.183230598991027
0.049992035686053
0.76677736532292
0.183060579007828
0.0499746529847852
0.766964768007387
0.182825697569012
0.0494843370659515
0.767689965365036
0.183056137424348
0.0499607329434578
0.766983129632194
0.183195261683136
0.050423100238598
0.766381638078266
0.183381722739529
0.0507286694435223
0.765889607816948
0.183377685604954
0.0507565914058565
0.76586572298919
0.18336576238303
0.0508145667453033
0.765819670871667
0.183338915084021
0.0508668083788406
0.765794276537138
0.183288219781533
0.0508454739252956
0.765866306293172
0.18320742060368
0.0506630107424886
0.766129568653831
0.183130561649115
0.0503490610585752
0.766520377292309
0.183195261683136
0.0504231002385974
0.766381638078267
0.183252602130256
0.0505837814129316
0.766163616456812
0.207103472046802
0
0.792896527953198
0.210501404439011
0
0.789498595560989
0.212226134890366
0
0.787773865109634
0.213015526410297
0
0.786984473589703
0.213371081651683
0.0341620290899776
0.75246688925834
0.213543106632373
0.0491482789379863
0.73730861442964
0.213687326640989
0.0491700961163802
0.737142577242631
0.213720476459329
0.0491609548090235
0.737118568731647
0.213731727013203
0.0491577261275416
0.737110546859255
0.210501404439011
0
0.789498595560989
0.211777500766394
0
0.788222499233606
0.212664181760528
0
0.787335818239472
0.213174800685734
0
0.786825199314266
0.213420296775683
0.0471234479635197
0.739456255260797
0.213568648190018
0.0491667751920449
0.737264576617937
0.213675042438707
0.0491812233562136
0.737143734205079
0.213701763799426
0.0491709086407464
0.737127327559828
0.213715243513209
0.0491703994944608
0.73711435699233
0.212226134890366
0
0.787773865109634
0.212664181760528
0
0.787335818239472
0.213071350283957
0
0.786928649716043
0.21332495799912
0.0393880049367905
0.747287037064089
0.213462454242353
0.0485848484469414
0.737952697310705
0.213571022357267
0.0492072413587773
0.737221736283956
0.213622111859154
0.049201248408546
0.7371766397323
0.213644426692909
0.0491898112006533
0.737165762106437
0.2136686803217
0.0491963939314338
0.737134925746866
0.213015526410297
0
0.786984473589703
0.213174800685734
0
0.786825199314266
0.21332495799912
0.0393880049367899
0.74728703706409
0.213432504879191
0.0479915364410707
0.738575958679739
0.213471045073027
0.0492314581479563
0.737297496779017
0.21348738633776
0.0492300578369248
0.737282555825316
0.213448532742867
0.0491848098383596
0.737366657418773
0.213495624694433
0.0491816797284089
0.737322695577158
0.213560796055932
0.0492103155515725
0.737228888392495
0.213371081651683
0.0341620290899785
0.752466889258339
0.213420296775683
0.0471234479635198
0.739456255260797
0.213462454242353
0.0485848484469411
0.737952697310706
0.213471045073027
0.0492314581479565
0.737297496779017
0.213405143083045
0.0492456220501374
0.737349234866817
0.2131995661494
0.0491683181045929
0.737632115746007
0.212977257794698
0.0490249991934042
0.737997743011897
0.213164306964686
0.0490683789513196
0.737767314083995
0.213349733014326
0.0491682342488929
0.737482032736781
0.213543106632373
0.049148278937986
0.737308614429641
0.213568648190018
0.0491667751920455
0.737264576617937
0.213571022357267
0.0492072413587779
0.737221736283956
0.21348738633776
0.0492300578369244
0.737282555825316
0.2131995661494
0.0491683181045925
0.737632115746008
0.212612893825797
0.0469273404417949
0.740459765732408
0.211794381036039
0.0404403025448785
0.747765316419083
0.212553936480588
0.0487638305432232
0.738682232976188
0.213029934399871
0.0490216521637388
0.737948413436391
0.213687326640989
0.04917009611638
0.737142577242631
0.213675042438707
0.0491812233562131
0.737143734205079
0.213622111859154
0.0492012484085465
0.7371766397323
0.213448532742867
0.04918480983836
0.737366657418773
0.212977257794698
0.0490249991934042
0.737997743011897
0.211794381036039
0.0404403025448786
0.747765316419083
0.209405223903382
0.0021333875956397
0.788461388500978
0.211729963758006
0.048365509079451
0.739904527162543
0.212741697804056
0.0487980750676361
0.738460227128308
0.213720476459329
0.0491609548090231
0.737118568731647
0.213701763799426
0.0491709086407461
0.737127327559828
0.213644426692909
0.0491898112006534
0.737165762106437
0.213495624694433
0.0491816797284087
0.737322695577158
0.213164306964686
0.0490683789513196
0.737767314083995
0.212553936480588
0.0487638305432234
0.738682232976188
0.211729963758006
0.0483655090794505
0.739904527162544
0.212480938272169
0.0485413614289107
0.73897770029892
0.212963787355246
0.0488839958426956
0.738152216802058
0.213731727013203
0.0491577261275414
0.737110546859255
0.213715243513209
0.0491703994944609
0.73711435699233
0.2136686803217
0.0491963939314338
0.737134925746866
0.213560796055932
0.049210315551573
0.737228888392495
0.213349733014326
0.0491682342488931
0.737482032736781
0.213029934399871
0.0490216521637387
0.737948413436391
0.212741697804056
0.0487980750676358
0.738460227128308
0.212963787355246
0.0488839958426947
0.738152216802059
0.213177442271641
0.049035805530113
0.737786752198246
0.281586149210734
0
0.718413850789266
0.290569191613702
0
0.709430808386298
0.297672801006828
0
0.702327198993172
0.301409977166444
0
0.698590022833556
0.302979277412768
0
0.697020722587232
0.30357347626196
0
0.69642652373804
0.303721528229776
0.00976802113027575
0.686510450639948
0.304095974418008
0.0441628442676443
0.651741181314348
0.30431683351422
0.0440499094708802
0.6516332570149
0.290569191613702
0
0.709430808386298
0.29545860632784
0
0.70454139367216
0.299703767615894
0
0.700296232384107
0.301948880714366
0
0.698051119285634
0.303101926787153
0
0.696898073212847
0.303478436375289
0
0.696521563624711
0.30358734982389
0.022917380280224
0.673495269895886
0.3040288959311
0.0442193464903144
0.651751757578586
0.304221154383176
0.0441114166668902
0.651667428949934
0.297672801006829
0
0.702327198993171
0.299703767615894
0
0.700296232384106
0.301534175438381
0
0.698465824561619
0.302640482134528
0
0.697359517865472
0.30315275693753
0
0.69684724306247
0.303182222198301
0
0.696817777801699
0.303261625059012
0.0351472870431632
0.661591087897825
0.30373972194405
0.0443907724080575
0.651869505647892
0.303941438401093
0.0442840433391089
0.651774518259798
0.301409977166443
0
0.698590022833557
0.301948880714367
0
0.698051119285633
0.302640482134527
0
0.697359517865473
0.30300425680205
0
0.69699574319795
0.302885441467249
0
0.697114558532752
0.302412563253892
0
0.697587436746108
0.302376539731934
0.0445558124620862
0.65306764780598
0.302933322342375
0.0446435170091948
0.65242316064843
0.303298124430379
0.0445283321172627
0.652173543452359
0.302979277412769
0
0.697020722587231
0.303101926787153
0
0.696898073212847
0.30315275693753
0
0.69684724306247
0.302885441467249
0
0.697114558532751
0.302087384325402
0
0.697912615674598
0.300709923261508
0.0329044963033183
0.666385580435174
0.300101710774404
0.0458419892027874
0.654056300022808
0.30110939943764
0.0449341519541514
0.653956448608209
0.302048722375154
0.0447696533401026
0.653181624284744
0.30357347626196
0
0.69642652373804
0.303478436375289
0
0.696521563624711
0.3031822221983
0
0.6968177778017
0.302412563253894
0
0.697587436746106
0.300709923261507
0.0329044963033185
0.666385580435174
0.298067212515367
0.047340186500819
0.654592600983814
0.294605397415431
0.0505885259610152
0.654806076623554
0.297778484819343
0.0455304484696153
0.656691066711042
0.300125593963874
0.0448164038557703
0.655058002180356
0.303721528229776
0.00976802113027582
0.686510450639948
0.30358734982389
0.0229173802802248
0.673495269895885
0.303261625059011
0.0351472870431632
0.661591087897826
0.302376539731934
0.0445558124620858
0.65306764780598
0.300101710774404
0.0458419892027877
0.654056300022808
0.294605397415431
0.0505885259610149
0.654806076623554
0.28286046963812
0.106733042980617
0.610406487381263
0.293812969997911
0.0470216278379403
0.659165402164149
0.298406378179738
0.0442581086673624
0.6573355131529
0.304095974418008
0.0441628442676446
0.651741181314348
0.3040288959311
0.0442193464903142
0.651751757578586
0.30373972194405
0.0443907724080573
0.651869505647892
0.302933322342376
0.0446435170091946
0.652423160648429
0.30110939943764
0.0449341519541514
0.653956448608209
0.297778484819343
0.0455304484696152
0.656691066711042
0.293812969997911
0.0470216278379399
0.659165402164149
0.296998485801833
0.0435783352037655
0.659423178994401
0.2994940299794
0.0436666389512348
0.656839331069365
0.30431683351422
0.0440499094708804
0.6516332570149
0.304221154383176
0.0441114166668902
0.651667428949934
0.303941438401094
0.0442840433391085
0.651774518259798
0.303298124430379
0.0445283321172623
0.652173543452359
0.302048722375153
0.0447696533401029
0.653181624284744
0.300125593963874
0.0448164038557701
0.655058002180356
0.298406378179738
0.044258108667362
0.6573355131529
0.2994940299794
0.0436666389512348
0.656839331069365
0.300746216220962
0.0438290564901521
0.655424727288886
