0.162873881929547
0
0.837126118070453
0.164651234377228
0
0.835348765622772
0.16495078408158
0
0.83504921591842
0.165010844461488
0
0.834989155538512
0.165053751044294
0
0.834946248955706
0.165093606308167
0
0.834906393691833
0.165110714074462
0
0.834889285925538
0.1651316494688
0
0.8348683505312
0.165143455785178
0.0463816309146725
0.788474913300149
0.164651234377228
0
0.835348765622772
0.16492453041397
0
0.83507546958603
0.164989044260727
0
0.835010955739273
0.165027663046585
0
0.834972336953415
0.165066805366983
0
0.834933194633017
0.165096720370003
0
0.834903279629997
0.165114141597138
0
0.834885858402862
0.165132402124254
0
0.834867597875746
0.165143016844748
0.0497820090454105
0.785074974109842
0.16495078408158
0
0.83504921591842
0.164989044260727
0
0.835010955739273
0.16501859691451
0
0.83498140308549
0.165050768842004
0
0.834949231157996
0.165083993819498
0
0.834916006180502
0.165099840510931
0
0.834900159489069
0.165112433992827
0
0.834887566007173
0.165132676646986
0
0.834867323353014
0.165141703259521
0.0538460983004525
0.781012198440026
0.165010844461488
0
0.834989155538512
0.165027663046585
0
0.834972336953415
0.165050768842004
0
0.834949231157996
0.165075755357434
0
0.834924244642566
0.165093230941289
0
0.834906769058711
0.165100281352129
0
0.834899718647871
0.165109751004562
0
0.834890248995438
0.165129071320027
0
0.834870928679973
0.165138840651806
0.0580250568460911
0.776836102502103
0.165053751044294
0
0.834946248955706
0.165066805366983
0
0.834933194633017
0.165083993819498
0
0.834916006180502
0.165093230941289
0
0.834906769058711
0.165096069449439
0
0.834903930550561
0.165095670134536
0
0.834904329865464
0.165099180862567
0
0.834900819137433
0.165123585557998
0.00296641743239289
0.831909997009609
0.165133892026117
0.0613449642145431
0.77352114375934
0.165093606308167
0
0.834906393691833
0.165096720370003
0
0.834903279629997
0.16509984051093
0
0.83490015948907
0.165100281352129
0
0.834899718647871
0.165095670134536
0
0.834904329865464
0.165081840461671
0
0.834918159538329
0.165068639144189
0
0.834931360855811
0.165105347471959
0.0342049206032667
0.800689731924774
0.165125849132471
0.0618853718998384
0.77298877896769
0.165110714074462
0
0.834889285925538
0.165114141597138
0
0.834885858402862
0.165112433992827
0
0.834887566007173
0.165109751004562
0
0.834890248995438
0.165099180862567
0
0.834900819137433
0.165068639144189
0
0.834931360855811
0.164989974111848
0
0.835010025888152
0.165082531447492
0.0582067726655056
0.776710695887002
0.16511768378702
0.0615518097503143
0.773330506462666
0.1651316494688
0
0.8348683505312
0.165132402124254
0
0.834867597875746
0.165132676646986
0
0.834867323353014
0.165129071320027
0
0.834870928679973
0.165123585557998
0.00296641743239281
0.831909997009609
0.165105347471959
0.0342049206032668
0.800689731924774
0.165082531447492
0.0582067726655055
0.776710695887002
0.165109344050429
0.0610757881540536
0.773814867795518
0.165124575701629
0.0610824552314269
0.773792969066944
0.165143455785178
0.0463816309146725
0.788474913300149
0.165143016844748
0.0497820090454105
0.785074974109842
0.165141703259521
0.0538460983004529
0.781012198440026
0.165138840651806
0.0580250568460906
0.776836102502103
0.165133892026117
0.061344964214543
0.77352114375934
0.165125849132471
0.0618853718998383
0.772988778967691
0.16511768378702
0.0615518097503142
0.773330506462666
0.165124575701629
0.0610824552314278
0.773792969066944
0.165130776790934
0.0609958160711829
0.773873407137883
0.179353371491971
0
0.820646628508029
0.182474560827456
0
0.817525439172544
0.183259602254494
0
0.816740397745506
0.183533218160055
0
0.816466781839945
0.183647900635554
0
0.816352099364446
0.183686145541398
0.0152498441531652
0.801064010305436
0.18370275841118
0.0596705768770818
0.756626664711738
0.1836894330844
0.0599716387175782
0.756338928198022
0.183680125616224
0.0600968573999708
0.756223016983806
0.182474560827456
0
0.817525439172544
0.183103144647217
0
0.816896855352783
0.183415290701399
0
0.816584709298601
0.183587911013755
0
0.816412088986245
0.183658236456787
0
0.816341763543213
0.183685030887353
0.0325812815209582
0.783733687591689
0.183696829441878
0.0592848459926645
0.757018324565458
0.183680411401716
0.0598454395621737
0.75647414903611
0.183675451089512
0.060119599878024
0.756204949032464
0.183259602254494
0
0.816740397745506
0.183415290701399
0
0.816584709298601
0.183553698872079
0
0.81644630112792
0.183633404742264
0
0.816366595257736
0.183664539730556
0
0.816335460269444
0.183678613382527
0.0500915117014489
0.766229874916024
0.183679072457615
0.0579217872318914
0.758399140310494
0.183659746857011
0.059437976534214
0.756902276608775
0.183662075094144
0.0601675957455914
0.756170329160264
0.183533218160055
0
0.816466781839945
0.183587911013755
0
0.816412088986245
0.183633404742264
0
0.816366595257736
0.183657375285455
0
0.816342624714545
0.183658310014649
0.0303307810167328
0.786010908968618
0.183650045704944
0.0484035019735078
0.767946452321548
0.183625097838477
0.0508467445687288
0.765528157592794
0.183612750275904
0.058878187788815
0.757509061935281
0.183632297700593
0.0601887450529384
0.756178957246469
0.183647900635554
0
0.816352099364446
0.183658236456787
0
0.816341763543213
0.183664539730556
0
0.816335460269444
0.183658310014649
0.0303307810167323
0.786010908968618
0.183633775358629
0.0426318633347874
0.773734361306583
0.18356542869529
0.0296634555273551
0.786771115777355
0.183482629115723
0.0294215027746338
0.787095868109643
0.183513739673217
0.0592859030683554
0.757200357258427
0.183576026543098
0.0601296710992666
0.756294302357635
0.183686145541398
0.0152498441531651
0.801064010305437
0.183685030887353
0.0325812815209577
0.783733687591689
0.183678613382527
0.050091511701449
0.766229874916024
0.183650045704944
0.0484035019735077
0.767946452321548
0.18356542869529
0.0296634555273547
0.786771115777355
0.183381989908643
0.00115714926007716
0.81546086083128
0.183107513255142
0
0.816892486744858
0.183325669783974
0.0592183195983106
0.757456010617715
0.183486443731242
0.0599065380372281
0.75660701823153
0.18370275841118
0.0596705768770818
0.756626664711738
0.183696829441878
0.0592848459926643
0.757018324565458
0.183679072457615
0.0579217872318907
0.758399140310495
0.183625097838477
0.0508467445687287
0.765528157592794
0.183482629115723
0.0294215027746333
0.787095868109643
0.183107513255142
0
0.816892486744858
0.18233972523636
0
0.81766027476364
0.183069283044748
0.0586818772969214
0.758248839658331
0.183401408562751
0.0595582951473117
0.757040296289937
0.1836894330844
0.0599716387175788
0.756338928198022
0.183680411401716
0.0598454395621742
0.75647414903611
0.183659746857011
0.0594379765342137
0.756902276608775
0.183612750275904
0.0588781877888148
0.757509061935282
0.183513739673217
0.0592859030683554
0.757200357258427
0.183325669783974
0.0592183195983098
0.757456010617716
0.183069283044748
0.058681877296921
0.758248839658331
0.183319684896914
0.0591534858261026
0.757526829276983
0.183471987470399
0.0596195636282303
0.75690844890137
0.183680125616224
0.0600968573999705
0.756223016983806
0.183675451089512
0.0601195998780236
0.756204949032464
0.183662075094144
0.0601675957455908
0.756170329160265
0.183632297700593
0.0601887450529385
0.756178957246468
0.183576026543098
0.0601296710992667
0.756294302357635
0.183486443731242
0.0599065380372282
0.75660701823153
0.183401408562751
0.0595582951473115
0.757040296289937
0.1834719874704
0.0596195636282296
0.756908448901371
0.183534884170854
0.0597782202533455
0.756686895575801
0.207339921090483
0
0.792660078909517
0.210632114319791
0
0.789367885680209
0.212339466032013
0
0.787660533967987
0.213135788201819
0
0.786864211798181
0.213492116959629
0.043295584953541
0.74321229808683
0.213661286325848
0.0582517800541969
0.728086933619955
0.213805432260577
0.058242355633495
0.727952212105928
0.213841124087662
0.0582145316435648
0.727944344268774
0.213853271548251
0.0582024762400956
0.727944252211654
0.210632114319791
0
0.789367885680209
0.211888041814893
0
0.788111958185107
0.212778060406671
0
0.787221939593329
0.213293922362559
0.007187163853741
0.7795189137837
0.213538971421122
0.0562691555413271
0.730191873037551
0.213684201336803
0.0582620270757768
0.72805377158742
0.213790912257554
0.0582478367398689
0.727961251002577
0.213820911895849
0.058219874777355
0.727959213326796
0.213835064119364
0.0582109714792705
0.727953964401365
0.212339466032013
0
0.787660533967987
0.212778060406671
0
0.787221939593329
0.213190930434252
0
0.786809069565747
0.213442591154337
0.0485781337652442
0.737979275080419
0.213575465477729
0.0576971089959546
0.728727425526316
0.213681480565794
0.0582874535625267
0.728031065871679
0.213732548727468
0.0582575325165396
0.728009918755992
0.2137587220542
0.0582299045454486
0.728011373400351
0.21378382220175
0.0582284357800577
0.727987742018192
0.213135788201819
0
0.786864211798181
0.213293922362559
0.00718716385374117
0.7795189137837
0.213442591154337
0.0485781337652438
0.737979275080419
0.213546141464528
0.0571189065381619
0.729334951997311
0.2135764861437
0.05831953870699
0.72810397514931
0.213587139019267
0.0582906435942901
0.728122217386443
0.213545539925665
0.058225646795825
0.72822881327851
0.213597673993146
0.0582085214959262
0.728193804510927
0.2136660221749
0.0582306645278725
0.728103313297227
0.213492116959629
0.0432955849535418
0.743212298086829
0.213538971421122
0.0562691555413274
0.730191873037551
0.213575465477729
0.0576971089959542
0.728727425526317
0.2135764861437
0.0583195387069903
0.72810397514931
0.213498123847327
0.0583095556535807
0.728192320499092
0.213274529141817
0.0582107845155031
0.72851468634268
0.213038662614834
0.0580512090555173
0.728910128329649
0.213239152116422
0.0580822477577846
0.728678600125794
0.213436597382245
0.0581765419641668
0.728386860653588
0.213661286325849
0.0582517800541966
0.728086933619955
0.213684201336803
0.0582620270757774
0.72805377158742
0.213681480565794
0.0582874535625272
0.728031065871679
0.213587139019267
0.0582906435942897
0.728122217386443
0.213274529141817
0.0582107845155028
0.72851468634268
0.2126415380633
0.0559734017494631
0.731385060187237
0.211773404233518
0.0475819465629293
0.740644649203552
0.212577542426531
0.0577588114140266
0.729663646159442
0.213088307343424
0.0580195251351024
0.728892167521474
0.213805432260577
0.0582423556334947
0.727952212105929
0.213790912257554
0.0582478367398684
0.727961251002578
0.213732548727468
0.0582575325165401
0.728009918755992
0.213545539925665
0.0582256467958254
0.72822881327851
0.213038662614834
0.0580512090555172
0.728910128329649
0.211773404233518
0.0475819465629294
0.740644649203552
0.209328593910763
0
0.790671406089237
0.21169945953757
0.0573100160164337
0.730990524445997
0.212774179255006
0.0577575653295753
0.729468255415419
0.213841124087662
0.0582145316435645
0.727944344268774
0.213820911895849
0.0582198747773547
0.727959213326796
0.2137587220542
0.0582299045454487
0.728011373400351
0.213597673993146
0.0582085214959262
0.728193804510928
0.213239152116422
0.0580822477577848
0.728678600125793
0.212577542426531
0.0577588114140266
0.729663646159442
0.21169945953757
0.0573100160164332
0.730990524445997
0.212492952066034
0.0574844712745181
0.730022576659448
0.213012103049871
0.0578329014932092
0.72915499545692
0.213853271548251
0.0582024762400954
0.727944252211654
0.213835064119364
0.0582109714792707
0.727953964401365
0.21378382220175
0.0582284357800576
0.727987742018192
0.2136660221749
0.058230664527873
0.728103313297227
0.213436597382245
0.0581765419641669
0.728386860653588
0.213088307343424
0.0580195251351023
0.728892167521474
0.212774179255006
0.057757565329575
0.729468255415419
0.213012103049871
0.0578329014932084
0.729154995456921
0.213243399125276
0.0579836898496323
0.728772911025092
0.283792139386832
0
0.716207860613168
0.291766133621199
0
0.708233866378801
0.298433835579534
0
0.701566164420466
0.302074171570974
0
0.697925828429026
0.303673435755226
0
0.696326564244774
0.304288740524001
0
0.695711259475999
0.304453314501551
0.0173702763671532
0.678176409131296
0.304786604248541
0.0521970013668062
0.643016394384653
0.305002895872564
0.0520732005408116
0.642923903586625
0.291766133621199
0
0.708233866378801
0.296264122176167
0
0.703735877823833
0.300361063522774
0
0.699638936477226
0.302625182459749
0
0.697374817540251
0.303790451582676
0
0.696209548417324
0.304189809574724
0
0.695810190425276
0.30429338512779
0.0304857129286509
0.665220901943559
0.304691443151928
0.052250876608777
0.643057680239295
0.304892136438015
0.0521328411096461
0.642975022452339
0.298433835579534
0
0.701566164420466
0.300361063522774
0
0.699638936477226
0.302177470021317
0
0.697822529978683
0.303313358468135
0
0.696686641531865
0.303828192629455
0
0.696171807370545
0.3038693941873
0
0.6961306058127
0.303889475213235
0.0428125786703459
0.653297946116419
0.304350170434687
0.0524210891021259
0.643228740463187
0.304573222599808
0.0523048921591908
0.643121885241001
0.302074171570974
0
0.697925828429026
0.302625182459749
0
0.697374817540251
0.303313358468135
0
0.696686641531865
0.303665001423684
0
0.696334998576316
0.303530575491639
0
0.696469424508361
0.303013633046883
0.00442156498309569
0.692564801970022
0.302852773896416
0.0526156428730784
0.644531583230505
0.30345127895787
0.0526783900503884
0.643870330991742
0.30385084950148
0.0525524965034542
0.643596653995065
0.303673435755226
0
0.696326564244774
0.303790451582675
0
0.696209548417325
0.303828192629456
0
0.696171807370544
0.30353057549164
0
0.69646942450836
0.302655075355998
0
0.697344924644002
0.301070243221038
0.0390974283442749
0.659832328434688
0.300387303024196
0.0539404675604022
0.645672229415402
0.301481506846138
0.0529879370191523
0.64553055613471
0.302470573567446
0.0528031743465888
0.644726252085966
0.304288740524001
0
0.695711259475999
0.304189809574725
0
0.695810190425275
0.303869394187298
0
0.696130605812702
0.303013633046883
0.00442156498309563
0.692564801970021
0.301070243221038
0.0390974283442754
0.659832328434687
0.298168537973367
0.0555178009577963
0.646313661068837
0.294718590848876
0.0589960502639743
0.646285358887149
0.297967873760792
0.0536461050528223
0.648386021186385
0.300387373350823
0.0528600369398995
0.646752589709277
0.304453314501551
0.0173702763671534
0.678176409131296
0.30429338512779
0.0304857129286516
0.665220901943559
0.303889475213234
0.0428125786703461
0.65329794611642
0.302852773896416
0.0526156428730783
0.644531583230506
0.300387303024196
0.0539404675604023
0.645672229415401
0.294718590848876
0.0589960502639741
0.64628535888715
0.283237541326497
0.107586552109625
0.609175906563878
0.293906631075186
0.0553213032098423
0.650772065714972
0.298560475882368
0.0522962584992186
0.649143265618414
0.304786604248541
0.0521970013668065
0.643016394384652
0.304691443151928
0.0522508766087767
0.643057680239295
0.304350170434687
0.0524210891021257
0.643228740463187
0.303451278957871
0.052678390050388
0.643870330991741
0.301481506846138
0.052987937019152
0.64553055613471
0.297967873760793
0.0536461050528224
0.648386021186385
0.293906631075186
0.0553213032098419
0.650772065714972
0.297101509322085
0.0516222850211517
0.651276205656763
0.29967058536549
0.0516637619857545
0.648665652648755
0.305002895872563
0.0520732005408116
0.642923903586625
0.304892136438015
0.0521328411096463
0.642975022452338
0.304573222599809
0.0523048921591903
0.643121885241001
0.30385084950148
0.0525524965034539
0.643596653995066
0.302470573567445
0.0528031743465891
0.644726252085966
0.300387373350824
0.0528600369398994
0.646752589709277
0.298560475882367
0.0522962584992182
0.649143265618414
0.299670585365491
0.0516637619857548
0.648665652648755
0.300984581345002
0.0518138690713089
0.647201549583689
