0.163102342763023
0
0.836897657236977
0.164839693503859
0
0.835160306496141
0.165146301514387
0
0.834853698485613
0.165210504083134
0
0.834789495916866
0.165254869621758
0
0.834745130378242
0.165294984611454
0
0.834705015388546
0.165312288286609
0
0.834687711713391
0.165332969338932
0
0.834667030661068
0.165344255699429
0.0491252388503481
0.785530505450223
0.164839693503859
0
0.835160306496141
0.16511712330277
0
0.83488287669723
0.165186910097056
0
0.834813089902945
0.165227883708358
0
0.834772116291642
0.16526790432573
0
0.83473209567427
0.165298020910235
0
0.834701979089765
0.165315387717729
0
0.834684612282271
0.165333521996198
0
0.834666478003802
0.165343671459393
0.0525407226149877
0.78211560592562
0.165146301514387
0
0.834853698485613
0.165186910097056
0
0.834813089902944
0.165218352082477
0
0.834781647917524
0.165251316174989
0
0.834748683825011
0.165285077602047
0
0.834714922397953
0.165300905207102
0
0.834699094792898
0.165313311507742
0
0.834686688492258
0.165333303609064
0
0.834666696390936
0.165342028314551
0.0566299586713166
0.778028013014132
0.165210504083134
0
0.834789495916866
0.165227883708358
0
0.834772116291642
0.165251316174989
0
0.834748683825011
0.165276546816971
0
0.834723453183029
0.165293903816976
0
0.834706096183024
0.165300593467954
0
0.834699406532046
0.165309326034514
0
0.834690673965486
0.165328823624147
0
0.834671176375854
0.16533853541333
0.0608672806504242
0.773794183936246
0.165254869621758
0
0.834745130378242
0.16526790432573
0
0.83473209567427
0.165285077602047
0
0.834714922397953
0.165293903816976
0
0.834706096183024
0.16529608412001
0
0.83470391587999
0.165294276415738
0
0.834705723584262
0.165296027357802
0
0.834703972642198
0.165321273204505
0.00381414182856641
0.830864584966929
0.165332578881298
0.0642466836891097
0.770420737429593
0.165294984611454
0
0.834705015388546
0.165298020910235
0
0.834701979089765
0.165300905207102
0
0.834699094792898
0.165300593467954
0
0.834699406532046
0.165294276415738
0
0.834705723584262
0.16527709357375
0
0.83472290642625
0.165258238219335
0
0.834741761780665
0.16529888239508
0.0366915356929396
0.79800958191198
0.165322930004817
0.0647885812022941
0.769888488792889
0.165312288286609
0
0.834687711713391
0.165315387717729
0
0.834684612282271
0.165313311507742
0
0.834686688492258
0.165309326034514
0
0.834690673965486
0.165296027357802
0
0.834703972642198
0.165258238219335
0
0.834741761780665
0.165169057709345
0
0.834830942290656
0.165271853054206
0.0611016867774928
0.773626460168301
0.165313222512274
0.0644486757569335
0.770238101730792
0.165332969338932
0
0.834667030661068
0.165333521996198
0
0.834666478003802
0.165333303609064
0
0.834666696390936
0.165328823624147
0
0.834671176375854
0.165321273204505
0.00381414182856622
0.830864584966929
0.16529888239508
0.0366915356929394
0.798009581911981
0.165271853054206
0.0611016867774928
0.773626460168301
0.165303357967165
0.0639640350900415
0.770732606942793
0.165321370416572
0.0639710763938754
0.770707553189553
0.165344255699429
0.0491252388503479
0.785530505450223
0.165343671459393
0.0525407226149876
0.78211560592562
0.165342028314551
0.056629958671317
0.778028013014132
0.16533853541333
0.0608672806504238
0.773794183936246
0.165332578881298
0.0642466836891097
0.770420737429593
0.165322930004817
0.064788581202294
0.769888488792889
0.165313222512274
0.0644486757569334
0.770238101730792
0.165321370416572
0.0639710763938764
0.770707553189552
0.165328726428691
0.0638833317266915
0.770787941844618
0.179653162327964
0
0.820346837672036
0.182703844869694
0
0.817296155130306
0.183494960139629
0
0.816505039860371
0.183773182264574
0
0.816226817735426
0.183890354675443
0
0.816109645324557
0.183930803355047
0.0177336331757517
0.798335563469202
0.183949440045872
0.0625239204329811
0.753526639521147
0.183937573791827
0.0628228101734179
0.753239616034755
0.183928640061749
0.0629470823894985
0.753124277548752
0.182703844869694
0
0.817296155130306
0.183336318108367
0
0.816663681891633
0.183652800072341
0
0.816347199927659
0.183828453958496
0
0.816171546041504
0.183901259464244
0
0.816098740535756
0.183929705771804
0.035166520654784
0.780903773573412
0.183943475310621
0.0621322510362228
0.753924273653157
0.183928288307867
0.0626908060901663
0.753380905601967
0.183923448421398
0.0629641919028644
0.753112359675738
0.183494960139629
0
0.816505039860371
0.183652800072341
0
0.816347199927659
0.183793705020182
0
0.816206294979818
0.18387531175543
0
0.81612468824457
0.183907688774161
0.0013026363596811
0.814789674866158
0.183922525956117
0.0529170011361617
0.763160472907721
0.183924623213328
0.0607560991508409
0.755319277635831
0.183906452435753
0.0622721994283073
0.75382134813594
0.183908825144719
0.0630032350919295
0.753087939763352
0.183773182264574
0
0.816226817735426
0.183828453958496
0
0.816171546041504
0.18387531175543
0
0.81612468824457
0.183900038881317
0
0.816099961118683
0.18390052737734
0.032839950841478
0.783259521781183
0.183892100437538
0.0512173310365204
0.764890568525942
0.183867143140925
0.0535764003543097
0.762556456504765
0.183855952847983
0.0617008182775258
0.754443228874491
0.18387637892838
0.0630249955710107
0.753098625500609
0.183890354675443
0
0.816109645324557
0.183901259464244
0
0.816098740535756
0.183907688774161
0.00130263635968099
0.814789674866158
0.18390052737734
0.0328399508414774
0.783259521781183
0.18387378239435
0.0453766099061724
0.770749607699477
0.183801506839344
0.0316080802380123
0.784590412922644
0.183713260890693
0.0306392354704004
0.785647503638907
0.183747814828124
0.0621172127264498
0.754134972445426
0.183814791352466
0.0629642730826291
0.753220935564905
0.183930803355047
0.0177336331757515
0.798335563469202
0.183929705771804
0.0351665206547835
0.780903773573413
0.183922525956117
0.0529170011361619
0.763160472907721
0.183892100437538
0.0512173310365205
0.764890568525942
0.183801506839344
0.0316080802380119
0.784590412922644
0.183603786282105
0.000697668473202012
0.815698545244693
0.183309585681398
0
0.816690414318602
0.183542008994405
0.0620421226869664
0.754415868318629
0.18371670964232
0.062736945533183
0.753546344824497
0.183949440045873
0.0625239204329809
0.753526639521147
0.183943475310621
0.0621322510362225
0.753924273653157
0.183924623213328
0.0607560991508401
0.755319277635832
0.183867143140925
0.0535764003543097
0.762556456504765
0.183713260890693
0.0306392354703999
0.785647503638907
0.183309585681398
0
0.816690414318602
0.182489785813343
0
0.817510214186657
0.183264788907323
0.061493508184404
0.755241702908273
0.183623767576407
0.062382466678899
0.753993765744694
0.183937573791827
0.0628228101734187
0.753239616034755
0.183928288307867
0.0626908060901668
0.753380905601966
0.183906452435753
0.0622721994283071
0.75382134813594
0.183855952847983
0.0617008182775257
0.754443228874491
0.183747814828124
0.0621172127264498
0.754134972445426
0.183542008994405
0.0620421226869656
0.754415868318629
0.183264788907323
0.0614935081844035
0.755241702908273
0.183534849909734
0.0619710371466866
0.754494112943579
0.183700433047351
0.0624440654135373
0.753855501539112
0.18392864006175
0.0629470823894982
0.753124277548752
0.183923448421398
0.0629641919028641
0.753112359675738
0.183908825144719
0.063003235091929
0.753087939763352
0.18387637892838
0.0630249955710107
0.753098625500609
0.183814791352466
0.0629642730826293
0.753220935564905
0.18371670964232
0.0627369455331832
0.753546344824497
0.183623767576407
0.0623824666788989
0.753993765744694
0.183700433047351
0.0624440654135368
0.753855501539112
0.183769056579592
0.0626051898103937
0.753625753610014
0.207487006023808
0
0.792512993976193
0.210669116558115
0
0.789330883441885
0.212353744327645
0
0.787646255672355
0.213153646281719
0
0.786846353718281
0.21351013718507
0.0460824479470629
0.740407414867867
0.213679050033579
0.0610773002328356
0.725243649733585
0.213819184588219
0.0610630548066204
0.72511776060516
0.213856990024956
0.0610324705154848
0.725110539459559
0.213870589202207
0.0610191796415344
0.725110231156258
0.210669116558115
0
0.789330883441885
0.211900819675006
0
0.788099180324994
0.212790629766861
0
0.78720937023314
0.213309649187209
0.00972515502799087
0.776965195784801
0.213554618384619
0.0590921146252708
0.72735326699011
0.213698829977691
0.0610829313428875
0.725218238679422
0.213802352315372
0.0610635394139982
0.725134108270629
0.213835207816056
0.0610325077777411
0.725132284406203
0.213850686240002
0.0610222683207124
0.725127045439286
0.212353744327645
0
0.787646255672355
0.212790629766861
0
0.78720937023314
0.2132055949881
0.00180790558186518
0.784986499430035
0.213456795023241
0.0513870459166594
0.735156159060099
0.213587493179632
0.0605153721658492
0.725897134654519
0.21368980994406
0.061098896680246
0.725211293375694
0.213738226118961
0.0610628701560125
0.725198903725027
0.213768168458748
0.0610315681545879
0.725200263386664
0.213794831982156
0.061028674249354
0.72517649376849
0.213153646281719
0
0.786846353718281
0.213309649187209
0.00972515502799113
0.7769651957848
0.213456795023241
0.0513870459166591
0.7351561590601
0.213557064577601
0.0599319422469012
0.726510993175498
0.213581288632505
0.0611275156686793
0.725291195698816
0.21358277507735
0.0610871960539675
0.725330028868683
0.21353749140705
0.0610132350992761
0.725449273493674
0.213595201221182
0.0609923070524147
0.725412491726403
0.213667209225832
0.0610137979318411
0.725318992842327
0.21351013718507
0.0460824479470636
0.740407414867866
0.213554618384619
0.059092114625271
0.72735326699011
0.213587493179632
0.0605153721658486
0.72589713465452
0.213581288632504
0.0611275156686796
0.725291195698816
0.213488999062488
0.0611024049369156
0.725408596000597
0.213245268273002
0.0609859715393501
0.725768760187648
0.212996429469718
0.0608099867094758
0.726193583820806
0.213210797551648
0.0608398970756474
0.725949305372704
0.213419738186109
0.0609367566428556
0.725643505171035
0.213679050033579
0.0610773002328354
0.725243649733585
0.21369882997769
0.061082931342888
0.725218238679422
0.213689809944061
0.0610988966802464
0.725211293375693
0.21358277507735
0.0610871960539672
0.725330028868683
0.213245268273002
0.0609859715393496
0.725768760187649
0.212567763218562
0.0587143347380011
0.728717902043437
0.211656642780784
0.0485465227941761
0.73979683442504
0.212501286122797
0.0604911839407822
0.727007529936421
0.213043971868679
0.0607539152329666
0.726202112898354
0.213819184588219
0.0610630548066201
0.725117760605161
0.213802352315372
0.0610635394139977
0.72513410827063
0.213738226118961
0.061062870156013
0.725198903725026
0.21353749140705
0.0610132350992766
0.725449273493674
0.212996429469718
0.0608099867094756
0.726193583820806
0.211656642780784
0.0485465227941762
0.739796834425039
0.209176871151096
0
0.790823128848904
0.21157530614151
0.0600402471337763
0.728384446724714
0.212705513050629
0.0604880137977199
0.726806473151651
0.213856990024956
0.0610324705154843
0.725110539459559
0.213835207816056
0.0610325077777406
0.725132284406203
0.213768168458748
0.0610315681545882
0.725200263386664
0.213595201221182
0.0609923070524146
0.725412491726404
0.213210797551648
0.0608398970756477
0.725949305372704
0.212501286122797
0.0604911839407824
0.727007529936421
0.21157530614151
0.0600402471337759
0.728384446724714
0.212405492285001
0.0602114928850249
0.727383014829974
0.212957908433846
0.0605633381174987
0.726478753448655
0.213870589202208
0.0610191796415342
0.725110231156258
0.213850686240002
0.0610222683207127
0.725127045439286
0.213794831982156
0.0610286742493539
0.725176493768491
0.213667209225832
0.0610137979318417
0.725318992842326
0.213419738186109
0.0609367566428555
0.725643505171035
0.213043971868679
0.0607539152329665
0.726202112898354
0.212705513050629
0.0604880137977194
0.726806473151652
0.212957908433846
0.0605633381174978
0.726478753448656
0.213205911594701
0.060715877375712
0.726078211029587
0.285833487154375
0
0.714166512845625
0.292947077022478
0
0.707052922977523
0.299198358649182
0
0.700801641350818
0.302736146274167
0
0.697263853725833
0.30437467378079
0
0.69562532621921
0.305017678708479
0
0.694982321291521
0.305209996927788
0.0195590301883719
0.67523097288384
0.305509189417292
0.0547655262476012
0.639725284335107
0.305723245507114
0.0546393535508134
0.639637400942073
0.292947077022478
0
0.707052922977523
0.297088768966184
0
0.702911231033815
0.301026858079916
0
0.698973141920084
0.303308997125716
0
0.696691002874284
0.304488423812108
0
0.695511576187892
0.304913120416217
0
0.695086879583783
0.305021911353801
0.032778276910004
0.662199811736195
0.305387446298126
0.0548154223963015
0.639797131305572
0.305595218674043
0.0546949830634742
0.639709798262483
0.299198358649182
0
0.700801641350818
0.301026858079917
0
0.698973141920083
0.302828039543602
0
0.697171960456398
0.303992902095439
0
0.696007097904561
0.304515479806188
0
0.695484520193812
0.304567356063159
0
0.695432643936841
0.304541806020733
0.0452777410754583
0.650180452903809
0.304992015929196
0.0549786894046904
0.640029294666114
0.30523380839291
0.0548599970902831
0.639906194516807
0.302736146274166
0
0.697263853725834
0.303308997125716
0
0.696691002874284
0.303992902095439
0
0.696007097904561
0.304335028120079
0
0.695664971879921
0.304185163245211
0
0.695814836754789
0.303629438328164
0.00552298621066826
0.690847575461167
0.303364826631352
0.0551707180985809
0.641464455270067
0.30399697647994
0.0552263091584949
0.640776714361565
0.30442938763507
0.0550977706498387
0.640472841715092
0.30437467378079
0
0.69562532621921
0.304488423812108
0
0.695511576187892
0.304515479806188
0
0.695484520193812
0.304185163245211
0
0.695814836754789
0.303230464975237
0
0.696769535024763
0.301466250713983
0.0406529885520328
0.657880760733984
0.300715972084132
0.0564929122026204
0.642791115713248
0.301881297838724
0.0555242758247529
0.642594426336523
0.302918469705547
0.0553360036376868
0.641745526656766
0.305017678708479
0
0.694982321291521
0.304913120416218
0
0.695086879583782
0.304567356063158
0
0.695432643936842
0.303629438328165
0.00552298621066821
0.690847575461167
0.301466250713983
0.0406529885520332
0.657880760733984
0.298336285367835
0.0580904993324097
0.643573215299755
0.294900748577255
0.0616238628267982
0.643475388595947
0.298196003591827
0.0561757221074586
0.645628274300714
0.300679125242297
0.0553763049898924
0.64394456976781
0.305209996927787
0.0195590301883722
0.67523097288384
0.305021911353802
0.0327782769100046
0.662199811736194
0.304541806020731
0.0452777410754586
0.65018045290381
0.303364826631351
0.0551707180985807
0.641464455270068
0.300715972084132
0.0564929122026204
0.642791115713248
0.294900748577255
0.0616238628267981
0.643475388595947
0.284004495431054
0.0998341868661715
0.616161317702774
0.294066200584579
0.0578719259775294
0.648061873437892
0.29874769099363
0.0547876178371256
0.646464691169245
0.305509189417292
0.0547655262476016
0.639725284335107
0.305387446298125
0.0548154223963011
0.639797131305573
0.304992015929196
0.0549786894046902
0.640029294666114
0.303996976479941
0.0552263091584944
0.640776714361565
0.301881297838724
0.0555242758247525
0.642594426336523
0.298196003591827
0.0561757221074588
0.645628274300714
0.294066200584579
0.057871925977529
0.648061873437892
0.297240004203878
0.0540980363386417
0.64866195945748
0.29987107598169
0.0541405510753628
0.645988372942947
0.305723245507114
0.0546393535508132
0.639637400942073
0.305595218674043
0.0546949830634744
0.639709798262482
0.30523380839291
0.0548599970902828
0.639906194516807
0.304429387635069
0.0550977706498384
0.640472841715093
0.302918469705546
0.0553360036376871
0.641745526656767
0.300679125242298
0.0553763049898923
0.64394456976781
0.29874769099363
0.0547876178371253
0.646464691169245
0.29987107598169
0.0541405510753629
0.645988372942947
0.301240549141471
0.0542925545342576
0.644466896324271
