0.163319203596138
0
0.836680796403862
0.165013947614519
0
0.834986052385481
0.165326945513046
0
0.834673054486954
0.165395205198179
0
0.834604794801821
0.165440826472823
0
0.834559173527177
0.165480398657645
0
0.834519601342355
0.165497851196018
0
0.834502148803982
0.165517847271154
0.000807475079054073
0.833674677649792
0.16552820916529
0.0517027847291555
0.782769006105555
0.165013947614519
0
0.834986052385481
0.165294885025234
0
0.834705114974766
0.165369840874447
0
0.834630159125552
0.165413104057058
0
0.834586895942942
0.165453693952625
0
0.834546306047375
0.165483351380622
0
0.834516648619379
0.165500619352723
0
0.834499380647277
0.165518152370166
0.000914275695360001
0.833567571934474
0.165527469317822
0.0551269363988916
0.779345594283286
0.165326945513046
0
0.834673054486954
0.165369840874447
0
0.834630159125553
0.16540313710017
0
0.83459686289983
0.165436750008062
0
0.834563249991938
0.165470209464114
0
0.834529790535886
0.165485979951779
0
0.834514020048221
0.165498156484959
0
0.834501843515041
0.165517365196725
0.00103589782667715
0.833446736976598
0.165525474130313
0.0592277360081055
0.775246789861581
0.165395205198179
0
0.834604794801821
0.165413104057058
0
0.834586895942942
0.165436750008062
0
0.834563249991938
0.165461850455029
0
0.834538149544971
0.165478587485749
0
0.834521412514251
0.165484907897984
0
0.834515092102016
0.165492831180695
0
0.834507168819305
0.165511829661565
0.00132951721865678
0.833158653119778
0.165521305211941
0.0634777209989666
0.771000973789093
0.165440826472823
0
0.834559173527177
0.165453693952625
0
0.834546306047375
0.165470209464114
0
0.834529790535886
0.165478587485749
0
0.834521412514251
0.165480076975017
0
0.834519923024983
0.165476802596608
0
0.834523197403392
0.165476629374827
0
0.834523370625173
0.165501941481126
0.00573176308817812
0.828766295430696
0.165514251082663
0.0668687056669362
0.767617043250401
0.165480398657645
0
0.834519601342355
0.165483351380622
0
0.834516648619378
0.165485979951779
0
0.834514020048221
0.165484907897984
0
0.834515092102016
0.165476802596608
0
0.834523197403392
0.165456042994744
0
0.834543957005256
0.165431567502804
0
0.834568432497196
0.165475048294027
0.0390973414177027
0.79542761028827
0.165502853056808
0.0674123740402277
0.767084772902964
0.165497851196018
0
0.834502148803982
0.165500619352723
0
0.834499380647277
0.165498156484959
0
0.834501843515041
0.165492831180695
0
0.834507168819305
0.165476629374827
0
0.834523370625173
0.165431567502804
0
0.834568432497196
0.165331457602739
0
0.834668542397261
0.165443525642311
0.0637156267175904
0.770840847640099
0.165491477275482
0.0670657284777319
0.767442794246786
0.165517847271154
0.000807475079054223
0.833674677649792
0.165518152370166
0.000914275695359997
0.833567571934474
0.165517365196725
0.00103589782667704
0.833446736976598
0.165511829661565
0.00132951721865671
0.833158653119778
0.165501941481126
0.00573176308817781
0.828766295430696
0.165475048294027
0.0390973414177025
0.79542761028827
0.165443525642311
0.0637156267175904
0.770840847640099
0.165479970361498
0.0665719061764445
0.767948123462058
0.165500977415306
0.066579326136835
0.76791969644786
0.16552820916529
0.0517027847291553
0.782769006105555
0.165527469317822
0.0551269363988913
0.779345594283287
0.165525474130313
0.0592277360081059
0.775246789861581
0.165521305211941
0.063477720998966
0.771000973789093
0.165514251082663
0.0668687056669361
0.767617043250401
0.165502853056808
0.0674123740402274
0.767084772902964
0.165491477275482
0.0670657284777319
0.767442794246786
0.165500977415305
0.0665793261368361
0.767919696447858
0.165509585830606
0.0664903832009755
0.768000030968418
0.179940235907258
0
0.820059764092742
0.182919826355098
0
0.817080173644902
0.183715374203906
0
0.816284625796094
0.18399678289091
0
0.816003217109091
0.184115641523846
0
0.815884358476154
0.184158227426814
0.0201186690036121
0.795723103569574
0.184178546243192
0.0650839418631111
0.750737511893697
0.184168562826601
0.0653834315813678
0.750448005592031
0.184160558242952
0.0655078440860291
0.750331597671019
0.182919826355098
0
0.817080173644902
0.183554839639004
0
0.816445160360996
0.183874951910552
0
0.816125048089448
0.184052258496623
0
0.815947741503377
0.184126971989961
0.000173155757617769
0.815699872252422
0.184157067326271
0.0376612074148905
0.778181725258838
0.184172477985835
0.0646912354616793
0.751136286552486
0.184159054874621
0.0652509253008387
0.75059001982454
0.18415482214417
0.0655247857183833
0.750320392137447
0.183715374203906
0
0.816284625796094
0.183874951910552
0
0.816125048089448
0.184017124186381
0
0.815982875813619
0.184100092763649
0
0.815899907236351
0.184133677702998
0.00347779678540169
0.812388525511601
0.184148918709191
0.0554542316503324
0.760396849640477
0.184152402334341
0.0633117523059379
0.752535845359721
0.184136070593935
0.0648313170306905
0.751032612375375
0.184138881171619
0.0655639882997317
0.750297130528649
0.18399678289091
0
0.81600321710909
0.184052258496623
0
0.815947741503377
0.184100092763649
0
0.815899907236351
0.184125375929943
0.000460643670717881
0.815413980399339
0.184125267275375
0.0353300311296663
0.780544701594959
0.184116406629725
0.0537514348804678
0.762132158489808
0.184091188259826
0.0560670100897235
0.75984180165045
0.184082186183949
0.0642591417949435
0.751658672021108
0.184103656837205
0.0655864767058709
0.750309866456924
0.184115641523846
0
0.815884358476154
0.184126971989961
0.000173155757617844
0.815699872252422
0.184133677702998
0.00347779678540189
0.8123885255116
0.184125267275375
0.0353300311296658
0.780544701594959
0.184096019999195
0.0478704656261769
0.768033514374628
0.184019613783932
0.033670899183813
0.782309487032255
0.183925814416913
0.0323598158381091
0.783714369744978
0.183965134229631
0.064674300932224
0.751360564838145
0.184036596403787
0.0655244620422512
0.750438941553962
0.184158227426814
0.020118669003612
0.795723103569574
0.184157067326271
0.0376612074148902
0.778181725258839
0.184148918709191
0.0554542316503324
0.760396849640477
0.184116406629725
0.0537514348804679
0.762132158489808
0.184019613783932
0.0336708991838127
0.782309487032255
0.183807573102433
0.00147008025626758
0.814722346641299
0.183493374563388
0
0.816506625436612
0.183741369704689
0.064592981044299
0.751665649251012
0.183929828859696
0.0652933995997204
0.750776771540584
0.184178546243192
0.0650839418631107
0.750737511893697
0.184172477985835
0.0646912354616791
0.751136286552486
0.184152402334341
0.0633117523059371
0.752535845359721
0.184091188259826
0.0560670100897237
0.75984180165045
0.183925814416913
0.0323598158381085
0.783714369744978
0.183493374563388
0
0.816506625436612
0.182623849187004
0
0.817376150812996
0.183443424028158
0.06403376336306
0.752522812608783
0.183828851745202
0.0649329991686511
0.751238149086147
0.184168562826601
0.0653834315813686
0.75044800559203
0.184159054874621
0.0652509253008391
0.75059001982454
0.184136070593935
0.0648313170306903
0.751032612375375
0.184082186183949
0.0642591417949434
0.751658672021108
0.183965134229631
0.064674300932224
0.751360564838145
0.183741369704689
0.0645929810442983
0.751665649251013
0.183443424028158
0.0640337633630595
0.752522812608783
0.183732701603894
0.0645152107415068
0.751752087654599
0.183911588217233
0.0649943447473382
0.751094067035428
0.184160558242952
0.0655078440860285
0.75033159767102
0.18415482214417
0.065524785718383
0.750320392137447
0.184138881171619
0.0655639882997313
0.75029713052865
0.184103656837205
0.0655864767058709
0.750309866456924
0.184036596403787
0.0655244620422513
0.750438941553962
0.183929828859696
0.0652933995997206
0.750776771540584
0.183828851745202
0.064932999168651
0.751238149086147
0.183911588217234
0.0649943447473377
0.751094067035429
0.183986008994795
0.0651575909179342
0.75085640008727
0.20760267234393
0
0.79239732765607
0.210667825357975
0
0.789332174642025
0.212321497058475
0
0.787678502941525
0.213117862426315
0.00185618446927835
0.785025953104407
0.213473043744857
0.0485231438448416
0.738003812410301
0.213642001061961
0.0635532160947426
0.722804782843297
0.213775371104611
0.0635382844937158
0.722686344401673
0.213814496561865
0.0635074150043448
0.722678088433791
0.213829474464303
0.0634940130711155
0.722676512464581
0.210667825357975
0
0.789332174642025
0.211869809124926
0
0.788130190875074
0.212753665785438
0
0.787246334214562
0.21327133649381
0.0119996442605434
0.774729019245646
0.213514963079051
0.0615637208933013
0.724921316027647
0.213657718636633
0.0635587147657994
0.722783566597568
0.213755954645288
0.0635387442698706
0.722705301084842
0.213790916767134
0.0635074330148038
0.722701650218063
0.213807732998013
0.0634970736139723
0.722695193388015
0.212321497058475
0
0.787678502941525
0.212753665785438
0
0.787246334214562
0.213166592724685
0.00399907937307669
0.782834327902239
0.213415861242541
0.0538406300479041
0.732743508709555
0.213545796935541
0.0629903324132935
0.723463870651166
0.213641059870594
0.0635745184760194
0.722784421653387
0.213685455165787
0.0635381228656865
0.722776421968527
0.213718696989063
0.063506440309439
0.722774862701498
0.213747025440426
0.0635033796450512
0.722749594914523
0.213117862426315
0.00185618446927821
0.785025953104407
0.21327133649381
0.0119996442605437
0.774729019245646
0.213415861242541
0.0538406300479037
0.732743508709555
0.213512729905038
0.0624055293635095
0.724081740731453
0.213531360798739
0.0636034118462802
0.72286522735498
0.213520591430642
0.0635624005120701
0.722917008057288
0.213470339836797
0.063487746247128
0.723041913916075
0.213533630856326
0.0634664062216134
0.722999962922061
0.213609275343411
0.0634879189657866
0.722902805690802
0.213473043744857
0.0485231438448427
0.7380038124103
0.213514963079051
0.0615637208933016
0.724921316027647
0.213545796935541
0.0629903324132927
0.723463870651166
0.213531360798739
0.0636034118462805
0.72286522735498
0.213423541595333
0.063577719007036
0.722998739397631
0.2131577504909
0.0634603111900178
0.723381938319082
0.212895987753118
0.0632824979765171
0.723821514270365
0.213123987266451
0.0633121165544046
0.723563896179144
0.213343649997861
0.0634096306606488
0.72324671934149
0.213642001061961
0.0635532160947422
0.722804782843297
0.213657718636633
0.0635587147658001
0.722783566597567
0.213641059870594
0.06357451847602
0.722784421653386
0.213520591430642
0.0635624005120699
0.722917008057288
0.2131577504909
0.0634603111900176
0.723381938319083
0.212437279427824
0.0611821440559853
0.726380576516191
0.211487641585873
0.0502005152890273
0.7383118431251
0.212369189760123
0.0629606376704726
0.724670172569405
0.212940954467044
0.0632243559787972
0.723834689554159
0.213775371104611
0.0635382844937154
0.722686344401674
0.213755954645288
0.06353874426987
0.722705301084842
0.213685455165787
0.0635381228656871
0.722776421968526
0.213470339836797
0.0634877462471284
0.723041913916075
0.212895987753118
0.0632824979765169
0.723821514270365
0.211487641585873
0.0502005152890277
0.738311843125099
0.208987247128852
0
0.791012752871148
0.211400350584079
0.0625096092236432
0.726090040192278
0.212579199309012
0.0629549035453786
0.724465897145609
0.213814496561865
0.0635074150043445
0.722678088433791
0.213790916767134
0.0635074330148031
0.722701650218063
0.213718696989063
0.0635064403094391
0.722774862701498
0.213533630856326
0.0634664062216132
0.722999962922061
0.213123987266451
0.063312116554405
0.723563896179144
0.212369189760123
0.0629606376704728
0.724670172569405
0.211400350584079
0.0625096092236425
0.726090040192279
0.212261775176401
0.0626753403353723
0.725062884488227
0.212844502435732
0.0630296807526452
0.724125816811623
0.213829474464303
0.0634940130711156
0.722676512464581
0.213807732998013
0.0634970736139726
0.722695193388014
0.213747025440426
0.0635033796450508
0.722749594914523
0.213609275343411
0.0634879189657871
0.722902805690802
0.213343649997861
0.063409630660649
0.72324671934149
0.212940954467044
0.0632243559787971
0.723834689554159
0.212579199309012
0.0629549035453782
0.724465897145609
0.212844502435732
0.0630296807526443
0.724125816811624
0.213108166032302
0.0631836461176965
0.723708187850002
0.287796832248033
0
0.712203167751967
0.294172944999367
0
0.705827055000633
0.300029310483848
0
0.699970689516152
0.303472021150973
0
0.696527978849027
0.305140163527835
0
0.694859836472165
0.305815107163243
0.000399652314099021
0.693785240522658
0.306035670096266
0.021670835091594
0.67229349481214
0.306307189401031
0.0569603405471396
0.63673247005183
0.306519486743026
0.0568329554175082
0.636647557839466
0.294172944999367
0
0.705827055000633
0.297990874976163
0
0.702009125023837
0.301764750054353
0
0.698235249945647
0.304057300491817
0
0.695942699508183
0.305252356659755
0
0.694747643340245
0.305703280093765
0.000948800819539229
0.693347919086696
0.30581825141865
0.0349228417093755
0.659258906871974
0.306159243102787
0.0570111926101978
0.636829564287015
0.306372248463971
0.0568895419815494
0.63673820955448
0.300029310483848
0
0.699970689516152
0.301764750054353
0
0.698235249945647
0.303550810155365
0
0.696449189844635
0.304736924139196
0
0.695263075860804
0.305270313510393
0
0.694729686489607
0.305328670164587
0.00163041053027209
0.693040919305141
0.305264503946981
0.0474557091134483
0.647279786939571
0.305707575765357
0.0571777823034241
0.637114641931219
0.305965154826602
0.05705769846428
0.636977146709118
0.303472021150973
0
0.696527978849027
0.304057300491817
0
0.695942699508183
0.304736924139196
0
0.695263075860804
0.305070145790864
0
0.694929854209136
0.304902500726554
0
0.695097499273446
0.30430745804656
0.0074967612349546
0.688195780718485
0.303953877712827
0.0573806623399916
0.638665459947181
0.30461329438315
0.0574321699937866
0.637954535623064
0.305075577747291
0.0573012566265821
0.637623165626127
0.305140163527836
0
0.694859836472165
0.305252356659756
0
0.694747643340244
0.305270313510393
0
0.694729686489607
0.304902500726555
0
0.695097499273445
0.303859395423425
0.000918590519989227
0.695222014056586
0.30194178646673
0.0428449099377927
0.655213303595478
0.301128409692241
0.0587295358689639
0.640142054438795
0.302351027294316
0.0577429317210814
0.639906040984603
0.303433368831226
0.0575479839776623
0.639018647191112
0.305815107163243
0.000399652314099241
0.693785240522658
0.305703280093765
0.000948800819539263
0.693347919086695
0.305328670164585
0.00163041053027209
0.693040919305143
0.30430745804656
0.00749676123495461
0.688195780718485
0.30194178646673
0.0428449099377929
0.655213303595478
0.298609566912905
0.0603650165794532
0.641025416507642
0.295177271096426
0.0639983028065278
0.640824426097046
0.298500844553187
0.0584230128964329
0.64307614255038
0.301039938000645
0.0575960161198541
0.641364045879501
0.306035670096266
0.0216708350915944
0.67229349481214
0.305818251418651
0.0349228417093762
0.659258906871973
0.305264503946981
0.0474557091134486
0.647279786939571
0.303953877712827
0.0573806623399915
0.638665459947182
0.301128409692241
0.0587295358689636
0.640142054438795
0.295177271096427
0.0639983028065275
0.640824426097046
0.284776517960092
0.0960777918440675
0.61914569019584
0.294311308821852
0.0601847211700557
0.645503970008092
0.299004613683462
0.0570023201338335
0.643993066182704
0.306307189401031
0.0569603405471399
0.63673247005183
0.306159243102786
0.0570111926101975
0.636829564287016
0.305707575765357
0.0571777823034238
0.637114641931219
0.30461329438315
0.0574321699937864
0.637954535623064
0.302351027294316
0.0577429317210812
0.639906040984602
0.298500844553187
0.0584230128964331
0.64307614255038
0.294311308821852
0.0601847211700553
0.645503970008093
0.29744916282407
0.0563091832063756
0.646241653969554
0.300133158956932
0.056339304009044
0.643527537034025
0.306519486743026
0.0568329554175082
0.636647557839466
0.306372248463971
0.0568895419815496
0.636738209554479
0.305965154826603
0.0570576984642795
0.636977146709118
0.305075577747291
0.057301256626582
0.637623165626127
0.303433368831225
0.0575479839776627
0.639018647191112
0.301039938000646
0.057596016119854
0.6413640458795
0.299004613683462
0.0570023201338333
0.643993066182705
0.300133158956931
0.0563393040090439
0.643527537034025
0.301552796744249
0.0564894921100914
0.641957711145659
