0.163530888032803
0
0.836469111967197
0.165180767627603
0
0.834819232372397
0.165499418994702
0
0.834500581005298
0.165571612246761
0
0.834428387753239
0.165618252533614
0
0.834381747466386
0.165657087396026
0
0.834342912603975
0.16567464495763
0
0.83432535504237
0.165693681244649
0.00170373143269228
0.832602587322659
0.165703140165714
0.052965022943248
0.781331836891038
0.165180767627603
0
0.834819232372397
0.165464547743211
0
0.834535452256789
0.165544522967784
0
0.834455477032216
0.165589989635713
0
0.834410010364287
0.165630755283505
0
0.834369244716495
0.165659962209544
0
0.834340037790456
0.165677098141902
0
0.834322901858098
0.16569375700723
0.00178947100708457
0.832516771985685
0.165702249148635
0.0564038285226759
0.77789392232869
0.165499418994702
0
0.834500581005298
0.165544522967784
0
0.834455477032216
0.165579620305917
0
0.834420379694083
0.165613776317805
0
0.834386223682195
0.16564663457445
0
0.83435336542555
0.165662340471948
0
0.834337659528052
0.165674267878426
0
0.834325732121574
0.165692424304013
0.00186261082531681
0.83244496487067
0.165699910145808
0.0605213323028134
0.773778757551379
0.165571612246761
0
0.834428387753239
0.165589989635713
0
0.834410010364287
0.165613776317805
0
0.834386223682195
0.165638444840008
0
0.834361555159992
0.165654559700968
0
0.834345440299032
0.165660502522172
0
0.834339497477828
0.165667630011787
0
0.834332369988213
0.165685834753932
0.00207998423216565
0.832234181013903
0.165695069071472
0.0647875538509042
0.769517377077624
0.165618252533614
0
0.834381747466386
0.165630755283505
0
0.834369244716495
0.16564663457445
0
0.83435336542555
0.165654559700968
0
0.834345440299032
0.165655335232573
0
0.834344664767428
0.165650583876295
0
0.834349416123705
0.165648435337772
0
0.834351564662228
0.165673535759258
0.0064847860302482
0.827841678210494
0.165686899217013
0.0681898483238851
0.766123252459102
0.165657087396026
0
0.834342912603975
0.165659962209544
0
0.834340037790456
0.165662340471948
0
0.834337659528052
0.165660502522172
0
0.834339497477828
0.165650583876295
0
0.834349416123705
0.165626108204378
0
0.834373891795622
0.165595922903032
0
0.834404077096968
0.165641860329907
0.0402019022976204
0.794156237372473
0.165673689000249
0.0687300764005354
0.765596234599216
0.16567464495763
0
0.834325355042369
0.165677098141902
0
0.834322901858098
0.165674267878426
0
0.834325732121574
0.165667630011787
0
0.834332369988213
0.165648435337772
0
0.834351564662228
0.165595922903032
0
0.834404077096968
0.165484687853661
0
0.834515312146339
0.165605667931867
0.06500911202219
0.769385220045943
0.165660578245557
0.0683750157304428
0.765964406024
0.165693681244649
0.00170373143269247
0.832602587322659
0.16569375700723
0.00178947100708456
0.832516771985685
0.165692424304013
0.00186261082531654
0.83244496487067
0.165685834753932
0.00207998423216572
0.832234181013903
0.165673535759258
0.00648478603024793
0.827841678210494
0.165641860329907
0.0402019022976201
0.794156237372473
0.165605667931867
0.0650091120221899
0.769385220045943
0.165647334642709
0.0678740110401287
0.766478654317162
0.165671549950862
0.0678821542891378
0.766446295760001
0.165703140165714
0.0529650229432478
0.781331836891038
0.165702249148635
0.0564038285226756
0.77789392232869
0.165699910145808
0.060521332302814
0.773778757551378
0.165695069071472
0.0647875538509035
0.769517377077625
0.165686899217013
0.068189848323885
0.766123252459102
0.165673689000249
0.0687300764005351
0.765596234599216
0.165660578245557
0.0683750157304427
0.765964406024001
0.165671549950862
0.0678821542891389
0.766446295759999
0.165681514324908
0.0677923262955969
0.766526159379495
0.180222503589079
0
0.819777496410921
0.183130488670264
0
0.816869511329736
0.18392889232674
0
0.81607110767326
0.184212529610141
0
0.815787470389859
0.18433283160336
0.000268042558900909
0.815399125837739
0.184377608283558
0.0212249970993188
0.794397394617123
0.184399349986635
0.066399479147828
0.749201170865537
0.18439168118647
0.0666995214001883
0.748908797413341
0.184384508427412
0.0668240536624655
0.748791437910122
0.183130488670264
0
0.816869511329736
0.183766750840234
0
0.816233249159766
0.184089815594633
0
0.815910184405367
0.184268096923274
0
0.815731903076726
0.184344641497133
0.00104113374170522
0.814614224761162
0.18437624618963
0.0388482691348399
0.77677548467553
0.184393130515017
0.0660034618737231
0.74960340761126
0.184381918564146
0.0665648189877578
0.749053262448096
0.184378209033556
0.0668394709175313
0.748782320048913
0.18392889232674
0
0.81607110767326
0.184089815594633
0
0.815910184405367
0.184232650575735
0
0.815767349424265
0.184316735468701
0
0.815683264531299
0.184351573317305
0.00440693561673213
0.811241491065963
0.184366949755309
0.0567220488651437
0.758911001379547
0.18437172529842
0.0646145721548468
0.751013702546733
0.184357701871242
0.0661401712802842
0.749502126848474
0.184360890645346
0.066875788241126
0.748763321113529
0.184212529610141
0
0.815787470389859
0.184268096923274
0
0.815731903076726
0.184316735468701
0
0.815683264531299
0.184342557493091
0.00125516776384111
0.814402274743068
0.184341640975892
0.036502651099172
0.779155707924936
0.184332083077849
0.055007493579841
0.76066042334231
0.184306463436839
0.0573052235437756
0.758388313019385
0.18430023435037
0.0655608254026018
0.750138940247028
0.184322748991369
0.0668939896914775
0.748783261317154
0.18433283160336
0.000268042558901123
0.815399125837739
0.184344641497133
0.0010411337417051
0.814614224761162
0.184351573317305
0.00440693561673258
0.811241491065962
0.184341640975892
0.0365026510991715
0.779155707924936
0.184309576737001
0.0490797192209583
0.76661070404204
0.184228667630628
0.0345890989350456
0.781182233434326
0.184128986415753
0.033122873851449
0.782748139732798
0.184173750266896
0.0659713099197537
0.74985493981335
0.184249939687611
0.0668256240789831
0.748924436233406
0.184377608283558
0.0212249970993185
0.794397394617124
0.18437624618963
0.0388482691348393
0.77677548467553
0.184366949755309
0.0567220488651439
0.758911001379547
0.184332083077849
0.0550074935798412
0.76066042334231
0.184228667630628
0.0345890989350454
0.781182233434327
0.184001636485541
0.00155932861093716
0.814439034903522
0.183666218457217
0
0.816333781542783
0.183931063527193
0.065881094049922
0.750187842422885
0.184134017448342
0.0665864511936161
0.749279531358042
0.184399349986635
0.0663994791478277
0.749201170865537
0.184393130515017
0.0660034618737228
0.74960340761126
0.18437172529842
0.0646145721548462
0.751013702546733
0.184306463436839
0.0573052235437759
0.758388313019385
0.184128986415753
0.0331228738514484
0.782748139732799
0.183666218457217
0
0.816333781542783
0.182745294023035
0
0.817254705976965
0.183611464393539
0.0653107608026779
0.751077774803783
0.184024579049202
0.0662180182213419
0.749757402729456
0.18439168118647
0.0666995214001892
0.74890879741334
0.184381918564146
0.0665648189877581
0.749053262448096
0.184357701871242
0.0661401712802839
0.749502126848474
0.18430023435037
0.0655608254026018
0.750138940247028
0.184173750266896
0.0659713099197538
0.74985493981335
0.183931063527193
0.0658810940499213
0.750187842422885
0.183611464393539
0.0653107608026773
0.751077774803784
0.183920823270507
0.0657943978705046
0.750284778858989
0.184113721083367
0.0662778436724176
0.749608435244216
0.184384508427413
0.0668240536624647
0.748791437910123
0.184378209033556
0.066839470917531
0.748782320048913
0.184360890645346
0.0668757882411256
0.748763321113529
0.184322748991369
0.0668939896914776
0.748783261317154
0.184249939687611
0.0668256240789832
0.748924436233406
0.184134017448342
0.0665864511936163
0.749279531358042
0.184024579049202
0.066218018221342
0.749757402729456
0.184113721083367
0.0662778436724171
0.749608435244216
0.184194285508468
0.0664422381029077
0.749363476388625
0.207694960183619
0
0.792305039816381
0.210638493963061
0
0.789361506036939
0.212254493992882
0
0.787745506007118
0.213042881264381
0.00278988553761442
0.784167233198005
0.213395743329643
0.0497431975289168
0.73686105914144
0.213563887527639
0.0648416807386611
0.7215944317337
0.213690891020196
0.0648253247359856
0.721483784243819
0.21373094464082
0.0647934340865446
0.721475621272636
0.213747045407571
0.0647795175058696
0.721473437086559
0.210638493963061
0
0.789361506036939
0.211806399874668
0
0.788193600125332
0.212679629634063
0
0.787320370365937
0.213193317803267
0.0130216049810289
0.773785077215704
0.213435444769141
0.0628434528607375
0.723721102370122
0.213575593251365
0.0648458952234189
0.721578511525216
0.213668646090384
0.0648243529399617
0.721507000969654
0.213705319820557
0.0647919237854672
0.721502756393975
0.213723297017659
0.0647810372734389
0.721495665708903
0.212254493992882
0
0.787745506007118
0.212679629634063
0
0.787320370365937
0.213088310551624
0.00496103039187509
0.781950659056501
0.213334442159803
0.0550844472452874
0.731581110594909
0.213463687031812
0.0642745345923148
0.722261778375873
0.213551230430993
0.0648591374583859
0.721589632110621
0.213591180094877
0.0648207902451102
0.721588029660013
0.213627460357102
0.0647878211415635
0.721584718501334
0.213657391526471
0.0647842442143189
0.72155836425921
0.213042881264381
0.00278988553761425
0.784167233198005
0.213193317803267
0.0130216049810293
0.773785077215703
0.213334442159803
0.055084447245287
0.73158111059491
0.213428293191492
0.063686781991548
0.72288492481696
0.213440196088595
0.0648871887181674
0.721672615193238
0.213416900771512
0.0648428579844095
0.721740241244079
0.213360759315361
0.0647653197810378
0.721873920903601
0.213429658739558
0.064742655750897
0.721827685509545
0.213508982464254
0.0647639321428631
0.721727085392883
0.213395743329643
0.0497431975289179
0.736861059141439
0.213435444769141
0.0628434528607375
0.723721102370122
0.213463687031812
0.0642745345923142
0.722261778375874
0.213440196088595
0.0648871887181676
0.721672615193237
0.213316191168846
0.0648572079361399
0.721826600895014
0.213027693596794
0.0647346207171039
0.722237685686102
0.212752397857419
0.0645517289024005
0.72269587324018
0.212994212437042
0.0645806783974665
0.722425109165491
0.213224584857602
0.0646790048627553
0.722096410279643
0.213563887527639
0.0648416807386608
0.7215944317337
0.213575593251365
0.0648458952234195
0.721578511525216
0.213551230430993
0.0648591374583864
0.721589632110621
0.213416900771512
0.0648428579844091
0.721740241244079
0.213027693596794
0.0647346207171036
0.722237685686103
0.212263750977496
0.0624383467539941
0.72529790226851
0.211276742961929
0.0509441514783455
0.737779105559726
0.212194478055651
0.0642188109294477
0.723586711014901
0.212794579540268
0.0644856727947383
0.722719747664993
0.213690891020196
0.0648253247359851
0.721483784243819
0.213668646090384
0.0648243529399611
0.721507000969655
0.213591180094877
0.0648207902451109
0.721588029660012
0.213360759315361
0.0647653197810383
0.721873920903601
0.212752397857419
0.0645517289024003
0.722695873240181
0.211276742961929
0.0509441514783458
0.737779105559725
0.20875920789692
0
0.79124079210308
0.211184146336774
0.0637579232119075
0.725057930451318
0.212409520792454
0.0642087012720398
0.723381777935506
0.21373094464082
0.0647934340865441
0.721475621272636
0.213705319820557
0.0647919237854667
0.721502756393976
0.213627460357103
0.0647878211415636
0.721584718501334
0.213429658739558
0.0647426557508968
0.721827685509545
0.212994212437042
0.0645806783974671
0.722425109165491
0.212194478055651
0.0642188109294481
0.723586711014901
0.211184146336774
0.0637579232119068
0.725057930451319
0.212075032573448
0.063924249277586
0.724000718148966
0.212687147630198
0.0642826315784458
0.723030220791356
0.213747045407571
0.0647795175058696
0.721473437086559
0.213723297017659
0.0647810372734391
0.721495665708902
0.213657391526471
0.0647842442143186
0.72155836425921
0.213508982464254
0.0647639321428638
0.721727085392882
0.213224584857602
0.0646790048627554
0.722096410279642
0.212794579540268
0.0644856727947382
0.722719747664993
0.212409520792454
0.0642087012720395
0.723381777935506
0.212687147630198
0.0642826315784449
0.723030220791357
0.212966210167246
0.0644380166732951
0.722595773159459
0.289696113098127
0
0.710303886901873
0.295436775251159
0
0.704563224748841
0.300924087348171
0
0.699075912651829
0.30427917379832
0
0.69572082620168
0.305965912378411
0
0.694034087621589
0.30667514423431
0.0012183755815506
0.69210648018414
0.306917653309065
0.0226632170590155
0.67041912963192
0.307167744243896
0.0581156194371248
0.634716636318979
0.307379187589458
0.0579868948533572
0.634633917557185
0.295436775251159
0
0.704563224748841
0.298961538545997
0
0.701038461454003
0.302573944998533
0
0.697426055001467
0.304865218194718
0
0.695134781805282
0.30607742317423
0
0.69392257682577
0.30655322040715
0.00183309407753343
0.691613685515317
0.306668485597788
0.0359759477483609
0.657355566653851
0.306993152135916
0.0581656790622246
0.63484116880186
0.30721061929749
0.0580426865089721
0.634746694193538
0.300924087348171
0
0.699075912651829
0.302573944998533
0
0.697426055001467
0.304341026985533
0
0.695658973014467
0.3055379365722
0
0.6944620634278
0.306081874938039
0.000243336140352018
0.693674788921609
0.306144164796586
0.00252861840526805
0.691327216798146
0.306039628021126
0.0485657448579517
0.645394627120923
0.306482226782475
0.0583313645558449
0.63518640866168
0.306753784868148
0.0582098719774123
0.63503634315444
0.304279173798319
0
0.695720826201681
0.304865218194718
0
0.695134781805282
0.3055379365722
0
0.6944620634278
0.305862765055007
0
0.694137234944993
0.305671201188603
0.000650556438644303
0.693678242372753
0.305030664647638
0.0084208853408288
0.686548450011533
0.304594892223344
0.0585357104953424
0.636869397281314
0.305283050560835
0.0585849010169435
0.636132048422222
0.305773771181791
0.058452328270939
0.63577390054727
0.305965912378411
0
0.694034087621589
0.306077423174231
0
0.69392257682577
0.306081874938039
0.000243336140352116
0.693674788921609
0.305671201188604
0.000650556438644311
0.693678242372752
0.304537429393375
0.00181237439825483
0.693650196208371
0.302459698121362
0.0439348930525324
0.653605408826106
0.301589244660031
0.0598923036058631
0.638518451734106
0.302866218412505
0.0588953829252709
0.638238398662224
0.303994825110684
0.0586977158714904
0.637307459017826
0.306675144234309
0.0012183755815508
0.69210648018414
0.30655322040715
0.0018330940775335
0.691613685515317
0.306144164796585
0.00252861840526808
0.691327216798147
0.305030664647638
0.00842088534082894
0.686548450011533
0.302459698121362
0.0439348930525324
0.653605408826106
0.298932911219653
0.0615436322333019
0.639523456547045
0.29547717840688
0.0652155723480802
0.639307249245039
0.298840685143824
0.0595798804653533
0.641579434390823
0.301440992461557
0.0587427574990894
0.639816250039353
0.306917653309065
0.0226632170590158
0.67041912963192
0.306668485597788
0.0359759477483616
0.65735556665385
0.306039628021125
0.048565744857952
0.645394627120923
0.304594892223344
0.0585357104953425
0.636869397281314
0.301589244660031
0.0598923036058628
0.638518451734106
0.29547717840688
0.0652155723480801
0.63930724924504
0.28539524657302
0.0917565113123527
0.622848242114627
0.294566550400703
0.061361185444705
0.644072264154592
0.299291997308647
0.0581402888544205
0.642567713836933
0.307167744243896
0.0581156194371252
0.634716636318978
0.306993152135915
0.0581656790622244
0.634841168801861
0.306482226782475
0.0583313645558444
0.635186408661681
0.305283050560835
0.0585849010169432
0.636132048422222
0.302866218412506
0.0588953829252708
0.638238398662224
0.298840685143824
0.0595798804653536
0.641579434390822
0.294566550400703
0.0613611854447046
0.644072264154592
0.297682045244698
0.0574404950108219
0.64487745974448
0.300424578178108
0.0574688804472559
0.642106541374637
0.307379187589457
0.057986894853357
0.634633917557185
0.307210619297491
0.0580426865089723
0.634746694193537
0.306753784868148
0.0582098719774119
0.63503634315444
0.305773771181791
0.058452328270939
0.63577390054727
0.303994825110683
0.0586977158714907
0.637307459017826
0.301440992461557
0.0587427574990893
0.639816250039354
0.299291997308647
0.0581402888544202
0.642567713836933
0.300424578178108
0.0574688804472558
0.642106541374637
0.301895524389846
0.0576194466798066
0.640485028930347
