0.163731039847937
0
0.836268960152063
0.165334037332812
0
0.834665962667188
0.165657488640118
0
0.834342511359882
0.165733424249804
0
0.834266575750196
0.165780813355584
0
0.834219186644416
0.165818919397368
0
0.834181080602632
0.165836539777268
0
0.834163460222732
0.16585452397763
0.00225517883260981
0.83189029718976
0.165863054091288
0.0538085797038141
0.780328366204898
0.165334037332812
0
0.834665962667188
0.165619907981719
0
0.834380092018281
0.165704690834475
0
0.834295309165525
0.165752235211723
0
0.834247764788277
0.165792964419253
0
0.834207035580747
0.165821723405504
0
0.834178276594496
0.165838693655313
0
0.834161306344687
0.165854380914416
0.00233362589832794
0.831811993187256
0.165862009829982
0.0572665972329173
0.776871392937101
0.165657488640118
0
0.834342511359882
0.165704690834475
0
0.834295309165525
0.165741501892878
0
0.834258498107122
0.165776099558787
0
0.834223900441213
0.165808221039038
0
0.834191778960962
0.165823849423403
0
0.834176150576597
0.165835506959488
0
0.834164493040512
0.165852511239366
0.00238714587584342
0.83176034288479
0.165859324193181
0.0614077058687703
0.772732969938049
0.165733424249804
0
0.834266575750196
0.165752235211723
0
0.834247764788277
0.165776099558787
0
0.834223900441213
0.165800200775023
0
0.834199799224977
0.165815680591635
0
0.834184319408365
0.165821220871178
0
0.834178779128822
0.165827559946541
0
0.834172440053458
0.165844842176598
0.00256735894587302
0.831587798877529
0.16585380143932
0.0656988641458521
0.768447334414828
0.165780813355584
0
0.834219186644416
0.165792964419253
0
0.834207035580747
0.165808221039038
0
0.834191778960962
0.165815680591635
0
0.834184319408365
0.165815699723156
0
0.834184300276844
0.165809443407111
0
0.834190556592889
0.165805273391003
0
0.834194726608998
0.165830025722876
0.00697497846137889
0.827194995815745
0.165844489845342
0.0691216772281277
0.76503383292653
0.165818919397368
0
0.834181080602632
0.165821723405504
0
0.834178276594496
0.165823849423403
0
0.834176150576597
0.165821220871178
0
0.834178779128822
0.165809443407111
0
0.834190556592889
0.165781101663238
0
0.834218898336762
0.165745081104333
0
0.834254918895667
0.165793224246889
0.0409507002343934
0.793256075518718
0.165829394343676
0.0696655963193629
0.764505009336962
0.165836539777268
0
0.834163460222732
0.165838693655313
0
0.834161306344687
0.165835506959489
0
0.834164493040512
0.165827559946541
0
0.834172440053459
0.165805273391003
0
0.834194726608998
0.165745081104333
0
0.834254918895667
0.165622608811886
0
0.834377391188114
0.165752186412468
0.0659243200798044
0.768323493507728
0.165814469336925
0.0693067770707157
0.764878753592359
0.16585452397763
0.00225517883260998
0.83189029718976
0.165854380914416
0.00233362589832796
0.831811993187256
0.165852511239366
0.00238714587584338
0.83176034288479
0.165844842176598
0.00256735894587296
0.83158779887753
0.165830025722876
0.00697497846137857
0.827194995815745
0.165793224246889
0.0409507002343931
0.793256075518718
0.165752186412468
0.0659243200798044
0.768323493507728
0.165799383461957
0.0688001808521218
0.765400435685921
0.165827027996728
0.0688084608286276
0.765364511174644
0.165863054091288
0.053808579703814
0.780328366204898
0.165862009829982
0.0572665972329171
0.776871392937101
0.165859324193181
0.0614077058687709
0.772732969938048
0.16585380143932
0.0656988641458514
0.768447334414829
0.165844489845342
0.0691216772281275
0.76503383292653
0.165829394343676
0.0696655963193627
0.764505009336962
0.165814469336925
0.0693067770707155
0.76487875359236
0.165827027996728
0.0688084608286288
0.765364511174643
0.165838454765594
0.068717777084933
0.765443768149473
0.180493442670322
0
0.819506557329678
0.183329192165194
0
0.816670807834806
0.184128859698059
0
0.815871140301941
0.184414010289764
0
0.815585989710236
0.184535709403948
0.00073742995537427
0.814726860640677
0.184582529156956
0.0218832847999105
0.793534186043134
0.184605533994893
0.0673057831487424
0.748088682856364
0.184600318052093
0.0676074922466435
0.747792189701263
0.184593859580246
0.0677326733100427
0.747673467109711
0.183329192165194
0
0.816670807834806
0.183965408770978
0
0.816034591229022
0.184290733561709
0
0.815709266438291
0.184469607900558
0
0.815530392099442
0.184547963312871
0.00152291949749041
0.813929117189638
0.184580837480297
0.039603376092491
0.775815786427212
0.184599101431083
0.0669077075812957
0.748493190987621
0.184590238290134
0.067472153129713
0.747937608580153
0.184586949172237
0.0677482753795439
0.747664775448219
0.184128859698059
0
0.815871140301941
0.184290733561709
0
0.815709266438291
0.184433871517251
0
0.815566128482748
0.184518939232135
0
0.815481060767865
0.184554936298738
0.00495764464547452
0.810487419055788
0.184570161550715
0.0575755970798709
0.757854241369414
0.184576196775596
0.065511514358265
0.749912288866139
0.184564624245565
0.0670455001975646
0.748389875556871
0.184568125930963
0.0677851360306571
0.74764673803838
0.184414010289764
0
0.815585989710236
0.184469607900558
0
0.815530392099442
0.184518939232135
0
0.815481060767865
0.184545172124513
0.0017696195912264
0.813685208284261
0.1845431092522
0.0372455038598536
0.778211386887946
0.18453258395728
0.0558522890260857
0.759615127016635
0.18450639130614
0.0581545935857281
0.757339015108132
0.184503182006947
0.066463626264747
0.749033191728306
0.184526794841886
0.0678040838311587
0.747669121326955
0.184535709403949
0.000737429955374472
0.814726860640677
0.184547963312871
0.00152291949749029
0.813929117189639
0.184554936298737
0.00495764464547532
0.810487419055787
0.1845431092522
0.0372455038598531
0.778211386887946
0.184507811720007
0.0498819392031737
0.76561024907682
0.184421826347268
0.035203877813492
0.78037429583924
0.18431555099601
0.0337049563413706
0.78197949266262
0.18436626620211
0.0668766348383117
0.748757098959578
0.184447707750111
0.0677357324834193
0.747816559766469
0.184582529156956
0.0218832847999105
0.793534186043134
0.184580837480297
0.0396033760924903
0.775815786427213
0.184570161550715
0.057575597079871
0.757854241369414
0.18453258395728
0.0558522890260857
0.759615127016635
0.184421826347268
0.0352038778134918
0.78037429583924
0.18417835619486
0.00166890672362927
0.814152737081511
0.183819310672184
0
0.816180689327816
0.184102734487081
0.0667855873060359
0.749111678206883
0.184321744930921
0.0674951388088146
0.748183116260265
0.184605533994893
0.0673057831487423
0.748088682856364
0.184599101431083
0.0669077075812955
0.748493190987622
0.184576196775596
0.0655115143582642
0.74991228886614
0.18450639130614
0.0581545935857283
0.757339015108132
0.18431555099601
0.0337049563413698
0.78197949266262
0.183819310672184
0
0.816180689327816
0.182841197342477
0
0.817158802657523
0.183759296515397
0.0662109999323243
0.750029703552278
0.184203003820101
0.0671237578743131
0.748673238305586
0.184600318052093
0.0676074922466445
0.747792189701262
0.184590238290134
0.0674721531297133
0.747937608580152
0.184564624245565
0.0670455001975644
0.748389875556871
0.184503182006947
0.0664636262647471
0.749033191728306
0.18436626620211
0.0668766348383118
0.748757098959578
0.184102734487081
0.0667855873060351
0.749111678206884
0.183759296515397
0.0662109999323239
0.750029703552278
0.18409087684922
0.0666965230998416
0.749212600050938
0.184299214487853
0.0671834207825231
0.748517364729624
0.184593859580246
0.0677326733100422
0.747673467109711
0.184586949172237
0.0677482753795436
0.74766477544822
0.184568125930963
0.0677851360306567
0.74764673803838
0.184526794841886
0.0678040838311588
0.747669121326955
0.184447707750111
0.0677357324834195
0.747816559766469
0.184321744930921
0.067495138808815
0.748183116260264
0.184203003820101
0.0671237578743131
0.748673238305586
0.184299214487853
0.067183420782523
0.748517364729624
0.184386553544438
0.0673489864606635
0.748264459994899
0.207756398064899
0
0.792243601935101
0.210575405444296
0
0.789424594555704
0.212148277535365
0
0.787851722464635
0.212925175209373
0.00328921432671762
0.783785610463909
0.213274779975043
0.0505405490852405
0.736184670939716
0.213441670336485
0.0657219531557767
0.720836376507738
0.213562779740751
0.0657054551551567
0.720731765104092
0.213603406583482
0.0656733833120006
0.720723210104517
0.213620379353095
0.0656593858194736
0.720720234827431
0.210575405444296
0
0.789424594555704
0.211705861067316
0
0.788294138932684
0.21256453408784
3.99740397595502e-05
0.7873954918724
0.213072015148036
0.0136172757210255
0.773310709130939
0.213311867602212
0.063712847893498
0.72297528450429
0.213449386122764
0.0657262701038632
0.720824343773373
0.213537414342689
0.0657045887343317
0.72075799692298
0.213575437520916
0.0656719815130238
0.72075258096606
0.213594378887028
0.0656610281817986
0.720744592931173
0.212148277535365
0
0.787851722464635
0.21256453408784
3.99740397595424e-05
0.7873954918724
0.21296708554922
0.00551248688850017
0.781520427562279
0.213208935298183
0.0559113003556339
0.730879764346183
0.213337102922126
0.0651519521447433
0.72151094493313
0.213417079971096
0.0657397926454732
0.720843127383431
0.213452257309326
0.0657012869107131
0.720846455779961
0.213491295397078
0.0656681269841848
0.720840577618737
0.213522746195898
0.0656645033392564
0.720812750464845
0.212925175209373
0.0032892143267176
0.783785610463909
0.213072015148036
0.0136172757210259
0.773310709130938
0.213208935298183
0.0559113003556333
0.730879764346184
0.213299602685785
0.0645610438659861
0.722139353448229
0.213304070205252
0.0657681712263883
0.720927758568359
0.213268098848933
0.0657237659788162
0.721008135172251
0.213205118413653
0.0656458973432143
0.721148984243133
0.213279629137089
0.0656230480931747
0.721097322769737
0.213362777626446
0.0656444051179362
0.720992817255617
0.213274779975043
0.0505405490852416
0.736184670939715
0.213311867602212
0.0637128478934982
0.72297528450429
0.213337102922126
0.0651519521447427
0.721510944933131
0.213304070205252
0.0657681712263885
0.720927758568359
0.21316319726342
0.0657383665507525
0.721098436185828
0.212850592998409
0.065615555701395
0.721533851300196
0.21256025248091
0.0654319517317607
0.722007795787329
0.212816633691218
0.0654606504313444
0.721722715877438
0.213058307257757
0.0655593999352695
0.721382292806974
0.213441670336485
0.0657219531557763
0.720836376507738
0.213449386122763
0.065726270103864
0.720824343773373
0.213417079971096
0.0657397926454738
0.720843127383431
0.213268098848933
0.0657237659788158
0.721008135172251
0.212850592998409
0.0656155557013947
0.721533851300196
0.212040343691394
0.0633080322378836
0.724651624070722
0.211013051580757
0.0515883358039564
0.737398612615286
0.211969823178068
0.0650979049639884
0.722932271857944
0.212599474788879
0.0653653056678972
0.722035219543224
0.213562779740751
0.0657054551551563
0.720731765104093
0.213537414342689
0.0657045887343309
0.72075799692298
0.213452257309326
0.0657012869107139
0.720846455779961
0.213205118413653
0.0656458973432147
0.721148984243132
0.21256025248091
0.0654319517317603
0.722007795787329
0.211013051580757
0.0515883358039567
0.737398612615286
0.208473989577019
0
0.791526010422981
0.210915577773484
0.0646373916677098
0.724447030558807
0.212189854409023
0.0650866759545018
0.722723469636475
0.213603406583482
0.0656733833120001
0.720723210104518
0.213575437520916
0.0656719815130232
0.72075258096606
0.213491295397079
0.0656681269841852
0.720840577618736
0.213279629137089
0.0656230480931745
0.721097322769737
0.212816633691218
0.0654606504313449
0.721722715877437
0.211969823178068
0.0650979049639887
0.722932271857943
0.210915577773484
0.064637391667709
0.724447030558807
0.21183753447421
0.0648004891541599
0.72336197637163
0.212480126629078
0.0651603940590145
0.722359479311907
0.213620379353095
0.0656593858194737
0.720720234827431
0.213594378887028
0.0656610281817989
0.720744592931173
0.213522746195898
0.0656645033392562
0.720812750464846
0.213362777626446
0.065644405117937
0.720992817255617
0.213058307257757
0.0655593999352697
0.721382292806974
0.212599474788879
0.0653653056678972
0.722035219543224
0.212189854409023
0.0650866759545013
0.722723469636475
0.212480126629078
0.0651603940590136
0.722359479311908
0.212775118524001
0.0653166643509776
0.721908217125022
0.29151935396312
0
0.70848064603688
0.296709430776203
0
0.703290569223797
0.301856183395291
0
0.698143816604709
0.305125058373621
0
0.694874941626379
0.306822903560103
0.000127527764904607
0.693049568674993
0.307563795964421
0.00168844424823407
0.690747759787345
0.307820095790107
0.0232511547675934
0.668928749442299
0.308052138070283
0.0588986068471634
0.633049255082553
0.308264254832898
0.0587689612616641
0.632966783905437
0.296709430776203
0
0.703290569223797
0.299968747807581
0
0.700031252192419
0.303425701577649
0
0.696574298422351
0.305704532419413
0
0.694295467580588
0.306931018460486
0.000308262922232166
0.692760718617282
0.307427882242885
0.00230692314175034
0.690265194615365
0.307535156302471
0.0366377153655937
0.655827128331936
0.307849589317734
0.0589493920365057
0.63320101864576
0.308071880674872
0.0588254939138032
0.633102625411325
0.301856183395292
0
0.698143816604708
0.303425701577649
0
0.696574298422351
0.305166784812546
0
0.694833215187454
0.306365829430402
0
0.693634170569598
0.306917483250965
0.000629395922736101
0.692453120826299
0.30697657490762
0.00300751464225715
0.690015910450123
0.306825798731652
0.0492983871716279
0.64387581409672
0.307275099833522
0.0591173469388571
0.633607553227621
0.307560238062703
0.0589948717435277
0.633444890193769
0.305125058373621
0
0.694874941626379
0.305704532419413
0
0.694295467580587
0.306365829430402
0
0.693634170569598
0.306678371412817
0.000180120237957403
0.693141508349226
0.306457538636235
0.00112049917466215
0.692421962189102
0.305758704754242
0.00893515125112702
0.685306143994631
0.305238872769049
0.0593268137380212
0.63543431349293
0.305962549520285
0.0593749756872644
0.634662474792451
0.306482168588643
0.0592409660043554
0.634276865407002
0.306822903560103
0.000127527764904612
0.693049568674992
0.306931018460486
0.000308262922232163
0.692760718617282
0.306917483250964
0.000629395922736222
0.692453120826299
0.306457538636236
0.00112049917466232
0.692421962189101
0.305223101833533
0.00229188115237942
0.692485017014087
0.302963236836906
0.0446517880949703
0.652384975068124
0.302038089156023
0.0607006626415651
0.637261248202412
0.303376166299035
0.0596922751436382
0.636931558557327
0.304556045680553
0.0594911225839816
0.635952831735466
0.307563795964421
0.00168844424823457
0.690747759787344
0.307427882242885
0.00230692314175029
0.690265194615365
0.306976574907619
0.0030075146422572
0.690015910450124
0.305758704754242
0.00893515125112719
0.685306143994631
0.302963236836905
0.0446517880949704
0.652384975068124
0.299229863693819
0.062374407582532
0.638395728723649
0.295709265787883
0.0661038470760385
0.638186887136079
0.299147825004271
0.0603918434167268
0.640460331579002
0.301826323471977
0.0595398220128234
0.6386338545152
0.307820095790107
0.0232511547675936
0.668928749442299
0.307535156302471
0.0366377153655945
0.655827128331935
0.306825798731652
0.0492983871716282
0.64387581409672
0.305238872769048
0.0593268137380214
0.63543431349293
0.302038089156024
0.0607006626415647
0.637261248202412
0.295709265787882
0.0661038470760385
0.63818688713608
0.285712509111488
0.088858314487802
0.62542917640071
0.294736843226101
0.0622084623726255
0.643054694401274
0.299542397937724
0.0589332358837291
0.641524366178547
0.308052138070284
0.0588986068471637
0.633049255082553
0.307849589317733
0.0589493920365055
0.633201018645761
0.307275099833523
0.0591173469388567
0.633607553227621
0.305962549520285
0.0593749756872642
0.634662474792451
0.303376166299035
0.0596922751436382
0.636931558557327
0.299147825004272
0.0603918434167272
0.640460331579001
0.294736843226101
0.0622084623726251
0.643054694401274
0.297863040399261
0.0582292724717936
0.643907687128945
0.300683535009024
0.0582525351106513
0.641063929880325
0.308264254832898
0.0587689612616639
0.632966783905438
0.308071880674872
0.0588254939138033
0.633102625411325
0.307560238062704
0.0589948717435273
0.633444890193769
0.306482168588642
0.0592409660043555
0.634276865407003
0.304556045680553
0.0594911225839816
0.635952831735465
0.301826323471976
0.0595398220128234
0.6386338545152
0.299542397937724
0.0589332358837289
0.641524366178547
0.300683535009024
0.0582525351106512
0.641063929880325
0.302213520458741
0.0584030595628173
0.639383419978442
