0.163865425410577
0
0.836134574589423
0.165421161546579
0
0.834578838453421
0.165748559936208
0
0.834251440063792
0.165827623303474
0
0.834172376696526
0.165872280715512
0
0.834127719284488
0.165905115747975
3.1483791119836e-05
0.834063400460905
0.165922479999542
0.000329419114101792
0.833748100886356
0.165939291487641
0.00262664516894057
0.831434063343418
0.165946920172414
0.0544149904633209
0.779638089364265
0.165421161546579
0
0.834578838453421
0.165708448410091
0
0.834291551589909
0.165797541947945
0
0.834202458052055
0.165843850770001
0
0.834156149229999
0.165883936913981
0
0.834116063086019
0.165907723166387
1.23662841386372e-05
0.834079910549475
0.165924226607958
0.000310690990895396
0.833765082401147
0.165938804720557
0.00270542242512558
0.831355772854317
0.165945598645695
0.0578886539201698
0.776165747434135
0.165748559936208
0
0.834251440063792
0.165797541947945
0
0.834202458052055
0.165835702576357
0
0.834164297423643
0.165867420769138
0
0.834132579230862
0.16589840823274
0
0.83410159176726
0.165913977720999
0
0.834086022279001
0.165920279972156
0.00026244548882293
0.833817274539021
0.165936143122955
0.00275934309101173
0.831304513786034
0.165942305973098
0.0620485706159343
0.772009123410968
0.165827623303474
0
0.834172376696526
0.165843850770001
0
0.834156149229999
0.165867420769138
0
0.834132579230862
0.16589057993169
0
0.83410942006831
0.16590507282622
0
0.834094927173781
0.165909729026227
0
0.834090270973773
0.165910461820728
0.000166247469289315
0.833923290709982
0.165926966533469
0.00294066005249156
0.831132373414039
0.165935693854602
0.0663591752798531
0.767705130865545
0.165872280715512
0
0.834127719284488
0.165883936913981
0
0.834116063086019
0.16589840823274
0
0.83410159176726
0.16590507282622
0
0.834094927173781
0.165903843525124
0
0.834096156474876
0.16589548612939
0
0.83410451387061
0.165884291215654
4.8610265079145e-05
0.834067098519267
0.165909077718792
0.00736881860373223
0.826722103677476
0.165924655998068
0.0697973568447881
0.764277987157144
0.165905115747975
3.14837911198613e-05
0.834063400460905
0.165907723166387
1.23662841386179e-05
0.834079910549475
0.165913977721
0
0.834086022279001
0.165909729026227
0
0.834090270973773
0.16589548612939
0
0.83410451387061
0.165862667039357
0
0.834137332960643
0.165821547089326
0
0.834178452910674
0.165866784778742
0.0414987642187352
0.792634451002523
0.16590698902411
0.0703428137015883
0.763750197274302
0.165922479999542
0.000329419114101829
0.833748100886356
0.165924226607958
0.00031069099089534
0.833765082401147
0.165920279972156
0.000262445488822887
0.833817274539021
0.165910461820728
0.000166247469289426
0.833923290709982
0.165884291215654
4.86102650790323e-05
0.834067098519267
0.165821547089326
0
0.834178452910674
0.165679249012653
7.05894908698853e-05
0.834250161496477
0.165820101773589
0.0665832518024283
0.767596646423982
0.165889756447073
0.069980174165913
0.764130069387014
0.165939291487641
0.00262664516894063
0.831434063343418
0.165938804720557
0.00270542242512559
0.831355772854317
0.165936143122955
0.0027593430910116
0.831304513786034
0.165926966533469
0.00294066005249119
0.831132373414039
0.165909077718792
0.00736881860373176
0.826722103677477
0.165866784778742
0.041498764218735
0.792634451002523
0.165820101773589
0.0665832518024284
0.767596646423982
0.165872614173325
0.0694691339038889
0.764658251922786
0.165903795061964
0.0694775749246011
0.764618630013435
0.165946920172414
0.0544149904633207
0.779638089364265
0.165945598645695
0.0578886539201696
0.776165747434136
0.165942305973098
0.0620485706159347
0.772009123410967
0.165935693854602
0.0663591752798523
0.767705130865546
0.165924655998068
0.0697973568447878
0.764277987157144
0.16590698902411
0.0703428137015882
0.763750197274302
0.165889756447073
0.0699801741659131
0.764130069387014
0.165903795061964
0.0694775749246023
0.764618630013434
0.165916712746344
0.0693862165327912
0.764697070720865
0.180691304354971
0
0.819308695645029
0.183452941181657
0
0.816547058818343
0.184251313159421
0
0.815748686840579
0.184533343950068
0
0.815466656049932
0.18465438818382
0.00109192281494708
0.814253689001233
0.184704933202153
0.0223377501144372
0.792957316683409
0.184727720741307
0.0679672650671209
0.747305014191572
0.184724156795163
0.0682699531011943
0.747005890103643
0.184718289349602
0.0683954977038901
0.746886212946508
0.183452941181657
0
0.816547058818343
0.184087298036706
0
0.815912701963294
0.184410859716579
0
0.815589140283421
0.184588767429674
1.26392666424209e-05
0.815398593303684
0.184666679423698
0.00188461511026861
0.813448705466034
0.184703224024556
0.0401386340140862
0.775158141961358
0.184720932008274
0.067567106480601
0.747711961511125
0.184713678889224
0.0681337131731418
0.747152607937634
0.18471069804148
0.0684108844636011
0.746878417494919
0.184251313159421
0
0.815748686840579
0.184410859716579
0
0.815589140283421
0.184553007915834
0
0.815446992084166
0.184637986323206
0.000280743813980992
0.815081269862813
0.184673689815476
0.00533472481839139
0.809991585366133
0.184687102837714
0.0581924378285193
0.757120459333767
0.184696563565562
0.0661640329079286
0.749139403526509
0.184686557823733
0.0677045842655317
0.747608857910735
0.184690232130488
0.0684474032020818
0.746862364667431
0.184533343950068
0
0.815466656049932
0.184588767429674
1.26392666423839e-05
0.815398593303684
0.184637986323206
0.000280743813980991
0.815081269862813
0.184663627561644
0.00213220553626508
0.813204166902091
0.184659448195394
0.0377695988672229
0.777570952937383
0.184646310397656
0.0564606890615135
0.758893000540831
0.184622283247617
0.0587729630008981
0.756604753751485
0.184621283615004
0.0671194397301705
0.748259276654826
0.184645640186202
0.0684658045052744
0.746888555308523
0.18465438818382
0.00109192281494723
0.814253689001233
0.184666679423698
0.00188461511026836
0.813448705466034
0.184673689815476
0.00533472481839199
0.809991585366132
0.184659448195394
0.0377695988672223
0.777570952937383
0.184620300627446
0.0504631768848798
0.764916522487674
0.184528134473847
0.0357037459753077
0.779768119550846
0.184419896074915
0.0342108586010233
0.781369245324061
0.184475129125774
0.0675331615861764
0.74799170928805
0.184560537907731
0.0683961288444825
0.747043333247787
0.184704933202153
0.0223377501144372
0.792957316683409
0.184703224024556
0.0401386340140857
0.775158141961359
0.184687102837714
0.0581924378285192
0.757120459333767
0.184646310397656
0.0564606890615135
0.758893000540831
0.184528134473847
0.0357037459753075
0.779768119550846
0.18426968719602
0.00197377431712927
0.813756538486851
0.183889879830224
0.000243705853561121
0.815866414316214
0.184194237097343
0.0674400009495797
0.748365761953078
0.184425380097682
0.0681530130241898
0.747421606878128
0.184727720741307
0.067967265067121
0.747305014191572
0.184720932008274
0.0675671064806006
0.747711961511125
0.184696563565562
0.0661640329079279
0.74913940352651
0.184622283247617
0.0587729630008981
0.756604753751485
0.184419896074915
0.0342108586010224
0.781369245324062
0.183889879830224
0.000243705853561231
0.815866414316214
0.182876411099843
0.000182940543783968
0.816940648356373
0.183830772405562
0.0668607323903437
0.749308495204094
0.184298296697686
0.0677782907093707
0.747923412592944
0.184724156795163
0.0682699531011955
0.747005890103642
0.184713678889224
0.0681337131731421
0.747152607937634
0.184686557823733
0.0677045842655317
0.747608857910735
0.184621283615004
0.0671194397301707
0.748259276654826
0.184475129125774
0.0675331615861765
0.74799170928805
0.184194237097343
0.0674400009495787
0.748365761953079
0.183830772405562
0.0668607323903434
0.749308495204095
0.184179113110115
0.0673478689762937
0.748473017913591
0.184400000758143
0.0678375639440882
0.747762435297769
0.184718289349602
0.0683954977038897
0.746886212946509
0.18471069804148
0.0684108844636009
0.746878417494919
0.184690232130488
0.0684474032020813
0.746862364667431
0.184645640186202
0.0684658045052746
0.746888555308523
0.184560537907731
0.0683961288444826
0.747043333247787
0.184425380097683
0.06815301302419
0.747421606878128
0.184298296697686
0.0677782907093707
0.747923412592944
0.184400000758143
0.067837563944088
0.747762435297769
0.18449296879219
0.0680040030141604
0.74750302819365
0.207753052663778
0
0.792246947336222
0.210450531775384
0
0.789549468224616
0.211976073411502
0
0.788023926588498
0.21272091044188
0.0036443198941012
0.783634769664019
0.213058987095804
0.0511151876399733
0.735825825264223
0.213221991930434
0.0663654700965757
0.720412537972991
0.213335262171689
0.0663483547895579
0.720316383038753
0.213375031296183
0.0663157770090459
0.720309191694771
0.213392435689602
0.066301531760645
0.720306032549753
0.210450531775384
0
0.789549468224616
0.211541615741949
0
0.788458384258051
0.212365913337231
0.000376370930417477
0.787257715732352
0.212858991884975
0.0140231465780936
0.773117861536932
0.213093103537061
0.0643475561598841
0.722559340303055
0.213225915189051
0.0663695436187652
0.720404541192184
0.213306761466182
0.06634722198328
0.720346016550538
0.213344644786665
0.0663140960071468
0.720341259206188
0.213364150062393
0.0663029067851385
0.720332943152469
0.211976073411502
0
0.788023926588498
0.212365913337231
0.000376370930417434
0.787257715732352
0.212759520989976
0.00588138340513526
0.781359095604889
0.212990840350557
0.0565105121002468
0.730498647549196
0.213114433947182
0.065792769417558
0.72109279663526
0.213184969792672
0.0663826260659692
0.720432404141359
0.213214224154041
0.0663434119746379
0.720442363871321
0.213254434715575
0.0663097105828585
0.720435854701567
0.213286940057892
0.0663058744736568
0.720407185468452
0.21272091044188
0.0036443198941012
0.783634769664019
0.212858991884975
0.014023146578094
0.773117861536931
0.212990840350557
0.056510512100246
0.730498647549197
0.213075911420385
0.0651992215837288
0.721724866995886
0.213072014895273
0.0664111743789097
0.720516810725817
0.213021940264689
0.0663657864823976
0.720612273252914
0.212951974079815
0.0662869341419712
0.720761091778214
0.213030163557146
0.0662635591620812
0.720706277280773
0.213116126688085
0.0662848524808083
0.720599020831107
0.213058987095804
0.0511151876399741
0.735825825264222
0.213093103537061
0.0643475561598843
0.722559340303054
0.213114433947182
0.0657927694175574
0.721092796635261
0.213072014895273
0.0664111743789098
0.720516810725817
0.212914388133703
0.0663803895504388
0.720705222315858
0.212579380855216
0.0662561223823916
0.721164496762392
0.212278202736066
0.0660708927585675
0.721650904505367
0.21254419702299
0.0660992460747841
0.721356556902226
0.212793791967379
0.0661983711377869
0.721007836894834
0.213221991930434
0.0663654700965754
0.720412537972991
0.213225915189051
0.0663695436187659
0.720404541192183
0.213184969792672
0.0663826260659697
0.720432404141358
0.213021940264689
0.0663657864823972
0.720612273252914
0.212579380855216
0.0662561223823913
0.721164496762392
0.211733332469887
0.0639372127362565
0.724329454793856
0.210681328090865
0.0521648523162855
0.737153819592849
0.211661590090347
0.0657336870547164
0.722604722854936
0.212310680703561
0.0660021077906485
0.72168721150579
0.213335262171689
0.0663483547895578
0.720316383038753
0.213306761466182
0.0663472219832795
0.720346016550539
0.213214224154041
0.0663434119746385
0.72044236387132
0.212951974079815
0.0662869341419717
0.720761091778213
0.212278202736066
0.0660708927585673
0.721650904505367
0.210681328090865
0.0521648523162859
0.737153819592849
0.208150712704984
0.000316528141696049
0.79153275915332
0.210579141629883
0.0652710432161388
0.724149815153978
0.211881290588471
0.0657209242803613
0.722397785131168
0.213375031296183
0.0663157770090454
0.720309191694772
0.213344644786665
0.066314096007146
0.720341259206189
0.213254434715575
0.0663097105828588
0.720435854701566
0.213030163557146
0.066263559162081
0.720706277280773
0.21254419702299
0.0660992460747846
0.721356556902226
0.211661590090347
0.0657336870547168
0.722604722854936
0.210579141629883
0.0652710432161381
0.724149815153979
0.211516068825381
0.0654327272388344
0.723051203935785
0.212179079199411
0.0657943809125557
0.722026539888033
0.213392435689602
0.0663015317606451
0.720306032549753
0.213364150062393
0.0663029067851388
0.720332943152468
0.213286940057892
0.0663058744736564
0.720407185468452
0.213116126688085
0.066284852480809
0.720599020831106
0.212793791967379
0.0661983711377871
0.721007836894834
0.212310680703561
0.0660021077906485
0.72168721150579
0.211881290588471
0.0657209242803609
0.722397785131168
0.212179079199411
0.0657943809125546
0.722026539888034
0.212485751470616
0.0659514439843324
0.721562804545051
0.293297465927804
0
0.706702534072196
0.298002871335221
0
0.701997128664779
0.302809985826993
0
0.697190014173007
0.306005029875003
0
0.693994970124997
0.307667160599719
0.000419201173368588
0.691913638226912
0.30842691794612
0.00199880133215487
0.689574280721726
0.308687588046164
0.023659895786568
0.667652516167268
0.30890162000765
0.0594702662506892
0.631628113741661
0.309102699610279
0.0593397448673292
0.631557555522392
0.298002871335221
0
0.701997128664779
0.301011850413524
0
0.698988149586476
0.304336479937813
0
0.695663520062187
0.306547659261464
3.65791297896584e-05
0.693415761608746
0.307775796620345
0.000612866592456684
0.691611336787199
0.308275568776944
0.00262015583457062
0.689104275388485
0.308376505576008
0.0371078582283462
0.654515636195646
0.308669577051769
0.0595212525725381
0.631809170375693
0.308886694216701
0.0593964971026402
0.631716808680659
0.302809985826993
0
0.697190014173007
0.304336479937813
0
0.695663520062187
0.306027952046177
0
0.693972047953823
0.307182518137089
0.000174652356109424
0.692642829506801
0.307736666423655
0.000935537559490154
0.691327796016854
0.307776743829412
0.0033243110372179
0.68889894513337
0.307601330114714
0.0498268813204771
0.642571788564809
0.308032115392067
0.0596901803957187
0.632277704212214
0.308321856159445
0.0595668137444061
0.632111330096149
0.306005029875003
0
0.693994970124997
0.306547659261464
3.65791297893594e-05
0.693415761608747
0.30718251813709
0.000174652356109353
0.692642829506801
0.307483298250245
0.000484495833952916
0.692032205915803
0.307222133758467
0.00142938084204091
0.691348485399493
0.306463655893558
0.00928026289759967
0.684256081208843
0.305896046902756
0.059902363336441
0.634201589760803
0.306614058951227
0.059949675058925
0.633436265989848
0.307151487379354
0.0598145279076021
0.633033984713044
0.30766716059972
0.000419201173368851
0.691913638226911
0.307775796620345
0.000612866592456491
0.691611336787198
0.307736666423655
0.000935537559490188
0.691327796016855
0.307222133758467
0.00142938084204107
0.691348485399492
0.305887952553227
0.00260745448143487
0.691504592965338
0.30352130881998
0.0451634432154636
0.651315247964556
0.302528476357237
0.0612868448755781
0.636184678767185
0.303883317805374
0.0602702316458172
0.635846450548809
0.305093733739572
0.0600667329112214
0.634839533349206
0.308426917946119
0.00199880133215549
0.689574280721725
0.308275568776944
0.00262015583457093
0.689104275388485
0.307776743829411
0.00332431103721817
0.68889894513337
0.306463655893558
0.00928026289760007
0.684256081208842
0.30352130881998
0.0451634432154637
0.651315247964556
0.299624148551178
0.0629754971786036
0.637400354270218
0.296079503412893
0.0667429445346034
0.637177552052503
0.299508838921017
0.0609781284474198
0.639513032631563
0.302218558751924
0.0601164053933925
0.637665035854684
0.308687588046164
0.0236598957865681
0.667652516167268
0.308376505576008
0.037107858228347
0.654515636195645
0.307601330114714
0.0498268813204774
0.642571788564809
0.305896046902756
0.0599023633364413
0.634201589760803
0.302528476357238
0.0612868448755776
0.636184678767185
0.296079503412893
0.0667429445346031
0.637177552052503
0.286399027787194
0.0871149118925618
0.626486060320244
0.29504705408859
0.0628168813041881
0.642136064607222
0.299837580930987
0.0595054620378588
0.640656957031154
0.30890162000765
0.0594702662506895
0.63162811374166
0.308669577051768
0.0595212525725379
0.631809170375695
0.308032115392067
0.0596901803957181
0.632277704212215
0.306614058951227
0.0599496750589248
0.633436265989848
0.303883317805374
0.0602702316458172
0.635846450548809
0.299508838921017
0.0609781284474202
0.639513032631563
0.29504705408859
0.0628168813041878
0.642136064607223
0.298117073341502
0.0587976429512025
0.643085283707295
0.300961899661412
0.0588182150577254
0.640219885280862
0.309102699610279
0.0593397448673291
0.631557555522392
0.308886694216701
0.0593964971026401
0.631716808680659
0.308321856159446
0.0595668137444056
0.632111330096149
0.307151487379354
0.0598145279076024
0.633033984713044
0.305093733739572
0.0600667329112218
0.634839533349206
0.302218558751924
0.0601164053933923
0.637665035854684
0.299837580930987
0.0595054620378585
0.640656957031155
0.300961899661412
0.0588182150577257
0.640219885280862
0.302522380188396
0.0589689821227993
0.638508637688805
