0.163795983436703
0
0.836204016563297
0.165304250496625
0
0.834695749503375
0.165634458268062
0
0.834365541731938
0.165716187303795
0
0.834283812696205
0.165757058837154
0
0.834242941162846
0.165784432407314
9.04703118170261e-05
0.834125097280869
0.165801288879936
0.000388399352636989
0.833810311767427
0.165817024631533
0.00268761363747784
0.831495361730989
0.165824053486358
0.0545244215414018
0.77965152497224
0.165304250496625
0
0.834695749503375
0.165592046386929
0
0.834407953613071
0.165684862693359
0
0.834315137306641
0.165728729049945
0
0.834271270950055
0.165768053168177
0
0.834231946831823
0.165786665201925
7.1010988412771e-05
0.834142323809663
0.165802464374378
0.000369310466811635
0.83382822515881
0.165816028521225
0.00276609609553549
0.831417875383239
0.165822312529762
0.0580006682320783
0.77617701923816
0.165634458268062
0
0.834365541731938
0.165684862693359
0
0.834315137306641
0.165724134923882
0
0.834275865076118
0.165751795607956
0
0.834248204392044
0.165781444417829
0
0.834218555582171
0.165790775126598
4.84100551178905e-05
0.834160814818284
0.16579761477163
0.000320330358841257
0.833882054869529
0.16581226020012
0.00281933125079733
0.831368408549082
0.165818100098793
0.0621630782097732
0.772018821691434
0.165716187303795
0
0.834283812696205
0.165728729049945
0
0.834271270950055
0.165751795607956
0
0.834248204392044
0.16577377967125
0
0.83422622032875
0.16578685849868
0
0.83421314150132
0.16578509109024
1.46874069752542e-05
0.834200221502785
0.165785728704474
0.000223013100082401
0.833991258195444
0.165801174411619
0.00299970724924987
0.831199118339132
0.165809901578811
0.0664755391771003
0.767714559244088
0.165757058837154
0
0.834242941162846
0.165768053168177
0
0.834231946831823
0.165781444417829
0
0.834218555582171
0.16578685849868
0
0.83421314150132
0.165784113403702
0
0.834215886596298
0.165773534951122
0
0.834226465048878
0.165755216000385
0.000102189383861763
0.834142594615754
0.165779713501261
0.00743037104977234
0.826789915448967
0.165796381177346
0.0699141170528123
0.764289501769841
0.165784432407314
9.0470311817012e-05
0.834125097280869
0.165786665201925
7.10109884127391e-05
0.834142323809663
0.165790775126598
4.84100551179181e-05
0.834160814818284
0.16578509109024
1.4687406975255e-05
0.834200221502785
0.165773534951123
0
0.834226465048878
0.165735357588586
0
0.834264642411414
0.165682093418054
4.90885531276618e-05
0.834268818028819
0.165732094569327
0.0415879796114539
0.792679925819219
0.165775390373368
0.0704571562720122
0.76376745335462
0.165801288879936
0.000388399352636915
0.833810311767427
0.165802464374378
0.000369310466811705
0.83382822515881
0.16579761477163
0.000320330358841311
0.833882054869528
0.165785728704474
0.000223013100082443
0.833991258195444
0.165755216000385
0.000102189383861312
0.834142594615754
0.165682093418054
4.90885531275859e-05
0.834268818028819
0.165529493170474
0.000122812194621
0.834347694634905
0.165679352230679
0.0666914353113057
0.767629212458015
0.165755364901551
0.070091908462259
0.76415272663619
0.165817024631533
0.00268761363747775
0.831495361730989
0.165816028521225
0.00276609609553551
0.831417875383239
0.16581226020012
0.0028193312507975
0.831368408549082
0.165801174411619
0.0029997072492495
0.831199118339132
0.165779713501261
0.0074303710497719
0.826789915448967
0.165732094569327
0.0415879796114537
0.792679925819219
0.16567935223068
0.0666914353113057
0.767629212458015
0.165736083443964
0.0695793349482496
0.764684581607787
0.165770592090269
0.0695880859904719
0.764641321919259
0.165824053486358
0.0545244215414017
0.77965152497224
0.165822312529762
0.0580006682320782
0.77617701923816
0.165818100098793
0.0621630782097737
0.772018821691433
0.165809901578811
0.0664755391770995
0.767714559244089
0.165796381177346
0.0699141170528119
0.764289501769842
0.165775390373368
0.070457156272012
0.76376745335462
0.16575536490155
0.070091908462259
0.764152726636191
0.165770592090269
0.0695880859904731
0.764641321919258
0.165784897225359
0.0694966031152551
0.764718499659386
0.180655541716227
0
0.819344458283773
0.18334106664386
0
0.81665893335614
0.184135728426233
0
0.815864271573767
0.184411547179611
0
0.815588452820389
0.184532841850136
0.00115098744505676
0.814316170704808
0.184588570830074
0.0224166313094227
0.792994797860503
0.184610945183683
0.0680887959584895
0.747300258857827
0.184608688069532
0.068391441960384
0.746999869970084
0.184603665981003
0.0685169518445983
0.746879382174398
0.18334106664386
0
0.81665893335614
0.18397162815511
0
0.81602837184489
0.184290386948787
0
0.815709613051213
0.184468340934019
7.08530283997213e-05
0.815460806037581
0.184544478139126
0.00194413716113552
0.813511384699739
0.184586368651805
0.0402338370723252
0.77517979427587
0.184603595699047
0.0676875686888773
0.747708835612076
0.1845978377872
0.068254348666125
0.747147813546675
0.18459548566944
0.0685316185000319
0.746872895830528
0.184135728426233
0
0.815864271573767
0.184290386948787
0
0.815709613051213
0.184430728746063
0
0.815569271253937
0.18451662781295
0.000338674600313462
0.815144697586737
0.184550798632377
0.00539693728023453
0.810052264087389
0.184568936546581
0.0583034749771282
0.757127588476291
0.184577693725539
0.0662817863945864
0.749140519879874
0.184569623089926
0.0678233577091319
0.747607019200942
0.184573733616365
0.0685667001354192
0.746859566248215
0.184411547179611
0
0.815588452820389
0.184468340934019
7.08530283997567e-05
0.815460806037581
0.18451662781295
0.000338674600313452
0.815144697586737
0.184541168181721
0.00219136969715466
0.813267462121125
0.184535434179119
0.0378610874044139
0.777603478416467
0.184526251582706
0.0565684190564536
0.75890532936084
0.184501094728567
0.0588818782427337
0.756617027028699
0.184502223905872
0.067235502500605
0.748262273593523
0.184526917527224
0.0685829612478607
0.746890121224915
0.184532841850136
0.00115098744505676
0.814316170704808
0.184544478139126
0.00194413716113526
0.813511384699739
0.184550798632377
0.00539693728023523
0.810052264087388
0.184535434179119
0.0378610874044133
0.777603478416467
0.184494217392022
0.0505648845959105
0.764940898012068
0.18439815777586
0.0357891728144407
0.779812669409699
0.18429521198227
0.0342951307668166
0.781409657250913
0.184352712403858
0.0676466651755822
0.74800062242056
0.184438432011938
0.0685104593629781
0.747051108625084
0.184588570830074
0.0224166313094227
0.792994797860503
0.184586368651805
0.0402338370723246
0.77517979427587
0.184568936546581
0.0583034749771283
0.757127588476291
0.184526251582706
0.0565684190564535
0.75890532936084
0.18439815777586
0.0357891728144406
0.779812669409699
0.18413492609063
0.00202644740611733
0.813838626503253
0.183762541572233
0.000295601627475187
0.815941856800292
0.184067151221664
0.0675499160103188
0.748382932768017
0.184299221533652
0.0682641350266564
0.747436643439692
0.184610945183683
0.0680887959584894
0.747300258857827
0.184603595699047
0.067687568688877
0.747708835612076
0.184577693725539
0.0662817863945857
0.749140519879875
0.184501094728567
0.0588818782427342
0.756617027028699
0.18429521198227
0.0342951307668157
0.781409657250914
0.183762541572233
0.000295601627475201
0.815941856800292
0.182769752982164
0.000232054109408023
0.816998192908428
0.183702991527623
0.0669670391630679
0.749329969309309
0.184169388448279
0.0678867187163893
0.747943892835332
0.184608688069532
0.0683914419603852
0.746999869970083
0.1845978377872
0.0682543486661255
0.747147813546675
0.184569623089926
0.0678233577091319
0.747607019200942
0.184502223905872
0.0672355025006052
0.748262273593523
0.184352712403858
0.0676466651755823
0.74800062242056
0.184067151221664
0.0675499160103178
0.748382932768018
0.183702991527623
0.0669670391630677
0.749329969309309
0.18404877458794
0.0674547487785225
0.748496476633537
0.184271238888487
0.0679454331797913
0.747783327931722
0.184603665981003
0.0685169518445978
0.746879382174399
0.18459548566944
0.0685316185000316
0.746872895830528
0.184573733616365
0.0685667001354186
0.746859566248216
0.184526917527224
0.0685829612478611
0.746890121224914
0.184438432011938
0.0685104593629783
0.747051108625084
0.184299221533652
0.0682641350266566
0.747436643439691
0.184169388448279
0.0678867187163893
0.747943892835332
0.184271238888487
0.0679454331797909
0.747783327931723
0.184365459757976
0.0681120818837569
0.747522458358267
0.207524709867886
0
0.792475290132114
0.210106255638611
0
0.789893744361389
0.211583236402015
0
0.788416763597986
0.212299814085006
0.00370364421763486
0.783996541697359
0.212627321238631
0.0512198922028877
0.736152786558481
0.212787602779558
0.0664841612481513
0.720728235972291
0.212893683526702
0.0664666109138601
0.720639705559438
0.212932512598248
0.0664337061899034
0.720633781211849
0.21295048971223
0.0664192960925727
0.720630214195198
0.210106255638611
0
0.789893744361389
0.211157871872396
0
0.788842128127604
0.211952198112585
0.00043312154307957
0.787614680344335
0.212430660360016
0.0140927528105672
0.773476586829417
0.212658567050696
0.0644643424743064
0.722877090474998
0.212787606225219
0.0664876417046023
0.720724752070179
0.212862392714163
0.0664648063946436
0.720672800891193
0.212900091091149
0.0664313091710002
0.720668599737851
0.212920404159967
0.066419948054207
0.720659647785825
0.211583236402015
0
0.788416763597985
0.211952198112585
0.000433121543079678
0.787614680344335
0.212334790264198
0.00594051087672373
0.781724698859078
0.212557904963784
0.0566198320442036
0.730822262992013
0.212675377399955
0.0659099481856518
0.721414674414393
0.21273982950411
0.0664995333970083
0.720760637098881
0.212764204190056
0.0664596003867163
0.720776195423228
0.212805524919476
0.0664254588669521
0.720769016213572
0.212839168620396
0.066421457915467
0.720739373464138
0.212299814085006
0.00370364421763487
0.783996541697359
0.212430660360016
0.0140927528105678
0.773476586829416
0.212557904963784
0.056619832044203
0.730822262992013
0.212636707491977
0.0653156776017004
0.722047614906322
0.212625929588995
0.0665275009290501
0.720846569481955
0.212567931106608
0.0664807960556375
0.720951272837755
0.21249478181694
0.0664008044949913
0.721104413688069
0.212574719541734
0.0663769686906961
0.72104831176757
0.21266169387175
0.0663981969715519
0.720940109156698
0.212627321238631
0.0512198922028885
0.73615278655848
0.212658567050696
0.0644643424743069
0.722877090474997
0.212675377399955
0.0659099481856512
0.721414674414394
0.212625929588994
0.0665275009290501
0.720846569481956
0.212457681328831
0.066494790939249
0.72104752773192
0.212113812782084
0.066368246542001
0.721517940675915
0.211818593461513
0.0661810124830472
0.72200039405544
0.212082038887192
0.0662092560147895
0.721708705098018
0.21233066838198
0.0663087277580178
0.721360603860002
0.212787602779558
0.0664841612481509
0.720728235972291
0.212787606225219
0.0664876417046028
0.720724752070178
0.21273982950411
0.0664995333970089
0.720760637098881
0.212567931106608
0.0664807960556373
0.720951272837755
0.212113812782084
0.0663682465420007
0.721517940675916
0.211269863154912
0.0640435770495189
0.724686559795569
0.210250212975977
0.0522574110171816
0.737492376006842
0.211199062104914
0.0658391133018577
0.722961824593228
0.211839558130527
0.0661090087879415
0.722051433081531
0.212893683526702
0.0664666109138598
0.720639705559439
0.212862392714163
0.0664648063946429
0.720672800891194
0.212764204190056
0.0664596003867168
0.720776195423227
0.21249478181694
0.0664008044949917
0.721104413688069
0.211818593461513
0.0661810124830469
0.72200039405544
0.210250212975977
0.052257411017182
0.737492376006841
0.207822917682179
0.000361091028068726
0.791815991289752
0.210139895190218
0.0653716625184356
0.724488442291346
0.211407711197781
0.0658248948996162
0.722767393902603
0.212932512598248
0.0664337061899026
0.72063378121185
0.212900091091149
0.0664313091709995
0.720668599737851
0.212805524919476
0.0664254588669524
0.720769016213571
0.212574719541734
0.0663769686906958
0.72104831176757
0.212082038887192
0.06620925601479
0.721708705098018
0.211199062104914
0.0658391133018581
0.722961824593228
0.210139895190218
0.0653716625184348
0.724488442291347
0.211044962046749
0.0655349410232489
0.723420096930002
0.211698863100761
0.0658981584315631
0.722402978467676
0.21295048971223
0.0664192960925728
0.720630214195198
0.212920404159967
0.066419948054207
0.720659647785825
0.212839168620396
0.0664214579154666
0.720739373464138
0.21266169387175
0.0663981969715528
0.720940109156697
0.21233066838198
0.066308727758018
0.721360603860002
0.211839558130527
0.0661090087879416
0.722051433081531
0.211407711197781
0.0658248948996156
0.722767393902603
0.211698863100761
0.0658981584315619
0.722402978467678
0.212004787078846
0.0660556907071103
0.721939522214043
0.294720196706019
0
0.705279803293981
0.298996333864938
0
0.701003666135062
0.303489995614015
0
0.696510004385985
0.306637720847694
0
0.693362279152306
0.308344924285922
0.000468850398381912
0.691186225315697
0.309118941704829
0.0020498622230736
0.688831196072097
0.309398204464405
0.0237311718475732
0.666870623688022
0.309611884967414
0.0595750540874709
0.630813060945115
0.309795711021475
0.0594442465958783
0.630760042382646
0.298996333864938
0
0.701003666135062
0.301785029626604
0
0.698214970373396
0.305005400519731
0
0.694994599480269
0.307230527165893
6.95806814948788e-05
0.692699892152613
0.308447503299065
0.000662666357444296
0.690889830343491
0.308953973706644
0.00267154035326216
0.688374485940093
0.309084448605708
0.0371913633289132
0.653724188065379
0.3093554809795
0.0596254525474461
0.631019066473054
0.309560910094158
0.0595004076772707
0.630938682228571
0.303489995614015
0
0.696510004385985
0.305005400519731
0
0.694994599480269
0.306648488769803
0
0.693351511230197
0.307845018115133
0.000219315173453645
0.691935666711413
0.308383402890067
0.000985212145951153
0.690631384963982
0.308421002506077
0.00337581898556218
0.688203178508361
0.30828890763879
0.0499212081591119
0.641789884202098
0.308671368208312
0.0597932320526892
0.631535399738998
0.308956457539178
0.0596695822876205
0.631373960173201
0.306637720847694
0
0.693362279152306
0.307230527165892
6.95806814946748e-05
0.692699892152613
0.307845018115133
0.000219315173453118
0.691935666711413
0.308120364039767
0.000533708372394372
0.691345927587839
0.307827526525053
0.00147888716861517
0.690693586306331
0.307071819053039
0.00933642585630912
0.683591755090652
0.306557636626472
0.0600039843069607
0.633438379066567
0.307193866335511
0.0600508890357652
0.632755244628724
0.307726468552918
0.0599155414660177
0.632357989981064
0.308344924285922
0.000468850398382204
0.691186225315696
0.308447503299065
0.000662666357444123
0.690889830343491
0.308383402890067
0.000985212145951161
0.690631384963982
0.307827526525054
0.00147888716861549
0.690693586306331
0.306448237385686
0.0026572491198762
0.690894513494438
0.304222147086289
0.0452504010291349
0.650527451884577
0.303179601943847
0.0613862388108588
0.635434159245294
0.304428989852391
0.0603686765148005
0.635202333632809
0.305606373999833
0.0601653195443902
0.634228306455777
0.309118941704829
0.00204986222307419
0.688831196072097
0.308953973706644
0.00267154035326231
0.688374485940094
0.308421002506077
0.00337581898556249
0.688203178508361
0.307071819053039
0.00933642585630963
0.683591755090651
0.304222147086288
0.0452504010291351
0.650527451884577
0.300381456383413
0.0630745543140371
0.63654398930255
0.297096725454594
0.0668404937496634
0.636062780795743
0.300147712935256
0.0610728708315762
0.638779416233168
0.302712533057491
0.0602119165449491
0.63707555039756
0.309398204464404
0.0237311718475733
0.666870623688022
0.309084448605708
0.037191363328914
0.653724188065378
0.30828890763879
0.0499212081591122
0.641789884202097
0.306557636626472
0.0600039843069608
0.633438379066568
0.303179601943847
0.0613862388108585
0.635434159245294
0.297096725454594
0.0668404937496632
0.636062780795743
0.289053277129072
0.0866784745383091
0.624268248332619
0.296026954820441
0.0629080937489115
0.641064951430648
0.300393825091632
0.0595977360897441
0.640008438818624
0.309611884967415
0.0595750540874714
0.630813060945114
0.309355480979499
0.0596254525474461
0.631019066473055
0.308671368208313
0.0597932320526884
0.631535399738999
0.307193866335511
0.0600508890357648
0.632755244628725
0.304428989852391
0.0603686765148006
0.635202333632808
0.300147712935256
0.0610728708315768
0.638779416233167
0.296026954820441
0.062908093748911
0.641064951430648
0.298746106667076
0.0588876704951502
0.642366222837774
0.301416519398001
0.0589098627579609
0.639673617844038
0.309795711021476
0.059444246595878
0.630760042382647
0.309560910094158
0.0595004076772708
0.630938682228571
0.308956457539178
0.0596695822876202
0.631373960173202
0.307726468552918
0.0599155414660179
0.632357989981064
0.305606373999834
0.0601653195443904
0.634228306455776
0.302712533057491
0.0602119165449488
0.63707555039756
0.300393825091632
0.0595977360897437
0.640008438818625
0.301416519398001
0.058909862757961
0.639673617844038
0.302910754854967
0.0590612251776461
0.638028019967386
