0.163686593027904
0
0.836313406972096
0.165148705601338
0
0.834851294398662
0.165480982700625
0
0.834519017299375
0.16556508681284
0
0.83443491318716
0.165602397434239
0
0.834397602565761
0.165625057742538
0.000101311388556726
0.834273630868905
0.165641534140427
0.000399210757714758
0.833959255101858
0.165656399278203
0.00269881287221482
0.831644787849582
0.165662970414253
0.0545450006946619
0.779792028891085
0.165148705601338
0
0.834851294398662
0.165436460756742
0
0.834563539243258
0.165532614138807
0
0.834467385861193
0.165574179063687
0
0.834425820936313
0.165612921151142
0
0.834387078848858
0.16562714171763
8.17985250589396e-05
0.834291059757312
0.165642404126679
0.000380062515965351
0.833977533357356
0.165655164945792
0.0027772459296451
0.831567589124563
0.165661079835033
0.0580217546953543
0.776317165469613
0.165480982700625
0
0.834519017299375
0.165532614138807
0
0.834467385861193
0.165573011293225
0
0.834426988706775
0.165596973865925
0
0.834403026134075
0.165625643874817
0
0.834374356125183
0.165630581354061
5.91102505880981e-05
0.834310308395351
0.165637168691028
0.00033095998323829
0.834031871325734
0.165650840367958
0.0028303610271597
0.831518798604883
0.165656484942898
0.0621846590336831
0.772158856023419
0.16556508681284
0
0.83443491318716
0.165574179063687
0
0.834425820936313
0.165596973865925
0
0.834403026134075
0.16561816956987
0
0.83438183043013
0.165630360528391
0
0.834369639471609
0.165624189437335
2.52445146492712e-05
0.834350566048015
0.165624054197956
0.000233440290395641
0.834142505511648
0.165638689560474
0.00301056829576514
0.831350742143761
0.16564749365804
0.066497491946002
0.767855014395958
0.165602397434239
0
0.834397602565761
0.165612921151142
0
0.834387078848858
0.165625643874817
0
0.834374356125183
0.165630360528391
0
0.834369639471609
0.165626739065129
0
0.834373260934871
0.165614402933971
0
0.834385597066029
0.165590558771543
0.000112346432048856
0.834297094796408
0.165614844094261
0.00744172756501397
0.826943428340725
0.165632492333358
0.0699361576585734
0.764431350008068
0.165625057742538
0.000101311388556695
0.834273630868905
0.16562714171763
8.17985250592296e-05
0.834291059757311
0.165630581354061
5.91102505881021e-05
0.834310308395351
0.165624189437335
2.52445146492884e-05
0.834350566048015
0.165614402933971
0
0.834385597066029
0.165566967527724
3.38351645531427e-06
0.83442964895582
0.165510122936046
5.89305935121896e-05
0.834430946470442
0.165563502466617
0.0416047154915361
0.792831782041847
0.165609300831713
0.0704787466707811
0.763911952497506
0.165641534140427
0.000399210757714783
0.833959255101858
0.165642404126679
0.000380062515965431
0.833977533357356
0.165637168691028
0.00033095998323837
0.834031871325733
0.165624054197956
0.000233440290395808
0.834142505511648
0.165590558771543
0.000112346432048454
0.834297094796408
0.165510122936046
5.89305935121487e-05
0.834430946470442
0.165348756954844
0.000132373931975856
0.83451886911318
0.165506122141959
0.0667118518323073
0.767782026025734
0.16558740176027
0.0701130086134241
0.764299589626306
0.165656399278203
0.00269881287221478
0.831644787849582
0.165655164945792
0.00277724592964506
0.831567589124563
0.165650840367958
0.00283036102715965
0.831518798604883
0.165638689560474
0.00301056829576492
0.831350742143761
0.165614844094261
0.0074417275650136
0.826943428340725
0.165563502466617
0.0416047154915358
0.792831782041847
0.165506122141959
0.0667118518323073
0.767782026025734
0.165566507899143
0.0696001532530954
0.764833338847761
0.16560392366952
0.0696089584202266
0.764787117910253
0.165662970414253
0.0545450006946619
0.779792028891086
0.165661079835033
0.0580217546953543
0.776317165469613
0.165656484942898
0.0621846590336837
0.772158856023419
0.16564749365804
0.0664974919460012
0.767855014395959
0.165632492333358
0.0699361576585731
0.764431350008069
0.165609300831713
0.0704787466707809
0.763911952497506
0.16558740176027
0.0701130086134239
0.764299589626306
0.16560392366952
0.0696089584202277
0.764787117910252
0.165619511862352
0.0695174500412237
0.764863038096424
0.180565996897582
0
0.819434003102418
0.183177017779597
0
0.816822982220403
0.183967068567378
0
0.816032931432622
0.184236360214777
0
0.815763639785223
0.184358262341222
0.00116183464945251
0.814479903009325
0.184419254855733
0.0224313219767489
0.793149423167518
0.184441332348033
0.068111714560778
0.747446953091189
0.184440337666619
0.0684143637756875
0.747145298557693
0.184436180671184
0.0685398731769981
0.747023946151818
0.183177017779597
0
0.816822982220403
0.183802976522963
0
0.816197023477037
0.184116554368986
0
0.815883445631014
0.184294870200305
8.16140059590344e-05
0.815623515793736
0.184369404512098
0.00195505509794789
0.813675540389954
0.184416922124149
0.0402516900957107
0.775331387780141
0.184433746768541
0.0677102968093115
0.747855956422148
0.184429427053927
0.0682771157159923
0.74729345723008
0.184427751358249
0.0685544083371297
0.747017840304621
0.183967068567378
0
0.816032931432622
0.184116554368986
0
0.815883445631014
0.184255156542944
0
0.815744843457056
0.184342397463593
0.000349344736251865
0.815308257800155
0.184375532808287
0.00540837385773769
0.810216093333975
0.184399539717243
0.058324431566608
0.757276028716149
0.18440711300501
0.0663040206654638
0.749288866329526
0.18440082655883
0.0678457820417194
0.747753391399451
0.184405420002163
0.0685892252370774
0.747005354760759
0.184236360214777
0
0.815763639785223
0.184294870200305
8.16140059590465e-05
0.815623515793736
0.184342397463593
0.000349344736251898
0.815308257800155
0.18436621494858
0.00220222441079117
0.813431560640629
0.184359771591087
0.0378775305145389
0.777762697894374
0.184355865339623
0.0565887493119336
0.759055385348444
0.18432949277708
0.0589024140965295
0.75676809312639
0.184332544171049
0.0672574117824117
0.74841004404654
0.18435749832664
0.0686050822300089
0.747037419443351
0.184358262341222
0.00116183464945247
0.814479903009325
0.184369404512098
0.00195505509794767
0.813675540389954
0.184375532808287
0.0054083738577383
0.810216093333975
0.184359771591087
0.0378775305145385
0.777762697894375
0.184317206340255
0.05058329039333
0.765099503266415
0.184218141295839
0.0358050163684227
0.779976842335738
0.184122851746805
0.03431092093759
0.781566227315606
0.184182018254375
0.0676681042819273
0.748149877463698
0.184267311569723
0.0685320534773111
0.747200634952966
0.184419254855733
0.022431321976749
0.793149423167518
0.184416922124149
0.0402516900957101
0.775331387780141
0.184399539717243
0.0583244315666081
0.757276028716149
0.184355865339623
0.0565887493119337
0.759055385348444
0.184218141295839
0.035805016368423
0.779976842335738
0.183961331086855
0.00203659706745557
0.81400207184569
0.183594334322354
0.000305143400124007
0.816100522277522
0.183895899281661
0.0675706847937951
0.748533415924544
0.184126318862668
0.0682851256973242
0.747588555440008
0.184441332348033
0.068111714560778
0.747446953091189
0.184433746768541
0.0677102968093111
0.747855956422148
0.18440711300501
0.0663040206654631
0.749288866329527
0.18432949277708
0.05890241409653
0.75676809312639
0.184122851746805
0.0343109209375887
0.781566227315607
0.183594334322354
0.000305143400123986
0.816100522277522
0.182634077596669
0.000241029181614221
0.817124893221717
0.183535855243256
0.0669871134967679
0.749477031259977
0.183995802930336
0.0679071978460127
0.748096999223652
0.184440337666619
0.0684143637756886
0.747145298557692
0.184429427053927
0.0682771157159928
0.74729345723008
0.18440082655883
0.0678457820417194
0.747753391399451
0.184332544171049
0.0672574117824121
0.748410044046539
0.184182018254374
0.0676681042819276
0.748149877463698
0.183895899281661
0.067570684793794
0.748533415924545
0.183535855243256
0.0669871134967677
0.749477031259977
0.183875346054011
0.0674749362945449
0.748649717651444
0.184096986646637
0.0679658062905153
0.747937207062847
0.184436180671184
0.0685398731769976
0.747023946151818
0.184427751358249
0.0685544083371293
0.747017840304621
0.184405420002163
0.0685892252370768
0.74700535476076
0.18435749832664
0.0686050822300094
0.74703741944335
0.184267311569723
0.0685320534773114
0.747200634952966
0.184126318862668
0.0682851256973243
0.747588555440008
0.183995802930336
0.0679071978460127
0.748096999223651
0.184096986646637
0.0679658062905151
0.747937207062848
0.184191574923683
0.068132492849438
0.747675932226879
0.207269000696205
0
0.792730999303795
0.209741920438126
0
0.790258079561874
0.211171657305542
0
0.788828342694458
0.211864646676414
0.00371364330955225
0.784421710014033
0.212184109081265
0.0512395215443781
0.736576369374356
0.21234300826547
0.0665065246692053
0.721150467065324
0.21244307717224
0.0664889055322408
0.72106801729552
0.212481091876438
0.0664559506156536
0.721062957507908
0.212499478573664
0.0664415189294818
0.721059002496855
0.209741920438126
0
0.790258079561874
0.21075562954803
0
0.78924437045197
0.211524301144621
0.000441720463886159
0.788033978391493
0.211990482851373
0.0141056689931107
0.773903848155516
0.212213042912562
0.0644862937002238
0.723300663387214
0.212339850731007
0.0665099032857894
0.721150245983203
0.212409690277487
0.0664869825098819
0.721103327212631
0.212446979093846
0.0664534232434078
0.721099597662746
0.212467953894024
0.066442038665015
0.721090007440961
0.211171657305542
0
0.788828342694458
0.211524301144621
0.000441720463886367
0.788033978391493
0.21189633307805
0.0059479184835322
0.782155748438418
0.212113704293654
0.056640350107706
0.73124594559864
0.212226128074406
0.0659319893583041
0.72184188256729
0.212287052223488
0.0665215901982009
0.721191357578312
0.212307301290923
0.0664815261213107
0.721211172587767
0.212348965787744
0.0664473054910272
0.721203728721229
0.212383528479149
0.0664432798047842
0.721173191716067
0.211864646676414
0.00371364330955234
0.784421710014033
0.211990482851373
0.0141056689931113
0.773903848155515
0.212113704293654
0.0566403501077055
0.73124594559864
0.212187116367387
0.0653375719563256
0.722475311676287
0.212170784438696
0.0665493879178514
0.721279827643453
0.212108261166845
0.0665024953591319
0.721389243474023
0.212033384426297
0.0664223014736001
0.721544314100103
0.212113701705554
0.0663983874415488
0.721487910852897
0.212201054063125
0.0664196053995239
0.721379340537351
0.212184109081265
0.0512395215443789
0.736576369374356
0.212213042912562
0.0644862937002242
0.723300663387214
0.212226128074406
0.0659319893583036
0.72184188256729
0.212170784438695
0.0665493879178514
0.721279827643453
0.211994188247238
0.0665163272085739
0.721489484544188
0.211646840763157
0.0663893639980223
0.721963795238821
0.211361330036276
0.0662018155608736
0.72243685440285
0.21161895163807
0.0662300391189666
0.722151009242964
0.211864393700409
0.0663295755854281
0.721806030714163
0.21234300826547
0.0665065246692049
0.721150467065325
0.212339850731007
0.0665099032857898
0.721150245983203
0.212287052223487
0.0665215901982013
0.721191357578311
0.212108261166845
0.0665024953591316
0.721389243474023
0.211646840763157
0.066389363998022
0.721963795238821
0.210817568109268
0.064063695576601
0.725118736314131
0.209838922238069
0.0522748369446193
0.737886240817311
0.210745156824234
0.0658590321113202
0.723395811064446
0.211370294408345
0.0661292056209828
0.722500499970672
0.21244307717224
0.0664889055322407
0.72106801729552
0.212409690277487
0.0664869825098809
0.721103327212632
0.212307301290923
0.0664815261213111
0.721211172587766
0.212033384426297
0.0664223014736006
0.721544314100102
0.211361330036276
0.0662018155608733
0.72243685440285
0.209838922238069
0.0522748369446197
0.737886240817311
0.207537049738254
0.000369066994884194
0.792093883266862
0.209721045425795
0.065390656645409
0.724888297928796
0.210941126945667
0.0658445359892312
0.723214337065102
0.212481091876438
0.0664559506156528
0.721062957507909
0.212446979093846
0.0664534232434074
0.721099597662746
0.212348965787744
0.0664473054910277
0.721203728721228
0.212113701705554
0.0663983874415485
0.721487910852898
0.21161895163807
0.0662300391189673
0.722151009242963
0.210745156824234
0.0658590321113204
0.723395811064446
0.209721045425796
0.065390656645408
0.724888297928796
0.21058485446976
0.0655542492335492
0.723860896296691
0.211222659523128
0.0659177627538254
0.722859577723047
0.212499478573664
0.0664415189294819
0.721059002496855
0.212467953894024
0.066442038665015
0.721090007440961
0.212383528479149
0.0664432798047839
0.721173191716067
0.212201054063125
0.0664196053995248
0.721379340537351
0.211864393700409
0.0663295755854282
0.721806030714163
0.211370294408345
0.066129205620983
0.722500499970672
0.210941126945667
0.0658445359892309
0.723214337065102
0.211222659523128
0.0659177627538242
0.722859577723048
0.211524712991393
0.066075382084862
0.722399904923745
0.295964320865603
0
0.704035679134397
0.299860547059702
0
0.700139452940298
0.304072220936867
0
0.695927779063133
0.307179907662954
0
0.692820092337046
0.308946662227008
0.000476444863583473
0.690576892909409
0.309742296163237
0.0020591899056661
0.688198513931097
0.310041916943454
0.0237444283224468
0.666213654734099
0.310257622934656
0.0595948108944588
0.630147566170885
0.31042723674072
0.059463959762449
0.630108803496831
0.299860547059702
0
0.700139452940298
0.302456311750486
0
0.697543688249515
0.305578536405688
0
0.694421463594312
0.307832246680866
6.0873869294309e-05
0.692106879449839
0.309049042923052
0.000671733250009655
0.690279223826939
0.309567679243696
0.00268094104692093
0.687751379709383
0.309727469774472
0.037206991314015
0.653065538911513
0.309981222058513
0.0596451045941784
0.630373673347308
0.310174741863194
0.0595200121787065
0.630305245958099
0.304072220936867
0
0.695927779063133
0.305578536405688
0
0.694421463594312
0.307182724160065
0
0.692817275839935
0.308433030434375
0.000224409945513949
0.691342559620111
0.308964479730217
0.000994274633458387
0.690041245636325
0.309011101973206
0.00338526339266049
0.687603634634134
0.308920820471419
0.0499389452042575
0.641140234324324
0.309259007953816
0.0598126743440247
0.630928317702159
0.309534299999949
0.059688974829626
0.630776725170425
0.307179907662954
0
0.692820092337046
0.307832246680866
6.08738692940693e-05
0.69210687944984
0.308433030434375
0.000224409945513582
0.691342559620111
0.308689664075221
0.000542673829033536
0.690767662095746
0.308376750662689
0.00148794222285018
0.690135307114461
0.307646344182093
0.00934678982961236
0.683006865988295
0.307183957664126
0.0600231519164678
0.632792890419407
0.307738813129011
0.0600699874078552
0.632191199463134
0.308254748959541
0.0599346045809623
0.631810646459496
0.308946662227008
0.000476444863583865
0.690576892909408
0.309049042923052
0.000671733250009422
0.690279223826938
0.308964479730217
0.000994274633458359
0.690041245636325
0.308376750662689
0.00148794222285052
0.690135307114461
0.306983507579475
0.00266635591465166
0.690350136505874
0.304908229003483
0.0452666879143077
0.649825083082209
0.303857018529927
0.0614049715376003
0.634738009932473
0.304973819482747
0.0603872473432598
0.634638933173993
0.306094742887951
0.0601839228711566
0.633721334240892
0.309742296163237
0.00205918990566655
0.688198513931096
0.309567679243696
0.00268094104692118
0.687751379709383
0.309011101973206
0.00338526339266083
0.687603634634134
0.307646344182093
0.00934678982961293
0.683006865988294
0.304908229003483
0.0452666879143078
0.649825083082209
0.301218141783403
0.0630931936434159
0.635688664573181
0.298241214595793
0.0668587418800656
0.634900043524141
0.30085248838209
0.0610907179565894
0.638056793661321
0.303220669726383
0.0602299357466026
0.636549394527015
0.310041916943454
0.023744428322447
0.666213654734099
0.309727469774472
0.0372069913140158
0.653065538911512
0.308920820471419
0.049938945204258
0.641140234324324
0.307183957664125
0.0600231519164679
0.632792890419407
0.303857018529927
0.0614049715376001
0.634738009932473
0.298241214595794
0.0668587418800653
0.634900043524141
0.291762315131844
0.0865902433068352
0.621647441561321
0.297131731062736
0.0629251952846574
0.639943073652607
0.300995924234861
0.059615147458375
0.639388928306764
0.310257622934656
0.0595948108944592
0.630147566170885
0.309981222058513
0.0596451045941784
0.630373673347309
0.309259007953816
0.0598126743440239
0.63092831770216
0.307738813129011
0.0600699874078547
0.632191199463134
0.304973819482747
0.0603872473432598
0.634638933173993
0.30085248838209
0.0610907179565902
0.63805679366132
0.297131731062736
0.062925195284657
0.639943073652607
0.299448588782562
0.0589046575617419
0.641646753655696
0.301897753085966
0.058927169479975
0.639175077434059
0.310427236740721
0.0594639597624486
0.630108803496831
0.310174741863194
0.0595200121787065
0.630305245958099
0.309534299999949
0.0596889748296256
0.630776725170425
0.308254748959541
0.0599346045809623
0.631810646459496
0.306094742887952
0.0601839228711568
0.633721334240891
0.303220669726383
0.0602299357466022
0.636549394527015
0.300995924234861
0.0596151474583747
0.639388928306764
0.301897753085966
0.058927169479975
0.639175077434059
0.303301465853849
0.0590786444508635
0.637619889695288
