0.16357234664424
0
0.83642765335576
0.164989758182406
0
0.835010241817594
0.165323331996828
0
0.834676668003172
0.165409375724735
0
0.834590624275265
0.165443344364262
0
0.834556655635738
0.165461756023128
0.00010327322809051
0.834434970748781
0.165477846889035
0.00040111282818921
0.834121040282776
0.165491933002166
0.0027007728285911
0.831807294169243
0.165498104912941
0.0545486103060384
0.77995328478102
0.164989758182406
0
0.835010241817594
0.165276929383097
0
0.834723070616903
0.165375923153095
0
0.834624076846905
0.16541531790286
0
0.83458468209714
0.165453424852148
0
0.834546575147852
0.165463718329089
8.37399632570244e-05
0.834452541707654
0.165478467167993
0.000381949924129098
0.834139582907878
0.165490520624374
0.00277919518711352
0.831730284188512
0.165496117959228
0.0580254519083288
0.776478430132443
0.165323331996828
0
0.834676668003172
0.165375923153095
0
0.834624076846905
0.165417281379328
0
0.834582718620672
0.165437838663195
0
0.834562161336805
0.165465567704511
0
0.83453443229549
0.165466579003253
6.1018060748525e-05
0.834472402935999
0.1654729359465
0.000332818111976097
0.834194245941524
0.165485766170551
0.00283228551392221
0.831681948315527
0.165491252652956
0.0621884401950365
0.772320307152008
0.165409375724735
0
0.834590624275265
0.16541531790286
0
0.83458468209714
0.165437838663195
0
0.834562161336805
0.165458299715076
0
0.834541700284924
0.165469708065224
0
0.834530291934776
0.165459562680106
2.70956497460592e-05
0.834513341670148
0.165458802298916
0.000235251589673714
0.83430594611141
0.165472758562865
0.00301245849069453
0.831514782946441
0.165481650869115
0.0665013353491
0.768017013781786
0.165443344364262
0
0.834556655635738
0.165453424852148
0
0.834546575147852
0.16546556770451
0
0.83453443229549
0.165469708065224
0
0.834530291934776
0.165465365288211
0
0.834534634711789
0.165445947915899
0
0.834554052084101
0.165422724435717
0.00011408968970471
0.834463185874578
0.165446899284236
0.00744369901128526
0.827109401704479
0.165465432460681
0.06994001423767
0.764594553301649
0.165461756023128
0.000103273228090461
0.834434970748781
0.165463718329089
8.37399632574435e-05
0.834452541707654
0.165466579003253
6.10180607486558e-05
0.834472402935999
0.165459562680106
2.70956497461752e-05
0.834513341670148
0.165445947915899
0
0.834554052084101
0.165396960395008
5.11016236015569e-06
0.834597929442632
0.165336036035221
6.06373930048042e-05
0.834603326571774
0.165392407505706
0.0416076395044133
0.792999952989881
0.165440382411893
0.0704825290806097
0.764077088507497
0.165477846889035
0.000401112828188936
0.834121040282776
0.165478467167993
0.000381949924129039
0.834139582907878
0.1654729359465
0.000332818111976203
0.834194245941524
0.165458802298916
0.000235251589673842
0.83430594611141
0.165422724435717
0.000114089689704237
0.834463185874578
0.165336036035221
6.06373930048086e-05
0.834603326571775
0.165167716094609
0.000134036424497992
0.834698247480893
0.165331115116966
0.0667154287729583
0.767953456110075
0.16541691616783
0.0701167089457458
0.764466374886424
0.165491933002166
0.00270077282859107
0.831807294169243
0.165490520624374
0.00277919518711363
0.831730284188512
0.16548576617055
0.00283228551392204
0.831681948315527
0.165472758562865
0.00301245849069435
0.831514782946441
0.165446899284236
0.00744369901128495
0.827109401704479
0.165392407505706
0.0416076395044129
0.792999952989881
0.165331115116966
0.0667154287729583
0.767953456110075
0.165394637948574
0.0696038052187119
0.765001556832714
0.165434641952766
0.0696126218078899
0.764952736239345
0.165498104912941
0.0545486103060381
0.779953284781021
0.165496117959228
0.0580254519083287
0.776478430132443
0.165491252652956
0.0621884401950373
0.772320307152007
0.165481650869114
0.066501335349099
0.768017013781787
0.165465432460681
0.0699400142376697
0.764594553301649
0.165440382411893
0.0704825290806095
0.764077088507497
0.16541691616783
0.0701167089457455
0.764466374886425
0.165434641952765
0.0696126218078912
0.764952736239343
0.165451405627207
0.0695211104438475
0.765027483928946
0.180462144183101
0
0.819537855816899
0.183000976800905
0
0.816999023199095
0.183785758062671
0
0.816214241937329
0.184048697456451
0
0.815951302543548
0.184170920936214
0.00116381835713696
0.814665260706649
0.18423658964234
0.0224339623367874
0.793329448020873
0.184258341927906
0.0681157590818209
0.747625898990273
0.184258476303192
0.0684183942012625
0.747323129495545
0.184255124216265
0.068543899157034
0.747200976626701
0.183000976800905
0
0.816999023199095
0.183621760689047
0
0.816378239310953
0.18393024180136
0
0.81606975819864
0.184108599667779
8.36837089657218e-05
0.815807716623255
0.184181557955178
0.00195701363352528
0.813861428411297
0.184234101845338
0.0402548706117344
0.775511027542928
0.184250526398562
0.0677143001193987
0.74803517348204
0.184247517561386
0.0682811152563159
0.747471367182298
0.184246489572169
0.0685584089876374
0.747195101440193
0.183785758062671
0
0.816214241937329
0.18393024180136
0
0.81606975819864
0.184067084310075
0
0.815932915689925
0.184155336898455
0.000351314940926112
0.815493348160619
0.184187419794698
0.00541010429390302
0.810402475911399
0.184216649964712
0.0583281289766168
0.757455221058671
0.184223211940402
0.0663079233832567
0.749468864676341
0.184218583940487
0.0678497147335089
0.747931701326004
0.184223668690437
0.0685931755686017
0.747183155740961
0.184048697456452
0
0.815951302543549
0.184108599667779
8.36837089659134e-05
0.815807716623255
0.184155336898455
0.000351314940925985
0.815493348160619
0.184178384805526
0.00220415306117402
0.8136174621333
0.184171074070235
0.0378791883391465
0.777949737590618
0.184171412352814
0.0565923031327819
0.759236284514405
0.184144628052232
0.058906001117322
0.756949370830446
0.184149560884892
0.0672612459644055
0.748589193150703
0.184174799955219
0.0686089573319746
0.747216242712806
0.184170920936214
0.00116381835713672
0.814665260706649
0.184181557955178
0.00195701363352503
0.813861428411297
0.184187419794698
0.00541010429390359
0.810402475911399
0.184171074070235
0.037879188339146
0.777949737590619
0.1841260027829
0.050583383618154
0.765290613598946
0.18403246477667
0.0358077691933313
0.780159766029999
0.1839371191638
0.0343136552426413
0.781749225593559
0.18399831208615
0.0676718463169687
0.748329841596881
0.184083171562399
0.0685358316290692
0.747380996808532
0.18423658964234
0.0224339623367873
0.793329448020873
0.184234101845338
0.040254870611734
0.775511027542928
0.184216649964712
0.0583281289766169
0.757455221058671
0.184171412352813
0.056592303132782
0.759236284514405
0.18403246477667
0.0358077691933314
0.780159766029999
0.183774987300179
0.00203834192295692
0.814186670776864
0.183414628243282
0.000306788466873385
0.816278583289845
0.183712442315633
0.0675743141684438
0.748713243515924
0.183940797933788
0.0682888013484701
0.747770400717742
0.184258341927906
0.0681157590818208
0.747625898990273
0.184250526398562
0.0677143001193982
0.74803517348204
0.184223211940402
0.066307923383256
0.749468864676342
0.184144628052232
0.0589060011173226
0.756949370830445
0.1839371191638
0.0343136552426403
0.781749225593559
0.183414628243282
0.00030678846687332
0.816278583289845
0.182487592096445
0.000242559574892377
0.817269848328663
0.183357415179608
0.0669906216872315
0.749651963133161
0.183809998358648
0.0679107858448549
0.748279215796497
0.184258476303192
0.0684183942012636
0.747323129495544
0.184247517561386
0.0682811152563163
0.747471367182297
0.184218583940487
0.0678497147335089
0.747931701326005
0.184149560884892
0.0672612459644058
0.748589193150702
0.18399831208615
0.0676718463169688
0.748329841596881
0.183712442315633
0.0675743141684427
0.748713243515925
0.183357415179608
0.0669906216872313
0.749651963133161
0.183690005035153
0.067478472673992
0.748831522290855
0.183910338785811
0.0679693795495736
0.748120281664615
0.184255124216265
0.0685438991570336
0.747200976626701
0.184246489572169
0.068558408987637
0.747195101440194
0.184223668690438
0.0685931755686012
0.747183155740961
0.184174799955219
0.0686089573319751
0.747216242712806
0.184083171562399
0.0685358316290694
0.747380996808532
0.183940797933788
0.0682888013484698
0.747770400717742
0.183809998358648
0.0679107858448551
0.748279215796496
0.183910338785811
0.0679693795495734
0.748120281664616
0.184005115261913
0.0681360750938577
0.74785880964423
0.20702764453825
0
0.79297235546175
0.209399140104127
0
0.790600859895873
0.210783524829965
0
0.789216475170035
0.2114551673512
0.00371400004893502
0.784830832599865
0.211768159842637
0.0512430356671765
0.736988804490186
0.211926322033439
0.0665104908869962
0.721563187079565
0.212021364977409
0.0664928352570853
0.721485799765506
0.212058754849743
0.0664598618653167
0.72148138328494
0.21207737797837
0.0664454227129426
0.721477199308687
0.209399140104127
0
0.790600859895873
0.21037687315655
0
0.78962312684345
0.211121709998775
0.000441434852065291
0.78843685514916
0.211577184261219
0.0141080673402074
0.774314748398573
0.211794998305156
0.0644901869891436
0.7237148147057
0.211920213937966
0.0665138400157102
0.721565946046324
0.211986058558559
0.0664908860207244
0.721523055420717
0.21202292028454
0.0664573090144015
0.721519770701059
0.212044355277951
0.0664459173075138
0.721509727414535
0.210783524829965
0
0.789216475170035
0.211121709998775
0.000441434852065507
0.78843685514916
0.211483779309932
0.00594521576800903
0.782571004922059
0.211696595055802
0.0566440248180438
0.731659380126154
0.211804427448145
0.0659358693586733
0.722259703193182
0.211862586534334
0.0665254734235483
0.721611940042117
0.21187975769104
0.0664853767990368
0.721634865509924
0.21192141794875
0.0664511391938099
0.72162744285744
0.211956670529364
0.0664471079257629
0.721596221544873
0.2114551673512
0.00371400004893506
0.784830832599865
0.211577184261219
0.0141080673402082
0.774314748398573
0.211696595055802
0.0566440248180431
0.731659380126154
0.211764908818714
0.0653414330483073
0.722893658132979
0.211743278379434
0.0665532107659899
0.721703510854576
0.211677318693055
0.066506299390545
0.7218163819164
0.211601859383154
0.066426066311495
0.721972074305351
0.211681816525337
0.066402139075172
0.721916044399491
0.211769254127882
0.0664233570600217
0.721807388812096
0.211768159842637
0.0512430356671774
0.736988804490185
0.211794998305156
0.0644901869891439
0.7237148147057
0.211804427448144
0.0659358693586727
0.722259703193183
0.211743278379434
0.0665532107659897
0.721703510854576
0.211558853765033
0.0665200554309401
0.721921090804027
0.211213558052362
0.0663930925317856
0.722393349415853
0.210934967369153
0.0662054483064158
0.722859584324431
0.211185838408379
0.066233674512219
0.722580487079402
0.21142746924837
0.0663332269652805
0.722239303786349
0.211926322033439
0.0665104908869959
0.721563187079566
0.211920213937966
0.0665138400157106
0.721565946046324
0.211862586534334
0.0665254734235489
0.721611940042117
0.211677318693055
0.0665062993905446
0.7218163819164
0.211213558052362
0.0663930925317851
0.722393349415853
0.210398827062012
0.0640672138426211
0.725533959095367
0.209461654338231
0.0522778737475442
0.738260471914225
0.2103238153356
0.0658625176447533
0.723813667019647
0.210931772447362
0.0661327451302226
0.722935482422416
0.212021364977409
0.066492835257085
0.721485799765506
0.211986058558559
0.0664908860207236
0.721523055420718
0.21187975769104
0.0664853767990372
0.721634865509923
0.211601859383154
0.0664260663114954
0.72197207430535
0.210934967369153
0.0662054483064154
0.722859584324432
0.209461654338231
0.0522778737475447
0.738260471914225
0.20728629005552
0.000370416925317093
0.792343293019163
0.209336768616078
0.0653939784022397
0.725269252981683
0.210506782859747
0.0658479793605829
0.723645237779671
0.212058754849743
0.066459861865316
0.721481383284941
0.21202292028454
0.0664573090144009
0.72151977070106
0.21192141794875
0.0664511391938105
0.72162744285744
0.211681816525337
0.0664021390751716
0.721916044399491
0.211185838408379
0.0662336745122195
0.722580487079401
0.2103238153356
0.0658625176447537
0.723813667019647
0.209336768616078
0.0653939784022388
0.725269252981684
0.210158073114132
0.065557633663606
0.724284293222262
0.210777820319278
0.0659212029580492
0.723300976722673
0.21207737797837
0.0664454227129428
0.721477199308687
0.212044355277951
0.0664459173075138
0.721509727414535
0.211956670529364
0.0664471079257624
0.721596221544874
0.211769254127882
0.0664233570600225
0.721807388812095
0.21142746924837
0.0663332269652806
0.722239303786349
0.210931772447362
0.0661327451302229
0.722935482422416
0.210506782859747
0.0658479793605826
0.723645237779671
0.210777820319278
0.0659212029580481
0.723300976722674
0.21107486800455
0.0660788395982089
0.722846292397241
0.297103865519365
0
0.702896134480635
0.300665326577877
0
0.699334673422123
0.304623328356286
0
0.695376671643714
0.307686892531733
0
0.692313107468267
0.309501054190021
0.000474524480912462
0.690024421329066
0.310319993555447
0.00206081548046537
0.687619190964088
0.310638882235886
0.0237467439514631
0.665614373812651
0.310856052744942
0.0595982719449154
0.629545675310143
0.311014573623316
0.0594674147552506
0.629518011621433
0.300665326577876
0
0.699334673422124
0.303090484361952
0
0.696909515638048
0.306112835310855
0
0.693887164689145
0.308382536481423
4.27157272395515e-05
0.691574747791338
0.309604482650611
0.000673313594048163
0.689722203755341
0.310136740746791
0.00268257783799557
0.687180681415214
0.310321317699424
0.037209723510473
0.652468958790103
0.31056174091128
0.0596485465135237
0.629789712575196
0.310744590544737
0.0595234478174346
0.629731961637829
0.304623328356286
0
0.695376671643714
0.306112835310855
0
0.693887164689145
0.307682658397634
0
0.692317341602366
0.308971693518981
0.000221385932873499
0.690806920548146
0.309500900554999
0.000995851517109211
0.689503247927892
0.309559910829464
0.00338690662337349
0.687053182547162
0.309503102279584
0.0499420471789398
0.640554850541476
0.309805999287673
0.059816079007831
0.630377921704496
0.310069615256187
0.0596923731511022
0.63023801159271
0.307686892531733
0
0.692313107468267
0.308382536481422
4.27157272395211e-05
0.691574747791338
0.308971693518981
0.000221385932873262
0.690806920548146
0.309213559809386
0.000544233480158142
0.690242206710455
0.308887636128687
0.00148951640147003
0.689622847469843
0.308189255722535
0.00934859496039211
0.682462149317073
0.307766120418676
0.0600265057540021
0.632207373827322
0.30825247780302
0.0600733330169398
0.63167418918004
0.308745838424173
0.0599379460107951
0.631316215565032
0.309501054190021
0.000474524480912896
0.690024421329066
0.309604482650611
0.000673313594048182
0.689722203755341
0.309500900554999
0.000995851517108975
0.689503247927892
0.308887636128687
0.00148951640147023
0.689622847469843
0.307500174070863
0.00266791935522858
0.689831906573909
0.305562422830207
0.0452695413045597
0.649168035865233
0.304522828618182
0.0614082580128466
0.634068913368972
0.30550516162344
0.0603905050075878
0.634104333368973
0.306558457737421
0.0601871865281809
0.633254355734398
0.310319993555447
0.0020608154804659
0.687619190964087
0.310136740746791
0.00268257783799568
0.687180681415213
0.309559910829464
0.0033869066233738
0.687053182547162
0.308189255722535
0.00934859496039281
0.682462149317073
0.305562422830207
0.0452695413045596
0.649168035865234
0.302052739812811
0.0630964727135304
0.634850787473659
0.299369979147005
0.0668619205322199
0.633768100320775
0.301565911465471
0.0610938389696409
0.637340249564888
0.303722019991917
0.06023309221961
0.636044887788473
0.310638882235886
0.0237467439514631
0.665614373812651
0.310321317699424
0.0372097235104738
0.652468958790102
0.309503102279584
0.0499420471789405
0.640554850541476
0.307766120418676
0.060026505754002
0.632207373827322
0.304522828618182
0.0614082580128465
0.634068913368972
0.299369979147005
0.0668619205322197
0.633768100320775
0.294112163754871
0.0865635452789004
0.619324290966229
0.298220041415513
0.0629281779987096
0.638851780585778
0.301595190386644
0.0596181974875876
0.638786612125768
0.310856052744942
0.0595982719449158
0.629545675310142
0.31056174091128
0.0596485465135237
0.629789712575197
0.309805999287673
0.0598160790078302
0.630377921704497
0.30825247780302
0.0600733330169391
0.631674189180041
0.30550516162344
0.0603905050075879
0.634104333368972
0.301565911465471
0.0610938389696416
0.637340249564888
0.298220041415513
0.0629281779987091
0.638851780585778
0.300154138800716
0.0589076319627704
0.640938229236514
0.302372815340065
0.0589302046363814
0.638696980023554
0.311014573623316
0.0594674147552502
0.629518011621434
0.310744590544737
0.0595234478174347
0.629731961637829
0.310069615256187
0.059692373151102
0.630238011592711
0.308745838424173
0.0599379460107952
0.631316215565032
0.306558457737422
0.0601871865281812
0.633254355734397
0.303722019991917
0.0602330922196095
0.636044887788473
0.301595190386644
0.0596181974875873
0.638786612125768
0.302372815340065
0.0589302046363815
0.638696980023553
0.303677848613454
0.0590817014599772
0.637240449926568
