0.16345996236891
0
0.83654003763109
0.164834085952548
0
0.835165914047452
0.165168251108923
0
0.834831748891077
0.165255844202104
0
0.834744155797896
0.165286713270279
0
0.834713286729721
0.165301290663753
0.000103706917887287
0.834595002418359
0.165316986578628
0.000401480361365545
0.834281533060007
0.165330364026464
0.00270113923257534
0.83196849674096
0.165336177856305
0.0545492749189809
0.780114547224714
0.164834085952548
0
0.835165914047452
0.165120181199155
0
0.834879818800845
0.165221560770306
0
0.834778439229695
0.165258938754567
0
0.834741061245433
0.165296362531447
0
0.834703637468553
0.165303138854526
8.41621254346421e-05
0.834612699020039
0.165317380560078
0.000382312568093014
0.834300306871829
0.165328795290113
0.00277955880295886
0.831891645906928
0.165334107514198
0.0580261323102843
0.776639760175517
0.165168251108923
0
0.834831748891077
0.165221560770306
0
0.834778439229695
0.165263720187704
0
0.834736279812296
0.165281166631871
0
0.834718833368129
0.165307967263923
0
0.834692032736077
0.165305477230893
6.14255868068686e-05
0.8346330971823
0.165311580748577
0.00033317218090974
0.834355247070514
0.165323658748786
0.00283264319857084
0.831843698052643
0.165329002717515
0.0621891355108417
0.772481861771644
0.165255844202104
0
0.834744155797896
0.165258938754567
0
0.834741061245433
0.165281166631871
0
0.834718833368129
0.165300915775407
0
0.834699084224593
0.165311577567129
0
0.834688422432871
0.165297876419349
2.7482344310885e-05
0.834674641236341
0.165296527274549
0.000235592628877643
0.834467880096573
0.165309881990059
0.00301280795443555
0.831677310055506
0.165318848804921
0.0665020412185016
0.768179109976577
0.165286713270279
0
0.834713286729721
0.165296362531447
0
0.834703637468553
0.165307967263923
0
0.834692032736077
0.165311577567129
0
0.834688422432871
0.165306524497484
0
0.834693475502516
0.165280832490121
1.68383499406736e-07
0.83471899912638
0.16525812060693
0.00011441374953719
0.834627465643533
0.165282212523616
0.00744406183205843
0.827273725644326
0.165301519761321
0.0699407218669642
0.764757758371715
0.165301290663753
0.000103706917887123
0.83459500241836
0.165303138854526
8.41621254352941e-05
0.834612699020039
0.165305477230893
6.14255868070475e-05
0.8346330971823
0.165297876419349
2.74823443111186e-05
0.83467464123634
0.165280832490121
1.68383499577982e-07
0.834718999126379
0.165230367780506
5.43043385565748e-06
0.834764201785638
0.165165955591056
6.09514533710691e-05
0.834773092955573
0.165224905278588
0.0416081759741783
0.793166918747233
0.165274785093502
0.0704832225146842
0.764241992391814
0.165316986578628
0.000401480361365384
0.834281533060007
0.165317380560078
0.000382312568093044
0.834300306871829
0.165311580748577
0.00033317218090977
0.834355247070514
0.165296527274549
0.000235592628877812
0.834467880096573
0.16525812060693
0.000114413749536665
0.834627465643533
0.165165955591056
6.0951453370855e-05
0.834773092955573
0.16499212760704
0.000134341840754202
0.834873530552206
0.165160235014322
0.0667160846529103
0.768123680332768
0.165249920091952
0.0701173870932082
0.76463269281484
0.165330364026465
0.00270113923257514
0.83196849674096
0.165328795290113
0.00277955880295869
0.831891645906928
0.165323658748786
0.00283264319857066
0.831843698052643
0.165309881990059
0.00301280795443532
0.831677310055506
0.165282212523616
0.00744406183205812
0.827273725644326
0.165224905278589
0.0416081759741779
0.793166918747234
0.165160235014322
0.0667160846529103
0.768123680332768
0.165226415530866
0.0696044744611208
0.765169110008014
0.165268721793668
0.0696132929399609
0.765117985266371
0.165336177856305
0.0545492749189806
0.780114547224714
0.165334107514198
0.0580261323102843
0.776639760175518
0.165329002717514
0.0621891355108426
0.772481861771643
0.165318848804921
0.0665020412185007
0.768179109976578
0.165301519761321
0.0699407218669638
0.764757758371715
0.165274785093502
0.0704832225146841
0.764241992391814
0.165249920091952
0.0701173870932079
0.76463269281484
0.165268721793668
0.0696132929399624
0.765117985266369
0.16528655492685
0.0695217808930893
0.765191664180061
0.180352312734818
0
0.819647687265182
0.18282143416026
0
0.81717856583974
0.183600439250216
0
0.816399560749784
0.183857330250395
0
0.816142669749605
0.183979583263539
0.00116427615248427
0.814856140583976
0.184049322411638
0.0224345209795042
0.793516156608858
0.184070719073105
0.0681165295189384
0.747812751407957
0.184071853109543
0.068419144645935
0.747509002244522
0.184069232869914
0.0685446428164529
0.747386124313633
0.18282143416026
0
0.81717856583974
0.183436606436303
0
0.816563393563697
0.183740186247563
0
0.816259813752437
0.183918268711374
8.42581010235943e-05
0.815997473187603
0.18398971641357
0.00195743179716652
0.814052851789263
0.184046647906445
0.0402555168182383
0.775697835275317
0.184062656660763
0.067715059354981
0.748222283984256
0.184060818251145
0.0682818587872299
0.747657322961625
0.1840603863435
0.0685591474398798
0.74738046621662
0.183600439250216
0
0.816399560749783
0.183740186247563
0
0.816259813752437
0.183875282768711
0
0.816124717231289
0.183964215057997
0.00035179149799299
0.815683993444011
0.183995256567213
0.00541018358573744
0.810594559847049
0.184029035606813
0.0583288564962911
0.757642107896896
0.184034657019369
0.0663086590059403
0.749656683974691
0.184031511747846
0.0678504439334813
0.748118044318672
0.184037059707345
0.0685939037384479
0.747369036554207
0.183857330250395
0
0.816142669749605
0.183918268711373
8.42581010238316e-05
0.815997473187603
0.183964215057997
0.000351791497992897
0.815683993444011
0.183986462233609
0.0022045537280553
0.813808984038336
0.183978274602971
0.0378784710780475
0.778143254318982
0.183982260952805
0.0565929875337717
0.759424751513424
0.183955100837064
0.0589066718939464
0.757138227268989
0.183961718368832
0.0672619541278498
0.748776327503318
0.183987225284817
0.068609670036044
0.747403104679139
0.183979583263539
0.00116427615248411
0.814856140583976
0.18398971641357
0.00195743179716618
0.814052851789263
0.183995256567213
0.00541018358573829
0.810594559847049
0.183978274602971
0.037878471078047
0.778143254318982
0.183930812128967
0.0505813812853729
0.76548780658566
0.183841933356753
0.0358082750199058
0.780349791623341
0.183746851697982
0.0343141584790197
0.781938989822998
0.183809728217494
0.0676725336894079
0.748517738093099
0.183894157801143
0.0685365244409722
0.747569317757885
0.184049322411638
0.0224345209795042
0.793516156608858
0.184046647906445
0.0402555168182378
0.775697835275317
0.184029035606813
0.0583288564962913
0.757642107896896
0.183982260952805
0.0565929875337716
0.759424751513424
0.183841933356753
0.035808275019906
0.780349791623341
0.183584250219756
0.00203865565127308
0.814377094128971
0.183230566294461
0.000307080901224613
0.816462352804315
0.183524252587154
0.0675749753120316
0.748900772100815
0.183750451976989
0.0682894729035506
0.74796007511946
0.184070719073105
0.0681165295189383
0.747812751407957
0.184062656660763
0.0677150593549805
0.748222283984257
0.184034657019369
0.0663086590059395
0.749656683974692
0.183955100837064
0.0589066718939469
0.757138227268989
0.183746851697982
0.0343141584790191
0.781938989822999
0.183230566294461
0.000307080901224597
0.816462352804315
0.182335452013026
0.000242813131715271
0.817421734855259
0.183174396844387
0.0669912557423697
0.749834347413244
0.183619448710585
0.0679114396876132
0.748469111601801
0.184071853109543
0.0684191446459361
0.747509002244521
0.184060818251145
0.0682818587872302
0.747657322961625
0.184031511747846
0.0678504439334812
0.748118044318673
0.183961718368832
0.0672619541278501
0.748776327503318
0.183809728217493
0.0676725336894081
0.748517738093099
0.183524252587154
0.0675749753120305
0.748900772100816
0.183174396844387
0.0669912557423694
0.749834347413244
0.183499996973675
0.0674791157475667
0.749020887278758
0.183718856805324
0.0679700314780396
0.748311111716636
0.184069232869914
0.0685446428164525
0.747386124313633
0.1840603863435
0.0685591474398794
0.74738046621662
0.184037059707345
0.0685939037384473
0.747369036554208
0.183987225284817
0.0686096700360444
0.747403104679139
0.183894157801143
0.0685365244409723
0.747569317757885
0.183750451976989
0.0682894729035505
0.74796007511946
0.183619448710585
0.0679114396876134
0.748469111601801
0.183718856805324
0.0679700314780395
0.748311111716637
0.183813748873036
0.0681367293896271
0.748049521737337
0.206806509026296
0
0.793193490973705
0.209083229784576
0
0.790916770215424
0.210424266305099
0
0.789575733694901
0.211076226209777
0.00371228418900303
0.78521148960122
0.211383934765882
0.0512437568968958
0.737372308337222
0.211541858183356
0.0665112655051422
0.721946876311502
0.211632672348013
0.0664935767614436
0.721873750890543
0.211669540936853
0.0664605877560367
0.72186987130711
0.211688291009178
0.0664461430238167
0.721865565967006
0.209083229784576
0
0.790916770215424
0.21002692252028
0
0.78997307747972
0.210749233699307
0.000439636481390804
0.788811129819302
0.211195217568869
0.0141086498878537
0.774696132543277
0.211408882781868
0.0644909513229205
0.724100165895211
0.211532995490679
0.0665146012217212
0.7219524032876
0.211595545917243
0.0664916198686636
0.721912834214093
0.21163193087805
0.06645802932145
0.7219100398005
0.211653680126057
0.0664466326149063
0.721899687259037
0.210424266305099
0
0.789575733694901
0.210749233699307
0.000439636481391087
0.788811129819302
0.211101973443254
0.00594041535809457
0.782957611198651
0.211311053482534
0.0566447844702153
0.73204416204725
0.21141479325952
0.0659366082189733
0.722648598521507
0.21147078335777
0.0665262148470075
0.722003001795222
0.211485523106604
0.0664860969824965
0.7220283799109
0.21152686767837
0.066451848443568
0.722021283878062
0.211562596577584
0.0664478132256347
0.721989590196781
0.211076226209777
0.00371228418900306
0.78521148960122
0.211195217568869
0.0141086498878547
0.774696132543276
0.211311053482534
0.0566447844702145
0.732044162047251
0.211374646269913
0.0653421770480658
0.723283176682022
0.211348116883984
0.0665539112613137
0.722097971854703
0.211279637326702
0.0665070132482611
0.722213349425037
0.21120403386752
0.0664267654931459
0.722369200639334
0.211282974194991
0.0664028311035932
0.722314194701416
0.211370162935783
0.0664240471770154
0.722205789887201
0.211383934765882
0.0512437568968967
0.737372308337221
0.211408882781868
0.0644909513229208
0.724100165895211
0.21141479325952
0.0659366082189728
0.722648598521507
0.211348116883984
0.0665539112613136
0.722097971854703
0.211156890862984
0.0665207122736458
0.722322396863371
0.210814874751758
0.0663937650510269
0.722791360197215
0.210543011376038
0.0662061144476229
0.723250874176339
0.210786224435164
0.0662343414620752
0.722979434102761
0.211023471934235
0.0663338965316323
0.722642631534133
0.211541858183356
0.0665112655051416
0.721946876311502
0.211532995490679
0.0665146012217217
0.7219524032876
0.21147078335777
0.0665262148470083
0.722003001795221
0.211279637326702
0.0665070132482608
0.722213349425037
0.210814874751758
0.0663937650510266
0.722791360197216
0.210015669291608
0.0640678518981021
0.72591647881029
0.209118637397105
0.0522784212106147
0.73860294139228
0.209937049213326
0.0658631522640662
0.724199798522608
0.210526854111495
0.0661333917044353
0.723339754184069
0.211632672348014
0.0664935767614435
0.721873750890543
0.211595545917243
0.0664916198686627
0.721912834214094
0.211485523106604
0.0664860969824968
0.722028379910899
0.21120403386752
0.0664267654931463
0.722369200639334
0.210543011376038
0.0662061144476225
0.723250874176339
0.209118637397106
0.0522784212106152
0.738602941392279
0.207065131253017
0.000370633196367607
0.792564235550615
0.208986903620714
0.0653945781791912
0.725618518200095
0.210106745824964
0.0658486067766442
0.724044647398392
0.211669540936853
0.066460587756036
0.721869871307111
0.21163193087805
0.0664580293214496
0.721910039800501
0.21152686767837
0.0664518484435683
0.722021283878062
0.211282974194991
0.0664028311035928
0.722314194701417
0.210786224435164
0.0662343414620755
0.722979434102761
0.209937049213326
0.0658631522640665
0.724199798522608
0.208986903620714
0.0653945781791904
0.725618518200095
0.209766107088385
0.0655582490070167
0.724675643904598
0.210366803644453
0.0659218306634764
0.723711365692071
0.211688291009178
0.066446143023817
0.721865565967005
0.211653680126057
0.0664466326149064
0.721899687259037
0.211562596577584
0.0664478132256345
0.721989590196781
0.211370162935783
0.0664240471770162
0.7222057898872
0.211023471934235
0.0663338965316327
0.722642631534132
0.210526854111495
0.0661333917044356
0.723339754184069
0.210106745824964
0.0658486067766438
0.724044647398392
0.210366803644453
0.0659218306634752
0.723711365692072
0.21065807206889
0.0660794712196826
0.723262456711428
0.298160592719543
0
0.701839407280457
0.301427149026662
0
0.698572850973338
0.305156034506631
0
0.694843965493369
0.308170397032135
0
0.691829602967865
0.310018389570093
0.0004694766919582
0.689512133737949
0.310860165494361
0.00206111508054019
0.687078719425099
0.311196775195755
0.0237471676870199
0.665056057117225
0.311414910523206
0.0595989050393302
0.628986184437463
0.311564521993192
0.0594680466586053
0.628967431348203
0.301427149026661
0
0.698572850973339
0.30369997170442
0
0.69630002829558
0.306621868055497
0
0.693378131944503
0.308893576216952
2.13944400609794e-05
0.691085029342987
0.31012271682808
0.000673606432456178
0.689203676739464
0.31066927748413
0.00268287846494024
0.686647844050929
0.310874320923734
0.0372102235205944
0.651915455555671
0.311104322741998
0.0596491762472303
0.629246501010772
0.311277392156759
0.0595240762946439
0.629198531548598
0.305156034506632
0
0.694843965493368
0.306621868055497
0
0.693378131944503
0.308159103022027
0
0.691840896977973
0.309472014818673
0.00021617802228669
0.69031180715904
0.310002492293453
0.000996141823207127
0.68900136588334
0.310075781228143
0.00338720798201513
0.686537010789842
0.310044676665487
0.0499426150746913
0.640012708259822
0.310318967575604
0.0598167021313115
0.629864330293084
0.310569534879858
0.0596929949686757
0.629737470151466
0.308170397032135
0
0.691829602967865
0.308893576216951
2.13944400606653e-05
0.691085029342988
0.309472014818673
0.000216178022286365
0.69031180715904
0.30970265094442
0.00054452076430552
0.689752828291275
0.309370916047214
0.00148980496170508
0.689139278991081
0.308706432419828
0.0093489255774922
0.68194464200268
0.308312939408617
0.060027119876179
0.631659940715204
0.308740112694653
0.0600739454478588
0.631185941857488
0.309206606181222
0.0599385575357993
0.630854836282979
0.310018389570093
0.000469476691958803
0.689512133737949
0.31012271682808
0.000673606432456345
0.689203676739463
0.310002492293453
0.000996141823206764
0.68900136588334
0.309370916047214
0.0014898049617053
0.689139278991081
0.308001999312448
0.00266818665730687
0.689329814030245
0.306180806149268
0.0452700594951172
0.648549134355615
0.305170602112758
0.0614088571399403
0.633420540747301
0.306023726820738
0.0603911002520879
0.633585172927174
0.307002189983637
0.060187783596537
0.632810026419826
0.310860165494361
0.00206111508054077
0.687078719425098
0.31066927748413
0.00268287846494033
0.686647844050929
0.310075781228142
0.00338720798201545
0.686537010789842
0.308706432419828
0.00934892557749286
0.681944642002679
0.306180806149268
0.0452700594951173
0.648549134355615
0.302864844792422
0.0630970624834895
0.634038092724089
0.300448267839624
0.066862490943369
0.632689241217007
0.302274053503445
0.0610944057701977
0.636631540726358
0.304215771929205
0.0602336684362437
0.635550559634551
0.311196775195755
0.0237471676870198
0.665056057117225
0.310874320923734
0.037210223520595
0.651915455555671
0.310044676665487
0.049942615074692
0.640012708259821
0.308312939408617
0.060027119876179
0.631659940715203
0.305170602112758
0.0614088571399405
0.633420540747301
0.300448267839624
0.0668624909433689
0.632689241217007
0.296099274746672
0.0865482860787075
0.61735243917462
0.299257410175856
0.0629287125640583
0.637813877260086
0.302183822545185
0.0596187523666224
0.638197425088193
0.311414910523207
0.0595989050393305
0.628986184437463
0.311104322741998
0.0596491762472304
0.629246501010772
0.310318967575604
0.0598167021313108
0.629864330293085
0.308740112694653
0.0600739454478582
0.631185941857489
0.306023726820738
0.060391100252088
0.633585172927174
0.302274053503445
0.0610944057701982
0.636631540726357
0.299257410175856
0.0629287125640577
0.637813877260087
0.300848096989655
0.0589081712945073
0.640243731715838
0.302838866708686
0.0589307580394966
0.638230375251818
0.311564521993192
0.0594680466586045
0.628967431348203
0.311277392156759
0.059524076294644
0.629198531548598
0.310569534879858
0.0596929949686752
0.629737470151466
0.309206606181221
0.0599385575357994
0.630854836282979
0.307002189983637
0.0601877835965373
0.632810026419825
0.304215771929205
0.0602336684362433
0.635550559634552
0.302183822545185
0.0596187523666221
0.638197425088193
0.302838866708686
0.0589307580394966
0.638230375251817
0.304041216761746
0.0590822598817242
0.63687652335653
